0.0 0
0.0941392 0.084
0.184653 0.084375
0.190466 0.0848281
0.196279 0.0852246
0.202093 0.0855715
0.263552 0.0927501
0.269365 0.0921563
0.275178 0.0916368
0.280991 0.0910572
0.286804 0.09055
0.292617 0.0901063
0.298431 0.089843
0.304244 0.0896126
0.310057 0.089411
0.348252 0.0932347
0.354066 0.0925803
0.359879 0.0918828
0.365692 0.0912724
0.371505 0.0908634
0.377318 0.0905055
0.383131 0.0901923
0.388944 0.0897932
0.394758 0.0894441
0.432953 0.0932636
0.438766 0.0924806
0.444579 0.0919206
0.450393 0.0914305
0.456206 0.0910017
0.462019 0.0906265
0.467832 0.0901732
0.473645 0.0897765
0.479458 0.0895544
0.517654 0.0933601
0.523467 0.0926901
0.52928 0.0921039
0.535093 0.0915909
0.540907 0.091017
0.54672 0.0905149
0.552533 0.0902005
0.558346 0.0899255
0.564159 0.0896848
0.602355 0.0934742
0.608168 0.0927899
0.613981 0.0920662
0.619794 0.0914329
0.625607 0.0908788
0.631421 0.0905189
0.637234 0.0902041
0.643047 0.0899286
0.64886 0.0895625
0.687056 0.0933672
0.692869 0.0925713
0.698682 0.0918749
0.704495 0.0913905
0.710308 0.0909667
0.716121 0.0905959
0.721935 0.0901464
0.727748 0.0897531
0.733561 0.0895339
0.771756 0.0933422
0.77757 0.0926744
0.783383 0.0920901
0.789196 0.0915789
0.795009 0.0911315
0.800822 0.0906151
0.806635 0.0901632
0.812448 0.0898928
0.818262 0.0896562
0.856457 0.0934492
0.86227 0.092768
0.868083 0.092172
0.873897 0.0915255
0.87971 0.0909598
0.885523 0.0905898
0.891336 0.0902661
0.897149 0.0899828
0.902962 0.08961
0.941158 0.0934087
0.946971 0.0926076
0.952784 0.0919067
0.958597 0.0914184
0.964411 0.0909911
0.970224 0.0906172
0.976037 0.09029
0.98185 0.0898788
0.987663 0.0895189
1.02586 0.0933291
1.03167 0.0925379
1.03749 0.0919707
1.0433 0.0914744
1.04911 0.0910401
1.05492 0.090535
1.06074 0.0900932
1.06655 0.0898315
1.07236 0.0896026
1.11056 0.0934023
1.11637 0.092727
1.12219 0.0921361
1.128 0.0914941
1.13381 0.0909323
1.13963 0.0904408
1.14544 0.0901357
1.15125 0.0898687
1.15706 0.0896351
1.19526 0.0934307
1.20107 0.0927519
1.20689 0.0920329
1.2127 0.0914038
1.21851 0.0909783
1.22433 0.090606
1.23014 0.0902803
1.23595 0.0898702
1.24177 0.0895115
1.27996 0.0933225
1.28577 0.0925322
1.29159 0.0919657
1.2974 0.09147
1.30321 0.0910362
1.30903 0.0906567
1.31484 0.0901996
1.32065 0.0897997
1.32647 0.0895747
1.36466 0.0933779
1.37048 0.0927056
1.37629 0.0921174
1.3821 0.0916027
1.38791 0.0910274
1.39373 0.090524
1.39954 0.0902085
1.40535 0.0899324
1.41117 0.0896909
1.44936 0.0934795
1.45518 0.0927946
1.46099 0.0920702
1.4668 0.0914365
1.47262 0.0908819
1.47843 0.0905217
1.48424 0.0902065
1.49005 0.0899307
1.49587 0.0895643
1.53406 0.0933688
1.53988 0.0925727
1.54569 0.0918761
1.5515 0.0913916
1.55732 0.0909676
1.56313 0.0905967
1.56894 0.0901471
1.57476 0.0897537
1.58057 0.0895345
1.61876 0.0933427
1.62458 0.0926748
1.63039 0.0920905
1.6362 0.0915792
1.64202 0.0911318
1.64783 0.0906153
1.65364 0.0901634
1.65946 0.089893
1.66527 0.0896563
1.70347 0.0934493
1.70928 0.0927681
1.71509 0.0921721
1.7209 0.0915256
1.72672 0.0909599
1.73253 0.0905899
1.73834 0.0902662
1.74416 0.0899829
1.74997 0.08961
1.78817 0.0934088
1.79398 0.0926077
1.79979 0.0919067
1.80561 0.0914184
1.81142 0.0909911
1.81723 0.0906172
1.82304 0.09029
1.82886 0.0898788
1.83467 0.0895189
1.87287 0.0933291
1.87868 0.0925379
1.88449 0.0919707
1.89031 0.0914744
1.89612 0.0910401
1.90193 0.0905351
1.90775 0.0900932
1.91356 0.0898315
1.91937 0.0896026
1.95757 0.0934023
1.96338 0.092727
1.96919 0.0921361
1.97501 0.0916191
1.98082 0.0910417
1.98663 0.0905365
1.99245 0.0902194
1.99826 0.089942
2.00407 0.0896992
2.04227 0.0934868
2.04808 0.092801
2.05389 0.0920759
2.05971 0.0914414
2.06552 0.0910112
2.07133 0.0906348
2.07715 0.0903055
2.08296 0.0898923
2.08877 0.0895307
2.12697 0.0933394
2.13278 0.092547
2.1386 0.0919786
2.14441 0.0914813
2.15022 0.0910461
2.15603 0.0906653
2.16185 0.0902072
2.16766 0.0898063
2.17347 0.0895805
2.21167 0.0933829
2.21748 0.0927101
2.2233 0.0921213
2.22911 0.0916061
2.23492 0.0910304
2.24074 0.0905266
2.24655 0.0902108
2.25236 0.0899344
2.25818 0.0896926
2.29637 0.093481
2.30218 0.0927959
2.308 0.0920714
2.31381 0.0914375
2.31962 0.0908828
2.32544 0.0905225
2.33125 0.0902071
2.33706 0.0899313
2.34288 0.0895648
2.38107 0.0933692
2.38688 0.0925731
2.3927 0.0918764
2.39851 0.0913919
2.40432 0.0909679
2.41014 0.0905969
2.41595 0.0901473
2.42176 0.0897539
2.42758 0.0895347
2.46577 0.0933428
2.47159 0.092675
2.4774 0.0920906
2.48321 0.0915793
2.48902 0.0911319
2.49484 0.0906154
2.50065 0.0901635
2.50646 0.089893
2.51228 0.0896564
2.55047 0.0934493
2.55629 0.0927682
2.5621 0.0921722
2.56791 0.0915256
2.57373 0.0909599
2.57954 0.0905899
2.58535 0.0902662
2.59117 0.0899829
2.59698 0.0896101
2.63517 0.0934088
2.64099 0.0926077
2.6468 0.0919067
2.65261 0.0912934
2.65843 0.0908817
2.66424 0.0905215
2.67005 0.0902063
2.67587 0.0898055
2.68168 0.0894548
2.71987 0.093273
2.72569 0.0924889
2.7315 0.0919277
2.73731 0.0914368
2.74313 0.0910072
2.74894 0.0905063
2.75475 0.090068
2.76057 0.0898095
2.76638 0.0895833
2.80458 0.0933854
2.81039 0.0927122
2.8162 0.0921232
2.82201 0.0916078
2.82783 0.0910318
2.83364 0.0905278
2.83945 0.0902119
2.84527 0.0899354
2.85108 0.0896935
2.88928 0.0934818
2.89509 0.0927966
2.9009 0.092072
2.90672 0.091438
2.91253 0.0910082
2.91834 0.0906322
2.92416 0.0903032
2.92997 0.0898903
2.93578 0.089529
2.97398 0.0933379
2.97979 0.0925456
2.9856 0.0919774
2.99142 0.0914803
2.99723 0.0910452
3.00304 0.0906646
3.00886 0.0902065
3.01467 0.0898057
3.02048 0.08958
3.05868 0.0933825
3.06449 0.0927097
3.0703 0.092121
3.07612 0.0916058
3.08193 0.0910301
3.08774 0.0905263
3.09356 0.0902106
3.09937 0.0899342
3.10518 0.0896925
3.14338 0.0934809
3.14919 0.0927958
3.15501 0.0921963
3.16082 0.0915468
3.16663 0.0909784
3.17244 0.0906061
3.17826 0.0902804
3.18407 0.0899953
3.18988 0.0896209
3.22808 0.0934183
3.23389 0.092616
3.23971 0.091914
3.24552 0.0914247
3.25133 0.0909967
3.25715 0.0906221
3.26296 0.0901693
3.26877 0.0897731
3.27458 0.0895515
3.31278 0.0933576
3.31859 0.0926879
3.32441 0.0921019
3.33022 0.0915891
3.33603 0.0911405
3.34185 0.0906229
3.34766 0.0901701
3.35347 0.0898988
3.35929 0.0896615
3.39748 0.0934538
3.40329 0.0927721
3.40911 0.0921755
3.41492 0.0915286
3.42073 0.0909625
3.42655 0.0905922
3.43236 0.0902682
3.43817 0.0899847
3.44399 0.0896116
3.48218 0.0934101
3.488 0.0926089
3.49381 0.0919078
3.49962 0.0912943
3.50543 0.0908825
3.51125 0.0905222
3.51706 0.0902069
3.52287 0.089806
3.52869 0.0894553
3.56688 0.0932734
3.5727 0.0924892
3.57851 0.0919281
3.58432 0.091437
3.59014 0.0910074
3.59595 0.0905065
3.60176 0.0900682
3.60757 0.0898097
3.61339 0.0895834
3.65158 0.0933855
3.6574 0.0927123
3.66321 0.0921233
3.66902 0.0916079
3.67484 0.0910319
3.68065 0.0905279
3.68646 0.0902119
3.69228 0.0899354
3.69809 0.0896935
3.73628 0.0934818
3.7421 0.0927966
3.74791 0.092072
3.75372 0.091438
3.75954 0.0910083
3.76535 0.0906322
3.77116 0.0903032
3.77698 0.0898903
3.78279 0.089529
3.82099 0.0933379
3.8268 0.0925456
3.83261 0.0918524
3.83842 0.0913709
3.84424 0.0909495
3.85005 0.0905808
3.85586 0.0901332
3.86168 0.0897416
3.86749 0.0895239
3.90569 0.0933334
3.9115 0.0926667
3.91731 0.0920834
3.92313 0.091573
3.92894 0.0910013
3.93475 0.0905012
3.94056 0.0901885
3.94638 0.089915
3.95219 0.0896756
3.99039 0.0934661
3.9962 0.0927829
4.00201 0.092185
4.00783 0.0915369
4.01364 0.0909698
4.01945 0.0905985
4.02527 0.0902737
4.03108 0.0899895
4.03689 0.0896158
4.07509 0.0934138
4.0809 0.0926121
4.08671 0.0919106
4.09253 0.0914218
4.09834 0.0909941
4.10415 0.0906198
4.10997 0.0901673
4.11578 0.0897714
4.12159 0.08955
4.15979 0.0933562
4.1656 0.0926867
4.17141 0.0921009
4.17723 0.0915883
4.18304 0.0911397
4.18885 0.0906223
4.19467 0.0901695
4.20048 0.0898983
4.20629 0.089661
4.24449 0.0934534
4.2503 0.0927717
4.25612 0.0921752
4.26193 0.0915283
4.26774 0.0909623
4.27355 0.090592
4.27937 0.090268
4.28518 0.0899845
4.29099 0.0896114
4.32919 0.09341
4.335 0.0927338
4.34082 0.092017
4.34663 0.0913899
4.35244 0.0909662
4.35826 0.0905954
4.36407 0.090271
4.36988 0.0898621
4.3757 0.0895043
4.41389 0.0933163
4.4197 0.0925268
4.42552 0.0919609
4.43133 0.0914658
4.43714 0.0910326
4.44296 0.0905285
4.44877 0.0900874
4.45458 0.0898265
4.4604 0.0895982
4.49859 0.0933984
4.5044 0.0927236
4.51022 0.0921332
4.51603 0.0916165
4.52184 0.0910395
4.52766 0.0905345
4.53347 0.0902177
4.53928 0.0899405
4.5451 0.0896979
4.58329 0.0934857
4.58911 0.0928
4.59492 0.092075
4.60073 0.0914406
4.60654 0.0910105
4.61236 0.0906342
4.61817 0.0903049
4.62398 0.0898918
4.6298 0.0895303
4.66799 0.093214
4.67381 0.0924373
4.67962 0.0917576
4.68543 0.0912879
4.69125 0.0908769
4.69706 0.0905173
4.70287 0.0900777
4.70869 0.0896929
4.7145 0.0894813
4.75269 0.0932962
4.75851 0.0926341
4.76432 0.0920549
4.77013 0.091548
4.77595 0.0909795
4.78176 0.0904821
4.78757 0.0901718
4.79339 0.0899003
4.7992 0.0896628
4.83739 0.0934549
4.84321 0.0927731
4.84902 0.0921764
4.85483 0.0915294
4.86065 0.0909632
4.86646 0.0905928
4.87227 0.0902687
4.87809 0.0899851
4.8839 0.089612
4.9221 0.0934105
4.92791 0.0926092
4.93372 0.091908
4.93953 0.0914195
4.94535 0.0909921
4.95116 0.0906181
4.95697 0.0901658
4.96279 0.0897701
4.9686 0.0895488
5.0068 0.0933552
5.01261 0.0925608
5.01842 0.0919907
5.02424 0.0914919
5.03005 0.0910554
5.03586 0.0905485
5.04168 0.0901049
5.04749 0.0898418
5.0533 0.0896116
5.0915 0.0934101
5.09731 0.0927339
5.10312 0.0921421
5.10894 0.0914994
5.11475 0.0909369
5.12056 0.0905698
5.12638 0.0902486
5.13219 0.0899675
5.138 0.0897216
5.1762 0.0935064
5.18201 0.0928181
5.18782 0.0920908
5.19364 0.0914545
5.19945 0.0910227
5.20526 0.0906448
5.21108 0.0903142
5.21689 0.0898999
5.2227 0.0895375
5.2609 0.0933453
5.26671 0.0925521
5.27252 0.0919831
5.27834 0.0914852
5.28415 0.0910496
5.28996 0.0905434
5.29578 0.0901004
5.30159 0.0898379
5.3074 0.0896081
5.3456 0.0934071
5.35141 0.0927312
5.35723 0.0921398
5.36304 0.0916224
5.36885 0.0910446
5.37467 0.090539
5.38048 0.0902216
5.38629 0.0899439
5.3921 0.0897009
5.4303 0.0934883
5.43611 0.0928023
5.44193 0.092077
5.44774 0.0914424
5.45355 0.0910121
5.45937 0.0906356
5.46518 0.0903061
5.47099 0.0898928
5.47681 0.0895312
5.515 0.0933398
5.52081 0.0925474
5.52663 0.0918539
5.53244 0.0913722
5.53825 0.0909507
5.54407 0.0905818
5.54988 0.0901341
5.55569 0.0897423
5.56151 0.0895245
5.5997 0.093334
5.60552 0.0926672
5.61133 0.0920838
5.61714 0.0915733
5.62295 0.0910017
5.62877 0.0905015
5.63458 0.0901888
5.64039 0.0899152
5.64621 0.0896758
5.6844 0.0934663
5.69022 0.092783
5.69603 0.0921851
5.70184 0.091537
5.70766 0.0909699
5.71347 0.0905986
5.71928 0.0902738
5.72509 0.0899896
5.73091 0.0896159
5.7691 0.0934139
5.77492 0.0926122
5.78073 0.0919106
5.78654 0.0914218
5.79236 0.0909941
5.79817 0.0906198
5.80398 0.0901673
5.8098 0.0897714
5.81561 0.089425
5.8538 0.0932469
5.85962 0.092466
5.86543 0.0919078
5.87124 0.0914193
5.87706 0.0909919
5.88287 0.0904929
5.88868 0.0900563
5.8945 0.0897992
5.90031 0.0895743
5.93851 0.0933775
5.94432 0.0927054
5.95013 0.0921172
5.95594 0.0914775
5.96176 0.0909178
5.96757 0.0905531
5.97338 0.090234
5.9792 0.0899547
5.98501 0.0897104
6.02321 0.0934966
6.02902 0.0928095
6.03483 0.0920833
6.04065 0.0914479
6.04646 0.0910169
6.05227 0.0906398
6.05808 0.0903098
6.0639 0.0898961
6.06971 0.0895341
6.10791 0.0933423
6.11372 0.0925495
6.11953 0.0919808
6.12535 0.0914832
6.13116 0.0910478
6.13697 0.0905419
6.14279 0.0900991
6.1486 0.0898367
6.15441 0.0896071
6.19261 0.0934062
6.19842 0.0927305
6.20423 0.0921392
6.21005 0.0916218
6.21586 0.091044
6.22167 0.0905385
6.22749 0.0902212
6.2333 0.0899436
6.23911 0.0897006
6.27731 0.093488
6.28312 0.092802
6.28893 0.0920768
6.29475 0.0914422
6.30056 0.0910119
6.30637 0.0906354
6.31219 0.090306
6.318 0.0900177
6.32381 0.0896405
6.36201 0.0934355
6.36782 0.092631
6.37364 0.0919271
6.37945 0.0914363
6.38526 0.0910067
6.39107 0.0906309
6.39689 0.090177
6.4027 0.0897799
6.40851 0.0895574
6.44671 0.0933627
6.45252 0.0926924
6.45834 0.0921058
6.46415 0.0915926
6.46996 0.0910185
6.47578 0.0905162
6.48159 0.0902017
6.4874 0.0899265
6.49322 0.0896857
6.53141 0.093475
6.53722 0.0927906
6.54304 0.0921918
6.54885 0.0915428
6.55466 0.0909749
6.56048 0.0906031
6.56629 0.0902777
6.5721 0.089993
6.57792 0.0896189
6.61611 0.0934165
6.62192 0.0926144
6.62774 0.0919126
6.63355 0.0914236
6.63936 0.0909956
6.64518 0.0906212
6.65099 0.0901685
6.6568 0.0897724
6.66262 0.0894259
6.70081 0.0932477
6.70663 0.0924667
6.71244 0.0919084
6.71825 0.0914198
6.72406 0.0909923
6.72988 0.0904933
6.73569 0.0900566
6.7415 0.0897996
6.74732 0.0895746
6.78551 0.0933778
6.79133 0.0927056
6.79714 0.0921174
6.80295 0.0914777
6.80877 0.090918
6.81458 0.0905532
6.82039 0.0902341
6.82621 0.0899548
6.83202 0.0897105
6.87021 0.0934967
6.87603 0.0928096
6.88184 0.0920834
6.88765 0.091448
6.89347 0.091017
6.89928 0.0906398
6.90509 0.0903099
6.91091 0.0898961
6.91672 0.0895341
6.95491 0.0933423
6.96073 0.0925496
6.96654 0.0919809
6.97235 0.0914833
6.97817 0.0910478
6.98398 0.0905419
6.98979 0.0900991
6.99561 0.0898367
7.00142 0.0896071
7.03962 0.0934063
7.04543 0.0927305
7.05124 0.0921392
7.05705 0.0916218
7.06287 0.091044
7.06868 0.0905385
7.07449 0.0902212
7.08031 0.0899436
7.08612 0.0897006
7.12432 0.093488
7.13013 0.092802
7.13594 0.0920768
7.14176 0.0914422
7.14757 0.0910119
7.15338 0.0906354
7.1592 0.090306
7.16501 0.0900177
7.17082 0.0896405
7.20902 0.0934355
7.21483 0.092631
7.22064 0.0919271
7.22646 0.0914363
7.23227 0.0910067
7.23808 0.0906309
7.2439 0.090177
7.24971 0.0897799
7.25552 0.0895574
7.29372 0.0933627
7.29953 0.0926924
7.30534 0.0921058
7.31116 0.0915926
7.31697 0.0910185
7.32278 0.0905162
7.3286 0.0902017
7.33441 0.0899265
7.34022 0.0896857
7.37842 0.093475
7.38423 0.0927906
7.39004 0.0921918
7.39586 0.0915428
7.40167 0.0909749
7.40748 0.0906031
7.4133 0.0902777
7.41911 0.089993
7.42492 0.0896189
7.46312 0.0934165
7.46893 0.0926144
7.47475 0.0919126
7.48056 0.0914236
7.48637 0.0909956
7.49219 0.0906212
7.498 0.0901685
7.50381 0.0897724
7.50962 0.0894259
7.54782 0.0932477
7.55363 0.0924667
7.55945 0.0919084
7.56526 0.0914198
7.57107 0.0909923
7.57689 0.0904933
7.5827 0.0900566
7.58851 0.0897996
7.59433 0.0895746
7.63252 0.0933778
7.63833 0.0927056
7.64415 0.0921174
7.64996 0.0914777
7.65577 0.090918
7.66159 0.0905532
7.6674 0.0902341
7.67321 0.0899548
7.67903 0.0897105
7.71722 0.0934967
7.72303 0.0928096
7.72885 0.0920834
7.73466 0.091448
7.74047 0.091017
7.74629 0.0906398
7.7521 0.0903099
7.75791 0.0898961
7.76373 0.0895341
7.80192 0.0933423
7.80774 0.0925496
7.81355 0.0919809
7.81936 0.0914833
7.82518 0.0910478
7.83099 0.0905419
7.8368 0.0900991
7.84261 0.0897117
7.84843 0.0894978
7.88662 0.0933105
7.89244 0.0926467
7.89825 0.0920659
7.90406 0.0915577
7.90988 0.0909879
7.91569 0.0904895
7.9215 0.0901783
7.92732 0.089906
7.93313 0.0896677
7.97132 0.0934593
7.97714 0.0927769
7.98295 0.0920548
7.98876 0.0914229
7.99458 0.090995
8.00039 0.0906207
8.0062 0.0902931
8.01202 0.0900064
8.01783 0.0896306
8.05603 0.0934268
8.06184 0.0926235
8.06765 0.0919205
8.07346 0.0914305
8.07928 0.0910017
8.08509 0.0906264
8.0909 0.0901731
8.09672 0.0897765
8.10253 0.0895544
8.14073 0.0933601
8.14654 0.0926901
8.15235 0.0921038
8.15817 0.0915909
8.16398 0.091017
8.16979 0.0905149
8.1756 0.0902005
8.18142 0.0899255
8.18723 0.0896848
8.22543 0.0934742
8.23124 0.0927899
8.23705 0.0921912
8.24287 0.0915423
8.24868 0.0909745
8.25449 0.0906027
8.26031 0.0902773
8.26612 0.0899927
8.27193 0.0896186
8.31013 0.0934163
8.31594 0.0926142
8.32175 0.0919125
8.32757 0.0914234
8.33338 0.0909955
8.33919 0.090621
8.34501 0.0902934
8.35082 0.0898817
8.35663 0.0895215
8.39483 0.0933313
8.40064 0.0925399
8.40645 0.0919724
8.41227 0.0914759
8.41808 0.0910414
8.42389 0.0905362
8.42971 0.0900942
8.43552 0.0898324
8.44133 0.0896034
8.47953 0.0934029
8.48534 0.0927276
8.49116 0.0921366
8.49697 0.0914945
8.50278 0.0909327
8.50859 0.0905661
8.51441 0.0902454
8.52022 0.0899647
8.52603 0.0897191
8.56423 0.0935042
8.57004 0.0928162
8.57586 0.0920892
8.58167 0.091453
8.58748 0.0910214
8.5933 0.0906437
8.59911 0.0903133
8.60492 0.0898991
8.61074 0.0895367
8.64893 0.0933446
8.65474 0.0925515
8.66056 0.0919826
8.66637 0.0914848
8.67218 0.0910492
8.678 0.090543
8.68381 0.0901002
8.68962 0.0897126
8.69544 0.0894986
8.73363 0.0933112
8.73944 0.0926473
8.74526 0.0920664
8.75107 0.0915581
8.75688 0.0909883
8.7627 0.0904898
8.76851 0.0901786
8.77432 0.0899063
8.78014 0.089668
8.81833 0.0934595
8.82415 0.092777
8.82996 0.0920549
8.83577 0.091423
8.84158 0.0909952
8.8474 0.0906208
8.85321 0.0902932
8.85902 0.0900065
8.86484 0.0896307
8.90303 0.0934269
8.90885 0.0926235
8.91466 0.0919206
8.92047 0.0914305
8.92629 0.0910017
8.9321 0.0906265
8.93791 0.0901732
8.94373 0.0897765
8.94954 0.0895545
8.98773 0.0933601
8.99355 0.0926901
8.99936 0.0921039
9.00517 0.0915909
9.01099 0.091017
9.0168 0.0905149
9.02261 0.0900755
9.02843 0.0898161
9.03424 0.0895891
9.07243 0.0933904
9.07825 0.0927166
9.08406 0.0921271
9.08987 0.0914862
9.09569 0.0909254
9.1015 0.0905597
9.10731 0.0902398
9.11313 0.0899598
9.11894 0.0895898
9.15714 0.0933911
9.16295 0.0925922
9.16876 0.0918932
9.17457 0.0914065
9.18039 0.0909807
9.1862 0.0906081
9.19201 0.0902821
9.19783 0.0898718
9.20364 0.0895129
9.24184 0.0933238
9.24765 0.0925333
9.25346 0.0919666
9.25928 0.0914708
9.26509 0.0910369
9.2709 0.0905323
9.27672 0.0900908
9.28253 0.0898294
9.28834 0.0896008
9.32654 0.0934007
9.33235 0.0927256
9.33816 0.0921349
9.34398 0.091493
9.34979 0.0909314
9.3556 0.090565
9.36142 0.0902443
9.36723 0.0899638
9.37304 0.0897183
9.41124 0.0935035
9.41705 0.0928156
9.42286 0.0920886
9.42868 0.0914526
9.43449 0.091021
9.4403 0.0906434
9.44612 0.0903129
9.45193 0.0898988
9.45774 0.0895365
9.49594 0.0933444
9.50175 0.0925514
9.50756 0.0919824
9.51338 0.0914846
9.51919 0.0910491
9.525 0.0906679
9.53082 0.0902094
9.53663 0.0898083
9.54244 0.0895822
9.58064 0.0933844
9.58645 0.0927114
9.59227 0.0921225
9.59808 0.0916072
9.60389 0.0910313
9.60971 0.0905274
9.61552 0.0902114
9.62133 0.089935
9.62714 0.0896931
9.66534 0.0934815
9.67115 0.0927963
9.67697 0.0920718
9.68278 0.0914378
9.68859 0.0910081
9.69441 0.0906321
9.70022 0.090303
9.70603 0.0900152
9.71185 0.0896383
9.75004 0.0934335
9.75585 0.0926293
9.76167 0.0919256
9.76748 0.0914349
9.77329 0.0910056
9.77911 0.0906299
9.78492 0.0901761
9.79073 0.0897791
9.79655 0.0895567
9.83474 0.0933621
9.84055 0.0926919
9.84637 0.0921054
9.85218 0.0915922
9.85799 0.0910182
9.86381 0.0905159
9.86962 0.0900764
9.87543 0.0898169
9.88125 0.0895898
9.91944 0.093391
9.92526 0.0927172
9.93107 0.0921275
9.93688 0.0914866
9.9427 0.0909258
9.94851 0.09056
9.95432 0.09024
9.96013 0.08996
9.96595 0.08959
10.0041 0.0933913
10.01 0.0925924
10.0158 0.0918933
10.0216 0.0914066
10.0274 0.0909808
10.0332 0.0906082
10.039 0.0902822
10.0448 0.0898719
10.0506 0.0895129
10.0888 0.0933238
10.0947 0.0925333
10.1005 0.0919667
10.1063 0.0914708
10.1121 0.091037
10.1179 0.0905324
10.1237 0.0900908
10.1295 0.0898295
10.1353 0.0896008
10.1735 0.0934007
10.1794 0.0927256
10.1852 0.0921349
10.191 0.091493
10.1968 0.0909314
10.2026 0.09044
10.2084 0.090135
10.2142 0.0898681
10.2201 0.0896346
10.2582 0.0934303
10.3048 0.0977515
10.3459 0.0964075
10.3924 0.0953566
10.4335 0.094437
10.48 0.0935074
10.5211 0.092819
10.5676 0.0922166
10.6087 0.0915645
10.6552 0.091119
10.6963 0.0907291
10.7428 0.090263
10.7839 0.0898551
10.8304 0.0896232
10.8715 0.0894203
10.918 0.0892428
10.9591 0.0890874
11.0056 0.0888265
11.0467 0.0885982
11.0932 0.0885234
11.1343 0.088458
11.1808 0.0882757
11.2219 0.0881163
11.2684 0.0881017
11.3095 0.088089
11.356 0.0880779
11.3971 0.0880681
11.4436 0.0879346
11.4847 0.0878178
11.5313 0.0878406
11.5724 0.0878605
11.6189 0.0877529
11.66 0.0876588
11.7065 0.0877015
11.7476 0.0877388
11.7941 0.0877714
11.8352 0.0878
11.8817 0.0877
11.9228 0.0876125
11.9693 0.0876609
12.0104 0.0877033
12.0569 0.0876154
12.098 0.0876635
12.1445 0.0877055
12.1856 0.0876174
12.2321 0.0876652
12.2732 0.087707
12.3197 0.0876187
12.3608 0.0875413
12.4073 0.0875987
12.4484 0.0876488
12.4949 0.0875677
12.536 0.0876218
12.5825 0.087669
12.6236 0.0875854
12.6702 0.0876372
12.7113 0.0876826
12.7578 0.0875973
12.7989 0.0875226
12.8454 0.0875823
12.8865 0.0876345
12.933 0.0875552
12.9741 0.0876108
13.0206 0.0876594
13.0617 0.087577
13.1082 0.0876299
13.1493 0.0876761
13.1958 0.0875916
13.2369 0.0875177
13.2834 0.087578
13.3245 0.0876307
13.371 0.0876769
13.4121 0.0877173
13.4586 0.0876276
13.4997 0.0875492
13.5462 0.0876055
13.5873 0.0876548
13.6338 0.087573
13.6749 0.0875013
13.7214 0.0875637
13.7625 0.0876182
13.809 0.0876659
13.8501 0.0877077
13.8967 0.0876192
13.9378 0.0875418
13.9843 0.0875991
14.0254 0.0876492
14.0719 0.0875681
14.113 0.0874971
14.1595 0.0875599
14.2006 0.0876149
14.2471 0.0876631
14.2882 0.0877052
14.3347 0.087617
14.3758 0.0875399
14.4223 0.0875974
14.4634 0.0876477
14.5099 0.0875668
14.551 0.0876209
14.5975 0.0876683
14.6386 0.0875848
14.6851 0.0876367
14.7262 0.0876821
14.7727 0.0875968
14.8138 0.0875222
14.8603 0.0875819
14.9014 0.0876342
14.9479 0.0875549
14.989 0.0876106
15.0355 0.0876592
15.0767 0.0875768
15.1232 0.0876297
15.1643 0.087676
15.2108 0.0875915
15.2519 0.0875176
15.2984 0.0875779
15.3395 0.0876306
15.386 0.0875518
15.4271 0.0876078
15.4736 0.0876569
15.5147 0.0875747
15.5612 0.0876279
15.6023 0.0876744
15.6488 0.0875901
15.6899 0.0875163
15.7364 0.0875768
15.7775 0.0876297
15.824 0.087676
15.8651 0.0877165
15.9116 0.0876269
15.9527 0.0875486
15.9992 0.087605
16.0403 0.0876544
16.0868 0.0875726
16.1279 0.087501
16.1744 0.0875634
16.2155 0.087618
16.2621 0.0876657
16.3032 0.0877075
16.3497 0.0876191
16.3908 0.0875417
16.4373 0.087599
16.4784 0.0876491
16.5249 0.087568
16.566 0.087497
16.6125 0.0875598
16.6536 0.0876149
16.7001 0.087663
16.7412 0.0877051
16.7877 0.087617
16.8288 0.0875399
16.8753 0.0875974
16.9164 0.0876477
16.9629 0.0875667
17.004 0.0876209
17.0505 0.0876683
17.0916 0.0875847
17.1381 0.0876367
17.1792 0.0876821
17.2257 0.0875968
17.2668 0.0875222
17.3133 0.0875819
17.3544 0.0876342
17.4009 0.0875549
17.4421 0.0876106
17.4886 0.0876592
17.5297 0.0875768
17.5762 0.0876297
17.6173 0.087676
17.6638 0.0875915
17.7049 0.0875176
17.7514 0.0875779
17.7925 0.0876306
17.839 0.0875518
17.8801 0.0876078
17.9266 0.0876569
17.9677 0.0875747
18.0142 0.0876279
18.0553 0.0876744
18.1018 0.0875901
18.1429 0.0875163
18.1894 0.0875768
18.2305 0.0876297
18.277 0.087676
18.3181 0.0877165
18.3646 0.0876269
18.4057 0.0875486
18.4522 0.087605
18.4933 0.0876544
18.5398 0.0875726
18.5809 0.087501
18.6275 0.0875634
18.6686 0.087618
18.7151 0.0876657
18.7562 0.0877075
18.8027 0.0876191
18.8438 0.0875417
18.8903 0.087599
18.9314 0.0876491
18.9779 0.087568
19.019 0.087497
19.0655 0.0875598
19.1066 0.0876149
19.1531 0.087663
19.1942 0.0877051
19.2407 0.087617
19.2818 0.0875399
19.3283 0.0875974
19.3694 0.0876477
19.4159 0.0875667
19.457 0.0876209
19.5035 0.0876683
19.5446 0.0875847
19.5911 0.0876367
19.6322 0.0876821
19.6787 0.0875968
19.7198 0.0875222
19.7663 0.0875819
19.8074 0.0876342
19.854 0.0875549
19.8951 0.0876106
19.9416 0.0876592
19.9827 0.0875768
20.0292 0.0876297
20.0703 0.087676
20.1168 0.0875915
20.1579 0.0875176
20.2044 0.0875779
20.2455 0.0876306
20.292 0.0875518
20.3331 0.0876078
20.3796 0.0876569
20.4207 0.0875747
20.4672 0.0876279
20.5083 0.0876744
20.555 0.0877151
20.5996 0.0881257
20.6627 0.090485
20.72 0.0941744
20.7836 0.0975276
20.8404 0.100462
20.904 0.102904
20.9608 0.105041
21.0244 0.107036
21.0812 0.108781
21.1139 0.106309
21.1715 0.10427
21.205 0.102736
21.2636 0.101394
21.3026 0.100845
21.3768 0.102364
21.4103 0.103069
21.4722 0.102185
21.5065 0.101412
21.5752 0.101611
21.6189 0.102909
21.6846 0.103671
21.7185 0.103212
21.7851 0.102935
21.8207 0.102818
21.9046 0.104841
21.9364 0.106236
22.0056 0.105581
22.0382 0.105134
22.1141 0.105617
22.1556 0.10704
22.2235 0.107285
22.2566 0.106499
22.3252 0.105937
22.3613 0.10582
22.4457 0.107592
22.4758 0.108393
22.5466 0.107469
22.5775 0.106785
22.6564 0.107187
22.6962 0.108664
22.7641 0.108581
22.7972 0.107633
22.8658 0.106804
22.9027 0.106579
22.9867 0.108381
23.0159 0.108959
23.0876 0.107964
23.1177 0.107218
23.1987 0.107691
23.2368 0.109105
23.3047 0.108717
23.3378 0.107752
23.406 0.107033
23.4442 0.107029
23.5264 0.10865
23.5557 0.108944
23.6269 0.107826
23.657 0.107098
23.7389 0.107711
23.777 0.109247
23.8432 0.108716
23.8775 0.107626
23.9445 0.106798
23.9852 0.106948
24.0641 0.10858
24.0954 0.108757
24.1654 0.107788
24.1972 0.107064
24.279 0.107931
24.318 0.109565
24.3821 0.108744
24.4185 0.107651
24.4834 0.10682
24.5279 0.107092
24.6021 0.108581
24.6365 0.108633
24.7035 0.107679
24.7387 0.106969
24.8179 0.107848
24.8591 0.109492
24.9201 0.10868
24.9596 0.107595
25.0215 0.106771
25.0702 0.1073
25.1398 0.108637
25.1766 0.108308
25.2411 0.107519
25.2788 0.106829
25.356 0.107726
25.3988 0.10926
25.4573 0.108352
25.4993 0.107433
25.5587 0.106629
25.6112 0.107301
25.6761 0.108638
25.7164 0.108183
25.7775 0.107285
25.8186 0.106625
25.8928 0.107672
25.9382 0.109213
25.9945 0.108311
26.0395 0.107397
26.0963 0.106723
26.1531 0.107632
26.2133 0.108803
26.2566 0.108078
26.3147 0.107193
26.3588 0.106544
26.4304 0.107726
26.4775 0.109135
26.5318 0.108118
26.5788 0.107229
26.6339 0.106575
26.6937 0.107628
26.7505 0.1088
26.7963 0.108075
26.8519 0.10719
26.8985 0.106542
26.9676 0.107724
27.016 0.108883
27.0685 0.107898
27.1173 0.107161
27.1711 0.106641
27.2326 0.107686
27.2877 0.108725
27.3344 0.107884
27.3891 0.107149
27.4366 0.106505
27.5053 0.107692
27.5536 0.108855
27.6062 0.107874
27.6549 0.107014
27.7092 0.106513
27.7707 0.107698
27.825 0.108611
27.8716 0.10766
27.9263 0.106952
27.9742 0.106458
28.0429 0.107651
28.0908 0.108695
28.1438 0.107733
28.1921 0.107016
28.2477 0.106639
28.3087 0.107809
28.3626 0.108708
28.4096 0.107745
28.4639 0.106902
28.5131 0.106539
28.5814 0.107971
28.6284 0.10885
28.6823 0.107869
28.7298 0.10701
28.787 0.106759
28.8472 0.108164
28.9006 0.108769
28.9477 0.107672
29.002 0.106838
29.0516 0.106484
29.1203 0.108048
29.1661 0.108917
29.2212 0.107927
29.2674 0.107062
29.3268 0.106804
29.3853 0.108203
29.4391 0.108803
29.4862 0.107828
29.5405 0.106974
29.5913 0.106727
29.66 0.108386
29.7041 0.108963
29.7605 0.107843
29.8055 0.106987
29.8674 0.106989
29.9242 0.10849
29.978 0.108804
30.0247 0.107704
30.0794 0.106866
30.1311 0.106882
30.1998 0.108522
30.2426 0.108832
30.2874 0.106228
30.3302 0.103949
30.375 0.101831
30.4178 0.0999769
30.4626 0.0984798
30.5054 0.0971698
30.5502 0.0960236
30.593 0.0950206
30.6383 0.094143
30.682 0.0933752
30.7278 0.0928283
30.7719 0.0924747
30.8181 0.0922904
30.8622 0.0921291
30.908 0.091738
30.9521 0.0915207
30.9978 0.0913306
31.0419 0.0910393
31.0877 0.0909094
31.1318 0.0907957
31.1776 0.0906962
31.2217 0.0906092
31.2675 0.0905331
31.3116 0.0904664
31.3566 0.0902831
31.4006 0.0901227
31.4456 0.0899824
31.4897 0.0898596
31.5346 0.0897521
31.5787 0.0896581
31.6237 0.0895759
31.6678 0.0895039
31.7127 0.0894409
31.7568 0.0893858
31.8018 0.0893376
31.8458 0.0892954
31.8908 0.0892584
31.9349 0.0892261
31.9798 0.0891979
32.0239 0.0891731
32.0689 0.0891515
32.113 0.0891326
32.1579 0.089116
32.202 0.0892265
32.247 0.0891982
32.291 0.0891734
32.336 0.0891517
32.3801 0.0891328
32.425 0.0892412
32.4691 0.089211
32.5141 0.0891846
32.5582 0.0891616
32.6031 0.0891414
32.6472 0.0891237
32.6922 0.0891082
32.7362 0.0890947
32.7812 0.0890829
32.8253 0.0890725
32.8702 0.0890634
32.9143 0.0890555
32.9593 0.0890486
33.0034 0.0890425
33.0483 0.0890372
33.0924 0.0890325
33.1374 0.0890285
33.1814 0.0890249
33.2264 0.0890218
33.2705 0.0890191
33.3154 0.0890167
33.3595 0.0890146
33.4045 0.0890128
33.4486 0.0890112
33.4935 0.0890098
33.5376 0.0890086
33.5826 0.0890075
33.6266 0.0890066
33.6716 0.0890057
33.7157 0.089005
33.7606 0.0890044
33.8047 0.0890038
33.8497 0.0890034
33.8938 0.0890029
33.9387 0.0890026
33.9828 0.0890023
34.0278 0.089002
34.0718 0.0890017
34.1168 0.0890015
34.1609 0.0890013
34.2058 0.0890012
34.2499 0.089001
34.2949 0.0890009
34.339 0.0890008
34.3839 0.0890007
34.428 0.0891256
34.473 0.0891099
34.517 0.0890962
34.562 0.0890841
34.6061 0.0890736
34.651 0.0891894
34.6951 0.0891657
34.7401 0.089145
34.7842 0.0891269
34.8291 0.089111
34.8732 0.0890971
34.9182 0.089085
34.9622 0.0890744
35.0072 0.0890651
35.0513 0.0890569
35.0962 0.0890498
35.1403 0.0890436
35.1853 0.0890381
35.2294 0.0890334
35.2743 0.0890292
35.3184 0.0890256
35.3634 0.0890224
35.4074 0.0890196
35.4524 0.0890171
35.4965 0.089015
35.5414 0.0890131
35.5855 0.0890115
35.6305 0.08901
35.6746 0.0890088
35.7195 0.0890077
35.7636 0.0890067
35.8086 0.0890059
35.8526 0.0890051
35.8976 0.0890045
35.9417 0.0890039
35.9866 0.0890034
36.0307 0.089003
36.0757 0.0890026
36.1198 0.0890023
36.1647 0.089002
36.2088 0.0890018
36.2538 0.0890015
36.2978 0.0890014
36.3428 0.0890012
36.3869 0.089001
36.4318 0.0890009
36.4759 0.0890008
36.5209 0.0890007
36.565 0.0890006
36.6099 0.0890005
36.654 0.0891255
36.699 0.0891098
36.743 0.0890961
36.788 0.089084
36.8321 0.0890735
36.877 0.0891893
36.9211 0.0891657
36.9661 0.089145
37.0102 0.0891268
37.0551 0.089111
37.0992 0.0890971
37.1442 0.089085
37.1882 0.0890744
37.2332 0.0890651
37.2773 0.0890569
37.3222 0.0890498
37.3663 0.0890436
37.4113 0.0890381
37.4554 0.0890334
37.5003 0.0890292
37.5444 0.0890255
37.5894 0.0890224
37.6334 0.0890196
37.6784 0.0890171
37.7225 0.089015
37.7674 0.0890131
37.8115 0.0890115
37.8565 0.08901
37.9006 0.0890088
37.9455 0.0890077
37.9896 0.0890067
38.0346 0.0890059
38.0786 0.0890051
38.1236 0.0890045
38.1677 0.0890039
38.2126 0.0890034
38.2567 0.089003
38.3017 0.0890026
38.3458 0.0890023
38.3907 0.089002
38.4348 0.0890018
38.4798 0.0890015
38.5238 0.0890014
38.5688 0.0890012
38.6129 0.089001
38.6578 0.0890009
38.7019 0.0890008
38.7469 0.0890007
38.791 0.0890006
38.8359 0.0890005
38.88 0.0891255
38.925 0.0891098
38.969 0.0890961
39.014 0.089084
39.0581 0.0890735
39.103 0.0891893
39.1471 0.0891657
39.1921 0.089145
39.2362 0.0891268
39.2811 0.089111
39.3252 0.0890971
39.3702 0.089085
39.4142 0.0890744
39.4592 0.0890651
39.5033 0.0890569
39.5482 0.0890498
39.5923 0.0890436
39.6373 0.0890381
39.6814 0.0890334
39.7263 0.0890292
39.7704 0.0890255
39.8154 0.0890224
39.8594 0.0890196
39.9044 0.0890171
39.9485 0.089015
39.9934 0.0890131
40.0375 0.0890115
40.0825 0.08901
40.1266 0.0890088
40.1715 0.0890077
40.2156 0.0890067
40.2606 0.0890059
40.3046 0.0890051
40.3496 0.0890045
40.3937 0.0890039
40.4386 0.0890034
40.4827 0.089003
40.5277 0.0890026
40.5718 0.0890023
40.6167 0.089002
40.6608 0.0890018
40.7058 0.0890015
40.7484 0.0888764
40.7934 0.0887668
40.836 0.088671
40.881 0.0884621
40.9236 0.0882793
40.9686 0.0882444
41.0112 0.0882139
41.0562 0.0881871
41.0993 0.0881637
41.1447 0.0881433
41.188 0.0881254
41.2333 0.0882347
41.2766 0.0883304
41.3224 0.0884141
41.3656 0.0884873
41.4114 0.0885514
41.4547 0.0886075
41.5005 0.0886565
41.5437 0.0886995
41.5895 0.088737
41.6327 0.0887699
41.6785 0.0887987
41.7218 0.0888238
41.7676 0.0888459
41.8108 0.0888651
41.8566 0.088882
41.8999 0.0888967
41.9457 0.0889096
41.9889 0.0889209
42.0347 0.0889308
42.0779 0.0889395
42.1237 0.088947
42.167 0.0889537
42.2128 0.0889594
42.256 0.0890895
42.3018 0.0890783
42.3451 0.0890685
42.3909 0.08906
42.4341 0.0890525
42.4799 0.0890459
42.5231 0.0890402
42.5689 0.0890351
42.6122 0.0890308
42.658 0.0890269
42.7012 0.0890235
42.747 0.0891456
42.7903 0.0891274
42.8361 0.0891115
42.8793 0.0890975
42.9251 0.0890853
42.9683 0.0890747
43.0141 0.0890653
43.0574 0.0890572
43.1032 0.08905
43.1464 0.0890438
43.1922 0.0890383
43.2355 0.0890335
43.2813 0.0890293
43.3245 0.0890257
43.3703 0.0890225
43.4135 0.0890196
43.4593 0.0890172
43.5026 0.089015
43.5484 0.0890132
43.5916 0.0890115
43.6374 0.0890101
43.6807 0.0890088
43.7265 0.0890077
43.7697 0.0890067
43.8155 0.0890059
43.8587 0.0890052
43.9045 0.0890045
43.9478 0.089004
43.9936 0.0890035
44.0368 0.089003
44.0826 0.0890026
44.1259 0.0890023
44.1717 0.089002
44.2149 0.0890018
44.2607 0.0890016
44.3039 0.0890014
44.3497 0.0890012
44.393 0.089001
44.4388 0.0890009
44.482 0.0891258
44.5278 0.0891101
44.5711 0.0890963
44.6169 0.0890843
44.6601 0.0890737
44.7059 0.0890645
44.7491 0.0890565
44.7949 0.0890494
44.8382 0.0890432
44.884 0.0890378
44.9272 0.0890331
44.973 0.089154
45.0163 0.0891347
45.0621 0.0891179
45.1053 0.0891031
45.1511 0.0890902
45.1943 0.089079
45.2401 0.0890691
45.2834 0.0890605
45.3292 0.0890529
45.3724 0.0890463
45.4182 0.0890405
45.4615 0.0890354
45.5073 0.089031
45.5505 0.0890271
45.5963 0.0890237
45.6395 0.0890208
45.6853 0.0890182
45.7286 0.0890159
45.7744 0.0890139
45.8176 0.0890122
45.8634 0.0890107
45.9067 0.0890093
45.9525 0.0890082
45.9957 0.0890071
46.0415 0.0890062
46.0847 0.0890055
46.1305 0.0890048
46.1738 0.0890042
46.2196 0.0890037
46.2628 0.0890032
46.3086 0.0890028
46.3519 0.0890024
46.3977 0.0890021
46.4409 0.0890019
46.4867 0.0890016
46.5299 0.0890014
46.5757 0.0890013
46.619 0.0890011
46.6648 0.089001
46.708 0.0891258
46.7538 0.0891101
46.7971 0.0890963
46.8429 0.0890843
46.8861 0.0890738
46.9319 0.0890645
46.9751 0.0890565
47.0209 0.0890494
47.0642 0.0890432
47.11 0.0890378
47.1532 0.0890331
47.199 0.089154
47.2423 0.0891347
47.2881 0.0891179
47.3313 0.0891031
47.3771 0.0890903
47.4203 0.089079
47.4661 0.0890691
47.5094 0.0890605
47.5552 0.0890529
47.5984 0.0890463
47.6442 0.0890405
47.6875 0.0890354
47.7333 0.089031
47.7765 0.0890271
47.8223 0.0890237
47.8655 0.0890208
47.9113 0.0890182
47.9546 0.0890159
48.0004 0.0890139
48.0436 0.0890122
48.0894 0.0890107
48.1327 0.0890093
48.1785 0.0890082
48.2217 0.0890071
48.2675 0.0890062
48.3107 0.0890055
48.3565 0.0890048
48.3998 0.0890042
48.4456 0.0890037
48.4888 0.0890032
48.5346 0.0890028
48.5779 0.0890024
48.6237 0.0890021
48.6669 0.0890019
48.7127 0.0890016
48.7559 0.0890014
48.8017 0.0890013
48.845 0.0890011
48.8908 0.089001
48.934 0.0891258
48.9798 0.0891101
49.0231 0.0890963
49.0689 0.0890843
49.1121 0.0890738
49.1579 0.0890645
49.2011 0.0890565
49.2469 0.0890494
49.2902 0.0890432
49.336 0.0890378
49.3792 0.0890331
49.425 0.089154
49.4683 0.0891347
49.5141 0.0891179
49.5573 0.0891031
49.6031 0.0890903
49.6463 0.089079
49.6921 0.0890691
49.7354 0.0890605
49.7812 0.0890529
49.8244 0.0890463
49.8702 0.0890405
49.9135 0.0890354
49.9593 0.089031
50.0025 0.0890271
50.0483 0.0890237
50.0901 0.0888958
50.1358 0.0886588
50.1774 0.0884515
50.2232 0.088395
50.2648 0.0882206
50.3107 0.0880681
50.3522 0.0880596
50.3981 0.0880521
50.4396 0.0879206
50.4855 0.0878055
50.5269 0.0877048
50.5728 0.0876167
50.6143 0.0876646
50.6602 0.0877066
50.7017 0.0876182
50.7477 0.087541
50.7891 0.0875983
50.8351 0.0876485
50.8766 0.0875675
50.9225 0.0874965
50.964 0.0875595
51.0099 0.0874895
51.0514 0.0874283
51.0972 0.0874998
51.1388 0.0874373
51.1846 0.0873827
51.2261 0.0874598
51.2721 0.0875273
51.3135 0.0874614
51.3596 0.0874037
51.4011 0.0874783
51.447 0.0875435
51.4884 0.0874756
51.5345 0.0874161
51.576 0.0873641
51.6219 0.0873186
51.6634 0.0874038
51.7093 0.0874783
51.7509 0.0874185
51.7967 0.0873662
51.8382 0.0874454
51.8841 0.0875147
51.9256 0.0874504
51.9715 0.0873941
52.013 0.0873448
52.059 0.0874267
52.1005 0.0874984
52.1466 0.0874361
52.1879 0.0873816
52.2342 0.0874589
52.2755 0.0875265
52.3216 0.0874607
52.3631 0.0875281
52.4091 0.0875871
52.4506 0.0875137
52.4966 0.0874495
52.538 0.0875183
52.584 0.0874535
52.6255 0.0873968
52.6713 0.0874722
52.7129 0.0874132
52.7587 0.0873615
52.8004 0.0874414
52.8461 0.0875112
52.8878 0.0874473
52.9335 0.0873914
52.9754 0.0874675
53.021 0.087534
53.0627 0.0874673
53.1086 0.0874089
53.1501 0.0874827
53.1961 0.0875474
53.2375 0.087479
53.2835 0.0874191
53.3249 0.0873667
53.3708 0.0873209
53.4124 0.0874058
53.4582 0.08748
53.4997 0.08742
53.5456 0.0873675
53.5872 0.0874466
53.633 0.0873908
53.6747 0.0873419
53.7204 0.0874242
53.7622 0.0874962
53.8079 0.0874341
53.8496 0.0873799
53.8954 0.0874574
53.937 0.0875252
53.9829 0.0874596
54.0244 0.0874021
54.0703 0.0874768
54.1118 0.0874172
54.1578 0.0873651
54.1991 0.0874445
54.2452 0.0875139
54.2865 0.0874497
54.3326 0.0873934
54.3741 0.0874693
54.42 0.0874106
54.4616 0.0873593
54.5075 0.0874394
54.549 0.0873844
54.595 0.0873364
54.6364 0.0874193
54.6824 0.0874919
54.7238 0.0874304
54.7698 0.0873766
54.8112 0.0874546
54.8573 0.0875227
54.8986 0.0874574
54.9447 0.0874002
54.986 0.0874752
55.0322 0.0875408
55.0735 0.0874732
55.1196 0.087414
55.1608 0.0873623
55.207 0.087442
55.2483 0.0875117
55.2944 0.0874478
55.3356 0.0873918
55.3818 0.0873428
55.4231 0.087425
55.4692 0.0874969
55.5105 0.0874347
55.5566 0.0873804
55.5981 0.0874579
55.6441 0.0875256
55.6855 0.0874599
55.7315 0.0874024
55.7729 0.0873521
55.819 0.0873081
55.8604 0.0873946
55.9064 0.0874703
55.9479 0.0874115
55.9938 0.08736
56.0353 0.08744
56.0812 0.08751
56.1227 0.0874463
56.1685 0.0873905
56.2102 0.0874667
56.256 0.0875333
56.2976 0.0874667
56.3434 0.0874083
56.3851 0.0874823
56.4308 0.087422
56.4725 0.0873693
56.5182 0.0874481
56.5599 0.0873921
56.6056 0.0873431
56.6473 0.0874252
56.6931 0.087497
56.7347 0.0874349
56.7806 0.0873805
56.8222 0.087458
56.868 0.0875257
56.9098 0.08746
56.9554 0.0874025
56.9973 0.0874772
57.0429 0.0874175
57.0847 0.0873654
57.1304 0.0874447
57.1721 0.0875141
57.2178 0.0874498
57.2595 0.0873936
57.3052 0.0874694
57.3469 0.0874107
57.3928 0.0873594
57.4343 0.0874395
57.4802 0.0875095
57.5217 0.0874458
57.5676 0.0873901
57.6091 0.0874663
57.6551 0.0875331
57.6964 0.0874664
57.7425 0.0874081
57.784 0.0873571
57.8298 0.0873125
57.8714 0.0873984
57.9172 0.0874736
57.9587 0.0874144
58.0048 0.0873626
58.0461 0.0874423
58.0923 0.087512
58.1335 0.087448
58.1799 0.087392
58.221 0.087343
58.2672 0.0874251
58.3083 0.087497
58.3547 0.0874349
58.3959 0.0873805
58.4421 0.0874579
58.4834 0.0875257
58.5294 0.08746
58.5708 0.0874025
58.6168 0.0873522
58.6582 0.0874332
58.7042 0.087504
58.7456 0.087441
58.7916 0.0873859
58.8331 0.0874626
58.879 0.0874048
58.9207 0.0873542
58.9665 0.0874349
59.0081 0.0875056
59.0539 0.0874424
59.0954 0.0873871
59.1413 0.0874637
59.1828 0.0874057
59.2287 0.087355
59.2702 0.0874356
59.316 0.0875062
59.3576 0.0874429
59.4035 0.0873875
59.4451 0.0874641
59.4909 0.0874061
59.5325 0.0873553
59.5784 0.0874359
59.6199 0.0873814
59.6659 0.0873337
59.7073 0.087417
59.7533 0.0874899
59.7947 0.0874287
59.8408 0.0873751
59.8821 0.0874532
59.9282 0.0875215
59.9695 0.0874563
60.0157 0.0873993
60.057 0.0874744
60.1032 0.0875401
60.1444 0.0874726
60.1906 0.0874135
60.2318 0.0873618
60.278 0.0873166
60.3192 0.087402
60.3654 0.0874768
60.4066 0.0874172
60.4528 0.087365
60.4941 0.0874444
60.5402 0.0875138
60.5817 0.0874496
60.6277 0.0873934
60.669 0.0874692
60.7151 0.0875356
60.7564 0.0874686
60.8024 0.0874101
60.844 0.0873588
60.8898 0.0873139
60.9314 0.0873997
60.9773 0.0874747
61.0189 0.0874154
61.0646 0.0873635
61.1063 0.087443
61.152 0.0875127
61.1938 0.0874486
61.2396 0.0873925
61.2812 0.0874684
61.327 0.0874099
61.3686 0.0873586
61.4144 0.0874388
61.4561 0.087509
61.5018 0.0874453
61.5435 0.0873897
61.5892 0.087466
61.6309 0.0874077
61.6765 0.0873568
61.7182 0.0874372
61.7639 0.0873825
61.8056 0.0873347
61.8513 0.0874179
61.893 0.0873656
61.9387 0.0873199
61.9804 0.0874049
62.026 0.0874793
62.0679 0.0874194
62.1134 0.087367
62.1553 0.0874461
62.2009 0.0873903
62.2429 0.0873415
62.2885 0.0874239
62.3304 0.0874959
62.376 0.0875589
62.418 0.087489
62.4636 0.0874279
62.5055 0.0874994
62.5511 0.087562
62.5929 0.0874917
62.6387 0.0874303
62.6804 0.0875015
62.7262 0.0875638
62.768 0.0874933
62.8138 0.0874317
62.8555 0.0875027
62.9013 0.0875649
62.9431 0.0876193
62.9889 0.0875418
63.0306 0.0874741
63.0764 0.0875399
63.1182 0.0875974
63.164 0.0875227
63.2057 0.0874574
63.2515 0.0875252
63.2931 0.0875845
63.3391 0.0876365
63.3806 0.0875569
63.4266 0.0874873
63.4682 0.0875514
63.5142 0.0876075
63.5557 0.0875315
63.6017 0.0874651
63.6433 0.087532
63.6892 0.0875905
63.7308 0.0875166
63.7767 0.0874521
63.8184 0.0875206
63.8642 0.0875805
63.9059 0.0875079
63.9518 0.0874444
63.9935 0.0875139
64.0393 0.0875746
64.081 0.0876278
64.1269 0.0875493
64.1686 0.0874807
64.2144 0.0875456
64.2561 0.0876024
64.302 0.0875271
64.3437 0.0874612
64.3895 0.0875285
64.4312 0.0875875
64.4769 0.087514
64.5188 0.0874498
64.5644 0.0875186
64.6063 0.0875787
64.652 0.0875064
64.6939 0.0874431
64.7395 0.0875127
64.7814 0.0875736
64.8271 0.0876269
64.869 0.0875486
64.9146 0.08748
64.9564 0.087545
65.0022 0.0876019
65.0439 0.0875266
65.0897 0.0874608
65.1315 0.0875282
65.1773 0.0875872
65.219 0.0876388
65.2648 0.0875589
65.3066 0.0874891
65.3524 0.0875529
65.3941 0.0876088
65.4399 0.0875327
65.4817 0.0874661
65.5275 0.0875329
65.5692 0.0875912
65.615 0.0876423
65.6568 0.087562
65.7026 0.0874918
65.7443 0.0875553
65.7901 0.0876109
65.8318 0.0875345
65.8777 0.0874677
65.9194 0.0875343
65.9652 0.0875925
66.0069 0.0875184
66.0528 0.0874536
66.0945 0.0875219
66.1401 0.0875817
66.182 0.087634
66.2277 0.0875547
66.2696 0.0874854
66.3152 0.0875497
66.3571 0.087606
66.4028 0.0875302
66.4447 0.087464
66.4903 0.087531
66.5322 0.0875896
66.5779 0.0875159
66.6198 0.0874514
66.6654 0.08752
66.7073 0.08758
66.753 0.0875075
66.7949 0.087444
66.8406 0.0875135
66.8824 0.0875743
66.928 0.0876276
66.97 0.0875491
67.0156 0.0874805
67.0575 0.0875454
67.1031 0.0876022
67.1451 0.087652
67.1907 0.0875705
67.2326 0.0874992
67.2782 0.0875618
67.3202 0.0876165
67.3658 0.0875395
67.4076 0.087472
67.4533 0.087538
67.4951 0.0875958
67.5409 0.0875213
67.5827 0.0874561
67.6284 0.0875241
67.6702 0.0875836
67.716 0.0875107
67.7578 0.0874468
67.8035 0.087516
67.8453 0.0875765
67.8911 0.0876294
67.9329 0.0875507
67.9786 0.0874819
68.0204 0.0875467
68.0662 0.0876033
68.1078 0.0875279
68.1537 0.0874619
68.1953 0.0875292
68.2413 0.087588
68.2828 0.0875145
68.3288 0.0874502
68.3704 0.0875189
68.4164 0.0875791
68.4579 0.0875067
68.5039 0.0874433
68.5455 0.0875129
68.5913 0.0875738
68.633 0.0876271
68.6788 0.0875487
68.7206 0.0874801
68.7664 0.0875451
68.8081 0.087602
68.8539 0.0875267
68.8957 0.0874609
68.9415 0.0875283
68.9832 0.0875872
69.029 0.0876388
69.0708 0.087559
69.1166 0.0874891
69.1583 0.087553
69.2042 0.0876088
69.2459 0.0875327
69.2915 0.0874661
69.3334 0.0875329
69.379 0.0875913
69.421 0.0875174
69.4666 0.0874527
69.5085 0.0875211
69.5541 0.087581
69.5961 0.0876333
69.6417 0.0875542
69.6836 0.0874849
69.7292 0.0875493
69.7711 0.0876056
69.8168 0.0875299
69.8586 0.0874637
69.9043 0.0875307
69.9461 0.0875894
69.9919 0.0875157
70.0337 0.0874512
70.0794 0.0875198
70.1212 0.0875799
70.167 0.0875074
70.2088 0.087444
70.2545 0.0875135
70.2963 0.0875743
70.3421 0.0876275
70.3839 0.0875491
70.4296 0.0874804
70.4714 0.0875454
70.5172 0.0876022
70.559 0.0875269
70.6047 0.0874611
70.6465 0.0875284
70.6923 0.0875874
70.734 0.0876389
70.7798 0.0875591
70.8216 0.0874892
70.8674 0.087553
70.9091 0.0876089
70.9548 0.0875328
70.9967 0.0874662
71.0423 0.0875329
71.0842 0.0875913
71.1299 0.0875174
71.1718 0.0874527
71.2174 0.0875211
71.2593 0.087581
71.305 0.0875084
71.3469 0.0874448
71.3925 0.0875142
71.4344 0.0875749
71.4801 0.0876281
71.522 0.0875496
71.5676 0.0874809
71.6095 0.0875458
71.6552 0.0876025
71.6971 0.0876522
71.7426 0.0875707
71.7846 0.0874994
71.8302 0.0875619
71.8722 0.0876167
71.9177 0.0875396
71.9597 0.0874722
72.0051 0.0875381
72.0471 0.0875959
72.0925 0.0875214
72.1345 0.0874562
72.1799 0.0873992
72.2218 0.0873493
72.2672 0.0874306
72.3092 0.0875018
72.3546 0.0874391
72.3968 0.0873842
72.442 0.0873362
72.4842 0.0874191
72.5294 0.0874917
72.5717 0.0874303
72.617 0.0873765
72.6593 0.0874544
72.7045 0.0875226
72.7468 0.0874573
72.7921 0.0875251
72.8344 0.0875845
72.8796 0.0875114
72.9219 0.0874475
72.9672 0.0875166
73.0095 0.087577
73.0547 0.0875049
73.0969 0.0874418
73.1423 0.0875115
73.1844 0.0875726
73.2298 0.087501
73.272 0.0874384
73.3174 0.0875086
73.3595 0.08757
73.4049 0.0874988
73.4471 0.0875614
73.4925 0.0876162
73.5345 0.0875392
73.5799 0.0874718
73.6219 0.0874128
73.6674 0.0874862
73.7094 0.0875504
73.7549 0.0874816
73.7968 0.0874214
73.8424 0.0874938
73.8844 0.087557
73.93 0.0874874
73.9719 0.0874265
74.0175 0.0874982
74.0595 0.0875609
74.1051 0.0876158
74.147 0.0876638
74.1926 0.0875808
74.2346 0.0875082
74.2801 0.0875697
74.3221 0.0876235
74.3676 0.0875456
74.4097 0.0874774
74.4552 0.0875427
74.4972 0.0875999
74.5427 0.0875249
74.5848 0.0874593
74.6303 0.0875269
74.6723 0.087586
74.7177 0.0875127
74.7599 0.0874487
74.8052 0.0875176
74.8473 0.0875779
74.8926 0.0875056
74.9346 0.0874424
74.98 0.0875121
75.0221 0.0875731
75.0676 0.0875015
75.1097 0.0874388
75.1551 0.0875089
75.1972 0.0875703
75.2427 0.087499
75.2848 0.0874367
75.3302 0.0875071
75.3723 0.0875687
75.4178 0.0874976
75.4599 0.0874354
75.5053 0.087506
75.5473 0.0875677
75.5929 0.0874968
75.6349 0.0874347
75.6804 0.0875053
75.7224 0.0875672
75.768 0.0874963
75.81 0.0874342
75.8555 0.087505
75.8975 0.0875668
75.9431 0.087621
75.9849 0.0875434
76.0305 0.0874754
76.0723 0.087541
76.1179 0.0874734
76.1599 0.0874142
76.2054 0.0874874
76.2473 0.0875515
76.2929 0.0874826
76.3348 0.0874222
76.3805 0.0874945
76.4224 0.0875577
76.468 0.0876129
76.5099 0.0875363
76.5556 0.0874693
76.5975 0.0875356
76.6431 0.0875937
76.685 0.0876445
76.7305 0.0875639
76.7726 0.0874934
76.8181 0.0875567
76.8601 0.0876121
76.9056 0.0875356
76.9477 0.0874687
76.9932 0.0875351
77.0352 0.0875932
77.0807 0.0875191
77.1228 0.0874542
77.1681 0.0875224
77.2103 0.0875821
77.2555 0.0875093
77.2977 0.0874457
77.3431 0.087515
77.3851 0.0875756
77.4305 0.0875036
77.4725 0.0874407
77.518 0.0875106
77.5599 0.0874468
77.6056 0.0873909
77.6475 0.0874671
77.6931 0.0875337
77.735 0.087592
77.7807 0.087518
77.8226 0.0874532
77.8682 0.0875216
77.9101 0.0875814
77.9558 0.0875087
77.9975 0.0874451
78.0433 0.0875145
78.0851 0.0875752
78.1309 0.0875033
78.1726 0.0874404
78.2184 0.0875103
78.2602 0.0875715
78.306 0.0875001
78.3477 0.0874376
78.3935 0.0875079
78.4351 0.0875694
78.4809 0.0874982
78.5225 0.0874359
78.5683 0.0875064
78.6101 0.0875681
78.6557 0.0874971
78.6975 0.087435
78.7431 0.0875056
78.7851 0.0875674
78.8307 0.0874965
78.8726 0.0874344
78.9182 0.0875051
78.9602 0.087567
79.0058 0.0874961
79.0477 0.0874341
79.0933 0.0875048
79.1353 0.0875667
79.1808 0.0874959
79.2228 0.0874339
79.2683 0.0875047
79.3104 0.0875666
79.3559 0.0874958
79.3979 0.0874338
79.4434 0.0875046
79.4855 0.0875665
79.531 0.0874957
79.573 0.0875587
79.6183 0.0876139
79.6605 0.0875371
79.7057 0.08747
79.7479 0.0874112
79.7933 0.0874848
79.8353 0.0875492
79.8807 0.0874806
79.9227 0.0874205
79.9683 0.0874929
80.0101 0.0875563
80.0558 0.0874868
80.0977 0.0874259
80.1434 0.0874977
80.1852 0.0875605
80.2309 0.0874904
80.2728 0.0874291
80.3185 0.0875005
80.3603 0.0875629
80.406 0.0876176
80.4478 0.0875404
80.4936 0.0874728
80.5353 0.0875387
80.5811 0.0875964
80.6229 0.0875218
80.6687 0.0874566
80.7104 0.0875245
80.7562 0.087584
80.798 0.087511
80.8438 0.0874471
80.8853 0.0875162
80.9311 0.0875767
80.9727 0.0875046
81.0185 0.0874415
81.0603 0.0875113
81.1059 0.0874474
81.1477 0.0873915
81.1933 0.0874675
81.2353 0.0875341
81.2809 0.0874673
81.3228 0.0874089
81.3684 0.0874828
81.4104 0.0875475
81.456 0.087479
81.4979 0.0874191
81.5435 0.0874918
81.5855 0.0875553
81.631 0.0874859
81.673 0.0875501
81.7185 0.0876064
81.7606 0.0875306
81.8061 0.0875893
81.8481 0.0876406
81.8936 0.0875605
81.9357 0.0874905
81.9812 0.0875541
82.0232 0.0876099
82.0686 0.0875336
82.1108 0.0874669
82.1559 0.0874086
82.1981 0.0874825
82.2435 0.0875472
82.2855 0.0874788
82.3309 0.0874189
82.3729 0.0873666
82.4185 0.0874457
82.4604 0.087515
82.506 0.0875756
82.5479 0.0875037
82.5936 0.0874407
82.6355 0.0875106
82.6811 0.0875718
82.723 0.0876253
82.7687 0.0875472
82.8106 0.0874788
82.8562 0.0875439
82.898 0.0874759
82.9438 0.0874164
82.9855 0.0874894
83.0313 0.0875532
83.0731 0.0876091
83.1189 0.0875329
83.1606 0.0874663
83.2064 0.087533
83.2482 0.0875914
83.294 0.0875175
83.3356 0.0874528
83.3814 0.0875212
83.4229 0.087456
83.4687 0.087399
83.5105 0.0874742
83.5561 0.0875399
83.5979 0.0874724
83.6436 0.0874133
83.6855 0.0874867
83.7311 0.0875508
83.773 0.087607
83.8187 0.0875311
83.8606 0.0874647
83.9062 0.0875316
83.9481 0.0875902
83.9938 0.0875164
84.0357 0.0874519
84.0812 0.0875204
84.1232 0.0875803
84.1687 0.0875078
84.2108 0.0874443
84.2563 0.0875138
84.2983 0.0875746
84.3438 0.0875027
84.3859 0.0874399
84.4314 0.0875099
84.4734 0.0875712
84.5188 0.0874998
84.561 0.0874373
84.6062 0.0875076
84.6484 0.0875692
84.6937 0.087498
84.7357 0.0874358
84.7812 0.0875063
84.8231 0.087568
84.8687 0.087497
84.9106 0.0874349
84.9563 0.0875055
84.9981 0.0875673
85.0438 0.0874964
85.0857 0.0874344
85.1314 0.0875051
85.1732 0.0875669
85.2189 0.0874961
85.2608 0.0874341
85.3065 0.0875048
85.3482 0.0875667
85.394 0.0876209
85.4358 0.0875433
85.4816 0.0874753
85.5233 0.0875409
85.5691 0.0875983
85.6109 0.0875235
85.6567 0.0874581
85.6984 0.0875258
85.7442 0.0875851
85.7858 0.087512
85.8316 0.087448
85.8732 0.087517
85.919 0.0874523
85.9607 0.0873958
86.0063 0.0874713
86.0482 0.0875374
86.0938 0.0874702
86.1357 0.0874115
86.1813 0.087485
86.2233 0.0875494
86.2689 0.0874807
86.3108 0.0874206
86.3564 0.087493
86.3984 0.0875564
86.444 0.0874869
86.4859 0.087426
86.5314 0.0874978
86.5735 0.0875605
86.619 0.0874905
86.661 0.0875542
86.7065 0.0876099
86.7486 0.0875337
86.7941 0.0875919
86.8361 0.087643
86.8816 0.0875626
86.9237 0.0874923
86.969 0.0875557
87.0112 0.0876113
87.0564 0.0875349
87.0986 0.087468
87.1439 0.0874095
87.186 0.0873583
87.2314 0.0874385
87.2733 0.0875087
87.3189 0.0874451
87.3608 0.0873895
87.4065 0.0874658
87.4483 0.0875326
87.494 0.087591
87.5359 0.0875171
87.5816 0.0874525
87.6234 0.0875209
87.6691 0.0875808
87.711 0.0875082
87.7567 0.0874447
87.7984 0.0875141
87.8442 0.0875748
87.886 0.087503
87.9318 0.0874401
87.9735 0.0875101
88.0193 0.0875713
88.0611 0.0876249
88.1069 0.0875468
88.1486 0.0874784
88.1944 0.0875436
88.236 0.0876007
88.2818 0.0875256
88.3234 0.0874599
88.3692 0.0875274
88.411 0.0874615
88.4566 0.0874038
88.4984 0.0874783
88.544 0.0875435
88.5859 0.0874756
88.6316 0.0874161
88.6735 0.0874891
88.7191 0.087553
88.761 0.0876089
88.8067 0.0875328
88.8486 0.0874662
88.8942 0.0875329
88.9361 0.0875913
88.9816 0.0875174
89.0237 0.0874527
89.0692 0.0875211
89.1112 0.087581
89.1567 0.0875083
89.1988 0.0874448
89.2443 0.0875142
89.2863 0.0875749
89.3318 0.0875031
89.3739 0.0874402
89.4192 0.0875102
89.4614 0.0875714
89.5066 0.0875
89.5488 0.0874375
89.5942 0.0875078
89.6362 0.0875693
89.6816 0.0874981
89.7236 0.0874359
89.7691 0.0875064
89.811 0.0875681
89.8567 0.0874971
89.8986 0.0874349
89.9442 0.0875056
89.9861 0.0875674
90.0318 0.0874965
90.0737 0.0874344
90.1193 0.0875051
90.1612 0.087567
90.2069 0.0874961
90.2486 0.0874341
90.2944 0.0875048
90.3362 0.0875667
90.382 0.0874959
90.4237 0.0874339
90.4695 0.0875047
90.5113 0.0875666
90.5571 0.0876207
90.5988 0.0875432
90.6446 0.0874753
90.6862 0.0875409
90.732 0.0875982
90.7736 0.0875235
90.8194 0.087458
90.8612 0.0875258
90.9068 0.0874601
90.9486 0.0874025
90.9942 0.0874772
91.0361 0.0875426
91.0818 0.0874748
91.1237 0.0874154
91.1693 0.0874885
91.2112 0.0875524
91.2569 0.0874834
91.2988 0.0874229
91.3444 0.0874951
91.3863 0.0875582
91.4319 0.0874884
91.4739 0.0874274
91.5194 0.0874989
91.5614 0.0875616
91.607 0.0874914
91.649 0.08743
91.6945 0.0875012
91.7365 0.0875636
91.782 0.0876181
91.8241 0.0876658
91.8694 0.0875826
91.9116 0.0875098
91.9568 0.0874461
91.999 0.0875153
92.0444 0.0875759
92.0864 0.0875039
92.1318 0.0874409
92.1738 0.0873858
92.2194 0.0874626
92.2612 0.0875298
92.3069 0.0874635
92.3488 0.0874056
92.3945 0.0874799
92.4363 0.0875449
92.482 0.0876018
92.5239 0.0875266
92.5696 0.0874607
92.6114 0.0875282
92.6571 0.0875871
92.6989 0.0875137
92.7447 0.0874495
92.7864 0.0875183
92.8322 0.0875785
92.874 0.0875062
92.9198 0.0874429
92.9615 0.0875126
93.0073 0.0875735
93.049 0.0876268
93.0948 0.0875485
93.1364 0.0874799
93.1822 0.0875449
93.2238 0.0874768
93.2696 0.0874172
93.3114 0.08749
93.357 0.0874288
93.3988 0.0873752
93.4444 0.0874533
93.4864 0.0875216
93.532 0.0874564
93.5739 0.0873994
93.6195 0.0874745
93.6615 0.0875401
93.7071 0.0875976
93.749 0.0876479
93.7946 0.0875669
93.8366 0.0874961
93.8821 0.0875591
93.9241 0.0876142
93.9696 0.0875374
94.0117 0.0874702
94.0572 0.0875364
94.0992 0.0875944
94.1447 0.0875201
94.1868 0.0874551
94.2323 0.0875232
94.2743 0.0875828
94.3197 0.0875099
94.3618 0.0874462
94.407 0.0875154
94.4493 0.087576
94.4946 0.087504
94.5366 0.087441
94.582 0.0875109
94.624 0.087447
94.6696 0.0873911
94.7114 0.0874672
94.7571 0.0875338
94.799 0.0874671
94.8447 0.0874087
94.8865 0.0874826
94.9322 0.0875473
94.9741 0.0876039
95.0198 0.0875284
95.0616 0.0874623
95.1073 0.0875296
95.1491 0.0875884
95.1949 0.0875148
95.2366 0.0874505
95.2824 0.0875192
95.3242 0.0875793
95.37 0.0875069
95.4117 0.0874435
95.4575 0.0875131
95.4993 0.0875739
95.5451 0.0876272
95.5867 0.0875488
95.6325 0.0874802
95.674 0.0875452
95.7198 0.087477
95.7616 0.0874174
95.8072 0.0874902
95.849 0.0875539
95.8947 0.0874847
95.9366 0.0874241
95.9822 0.0874961
96.0241 0.0875591
96.0698 0.0874892
96.1117 0.087428
96.1573 0.0874995
96.1992 0.0875621
96.2449 0.0874918
96.2868 0.0874304
96.3323 0.0875016
96.3743 0.0875639
96.4198 0.0874934
96.4619 0.0874317
96.5074 0.0875027
96.5494 0.0875649
96.5949 0.0874943
96.637 0.0874325
96.6825 0.0875034
96.7245 0.0875655
96.7699 0.0874948
96.8121 0.087558
96.8573 0.0876132
96.8995 0.0875366
96.9448 0.0874695
96.9868 0.0874108
97.0322 0.0874845
97.0742 0.0875489
97.1198 0.0874803
97.1617 0.0874203
97.2073 0.0874927
97.2492 0.0875561
97.2949 0.0874866
97.3368 0.0874258
97.3824 0.0874976
97.4243 0.0875604
97.47 0.0874903
97.5119 0.087429
97.5575 0.0875004
97.5993 0.0875628
97.6451 0.0876175
97.6869 0.0875403
97.7326 0.0874728
97.7744 0.0875387
97.8202 0.0875963
97.862 0.0875218
97.9077 0.0874566
97.9495 0.0875245
97.9953 0.0875839
98.0369 0.0875109
98.0827 0.0874471
98.1243 0.0875162
98.1701 0.0875767
98.2118 0.0875046
98.2574 0.0874415
98.2993 0.0875113
98.3449 0.0874474
98.3868 0.0873915
98.4324 0.0874675
98.4744 0.0875341
98.52 0.0874673
98.5619 0.0874089
98.6075 0.0874828
98.6495 0.0875475
98.6951 0.087604
98.737 0.0876535
98.7825 0.0875718
98.8246 0.0875003
98.8701 0.0875628
98.9121 0.0876175
98.9576 0.0875403
98.9997 0.0874727
99.0452 0.0875386
99.0872 0.0875963
99.1327 0.0875218
99.1748 0.0874566
99.2201 0.0875245
99.2623 0.0875839
99.3075 0.0875109
99.3497 0.0874471
99.395 0.0875162
99.4371 0.0875767
99.4825 0.0875046
99.5244 0.0874415
99.57 0.0875113
99.6119 0.0874474
99.6576 0.0873915
99.6994 0.0874675
99.7451 0.0875341
99.787 0.0874673
99.8327 0.0874089
99.8745 0.0874828
99.9202 0.0875475
99.9621 0.087604
100.008 0.0875285
100.05 0.0874625
100.101 0.0881546
100.159 0.0908853
100.221 0.0946496
100.28 0.0978184
100.341 0.100591
100.4 0.103017
100.462 0.10514
100.52 0.107123
100.582 0.108857
100.641 0.11025
100.703 0.111469
100.761 0.11266
100.823 0.113703
100.882 0.11449
100.944 0.115179
101.002 0.115906
101.064 0.116418
101.122 0.116866
101.184 0.117383
101.243 0.11771
101.305 0.117996
101.332 0.114372
101.393 0.1112
101.42 0.108425
101.482 0.105997
101.509 0.103747
101.571 0.101904
101.598 0.100291
101.661 0.0988795
101.687 0.0976446
101.75 0.096564
101.776 0.0956185
101.839 0.0947912
101.865 0.0940673
101.928 0.0934339
101.954 0.0928797
102.017 0.0923947
102.043 0.0919704
102.106 0.0915991
102.132 0.0913992
102.195 0.0910993
102.221 0.0908369
102.284 0.0906073
102.31 0.0904064
102.373 0.0902306
102.399 0.0900767
102.462 0.0899421
102.488 0.0898244
102.551 0.0897213
102.577 0.0895062
102.639 0.0893179
102.665 0.0891532
102.727 0.089009
102.753 0.0890079
102.815 0.0890069
102.841 0.088881
102.903 0.0887709
102.93 0.0886745
102.991 0.0885902
103.018 0.0885164
103.08 0.0884519
103.106 0.0883954
103.168 0.088346
103.194 0.0884277
103.256 0.0884993
103.282 0.0884369
103.344 0.0883822
103.371 0.0883345
103.432 0.0882927
103.459 0.0882561
103.521 0.0882241
103.547 0.0881961
103.609 0.0881715
103.635 0.0882751
103.697 0.0883657
103.723 0.08832
103.785 0.08828
103.811 0.088245
103.873 0.0882144
103.9 0.0881876
103.962 0.0881641
103.988 0.0881436
104.05 0.0881257
104.075 0.08811
104.137 0.0880962
104.163 0.0880842
104.225 0.0879487
104.251 0.0878301
104.313 0.0878513
104.338 0.0878699
104.4 0.0878862
104.426 0.0879004
104.488 0.0879128
104.515 0.0880487
104.577 0.0881676
104.604 0.0882717
104.666 0.0883627
104.693 0.0884424
104.755 0.0885121
104.782 0.0885731
104.844 0.0886264
104.871 0.0886731
104.933 0.088714
104.96 0.0887497
105.022 0.088781
105.049 0.0888084
105.111 0.0888323
105.138 0.0888533
105.2 0.0888716
105.227 0.0888877
105.289 0.0889017
105.317 0.088914
105.378 0.0889248
105.406 0.0889342
105.467 0.0889424
105.495 0.0889496
105.557 0.0889559
105.584 0.0889614
105.646 0.0889662
105.673 0.0889705
105.735 0.0889741
105.762 0.0889774
105.824 0.0889802
105.851 0.0889827
105.913 0.0889848
105.94 0.0889867
106.002 0.0889884
106.029 0.0889898
106.091 0.0889911
106.118 0.0889922
106.18 0.0889932
106.207 0.088994
106.269 0.0889948
106.296 0.0889954
106.358 0.088996
106.385 0.0891215
106.447 0.0891063
106.474 0.089093
106.536 0.0890814
106.563 0.0890712
106.625 0.0891873
106.652 0.0891639
106.714 0.0891434
106.741 0.0891255
106.803 0.0891098
106.83 0.0890961
106.892 0.0890841
106.919 0.0890736
106.981 0.0890644
107.008 0.0890563
107.07 0.0890493
107.097 0.0890431
107.159 0.0890377
107.186 0.089033
107.248 0.0890289
107.275 0.0890253
107.337 0.0890221
107.364 0.0890193
107.426 0.0890169
107.453 0.0890148
107.515 0.089013
107.543 0.0890113
107.604 0.0890099
107.632 0.0890087
107.693 0.0890076
107.721 0.0890066
107.783 0.0890058
107.81 0.0890051
107.872 0.0890045
107.899 0.0890039
107.961 0.0890034
107.988 0.089003
108.05 0.0890026
108.077 0.0890023
108.139 0.089002
108.166 0.0890017
108.228 0.0890015
108.255 0.0890013
108.317 0.0890012
108.344 0.089001
108.406 0.0890009
108.433 0.0890008
108.495 0.0890007
108.522 0.0890006
108.584 0.0890005
108.611 0.0891255
108.673 0.0891098
108.7 0.0890961
108.762 0.089084
108.789 0.0890735
108.851 0.0891893
108.878 0.0891657
108.94 0.089145
108.967 0.0891268
109.029 0.089111
109.056 0.0890971
109.118 0.089085
109.145 0.0890744
109.207 0.0890651
109.234 0.0890569
109.296 0.0890498
109.323 0.0890436
109.385 0.0890381
109.412 0.0890334
109.474 0.0890292
109.501 0.0890255
109.563 0.0890224
109.59 0.0890196
109.652 0.0890171
109.679 0.089015
109.741 0.0890131
109.769 0.0890115
109.83 0.08901
109.858 0.0890088
109.919 0.0890077
109.947 0.0890067
110.009 0.0890059
110.036 0.0890051
110.098 0.0890045
110.125 0.0890039
110.187 0.0890034
110.214 0.089003
110.276 0.0890026
110.303 0.0890023
110.365 0.089002
110.392 0.0890018
110.454 0.0890015
110.481 0.0890014
110.543 0.0890012
110.57 0.089001
110.632 0.0890009
110.659 0.0890008
110.721 0.0890007
110.748 0.0890006
110.81 0.0890005
110.837 0.0891255
110.899 0.0891098
110.926 0.0890961
110.988 0.089084
111.015 0.0890735
111.077 0.0891893
111.104 0.0891657
111.166 0.089145
111.193 0.0891268
111.255 0.089111
111.282 0.0890971
111.344 0.089085
111.371 0.0890744
111.433 0.0890651
111.46 0.0890569
111.522 0.0890498
111.549 0.0890436
111.611 0.0890381
111.638 0.0890334
111.7 0.0890292
111.727 0.0890255
111.789 0.0890224
111.816 0.0890196
111.878 0.0890171
111.905 0.089015
111.967 0.0890131
111.995 0.0890115
112.056 0.08901
112.084 0.0890088
112.145 0.0890077
112.173 0.0890067
112.235 0.0890059
112.262 0.0890051
112.324 0.0890045
112.351 0.0890039
112.413 0.0890034
112.44 0.089003
112.502 0.0890026
112.529 0.0890023
112.591 0.089002
112.618 0.0890018
112.68 0.0890015
112.707 0.0890014
112.769 0.0890012
112.796 0.089001
112.858 0.0890009
112.885 0.0890008
112.947 0.0890007
112.974 0.0890006
113.036 0.0890005
113.063 0.0891255
113.125 0.0891098
113.152 0.0890961
113.214 0.089084
113.241 0.0890735
113.303 0.0891893
113.33 0.0891657
113.392 0.089145
113.419 0.0891268
113.481 0.089111
113.508 0.0890971
113.57 0.089085
113.597 0.0890744
113.659 0.0890651
113.686 0.0890569
113.748 0.0890498
113.775 0.0890436
113.837 0.0890381
113.864 0.0890334
113.926 0.0890292
113.953 0.0890255
114.015 0.0890224
114.042 0.0890196
114.104 0.0890171
114.131 0.089015
114.193 0.0890131
114.221 0.0890115
114.282 0.08901
114.31 0.0890088
114.371 0.0890077
114.399 0.0890067
114.461 0.0890059
114.488 0.0890051
114.55 0.0890045
114.575 0.0888789
114.637 0.0887691
114.663 0.0885479
114.725 0.0883544
114.75 0.0883101
114.812 0.0882714
114.838 0.0882374
114.9 0.0880828
114.926 0.0880724
114.988 0.0881884
115.015 0.0881648
115.077 0.0881442
115.104 0.0882512
115.166 0.0883448
115.193 0.0885517
115.255 0.0886077
115.282 0.0886568
115.344 0.0886997
115.371 0.0887372
115.433 0.0888951
115.46 0.0889082
115.522 0.0889197
115.549 0.0889297
115.611 0.0889385
115.638 0.0889462
115.7 0.0889529
115.727 0.0889588
115.789 0.0889639
115.816 0.0889684
115.878 0.0889724
115.905 0.0889758
115.967 0.0889789
115.994 0.0889815
116.056 0.0889838
116.083 0.0889858
116.145 0.0889876
116.172 0.0889892
116.234 0.0889905
116.262 0.0889917
116.323 0.0889927
116.351 0.0889936
116.412 0.0889944
116.44 0.0889951
116.501 0.0889957
116.529 0.0889963
116.591 0.0889967
116.618 0.0889971
116.68 0.0889975
116.707 0.0889978
116.769 0.0889981
116.796 0.0889983
116.858 0.0889985
116.885 0.0889987
116.947 0.0889989
116.974 0.088999
117.036 0.0889991
117.063 0.0889992
117.125 0.0889993
117.152 0.0889994
117.214 0.0889995
117.241 0.0889996
117.303 0.0889996
117.33 0.0889997
117.392 0.0889997
117.419 0.0891247
117.481 0.0891091
117.508 0.0890955
117.57 0.0890836
117.597 0.0890731
117.659 0.089189
117.686 0.0891654
117.748 0.0891447
117.775 0.0891266
117.837 0.0891108
117.864 0.0890969
117.926 0.0890848
117.953 0.0890742
118.015 0.0890649
118.042 0.0890568
118.104 0.0890497
118.131 0.0890435
118.193 0.0890381
118.22 0.0890333
118.282 0.0890291
118.309 0.0890255
118.371 0.0890223
118.398 0.0890195
118.46 0.0890171
118.488 0.0890149
118.549 0.0890131
118.577 0.0890114
118.638 0.08901
118.666 0.0890088
118.727 0.0890077
118.755 0.0890067
118.817 0.0890059
118.844 0.0890051
118.906 0.0890045
118.933 0.0890039
118.995 0.0890034
119.022 0.089003
119.084 0.0890026
119.111 0.0890023
119.173 0.089002
119.2 0.0890018
119.262 0.0890015
119.289 0.0890013
119.351 0.0890012
119.378 0.089001
119.44 0.0890009
119.467 0.0890008
119.529 0.0890007
119.556 0.0890006
119.618 0.0890005
119.645 0.0891255
119.707 0.0891098
119.734 0.0890961
119.796 0.089084
119.823 0.0890735
119.885 0.0891893
119.912 0.0891657
119.974 0.089145
120.001 0.0891268
120.063 0.089111
120.09 0.0890971
120.152 0.089085
120.179 0.0890744
120.241 0.0890651
120.268 0.0890569
120.33 0.0890498
120.357 0.0890436
120.419 0.0890381
120.446 0.0890334
120.508 0.0890292
120.535 0.0890255
120.597 0.0890224
120.624 0.0890196
120.686 0.0890171
120.714 0.089015
120.775 0.0890131
120.803 0.0890115
120.864 0.08901
120.892 0.0890088
120.953 0.0890077
120.981 0.0890067
121.043 0.0890059
121.07 0.0890051
121.132 0.0890045
121.159 0.0890039
121.221 0.0890034
121.248 0.089003
121.31 0.0890026
121.337 0.0890023
121.399 0.089002
121.426 0.0890018
121.488 0.0890015
121.515 0.0890014
121.577 0.0890012
121.604 0.089001
121.666 0.0890009
121.693 0.0890008
121.755 0.0890007
121.782 0.0890006
121.844 0.0890005
121.871 0.0891255
121.933 0.0891098
121.96 0.0890961
122.022 0.089084
122.049 0.0890735
122.111 0.0891893
122.138 0.0891657
122.2 0.089145
122.227 0.0891268
122.289 0.089111
122.316 0.0890971
122.378 0.089085
122.405 0.0890744
122.467 0.0890651
122.494 0.0890569
122.556 0.0890498
122.583 0.0890436
122.645 0.0890381
122.672 0.0890334
122.734 0.0890292
122.761 0.0890255
122.823 0.0890224
122.85 0.0890196
122.912 0.0890171
122.94 0.089015
123.001 0.0890131
123.029 0.0890115
123.09 0.08901
123.118 0.0890088
123.179 0.0890077
123.207 0.0890067
123.269 0.0890059
123.296 0.0890051
123.358 0.0890045
123.385 0.0890039
123.447 0.0890034
123.474 0.089003
123.536 0.0890026
123.563 0.0890023
123.625 0.089002
123.652 0.0890018
123.714 0.0890015
123.741 0.0890014
123.803 0.0890012
123.83 0.089001
123.892 0.0890009
123.919 0.0890008
123.981 0.0890007
124.008 0.0890006
124.07 0.0890005
124.097 0.0891255
124.159 0.0891098
124.186 0.0890961
124.248 0.089084
124.275 0.0890735
124.337 0.0891893
124.364 0.0891657
124.426 0.089145
124.453 0.0891268
124.515 0.089111
124.542 0.0890971
124.604 0.089085
124.631 0.0890744
124.693 0.0890651
124.72 0.0890569
124.782 0.0890498
124.809 0.0890436
124.871 0.0890381
124.898 0.0890334
124.96 0.0890292
124.987 0.0890255
125.049 0.0890224
125.075 0.0888946
125.137 0.0886577
125.163 0.0884505
125.225 0.0883942
125.25 0.0883449
125.312 0.0883018
125.338 0.0881391
125.4 0.0879967
125.426 0.0881221
125.488 0.0882318
125.515 0.0882029
125.577 0.0881775
125.604 0.0882803
125.666 0.0883703
125.693 0.088449
125.755 0.0885179
125.782 0.0885781
125.844 0.0886309
125.871 0.088677
125.933 0.0887174
125.96 0.0887527
126.022 0.0887836
126.049 0.0888107
126.111 0.0888343
126.138 0.08898
126.2 0.0889825
126.227 0.0889847
126.289 0.0889866
126.316 0.0889883
126.378 0.0891148
126.405 0.0891004
126.467 0.0890879
126.494 0.0890769
126.556 0.0890673
126.583 0.0890589
126.645 0.0890515
126.672 0.0890451
126.734 0.0890394
126.761 0.0890345
126.823 0.0890302
126.85 0.0890264
126.912 0.0890231
126.939 0.0890202
127.001 0.0890177
127.028 0.0890155
127.09 0.0890135
127.117 0.0890119
127.179 0.0890104
127.206 0.0890091
127.268 0.0890079
127.296 0.0890069
127.357 0.0890061
127.385 0.0890053
127.446 0.0890047
127.474 0.0890041
127.536 0.0890036
127.563 0.0890031
127.625 0.0890027
127.652 0.0890024
127.714 0.0890021
127.741 0.0890018
127.803 0.0890016
127.83 0.0890014
127.892 0.0890012
127.919 0.0890011
127.981 0.0890009
128.008 0.0890008
128.07 0.0890007
128.097 0.0890006
128.159 0.0890005
128.186 0.0890005
128.248 0.0890004
128.275 0.0890004
128.337 0.0890003
128.364 0.0891253
128.426 0.0891096
128.453 0.0890959
128.515 0.0890839
128.542 0.0890734
128.604 0.0891893
128.631 0.0891656
128.693 0.0891449
128.72 0.0891268
128.782 0.0891109
128.809 0.0890971
128.871 0.0890849
128.898 0.0890743
128.96 0.089065
128.987 0.0890569
129.049 0.0890498
129.076 0.0890436
129.138 0.0890381
129.165 0.0890334
129.227 0.0890292
129.254 0.0890255
129.316 0.0890223
129.343 0.0890195
129.405 0.0890171
129.432 0.089015
129.494 0.0890131
129.522 0.0890115
129.583 0.08901
129.611 0.0890088
129.672 0.0890077
129.7 0.0890067
129.762 0.0890059
129.789 0.0890051
129.851 0.0890045
129.878 0.0890039
129.94 0.0890034
129.967 0.089003
130.029 0.0890026
130.056 0.0890023
130.118 0.089002
130.145 0.0890018
130.207 0.0890015
130.234 0.0890014
130.296 0.0890012
130.323 0.089001
130.385 0.0890009
130.412 0.0890008
130.474 0.0890007
130.501 0.0890006
130.563 0.0890005
130.59 0.0891255
130.652 0.0891098
130.679 0.0890961
130.741 0.089084
130.768 0.0890735
130.83 0.0891893
130.857 0.0891657
130.919 0.089145
130.946 0.0891268
131.008 0.089111
131.035 0.0890971
131.097 0.089085
131.124 0.0890744
131.186 0.0890651
131.213 0.0890569
131.275 0.0890498
131.302 0.0890436
131.364 0.0890381
131.391 0.0890334
131.453 0.0890292
131.48 0.0890255
131.542 0.0890224
131.569 0.0890196
131.631 0.0890171
131.658 0.089015
131.72 0.0890131
131.748 0.0890115
131.809 0.08901
131.837 0.0890088
131.898 0.0890077
131.926 0.0890067
131.988 0.0890059
132.015 0.0890051
132.077 0.0890045
132.104 0.0890039
132.166 0.0890034
132.193 0.089003
132.255 0.0890026
132.282 0.0890023
132.344 0.089002
132.371 0.0890018
132.433 0.0890015
132.46 0.0890014
132.522 0.0890012
132.549 0.089001
132.611 0.0890009
132.638 0.0890008
132.7 0.0890007
132.727 0.0890006
132.789 0.0890005
132.816 0.0891255
132.878 0.0891098
132.905 0.0890961
132.967 0.089084
132.994 0.0890735
133.056 0.0891893
133.083 0.0891657
133.145 0.089145
133.172 0.0891268
133.234 0.089111
133.261 0.0890971
133.323 0.089085
133.35 0.0890744
133.412 0.0890651
133.439 0.0890569
133.501 0.0890498
133.528 0.0890436
133.59 0.0890381
133.617 0.0890334
133.679 0.0890292
133.706 0.0890255
133.768 0.0890224
133.795 0.0890196
133.857 0.0890171
133.884 0.089015
133.946 0.0890131
133.974 0.0890115
134.035 0.08901
134.063 0.0890088
134.124 0.0890077
134.152 0.0890067
134.214 0.0890059
134.241 0.0890051
134.303 0.0890045
134.33 0.0890039
134.392 0.0890034
134.419 0.089003
134.481 0.0890026
134.508 0.0890023
134.57 0.089002
134.597 0.0890018
134.659 0.0890015
134.686 0.0890014
134.748 0.0890012
134.775 0.089001
134.837 0.0890009
134.864 0.0890008
134.926 0.0890007
134.953 0.0890006
135.015 0.0890005
135.042 0.0891255
135.104 0.0891098
135.131 0.0890961
135.193 0.089084
135.22 0.0890735
135.282 0.0891893
135.309 0.0891657
135.371 0.089145
135.398 0.0891268
135.46 0.089111
135.487 0.0890971
135.549 0.089085
135.575 0.0888244
135.637 0.0885963
135.662 0.0885218
135.724 0.0884565
135.75 0.0883995
135.812 0.0882245
135.838 0.0880715
135.9 0.0880625
135.926 0.0880547
135.988 0.0880479
136.015 0.0881669
136.076 0.088271
136.104 0.0884872
136.166 0.0885513
136.193 0.0886074
136.255 0.0886564
136.282 0.0886994
136.344 0.088737
136.371 0.0887698
136.433 0.0889236
136.46 0.0889332
136.522 0.0889415
136.549 0.0889488
136.611 0.0889552
136.638 0.0889608
136.7 0.0889657
136.727 0.08897
136.789 0.0889737
136.816 0.088977
136.878 0.0889799
136.905 0.0889824
136.967 0.0888596
136.994 0.0887522
137.056 0.0887831
137.083 0.0889352
137.145 0.0889433
137.172 0.0889504
137.234 0.0889566
137.261 0.088962
137.323 0.0890918
137.35 0.0890803
137.412 0.0890703
137.439 0.0890615
137.501 0.0890538
137.528 0.0890471
137.59 0.0890412
137.617 0.089036
137.679 0.0890315
137.706 0.0890276
137.768 0.0890241
137.795 0.0890211
137.857 0.0890185
137.884 0.0890162
137.946 0.0890142
137.973 0.0890124
138.035 0.0890108
138.062 0.0890095
138.124 0.0890083
138.152 0.0890073
138.213 0.0890063
138.241 0.0890056
138.302 0.0890049
138.33 0.0890043
138.391 0.0890037
138.419 0.0890033
138.481 0.0890028
138.508 0.0890025
138.57 0.0890022
138.597 0.0890019
138.659 0.0890017
138.686 0.0890015
138.748 0.0890013
138.775 0.0890011
138.837 0.089001
138.864 0.0890009
138.926 0.0890007
138.953 0.0890007
139.015 0.0890006
139.042 0.0890005
139.104 0.0890004
139.131 0.0890004
139.193 0.0890003
139.22 0.0890003
139.282 0.0890003
139.309 0.0891252
139.371 0.0891096
139.398 0.0890959
139.46 0.0890839
139.487 0.0890734
139.549 0.0891892
139.576 0.0891656
139.638 0.0891449
139.665 0.0891268
139.727 0.0891109
139.754 0.0890971
139.816 0.0890849
139.843 0.0890743
139.905 0.089065
139.932 0.0890569
139.994 0.0890498
140.021 0.0890436
140.083 0.0890381
140.11 0.0890333
140.172 0.0890292
140.199 0.0890255
140.261 0.0890223
140.288 0.0890195
140.35 0.0890171
140.378 0.089015
140.439 0.0890131
140.467 0.0890115
140.528 0.08901
140.556 0.0890088
140.617 0.0890077
140.645 0.0890067
140.707 0.0890059
140.734 0.0890051
140.796 0.0890045
140.823 0.0890039
140.885 0.0890034
140.912 0.089003
140.974 0.0890026
141.001 0.0890023
141.063 0.089002
141.09 0.0890018
141.152 0.0890015
141.179 0.0890013
141.241 0.0890012
141.268 0.089001
141.33 0.0890009
141.357 0.0890008
141.419 0.0890007
141.446 0.0890006
141.508 0.0890005
141.535 0.0891255
141.597 0.0891098
141.624 0.0890961
141.686 0.089084
141.713 0.0890735
141.775 0.0891893
141.802 0.0891657
141.864 0.089145
141.891 0.0891268
141.953 0.089111
141.98 0.0890971
142.042 0.089085
142.069 0.0890744
142.131 0.0890651
142.158 0.0890569
142.22 0.0890498
142.247 0.0890436
142.309 0.0890381
142.336 0.0890334
142.398 0.0890292
142.425 0.0890255
142.487 0.0890224
142.514 0.0890196
142.576 0.0890171
142.604 0.089015
142.665 0.0890131
142.693 0.0890115
142.754 0.08901
142.782 0.0890088
142.843 0.0890077
142.871 0.0890067
142.933 0.0890059
142.96 0.0890051
143.022 0.0890045
143.049 0.0890039
143.111 0.0890034
143.138 0.089003
143.2 0.0890026
143.227 0.0890023
143.289 0.089002
143.316 0.0890018
143.378 0.0890015
143.405 0.0890014
143.467 0.0890012
143.494 0.089001
143.556 0.0890009
143.583 0.0890008
143.645 0.0890007
143.672 0.0890006
143.734 0.0890005
143.761 0.0891255
143.823 0.0891098
143.85 0.0890961
143.912 0.089084
143.939 0.0890735
144.001 0.0891893
144.028 0.0891657
144.09 0.089145
144.117 0.0891268
144.179 0.089111
144.206 0.0890971
144.268 0.089085
144.295 0.0890744
144.357 0.0890651
144.384 0.0890569
144.446 0.0890498
144.473 0.0890436
144.535 0.0890381
144.562 0.0890334
144.624 0.0890292
144.651 0.0890255
144.713 0.0890224
144.74 0.0890196
144.802 0.0890171
144.83 0.089015
144.891 0.0890131
144.919 0.0890115
144.98 0.08901
145.008 0.0890088
145.069 0.0890077
145.097 0.0890067
145.159 0.0890059
145.186 0.0890051
145.248 0.0890045
145.275 0.0890039
145.337 0.0890034
145.364 0.089003
145.426 0.0890026
145.453 0.0890023
145.515 0.089002
145.542 0.0890018
145.604 0.0890015
145.631 0.0890014
145.693 0.0890012
145.72 0.089001
145.782 0.0890009
145.809 0.0890008
145.871 0.0890007
145.898 0.0890006
145.96 0.0890005
145.987 0.0891255
146.049 0.0891098
146.075 0.0888461
146.137 0.0887403
146.162 0.0886478
146.224 0.0885668
146.25 0.0883709
146.312 0.0881996
146.337 0.0881746
146.399 0.0881528
146.426 0.0881337
146.488 0.088117
146.514 0.0882274
146.576 0.0883239
146.604 0.0884084
146.666 0.0884824
146.693 0.0885471
146.755 0.0886037
146.782 0.0886532
146.844 0.0886966
146.871 0.0887345
146.933 0.0887677
146.96 0.0887967
147.022 0.0888221
147.049 0.0889694
147.111 0.0889732
147.138 0.0889766
147.2 0.0889795
147.227 0.088982
147.289 0.0891093
147.316 0.0890956
147.378 0.0890837
147.405 0.0890732
147.467 0.0889391
147.494 0.0888217
147.556 0.088844
147.583 0.0888635
147.645 0.0888805
147.672 0.0888955
147.734 0.0889085
147.761 0.08892
147.823 0.08893
147.85 0.0889387
147.912 0.0889464
147.939 0.0890781
148.001 0.0890683
148.028 0.0890598
148.09 0.0890523
148.117 0.0890458
148.179 0.08904
148.206 0.089035
148.268 0.0891557
148.295 0.0891362
148.357 0.0891192
148.384 0.0891043
148.446 0.0890912
148.473 0.0890798
148.535 0.0890699
148.562 0.0890611
148.624 0.0890535
148.651 0.0890468
148.713 0.0890409
148.74 0.0890358
148.802 0.0890314
148.829 0.0890274
148.891 0.089024
148.918 0.089021
148.98 0.0890184
149.007 0.0890161
149.069 0.0890141
149.097 0.0890123
149.158 0.0890108
149.186 0.0890094
149.247 0.0890082
149.275 0.0890072
149.337 0.0890063
149.364 0.0890055
149.426 0.0890048
149.453 0.0890042
149.515 0.0890037
149.542 0.0890032
149.604 0.0890028
149.631 0.0890025
149.693 0.0890022
149.72 0.0890019
149.782 0.0890017
149.809 0.0890015
149.871 0.0890013
149.898 0.0890011
149.96 0.089001
149.987 0.0890008
150.049 0.0890007
150.076 0.0890006
150.136 0.0888756
150.164 0.0887661
150.224 0.0885454
150.251 0.0883522
150.311 0.0883082
150.338 0.0882696
150.399 0.0881109
150.426 0.0879721
150.486 0.0878506
150.513 0.0878692
150.573 0.0878856
150.601 0.0878999
150.661 0.0877874
150.688 0.087689
150.748 0.0877279
150.776 0.0876369
150.836 0.0875573
150.863 0.0876126
150.923 0.087661
150.951 0.0875784
151.01 0.0875061
151.038 0.0875678
151.098 0.0874969
151.126 0.0874347
151.185 0.0875054
151.213 0.0874422
151.273 0.087387
151.3 0.0874636
151.36 0.0875306
151.388 0.0874643
151.448 0.0874063
151.475 0.0874805
151.535 0.0874204
151.563 0.0873679
151.622 0.0874469
151.65 0.087391
151.71 0.0873421
151.737 0.0874244
151.797 0.0874963
151.825 0.0874343
151.885 0.08738
151.912 0.0874575
151.972 0.0875253
152 0.0874596
152.06 0.0874022
152.087 0.0874769
152.147 0.0874173
152.175 0.0873651
152.234 0.0874445
152.262 0.0875139
152.322 0.0874497
152.349 0.0873935
152.409 0.0874693
152.437 0.0874106
152.497 0.0873593
152.524 0.0874394
152.585 0.0875095
152.612 0.0874458
152.672 0.0873901
152.699 0.0874663
152.759 0.087533
152.787 0.0874664
152.847 0.0874081
152.874 0.0873571
152.934 0.0874374
152.961 0.0875078
153.022 0.0874443
153.049 0.0873888
153.109 0.0873402
153.136 0.0874226
153.196 0.0874948
153.224 0.087433
153.284 0.0873788
153.311 0.0873315
153.371 0.087415
153.398 0.0874882
153.458 0.0874271
153.486 0.0873738
153.546 0.087327
153.573 0.0874112
153.633 0.0874848
153.661 0.0874242
153.721 0.0873711
153.748 0.0873247
153.808 0.0874092
153.835 0.087483
153.896 0.0874226
153.923 0.0873698
153.983 0.0874486
154.01 0.0875175
154.071 0.0874528
154.098 0.0873962
154.158 0.0874717
154.185 0.0875377
154.246 0.0874705
154.273 0.0874117
154.333 0.0873602
154.36 0.0874402
154.42 0.0875102
154.448 0.0874464
154.508 0.0873906
154.535 0.0874668
154.595 0.0875334
154.623 0.0874668
154.683 0.0874084
154.71 0.0874824
154.77 0.0875471
154.798 0.0874787
154.858 0.0874188
154.885 0.0874915
154.945 0.0875551
154.972 0.0874857
155.033 0.087425
155.06 0.0874968
155.12 0.0875597
155.147 0.0874898
155.208 0.0874285
155.235 0.087375
155.295 0.0874531
155.322 0.0875215
155.383 0.0874563
155.41 0.0873992
155.47 0.0874743
155.497 0.08754
155.557 0.0874725
155.585 0.0874135
155.645 0.0873618
155.672 0.0874416
155.732 0.0875114
155.76 0.0874474
155.82 0.0873915
155.847 0.0874676
155.907 0.0875341
155.935 0.0874674
155.995 0.0874089
156.022 0.0874828
156.082 0.0874225
156.109 0.0873697
156.169 0.0874485
156.197 0.0875174
156.257 0.0874527
156.284 0.0873961
156.344 0.0874716
156.372 0.0874127
156.432 0.0873611
156.459 0.0874409
156.519 0.0875108
156.547 0.087447
156.607 0.0873911
156.634 0.0874672
156.694 0.0875338
156.722 0.0874671
156.782 0.0874087
156.809 0.0874826
156.869 0.0874223
156.897 0.0873695
156.956 0.0874483
156.984 0.0875173
157.044 0.0874526
157.072 0.087396
157.131 0.0874715
157.159 0.0875376
157.218 0.0874704
157.247 0.0874116
157.306 0.0873601
157.334 0.0873151
157.393 0.0874007
157.421 0.0874756
157.481 0.0874162
157.509 0.0873642
157.568 0.0874436
157.596 0.0875132
157.656 0.087449
157.684 0.0873929
157.743 0.0874688
157.771 0.0875352
157.831 0.0874683
157.858 0.0874098
157.918 0.0874835
157.946 0.0874231
158.006 0.0873702
158.033 0.0874489
158.093 0.0875178
158.121 0.0874531
158.18 0.0873965
158.208 0.0874719
158.268 0.0874129
158.296 0.0873613
158.355 0.0874411
158.383 0.087386
158.443 0.0873377
158.47 0.0874205
158.53 0.087368
158.558 0.087322
158.617 0.0874067
158.645 0.0874809
158.705 0.0874208
158.732 0.0873682
158.792 0.0874471
158.82 0.0873913
158.88 0.0873423
158.907 0.0874246
158.967 0.0874965
158.995 0.0875594
159.055 0.0874895
159.082 0.0874283
159.142 0.0874998
159.17 0.0874373
159.23 0.0873826
159.257 0.0874598
159.317 0.0874023
159.345 0.087352
159.404 0.087433
159.432 0.0875039
159.492 0.0874409
159.52 0.0873858
159.579 0.0874626
159.607 0.0875298
159.667 0.0874635
159.695 0.0874056
159.754 0.0873549
159.782 0.0874355
159.841 0.0875061
159.87 0.0874428
159.929 0.0875125
159.957 0.0874484
160.016 0.0873924
160.044 0.0874683
160.104 0.0874098
160.132 0.0873586
160.191 0.0874387
160.219 0.0875089
160.279 0.0874453
160.307 0.0873896
160.366 0.0874659
160.394 0.0875327
160.454 0.0874661
160.482 0.0874078
160.541 0.0874818
160.569 0.0875466
160.629 0.0874783
160.657 0.0874185
160.716 0.0873662
160.744 0.0873204
160.803 0.0874054
160.831 0.0874797
160.891 0.0874197
160.919 0.0873673
160.978 0.0874464
161.006 0.0875156
161.066 0.0874511
161.094 0.0873947
161.153 0.0873454
161.181 0.0874272
161.24 0.0874988
161.269 0.0874365
161.328 0.0873819
161.356 0.0873342
161.415 0.0874174
161.443 0.0874902
161.503 0.0874289
161.531 0.0873753
161.59 0.0874534
161.618 0.0875217
161.678 0.0874565
161.706 0.0873994
161.765 0.0874745
161.793 0.0875402
161.852 0.0874727
161.881 0.0874136
161.94 0.0873619
161.968 0.0873167
162.027 0.0874021
162.055 0.0874768
162.115 0.0874172
162.143 0.0873651
162.202 0.0873194
162.23 0.0874045
162.289 0.0874789
162.317 0.0874191
162.377 0.0873667
162.405 0.0873208
162.464 0.0874057
162.492 0.08748
162.552 0.08742
162.58 0.0873675
162.639 0.0874466
162.667 0.0875158
162.727 0.0875763
162.755 0.0876292
162.815 0.0875506
162.843 0.0874818
162.902 0.0875465
162.93 0.0876032
162.99 0.0875278
163.018 0.0874618
163.077 0.0875291
163.105 0.087588
163.165 0.0875145
163.193 0.0874502
163.252 0.0875189
163.28 0.087579
163.34 0.0875067
163.368 0.0874433
163.427 0.0875129
163.455 0.0875738
163.515 0.0875021
163.543 0.0874393
163.603 0.0875094
163.63 0.0875707
163.69 0.0876244
163.718 0.0875463
163.778 0.087478
163.806 0.0875433
163.865 0.0876004
163.893 0.0875253
163.953 0.0874597
163.98 0.0875272
164.04 0.0875863
164.068 0.087638
164.128 0.0875583
164.156 0.0874885
164.215 0.0875524
164.243 0.0876084
164.303 0.0875323
164.331 0.0874658
164.39 0.0875326
164.418 0.087591
164.478 0.0875171
164.506 0.0874525
164.565 0.0875209
164.593 0.0875808
164.653 0.0875082
164.681 0.0874447
164.74 0.0875141
164.768 0.0875748
164.828 0.087503
164.856 0.0874401
164.915 0.0875101
164.944 0.0875713
165.003 0.0874999
165.031 0.0875624
165.091 0.0876171
165.119 0.08754
165.178 0.0875975
165.206 0.0876478
165.266 0.0875668
165.294 0.087496
165.353 0.087559
165.381 0.0876141
165.441 0.0875373
165.469 0.0874702
165.528 0.0875364
165.556 0.0875943
165.616 0.0875201
165.644 0.087455
165.703 0.0875232
165.731 0.0875828
165.791 0.0875099
165.819 0.0875712
165.878 0.0876248
165.907 0.0875467
165.966 0.0876033
165.994 0.0876529
166.054 0.0875713
166.082 0.0874999
166.141 0.0875624
166.169 0.0876171
166.229 0.08754
166.256 0.0874725
166.316 0.0875384
166.344 0.0874711
166.404 0.0874122
166.431 0.0874857
166.491 0.08755
166.519 0.0876062
166.579 0.0875305
166.607 0.0874641
166.666 0.0875311
166.694 0.0875897
166.754 0.087516
166.782 0.0874515
166.841 0.0875201
166.869 0.0875801
166.929 0.0875076
166.957 0.0874441
167.017 0.0875136
167.044 0.0875744
167.104 0.0875026
167.132 0.0874398
167.191 0.0875098
167.219 0.0875711
167.279 0.0876247
167.307 0.0875466
167.367 0.0874783
167.395 0.0875435
167.454 0.0876006
167.482 0.0876505
167.542 0.0875692
167.57 0.087498
167.629 0.0875608
167.657 0.0876157
167.717 0.0875387
167.745 0.0874714
167.804 0.0875375
167.832 0.0875953
167.892 0.0875209
167.92 0.0874558
167.979 0.0875238
168.007 0.0875833
168.067 0.0875104
168.095 0.0874466
168.155 0.0875158
168.182 0.0875763
168.242 0.0876293
168.27 0.0876756
168.33 0.0875912
168.358 0.0875173
168.417 0.0875776
168.445 0.0876304
168.505 0.0875516
168.533 0.0874826
168.592 0.0875473
168.62 0.0876039
168.68 0.0875284
168.708 0.0874624
168.767 0.0875296
168.795 0.0875884
168.855 0.0875148
168.883 0.0874505
168.942 0.0875192
168.97 0.0875793
169.03 0.0876319
169.058 0.0875529
169.118 0.0874838
169.145 0.0875483
169.205 0.0876048
169.233 0.0875292
169.293 0.087463
169.32 0.0875301
169.38 0.0875889
169.408 0.0876403
169.467 0.0875602
169.496 0.0874902
169.555 0.0874289
169.583 0.0875003
169.642 0.0875628
169.671 0.0874924
169.73 0.0875559
169.758 0.0876114
169.818 0.087535
169.846 0.0874681
169.905 0.0875346
169.933 0.0875928
169.993 0.0875187
170.021 0.0874538
170.08 0.0875221
170.108 0.0875818
170.168 0.0875091
170.196 0.0874455
170.255 0.0875148
170.284 0.0875754
170.343 0.0875035
170.371 0.0875656
170.43 0.0876199
170.459 0.0875424
170.518 0.0874746
170.546 0.0875403
170.606 0.0875977
170.634 0.087523
170.693 0.0875826
170.721 0.0876348
170.781 0.0875555
170.809 0.087486
170.868 0.0875503
170.896 0.0876065
170.956 0.0875307
170.984 0.0874643
171.043 0.0875313
171.071 0.0875899
171.131 0.0875161
171.159 0.0874516
171.218 0.0875202
171.246 0.0875802
171.306 0.0875076
171.334 0.0874442
171.393 0.0875137
171.421 0.0875744
171.481 0.0876276
171.509 0.0875492
171.569 0.0874805
171.596 0.0875455
171.656 0.0876023
171.684 0.087527
171.744 0.0874611
171.771 0.0875285
171.831 0.0875874
171.859 0.087514
171.919 0.0874497
171.947 0.0875185
172.006 0.0875787
172.034 0.0876314
172.094 0.0875524
172.122 0.0874834
172.181 0.087548
172.209 0.0876045
172.269 0.0875289
172.296 0.0874628
172.356 0.0874049
172.384 0.0873543
172.443 0.087435
172.471 0.0875057
172.531 0.0874424
172.559 0.0873871
172.618 0.0874637
172.646 0.0874058
172.706 0.0873551
172.733 0.0874357
172.793 0.0875062
172.821 0.0875679
172.881 0.0874969
172.909 0.0874348
172.968 0.0875055
172.996 0.0875673
173.056 0.0874964
173.084 0.0874343
173.143 0.087505
173.171 0.0875669
173.231 0.087621
173.259 0.0875434
173.319 0.0874755
173.346 0.087541
173.406 0.0875984
173.434 0.0875236
173.494 0.0874582
173.521 0.0875259
173.581 0.0875852
173.609 0.087512
173.669 0.087448
173.697 0.087517
173.756 0.0875774
173.784 0.0876302
173.844 0.0875514
173.872 0.0874825
173.931 0.0875472
173.959 0.0876038
174.019 0.0875283
174.047 0.0874623
174.107 0.0875295
174.134 0.0875883
174.194 0.0876398
174.222 0.0875598
174.282 0.0874898
174.309 0.0875536
174.369 0.0876094
174.397 0.0875332
174.457 0.0874666
174.484 0.0875332
174.544 0.0875916
174.572 0.0876426
174.632 0.0875623
174.66 0.087492
174.719 0.0875555
174.747 0.0876111
174.807 0.0875347
174.835 0.0874679
174.894 0.0875344
174.922 0.0875926
174.982 0.0876435
175.01 0.0875631
175.07 0.0874927
175.097 0.0875561
175.157 0.0876116
175.185 0.0875351
175.245 0.0874682
175.272 0.0875347
175.332 0.0875929
175.36 0.0875188
175.42 0.0874539
175.448 0.0875222
175.507 0.0875819
175.535 0.0876342
175.595 0.0875549
175.623 0.0874855
175.682 0.0875498
175.71 0.0876061
175.77 0.0875303
175.798 0.0874641
175.858 0.087531
175.885 0.0875897
175.945 0.087641
175.973 0.0875608
176.033 0.0874907
176.06 0.0875544
176.12 0.0876101
176.148 0.0875338
176.208 0.0874671
176.235 0.0875337
176.295 0.087592
176.323 0.087643
176.383 0.0875626
176.411 0.0874923
176.47 0.0875558
176.498 0.0876113
176.558 0.0875349
176.586 0.087468
176.645 0.0875345
176.673 0.0875927
176.733 0.0876436
176.76 0.0875632
176.821 0.0874928
176.848 0.0874312
176.908 0.0875023
176.936 0.0875645
176.996 0.0874939
177.023 0.0875572
177.083 0.0876125
177.111 0.087536
177.171 0.087469
177.198 0.0875353
177.258 0.0875934
177.286 0.0875193
177.346 0.0874543
177.373 0.0875226
177.433 0.0875822
177.461 0.0875095
177.521 0.0874458
177.548 0.087515
177.608 0.0875757
177.636 0.0875037
177.696 0.0874407
177.723 0.0875107
177.783 0.0875718
177.811 0.0876253
177.871 0.0875472
177.899 0.0874788
177.958 0.0875439
177.986 0.0876009
178.046 0.0875258
178.074 0.0874601
178.133 0.0875276
178.161 0.0875866
178.221 0.0876383
178.249 0.0875585
178.309 0.0874887
178.336 0.0875526
178.396 0.0876085
178.424 0.0875325
178.484 0.0874659
178.511 0.0875327
178.571 0.0875911
178.599 0.0875172
178.659 0.0874525
178.687 0.087521
178.746 0.0875809
178.774 0.0876332
178.834 0.0875541
178.862 0.0874848
178.921 0.0875492
178.949 0.0876056
179.009 0.0875299
179.037 0.0874636
179.097 0.0875307
179.124 0.0875893
179.184 0.0876407
179.212 0.0875606
179.272 0.0874905
179.299 0.0875542
179.359 0.0876099
179.387 0.0875337
179.447 0.087467
179.474 0.0875336
179.534 0.0875919
179.562 0.0876429
179.622 0.0875626
179.65 0.0874922
179.709 0.0875557
179.737 0.0876112
179.797 0.0875348
179.825 0.087468
179.884 0.0875345
179.912 0.0875927
179.972 0.0876436
180 0.0875631
180.06 0.0874927
180.087 0.0875562
180.147 0.0876116
180.175 0.0875352
180.235 0.0874683
180.262 0.0875347
180.322 0.0875929
180.35 0.0875188
180.41 0.0874539
180.437 0.0875222
180.497 0.0875819
180.525 0.0876342
180.585 0.0875549
180.613 0.0874855
180.672 0.0875498
180.7 0.0876061
180.76 0.0875304
180.788 0.0874641
180.848 0.087531
180.875 0.0875897
180.935 0.087641
180.963 0.0875608
181.023 0.0874907
181.05 0.0875544
181.11 0.0876101
181.138 0.0875338
181.198 0.0874671
181.225 0.0875337
181.285 0.087592
181.313 0.087518
181.373 0.0874532
181.401 0.0875216
181.46 0.0875814
181.488 0.0876337
181.548 0.0875545
181.575 0.0874852
181.635 0.0875495
181.663 0.0876058
181.723 0.0876551
181.751 0.0875732
181.811 0.0875016
181.838 0.0875639
181.898 0.0876184
181.926 0.0875411
181.986 0.0874735
182.013 0.0875393
182.073 0.0875969
182.101 0.0875223
182.161 0.087457
182.188 0.0875249
182.248 0.0875842
182.276 0.0875112
182.336 0.0874473
182.363 0.0873914
182.423 0.0874675
182.451 0.087534
182.511 0.0874673
182.538 0.0875339
182.598 0.0875921
182.626 0.0875181
182.686 0.0874534
182.713 0.0875217
182.773 0.0875815
182.801 0.0875088
182.861 0.0874452
182.888 0.0875145
182.948 0.0875752
182.976 0.0875033
183.036 0.0874404
183.063 0.0875104
183.123 0.0875716
183.151 0.0875001
183.211 0.0874376
183.238 0.0875079
183.298 0.0875694
183.326 0.0876232
183.386 0.0875453
183.414 0.0874772
183.473 0.0875425
183.501 0.0875997
183.561 0.0875247
183.589 0.0874591
183.648 0.0875268
183.676 0.0875859
183.736 0.0876377
183.764 0.087558
183.824 0.0874882
183.851 0.0875522
183.911 0.0876082
183.939 0.0875321
183.999 0.0874656
184.026 0.0875324
184.086 0.0875909
184.114 0.087517
184.174 0.0874524
184.201 0.0875208
184.261 0.0875807
184.289 0.0875081
184.349 0.0874446
184.376 0.087514
184.436 0.0875748
184.464 0.0875029
184.524 0.0874401
184.551 0.0875101
184.612 0.0875713
184.639 0.0874999
184.699 0.0874374
184.726 0.0875077
184.786 0.0875693
184.814 0.0874981
184.874 0.0874358
184.901 0.0875064
184.961 0.0875681
184.989 0.0874971
185.049 0.0875599
185.076 0.0876149
185.137 0.0875381
185.164 0.0874708
185.224 0.087537
185.252 0.0875948
185.312 0.0875205
185.339 0.0875804
185.399 0.0876329
185.427 0.0875538
185.486 0.0874845
185.514 0.087549
185.574 0.0874803
185.602 0.0874203
185.662 0.0874928
185.689 0.0875562
185.749 0.0876116
185.777 0.0875352
185.837 0.0874683
185.864 0.0875348
185.924 0.0875929
185.952 0.0875188
186.012 0.0874539
186.039 0.0875222
186.099 0.0875819
186.127 0.0876342
186.187 0.0875549
186.215 0.0874855
186.274 0.0875499
186.302 0.0876061
186.362 0.0875304
186.389 0.0874641
186.449 0.0875311
186.477 0.0874647
186.537 0.0875316
186.565 0.0875901
186.625 0.0875164
186.652 0.0875768
186.712 0.0876297
186.74 0.087551
186.8 0.0874821
186.827 0.0875469
186.887 0.0876035
186.915 0.0875281
186.975 0.0874621
187.002 0.0875293
187.062 0.0875881
187.09 0.0875146
187.15 0.0874503
187.177 0.087519
187.237 0.0875791
187.265 0.0875067
187.325 0.0874434
187.352 0.087513
187.412 0.0875738
187.44 0.0876271
187.5 0.0875487
187.528 0.0874801
187.587 0.0875451
187.615 0.087602
187.675 0.0875267
187.703 0.0874609
187.762 0.0875283
187.79 0.0875872
187.85 0.0876388
187.878 0.087559
187.938 0.0874891
187.965 0.087553
188.025 0.0876088
188.053 0.0875327
188.113 0.0874661
188.14 0.0875329
188.2 0.0875913
188.228 0.0875174
188.288 0.0874527
188.316 0.0875211
188.375 0.087581
188.403 0.0876333
188.463 0.0875542
188.491 0.0874849
188.55 0.0875493
188.578 0.0876056
188.638 0.0875299
188.666 0.0874637
188.726 0.0875307
188.753 0.0875894
188.813 0.0876407
188.841 0.0875606
188.901 0.0874905
188.928 0.0875542
188.988 0.0876099
189.016 0.0875337
189.076 0.087467
189.103 0.0875336
189.163 0.0875919
189.191 0.0875179
189.251 0.0874532
189.278 0.0875215
189.338 0.0875813
189.366 0.0875087
189.426 0.0874451
189.453 0.0875145
189.513 0.0875751
189.541 0.0875033
189.601 0.0874403
189.628 0.0875103
189.688 0.0875715
189.716 0.0875001
189.776 0.0874376
189.803 0.0875079
189.863 0.0875694
189.891 0.0874982
189.951 0.0874359
189.978 0.0875064
190.038 0.0875681
190.066 0.0874971
190.126 0.08756
190.153 0.087615
190.213 0.0875381
190.241 0.0874708
190.301 0.087412
190.329 0.0874855
190.388 0.0875498
190.416 0.0876061
190.476 0.0875303
190.504 0.087464
190.563 0.087531
190.591 0.0875896
190.651 0.0876409
190.679 0.0875608
190.739 0.0874907
190.766 0.0875544
190.826 0.0876101
190.854 0.0875338
190.914 0.0874671
190.941 0.0875337
191.001 0.087592
191.029 0.087518
191.089 0.0874532
191.116 0.0875216
191.176 0.0875814
191.204 0.0875087
191.264 0.0874451
191.291 0.0875145
191.351 0.0875752
191.379 0.0875033
191.439 0.0874404
191.466 0.0875103
191.527 0.0875715
191.554 0.0875001
191.614 0.0875626
191.641 0.0876173
191.702 0.0875401
191.729 0.0875976
191.789 0.0876479
191.817 0.0875669
191.877 0.087496
191.904 0.087434
191.964 0.0875048
191.991 0.0875667
192.051 0.0874958
192.079 0.0874339
192.139 0.0875046
192.167 0.0875666
192.227 0.0874957
192.254 0.0875588
192.314 0.0876139
192.342 0.0875372
192.402 0.08747
192.429 0.0875363
192.489 0.0875942
192.517 0.08752
192.577 0.087455
192.604 0.0875231
192.664 0.0875827
192.692 0.0875099
192.752 0.0874461
192.779 0.0875154
192.839 0.0875759
192.867 0.087504
192.927 0.087441
192.954 0.0875108
193.014 0.087572
193.042 0.0876255
193.102 0.0875473
193.13 0.0874789
193.189 0.087544
193.217 0.087601
193.277 0.0875259
193.305 0.0874602
193.364 0.0875276
193.392 0.0875867
193.452 0.0876383
193.48 0.0875586
193.54 0.0874887
193.567 0.0875526
193.627 0.0876086
193.655 0.0875325
193.715 0.0874659
193.742 0.0875327
193.802 0.0875911
193.83 0.0875172
193.89 0.0874526
193.917 0.087521
193.977 0.0875809
194.005 0.0875083
194.065 0.0874447
194.092 0.0875141
194.152 0.0875749
194.18 0.087503
194.24 0.0874401
194.267 0.0875101
194.327 0.0875713
194.355 0.0874999
194.415 0.0874374
194.442 0.0875078
194.502 0.0875693
194.53 0.0874981
194.59 0.0874359
194.617 0.0875064
194.677 0.0875681
194.705 0.0874971
194.765 0.0874349
194.792 0.0875056
194.852 0.0875674
194.88 0.0874965
194.94 0.0875594
194.968 0.0876145
195.028 0.0875377
195.055 0.0875955
195.115 0.087521
195.143 0.0874559
195.202 0.0875239
195.23 0.0875834
195.29 0.0875105
195.318 0.0874467
195.378 0.0875158
195.405 0.0875764
195.465 0.0876293
195.493 0.0875506
195.553 0.0874818
195.58 0.0875466
195.64 0.0876033
195.668 0.0875279
195.728 0.0874619
195.755 0.0875291
195.815 0.087588
195.843 0.0876395
195.903 0.0875596
195.931 0.0874896
195.99 0.0875534
196.018 0.0876092
196.078 0.0875331
196.105 0.0874664
196.165 0.0875331
196.193 0.0874665
196.253 0.0875332
196.28 0.0875915
196.341 0.0875176
196.368 0.0875779
196.428 0.0876307
196.456 0.0875518
196.516 0.0874828
196.543 0.0875475
196.603 0.0876041
196.631 0.0875285
196.691 0.0874625
196.718 0.0875297
196.778 0.0875885
196.805 0.0875149
196.866 0.0874505
196.893 0.0873942
196.953 0.0874699
196.981 0.0875362
197.041 0.0874692
197.068 0.0875355
197.128 0.0875936
197.156 0.0875194
197.216 0.0874545
197.243 0.0875227
197.303 0.0875823
197.331 0.0875095
197.391 0.0874458
197.418 0.0875151
197.478 0.0875757
197.506 0.0875038
197.566 0.0874408
197.593 0.0875107
197.653 0.0875719
197.681 0.0875004
197.741 0.0874378
197.768 0.0875081
197.828 0.0875696
197.856 0.0876234
197.916 0.0875455
197.944 0.0874773
198.003 0.0875426
198.031 0.0875998
198.091 0.0875248
198.119 0.0874592
198.179 0.0875268
198.206 0.087586
198.266 0.0876377
198.294 0.087558
198.354 0.0874883
198.381 0.0875522
198.441 0.0876082
198.469 0.0875322
198.529 0.0874656
198.556 0.0875324
198.616 0.0875909
198.644 0.087517
198.704 0.0874524
198.731 0.0875208
198.791 0.0875807
198.819 0.0875081
198.879 0.0874446
198.906 0.087514
198.966 0.0875748
198.994 0.0875029
199.054 0.0875651
199.081 0.0876194
199.141 0.087542
199.169 0.0874743
199.229 0.087415
199.256 0.0874881
199.316 0.0875521
199.344 0.0874831
199.403 0.0874227
199.431 0.0873699
199.491 0.0873236
199.518 0.0874082
199.578 0.0874821
199.606 0.0874219
199.666 0.0873691
199.693 0.087448
199.753 0.087392
199.78 0.087343
199.84 0.0874251
199.868 0.087372
199.928 0.0873255
199.955 0.0874098
200.015 0.0874836
200.042 0.0874231
200.1 0.0941202
200.185 0.103105
200.19 0.101217
200.272 0.0995649
200.278 0.0979943
200.36 0.09662
200.366 0.0955425
200.447 0.0945997
200.453 0.0937747
200.535 0.0929279
200.541 0.0921869
200.623 0.0916635
200.628 0.0912056
200.71 0.0908049
200.716 0.0903293
200.798 0.0899131
200.804 0.089674
200.885 0.0894647
200.891 0.0892816
200.973 0.0889964
200.979 0.0887469
