0.0 3
0.0941392 0.252
0.178851 0.21
0.184653 0.2
40.7754 0.233521
40.8118 0.222213
40.867 0.223922
40.9011 0.221765
40.9728 0.202231
41.0237 0.2
41.3154 0.21179
41.454 0.31849
41.5524 0.384871
41.6915 0.423812
41.7856 0.43903
41.9022 0.417828
42.0205 0.424451
42.1388 0.424002
42.2571 0.418957
42.3754 0.40996
42.4937 0.397526
42.612 0.384318
42.7303 0.372141
42.846 0.357676
42.9609 0.338725
43.0538 0.31708
43.1678 0.299435
43.2522 0.291967
43.3629 0.287661
43.443 0.286314
43.5469 0.287671
43.6228 0.288821
43.7211 0.290551
43.7924 0.29245
43.8873 0.293369
43.9552 0.292618
44.0451 0.292449
44.1099 0.291636
44.1947 0.291177
44.2571 0.287308
44.3376 0.28479
44.3974 0.281332
44.4742 0.277271
44.5323 0.271972
44.6107 0.26334
44.6739 0.24932
44.7608 0.22886
44.8341 0.218546
44.9117 0.205427
44.9855 0.2
45.4846 0.203317
45.5761 0.211342
45.6648 0.21891
45.7551 0.221536
45.8445 0.223055
45.9209 0.212025
45.9942 0.216443
46.0688 0.219015
46.1418 0.219359
46.2164 0.216449
46.2889 0.213275
46.3635 0.209121
46.4364 0.203579
46.5111 0.2
55.2289 0.201474
55.3158 0.206978
55.4142 0.218683
55.4922 0.215219
55.5736 0.213588
55.644 0.216937
55.722 0.219731
55.7979 0.215853
55.8819 0.206095
55.9637 0.2
56.0545 0.201455
56.1431 0.209944
56.2372 0.217954
56.3279 0.223243
56.4288 0.233363
56.5238 0.244305
56.6112 0.235352
56.6905 0.229094
56.7604 0.238798
56.8304 0.250234
56.9046 0.250795
56.9792 0.24345
57.0593 0.230429
57.1399 0.215151
57.2255 0.206528
57.312 0.207477
57.4015 0.210398
57.4922 0.21574
57.5855 0.222628
57.6919 0.242817
57.7806 0.250196
57.8641 0.233897
57.9349 0.237922
58.0049 0.250191
58.0769 0.25305
58.1516 0.24708
58.2287 0.23566
58.308 0.221176
58.3894 0.206166
58.4734 0.2
58.6481 0.204189
58.7379 0.209774
58.8427 0.230446
58.9453 0.258623
59.0284 0.250782
59.1098 0.242232
59.1759 0.249052
59.2455 0.259963
59.3142 0.260624
59.3871 0.254632
59.4592 0.244556
59.5351 0.232207
59.6101 0.218846
59.6894 0.205333
59.7678 0.2
60.1282 0.231174
60.2105 0.239999
60.2911 0.225397
60.356 0.228739
60.4281 0.236222
60.4959 0.236282
60.5748 0.227156
60.6477 0.213381
60.7342 0.203624
60.8173 0.207107
60.9182 0.223983
61.0187 0.252934
61.1481 0.302935
61.2697 0.357094
61.4809 0.480445
61.6591 0.511006
61.7409 0.518718
61.7467 0.510287
61.8285 0.490652
61.8343 0.465184
61.9161 0.436683
61.9222 0.407083
62.0041 0.377687
62.0098 0.350218
62.0918 0.323966
62.0975 0.298457
62.1794 0.275141
62.1854 0.253991
62.2673 0.234925
62.2733 0.217821
62.3562 0.201665
62.3634 0.2
68.1519 0.206116
68.2015 0.217243
68.2998 0.21035
68.3452 0.2
69.1296 0.204424
69.2445 0.230252
69.306 0.248788
69.4273 0.266552
69.4909 0.277849
69.5981 0.266611
69.6562 0.250623
69.7465 0.234907
69.7961 0.228877
69.872 0.234393
69.9153 0.24075
69.9852 0.246367
70.026 0.248511
70.101 0.241214
70.1476 0.226357
70.2312 0.20547
70.2846 0.2
70.4402 0.201035
70.5445 0.216787
70.617 0.237912
70.7256 0.254372
70.7858 0.248256
70.8752 0.22653
70.9248 0.219506
70.999 0.225506
71.0414 0.232396
71.1093 0.239437
71.1517 0.240012
71.2246 0.231952
71.2708 0.219508
71.351 0.202075
71.4023 0.2
71.7109 0.210357
71.8292 0.242645
71.8865 0.253001
71.987 0.236015
72.0366 0.214525
72.1231 0.209754
72.165 0.211349
72.2405 0.220323
72.2799 0.225608
72.3529 0.227339
72.3851 0.23012
72.4405 0.243816
72.4727 0.248811
72.5283 0.246156
72.5605 0.239472
72.6159 0.231227
72.6481 0.220434
72.7035 0.209213
72.741 0.2
72.9585 0.208331
73.0064 0.214816
73.0882 0.206577
73.1315 0.2
73.5287 0.202164
73.6428 0.232137
73.7098 0.26224
73.8434 0.301956
73.9222 0.338365
74.046 0.347091
74.1156 0.337064
74.2245 0.309107
74.2864 0.278789
74.3823 0.258482
74.4374 0.248141
74.5196 0.250569
74.5658 0.256489
74.6337 0.268608
74.6718 0.27873
74.7427 0.27735
74.7825 0.269433
74.8559 0.257536
74.8987 0.242588
74.9759 0.225322
75.0212 0.208074
75.1022 0.2
75.6131 0.202508
75.65 0.204853
75.7187 0.201458
75.7577 0.2
83.3908 0.201681
83.4739 0.242162
83.5837 0.296723
83.6804 0.345038
83.7889 0.37018
83.889 0.384893
83.992 0.384521
84.0878 0.37301
84.1858 0.353268
84.2774 0.331929
84.3706 0.307865
84.4563 0.281484
84.5436 0.254549
84.6238 0.239574
84.7052 0.231854
84.7802 0.22898
84.8565 0.230094
84.9269 0.232729
84.9969 0.236998
85.0592 0.242893
85.1156 0.255577
85.1656 0.271009
85.2161 0.280354
85.2682 0.279132
85.3212 0.271076
85.3751 0.258849
85.4311 0.243455
85.4875 0.227432
85.546 0.21156
85.6041 0.2
94.2454 0.20398
94.3043 0.21061
94.3938 0.22066
94.4637 0.23736
94.546 0.237995
94.6096 0.228975
94.6863 0.214838
94.7457 0.2
95.3876 0.225441
95.4724 0.257999
95.5979 0.301928
95.6848 0.330134
95.8014 0.335952
95.879 0.325522
95.9833 0.299973
96.0508 0.268482
96.1411 0.256144
96.1996 0.252855
96.2734 0.262327
96.3213 0.27322
96.3806 0.288767
96.423 0.297665
96.4866 0.29389
96.5324 0.282916
96.6003 0.265905
96.6499 0.247369
96.7224 0.226756
96.7758 0.206455
96.8525 0.2
97.2948 0.202523
97.3495 0.209699
97.3953 0.209199
97.4517 0.204615
97.4996 0.2
111.614 0.210276
111.677 0.21472
111.751 0.211895
111.817 0.212169
111.894 0.213469
111.951 0.20087
112.018 0.2
112.565 0.226045
112.651 0.257874
112.766 0.295546
112.858 0.325158
112.946 0.310523
113.022 0.27884
113.095 0.257689
113.158 0.250912
113.219 0.254279
113.272 0.262043
113.322 0.270356
113.375 0.271487
113.43 0.262589
113.485 0.250169
113.543 0.235888
113.601 0.219145
113.662 0.202309
113.723 0.2
114.278 0.204962
114.331 0.203991
114.38 0.2
122.076 0.200473
122.151 0.201345
122.208 0.2
122.994 0.213368
123.102 0.24201
123.181 0.272212
123.306 0.308494
123.375 0.316663
123.482 0.30016
123.543 0.275356
123.636 0.251502
123.689 0.2398
123.766 0.244065
123.81 0.249392
123.874 0.261158
123.911 0.271093
123.98 0.267016
124.019 0.257559
124.088 0.245804
124.129 0.232939
124.201 0.218905
124.244 0.203729
124.319 0.2
132.622 0.204344
132.658 0.223736
132.789 0.25219
132.834 0.278325
132.987 0.317028
133.027 0.333083
133.158 0.313366
133.192 0.291447
133.304 0.260798
133.334 0.240597
133.43 0.238259
133.457 0.236716
133.538 0.243494
133.562 0.246364
133.654 0.235111
133.682 0.221379
133.786 0.2
134.096 0.21055
134.134 0.220641
134.283 0.252493
134.315 0.262381
134.434 0.236523
134.46 0.221226
134.555 0.228929
134.576 0.235893
134.651 0.255092
134.672 0.260938
134.748 0.258776
134.771 0.252334
134.849 0.241533
134.871 0.229147
134.951 0.215264
134.975 0.20177
135.057 0.2
153.455 0.213608
153.528 0.230127
153.607 0.241838
153.684 0.250122
153.778 0.268367
153.846 0.267141
153.927 0.24952
153.987 0.225815
154.058 0.209508
154.111 0.202479
154.174 0.202413
154.22 0.204919
154.287 0.200098
154.342 0.2
154.651 0.220375
154.758 0.249964
154.841 0.276258
154.951 0.294193
155.021 0.28705
155.113 0.258736
155.171 0.239454
155.248 0.23716
155.297 0.241244
155.361 0.251698
155.402 0.262099
155.46 0.269234
155.502 0.26594
155.564 0.255999
155.608 0.242975
155.673 0.227523
155.72 0.211054
155.788 0.2
163.836 0.233839
163.937 0.279116
164.039 0.328294
164.153 0.37237
164.256 0.398659
164.367 0.405765
164.465 0.397686
164.569 0.379706
164.662 0.356729
164.761 0.329908
164.848 0.303466
164.942 0.276849
165.025 0.253294
165.114 0.239826
165.193 0.233244
165.277 0.230354
165.352 0.228977
165.424 0.237293
165.483 0.254804
165.539 0.276396
165.585 0.295115
165.64 0.303146
165.689 0.299474
165.745 0.289206
165.795 0.276743
165.852 0.262353
165.903 0.24718
165.962 0.231123
166.014 0.2168
166.074 0.202314
166.127 0.2
174.349 0.218972
174.437 0.234795
174.503 0.245966
174.595 0.252704
174.671 0.26651
174.764 0.273617
174.83 0.262637
174.91 0.239786
174.968 0.217649
175.038 0.210257
175.089 0.208055
175.149 0.211764
175.204 0.208455
175.274 0.2
175.585 0.215554
175.668 0.23902
175.775 0.267107
175.871 0.296629
175.965 0.298421
176.045 0.279302
176.124 0.252617
176.19 0.243554
176.257 0.245933
176.312 0.25359
176.368 0.264127
176.414 0.274133
176.469 0.275319
176.518 0.269807
176.575 0.259227
176.625 0.244839
176.685 0.229371
176.737 0.213739
176.8 0.2
185.29 0.221707
185.361 0.244015
185.469 0.276311
185.553 0.309089
185.657 0.32244
185.728 0.313501
185.817 0.286463
185.879 0.252423
185.955 0.238107
186.007 0.232552
186.073 0.235296
186.118 0.239556
186.18 0.240959
186.232 0.232475
186.303 0.216205
186.361 0.2
186.751 0.213062
186.84 0.243983
186.917 0.24215
186.988 0.219867
187.048 0.216966
187.104 0.225501
187.152 0.239055
187.202 0.248073
187.252 0.247552
187.304 0.240848
187.356 0.23036
187.41 0.217779
187.463 0.204279
187.519 0.2
195.822 0.202424
195.914 0.220518
195.988 0.246032
196.095 0.277181
196.16 0.282273
196.248 0.261887
196.302 0.232732
196.376 0.222256
196.42 0.219404
196.482 0.22577
196.522 0.229705
196.591 0.222171
196.636 0.209316
196.712 0.2
197.058 0.201979
197.177 0.239465
197.239 0.262269
197.337 0.249976
197.389 0.226722
197.469 0.219928
197.512 0.220596
197.578 0.23111
197.612 0.241163
197.672 0.248599
197.707 0.246897
197.768 0.24019
197.805 0.231314
197.867 0.220416
197.905 0.207689
197.968 0.2
