0.0 0
0.0941392 0.084
0.184653 0.084375
0.190466 0.0848281
0.196279 0.0852246
0.202093 0.0855715
0.263552 0.0927501
0.269365 0.0921563
0.275178 0.0916368
0.280991 0.0910572
0.286804 0.09055
0.292617 0.0901063
0.298431 0.089843
0.304244 0.0896126
0.310057 0.089411
0.348252 0.0932347
0.354066 0.0925803
0.359879 0.0918828
0.365692 0.0912724
0.371505 0.0908634
0.377318 0.0905055
0.383131 0.0901923
0.388944 0.0897932
0.394758 0.0894441
0.432953 0.0932636
0.438766 0.0924806
0.444579 0.0919206
0.450393 0.0914305
0.456206 0.0910017
0.462019 0.0906265
0.467832 0.0901732
0.473645 0.0897765
0.479458 0.0895544
0.517654 0.0933601
0.523467 0.0926901
0.52928 0.0921039
0.535093 0.0915909
0.540907 0.091017
0.54672 0.0905149
0.552533 0.0902005
0.558346 0.0899255
0.564159 0.0896848
0.602355 0.0934742
0.608168 0.0927899
0.613981 0.0920662
0.619794 0.0914329
0.625607 0.0908788
0.631421 0.0905189
0.637234 0.0902041
0.643047 0.0899286
0.64886 0.0895625
0.687056 0.0933672
0.692869 0.0925713
0.698682 0.0918749
0.704495 0.0913905
0.710308 0.0909667
0.716121 0.0905959
0.721935 0.0901464
0.727748 0.0897531
0.733561 0.0895339
0.771756 0.0933422
0.77757 0.0926744
0.783383 0.0920901
0.789196 0.0915789
0.795009 0.0911315
0.800822 0.0906151
0.806635 0.0901632
0.812448 0.0898928
0.818262 0.0896562
0.856457 0.0934492
0.86227 0.092768
0.868083 0.092172
0.873897 0.0915255
0.87971 0.0909598
0.885523 0.0905898
0.891336 0.0902661
0.897149 0.0899828
0.902962 0.08961
0.941158 0.0934087
0.946971 0.0926076
0.952784 0.0919067
0.958597 0.0914184
0.964411 0.0909911
0.970224 0.0906172
0.976037 0.09029
0.98185 0.0898788
0.987663 0.0895189
1.02586 0.0933291
1.03167 0.0925379
1.03749 0.0919707
1.0433 0.0914744
1.04911 0.0910401
1.05492 0.090535
1.06074 0.0900932
1.06655 0.0898315
1.07236 0.0896026
1.11056 0.0934023
1.11637 0.092727
1.12219 0.0921361
1.128 0.0914941
1.13381 0.0909323
1.13963 0.0904408
1.14544 0.0901357
1.15125 0.0898687
1.15706 0.0896351
1.19526 0.0934307
1.20107 0.0927519
1.20689 0.0920329
1.2127 0.0914038
1.21851 0.0909783
1.22433 0.090606
1.23014 0.0902803
1.23595 0.0898702
1.24177 0.0895115
1.27996 0.0933225
1.28577 0.0925322
1.29159 0.0919657
1.2974 0.09147
1.30321 0.0910362
1.30903 0.0906567
1.31484 0.0901996
1.32065 0.0897997
1.32647 0.0895747
1.36466 0.0933779
1.37048 0.0927056
1.37629 0.0921174
1.3821 0.0916027
1.38791 0.0910274
1.39373 0.090524
1.39954 0.0902085
1.40535 0.0899324
1.41117 0.0896909
1.44936 0.0934795
1.45518 0.0927946
1.46099 0.0920702
1.4668 0.0914365
1.47262 0.0908819
1.47843 0.0905217
1.48424 0.0902065
1.49005 0.0899307
1.49587 0.0895643
1.53406 0.0933688
1.53988 0.0925727
1.54569 0.0918761
1.5515 0.0913916
1.55732 0.0909676
1.56313 0.0905967
1.56894 0.0901471
1.57476 0.0897537
1.58057 0.0895345
1.61876 0.0933427
1.62458 0.0926748
1.63039 0.0920905
1.6362 0.0915792
1.64202 0.0911318
1.64783 0.0906153
1.65364 0.0901634
1.65946 0.089893
1.66527 0.0896563
1.70347 0.0934493
1.70928 0.0927681
1.71509 0.0921721
1.7209 0.0915256
1.72672 0.0909599
1.73253 0.0905899
1.73834 0.0902662
1.74416 0.0899829
1.74997 0.08961
1.78817 0.0934088
1.79398 0.0926077
1.79979 0.0919067
1.80561 0.0914184
1.81142 0.0909911
1.81723 0.0906172
1.82304 0.09029
1.82886 0.0898788
1.83467 0.0895189
1.87287 0.0933291
1.87868 0.0925379
1.88449 0.0919707
1.89031 0.0914744
1.89612 0.0910401
1.90193 0.0905351
1.90775 0.0900932
1.91356 0.0898315
1.91937 0.0896026
1.95757 0.0934023
1.96338 0.092727
1.96919 0.0921361
1.97501 0.0916191
1.98082 0.0910417
1.98663 0.0905365
1.99245 0.0902194
1.99826 0.089942
2.00407 0.0896992
2.04227 0.0934868
2.04808 0.092801
2.05389 0.0920759
2.05971 0.0914414
2.06552 0.0910112
2.07133 0.0906348
2.07715 0.0903055
2.08296 0.0898923
2.08877 0.0895307
2.12697 0.0933394
2.13278 0.092547
2.1386 0.0919786
2.14441 0.0914813
2.15022 0.0910461
2.15603 0.0906653
2.16185 0.0902072
2.16766 0.0898063
2.17347 0.0895805
2.21167 0.0933829
2.21748 0.0927101
2.2233 0.0921213
2.22911 0.0916061
2.23492 0.0910304
2.24074 0.0905266
2.24655 0.0902108
2.25236 0.0899344
2.25818 0.0896926
2.29637 0.093481
2.30218 0.0927959
2.308 0.0920714
2.31381 0.0914375
2.31962 0.0908828
2.32544 0.0905225
2.33125 0.0902071
2.33706 0.0899313
2.34288 0.0895648
2.38107 0.0933692
2.38688 0.0925731
2.3927 0.0918764
2.39851 0.0913919
2.40432 0.0909679
2.41014 0.0905969
2.41595 0.0901473
2.42176 0.0897539
2.42758 0.0895347
2.46577 0.0933428
2.47159 0.092675
2.4774 0.0920906
2.48321 0.0915793
2.48902 0.0911319
2.49484 0.0906154
2.50065 0.0901635
2.50646 0.089893
2.51228 0.0896564
2.55047 0.0934493
2.55629 0.0927682
2.5621 0.0921722
2.56791 0.0915256
2.57373 0.0909599
2.57954 0.0905899
2.58535 0.0902662
2.59117 0.0899829
2.59698 0.0896101
2.63517 0.0934088
2.64099 0.0926077
2.6468 0.0919067
2.65261 0.0912934
2.65843 0.0908817
2.66424 0.0905215
2.67005 0.0902063
2.67587 0.0898055
2.68168 0.0894548
2.71987 0.093273
2.72569 0.0924889
2.7315 0.0919277
2.73731 0.0914368
2.74313 0.0910072
2.74894 0.0905063
2.75475 0.090068
2.76057 0.0898095
2.76638 0.0895833
2.80458 0.0933854
2.81039 0.0927122
2.8162 0.0921232
2.82201 0.0916078
2.82783 0.0910318
2.83364 0.0905278
2.83945 0.0902119
2.84527 0.0899354
2.85108 0.0896935
2.88928 0.0934818
2.89509 0.0927966
2.9009 0.092072
2.90672 0.091438
2.91253 0.0910082
2.91834 0.0906322
2.92416 0.0903032
2.92997 0.0898903
2.93578 0.089529
2.97398 0.0933379
2.97979 0.0925456
2.9856 0.0919774
2.99142 0.0914803
2.99723 0.0910452
3.00304 0.0906646
3.00886 0.0902065
3.01467 0.0898057
3.02048 0.08958
3.05868 0.0933825
3.06449 0.0927097
3.0703 0.092121
3.07612 0.0916058
3.08193 0.0910301
3.08774 0.0905263
3.09356 0.0902106
3.09937 0.0899342
3.10518 0.0896925
3.14338 0.0934809
3.14919 0.0927958
3.15501 0.0921963
3.16082 0.0915468
3.16663 0.0909784
3.17244 0.0906061
3.17826 0.0902804
3.18407 0.0899953
3.18988 0.0896209
3.22808 0.0934183
3.23389 0.092616
3.23971 0.091914
3.24552 0.0914247
3.25133 0.0909967
3.25715 0.0906221
3.26296 0.0901693
3.26877 0.0897731
3.27458 0.0895515
3.31278 0.0933576
3.31859 0.0926879
3.32441 0.0921019
3.33022 0.0915891
3.33603 0.0911405
3.34185 0.0906229
3.34766 0.0901701
3.35347 0.0898988
3.35929 0.0896615
3.39748 0.0934538
3.40329 0.0927721
3.40911 0.0921755
3.41492 0.0915286
3.42073 0.0909625
3.42655 0.0905922
3.43236 0.0902682
3.43817 0.0899847
3.44399 0.0896116
3.48218 0.0934101
3.488 0.0926089
3.49381 0.0919078
3.49962 0.0912943
3.50543 0.0908825
3.51125 0.0905222
3.51706 0.0902069
3.52287 0.089806
3.52869 0.0894553
3.56688 0.0932734
3.5727 0.0924892
3.57851 0.0919281
3.58432 0.091437
3.59014 0.0910074
3.59595 0.0905065
3.60176 0.0900682
3.60757 0.0898097
3.61339 0.0895834
3.65158 0.0933855
3.6574 0.0927123
3.66321 0.0921233
3.66902 0.0916079
3.67484 0.0910319
3.68065 0.0905279
3.68646 0.0902119
3.69228 0.0899354
3.69809 0.0896935
3.73628 0.0934818
3.7421 0.0927966
3.74791 0.092072
3.75372 0.091438
3.75954 0.0910083
3.76535 0.0906322
3.77116 0.0903032
3.77698 0.0898903
3.78279 0.089529
3.82099 0.0933379
3.8268 0.0925456
3.83261 0.0918524
3.83842 0.0913709
3.84424 0.0909495
3.85005 0.0905808
3.85586 0.0901332
3.86168 0.0897416
3.86749 0.0895239
3.90569 0.0933334
3.9115 0.0926667
3.91731 0.0920834
3.92313 0.091573
3.92894 0.0910013
3.93475 0.0905012
3.94056 0.0901885
3.94638 0.089915
3.95219 0.0896756
3.99039 0.0934661
3.9962 0.0927829
4.00201 0.092185
4.00783 0.0915369
4.01364 0.0909698
4.01945 0.0905985
4.02527 0.0902737
4.03108 0.0899895
4.03689 0.0896158
4.07509 0.0934138
4.0809 0.0926121
4.08671 0.0919106
4.09253 0.0914218
4.09834 0.0909941
4.10415 0.0906198
4.10997 0.0901673
4.11578 0.0897714
4.12159 0.08955
4.15979 0.0933562
4.1656 0.0926867
4.17141 0.0921009
4.17723 0.0915883
4.18304 0.0911397
4.18885 0.0906223
4.19467 0.0901695
4.20048 0.0898983
4.20629 0.089661
4.24449 0.0934534
4.2503 0.0927717
4.25612 0.0921752
4.26193 0.0915283
4.26774 0.0909623
4.27355 0.090592
4.27937 0.090268
4.28518 0.0899845
4.29099 0.0896114
4.32919 0.09341
4.335 0.0927338
4.34082 0.092017
4.34663 0.0913899
4.35244 0.0909662
4.35826 0.0905954
4.36407 0.090271
4.36988 0.0898621
4.3757 0.0895043
4.41389 0.0933163
4.4197 0.0925268
4.42552 0.0919609
4.43133 0.0914658
4.43714 0.0910326
4.44296 0.0905285
4.44877 0.0900874
4.45458 0.0898265
4.4604 0.0895982
4.49859 0.0933984
4.5044 0.0927236
4.51022 0.0921332
4.51603 0.0916165
4.52184 0.0910395
4.52766 0.0905345
4.53347 0.0902177
4.53928 0.0899405
4.5451 0.0896979
4.58329 0.0934857
4.58911 0.0928
4.59492 0.092075
4.60073 0.0914406
4.60654 0.0910105
4.61236 0.0906342
4.61817 0.0903049
4.62398 0.0898918
4.6298 0.0895303
4.66799 0.093214
4.67381 0.0924373
4.67962 0.0917576
4.68543 0.0912879
4.69125 0.0908769
4.69706 0.0905173
4.70287 0.0900777
4.70869 0.0896929
4.7145 0.0894813
4.75269 0.0932962
4.75851 0.0926341
4.76432 0.0920549
4.77013 0.091548
4.77595 0.0909795
4.78176 0.0904821
4.78757 0.0901718
4.79339 0.0899003
4.7992 0.0896628
4.83739 0.0934549
4.84321 0.0927731
4.84902 0.0921764
4.85483 0.0915294
4.86065 0.0909632
4.86646 0.0905928
4.87227 0.0902687
4.87809 0.0899851
4.8839 0.089612
4.9221 0.0934105
4.92791 0.0926092
4.93372 0.091908
4.93953 0.0914195
4.94535 0.0909921
4.95116 0.0906181
4.95697 0.0901658
4.96279 0.0897701
4.9686 0.0895488
5.0068 0.0933552
5.01261 0.0925608
5.01842 0.0919907
5.02424 0.0914919
5.03005 0.0910554
5.03586 0.0905485
5.04168 0.0901049
5.04749 0.0898418
5.0533 0.0896116
5.0915 0.0934101
5.09731 0.0927339
5.10312 0.0921421
5.10894 0.0914994
5.11475 0.0909369
5.12056 0.0905698
5.12638 0.0902486
5.13219 0.0899675
5.138 0.0897216
5.1762 0.0935064
5.18201 0.0928181
5.18782 0.0920908
5.19364 0.0914545
5.19945 0.0910227
5.20526 0.0906448
5.21108 0.0903142
5.21689 0.0898999
5.2227 0.0895375
5.2609 0.0933453
5.26671 0.0925521
5.27252 0.0919831
5.27834 0.0914852
5.28415 0.0910496
5.28996 0.0905434
5.29578 0.0901004
5.30159 0.0898379
5.3074 0.0896081
5.3456 0.0934071
5.35141 0.0927312
5.35723 0.0921398
5.36304 0.0916224
5.36885 0.0910446
5.37467 0.090539
5.38048 0.0902216
5.38629 0.0899439
5.3921 0.0897009
5.4303 0.0934883
5.43611 0.0928023
5.44193 0.092077
5.44774 0.0914424
5.45355 0.0910121
5.45937 0.0906356
5.46518 0.0903061
5.47099 0.0898928
5.47681 0.0895312
5.515 0.0933398
5.52081 0.0925474
5.52663 0.0918539
5.53244 0.0913722
5.53825 0.0909507
5.54407 0.0905818
5.54988 0.0901341
5.55569 0.0897423
5.56151 0.0895245
5.5997 0.093334
5.60552 0.0926672
5.61133 0.0920838
5.61714 0.0915733
5.62295 0.0910017
5.62877 0.0905015
5.63458 0.0901888
5.64039 0.0899152
5.64621 0.0896758
5.6844 0.0934663
5.69022 0.092783
5.69603 0.0921851
5.70184 0.091537
5.70766 0.0909699
5.71347 0.0905986
5.71928 0.0902738
5.72509 0.0899896
5.73091 0.0896159
5.7691 0.0934139
5.77492 0.0926122
5.78073 0.0919106
5.78654 0.0914218
5.79236 0.0909941
5.79817 0.0906198
5.80398 0.0901673
5.8098 0.0897714
5.81561 0.089425
5.8538 0.0932469
5.85962 0.092466
5.86543 0.0919078
5.87124 0.0914193
5.87706 0.0909919
5.88287 0.0904929
5.88868 0.0900563
5.8945 0.0897992
5.90031 0.0895743
5.93851 0.0933775
5.94432 0.0927054
5.95013 0.0921172
5.95594 0.0914775
5.96176 0.0909178
5.96757 0.0905531
5.97338 0.090234
5.9792 0.0899547
5.98501 0.0897104
6.02321 0.0934966
6.02902 0.0928095
6.03483 0.0920833
6.04065 0.0914479
6.04646 0.0910169
6.05227 0.0906398
6.05808 0.0903098
6.0639 0.0898961
6.06971 0.0895341
6.10791 0.0933423
6.11372 0.0925495
6.11953 0.0919808
6.12535 0.0914832
6.13116 0.0910478
6.13697 0.0905419
6.14279 0.0900991
6.1486 0.0898367
6.15441 0.0896071
6.19261 0.0934062
6.19842 0.0927305
6.20423 0.0921392
6.21005 0.0916218
6.21586 0.091044
6.22167 0.0905385
6.22749 0.0902212
6.2333 0.0899436
6.23911 0.0897006
6.27731 0.093488
6.28312 0.092802
6.28893 0.0920768
6.29475 0.0914422
6.30056 0.0910119
6.30637 0.0906354
6.31219 0.090306
6.318 0.0900177
6.32381 0.0896405
6.36201 0.0934355
6.36782 0.092631
6.37364 0.0919271
6.37945 0.0914363
6.38526 0.0910067
6.39107 0.0906309
6.39689 0.090177
6.4027 0.0897799
6.40851 0.0895574
6.44671 0.0933627
6.45252 0.0926924
6.45834 0.0921058
6.46415 0.0915926
6.46996 0.0910185
6.47578 0.0905162
6.48159 0.0902017
6.4874 0.0899265
6.49322 0.0896857
6.53141 0.093475
6.53722 0.0927906
6.54304 0.0921918
6.54885 0.0915428
6.55466 0.0909749
6.56048 0.0906031
6.56629 0.0902777
6.5721 0.089993
6.57792 0.0896189
6.61611 0.0934165
6.62192 0.0926144
6.62774 0.0919126
6.63355 0.0914236
6.63936 0.0909956
6.64518 0.0906212
6.65099 0.0901685
6.6568 0.0897724
6.66262 0.0894259
6.70081 0.0932477
6.70663 0.0924667
6.71244 0.0919084
6.71825 0.0914198
6.72406 0.0909923
6.72988 0.0904933
6.73569 0.0900566
6.7415 0.0897996
6.74732 0.0895746
6.78551 0.0933778
6.79133 0.0927056
6.79714 0.0921174
6.80295 0.0914777
6.80877 0.090918
6.81458 0.0905532
6.82039 0.0902341
6.82621 0.0899548
6.83202 0.0897105
6.87021 0.0934967
6.87603 0.0928096
6.88184 0.0920834
6.88765 0.091448
6.89347 0.091017
6.89928 0.0906398
6.90509 0.0903099
6.91091 0.0898961
6.91672 0.0895341
6.95491 0.0933423
6.96073 0.0925496
6.96654 0.0919809
6.97235 0.0914833
6.97817 0.0910478
6.98398 0.0905419
6.98979 0.0900991
6.99561 0.0898367
7.00142 0.0896071
7.03962 0.0934063
7.04543 0.0927305
7.05124 0.0921392
7.05705 0.0916218
7.06287 0.091044
7.06868 0.0905385
7.07449 0.0902212
7.08031 0.0899436
7.08612 0.0897006
7.12432 0.093488
7.13013 0.092802
7.13594 0.0920768
7.14176 0.0914422
7.14757 0.0910119
7.15338 0.0906354
7.1592 0.090306
7.16501 0.0900177
7.17082 0.0896405
7.20902 0.0934355
7.21483 0.092631
7.22064 0.0919271
7.22646 0.0914363
7.23227 0.0910067
7.23808 0.0906309
7.2439 0.090177
7.24971 0.0897799
7.25552 0.0895574
7.29372 0.0933627
7.29953 0.0926924
7.30534 0.0921058
7.31116 0.0915926
7.31697 0.0910185
7.32278 0.0905162
7.3286 0.0902017
7.33441 0.0899265
7.34022 0.0896857
7.37842 0.093475
7.38423 0.0927906
7.39004 0.0921918
7.39586 0.0915428
7.40167 0.0909749
7.40748 0.0906031
7.4133 0.0902777
7.41911 0.089993
7.42492 0.0896189
7.46312 0.0934165
7.46893 0.0926144
7.47475 0.0919126
7.48056 0.0914236
7.48637 0.0909956
7.49219 0.0906212
7.498 0.0901685
7.50381 0.0897724
7.50962 0.0894259
7.54782 0.0932477
7.55363 0.0924667
7.55945 0.0919084
7.56526 0.0914198
7.57107 0.0909923
7.57689 0.0904933
7.5827 0.0900566
7.58851 0.0897996
7.59433 0.0895746
7.63252 0.0933778
7.63833 0.0927056
7.64415 0.0921174
7.64996 0.0914777
7.65577 0.090918
7.66159 0.0905532
7.6674 0.0902341
7.67321 0.0899548
7.67903 0.0897105
7.71722 0.0934967
7.72303 0.0928096
7.72885 0.0920834
7.73466 0.091448
7.74047 0.091017
7.74629 0.0906398
7.7521 0.0903099
7.75791 0.0898961
7.76373 0.0895341
7.80192 0.0933423
7.80774 0.0925496
7.81355 0.0919809
7.81936 0.0914833
7.82518 0.0910478
7.83099 0.0905419
7.8368 0.0900991
7.84261 0.0897117
7.84843 0.0894978
7.88662 0.0933105
7.89244 0.0926467
7.89825 0.0920659
7.90406 0.0915577
7.90988 0.0909879
7.91569 0.0904895
7.9215 0.0901783
7.92732 0.089906
7.93313 0.0896677
7.97132 0.0934593
7.97714 0.0927769
7.98295 0.0920548
7.98876 0.0914229
7.99458 0.090995
8.00039 0.0906207
8.0062 0.0902931
8.01202 0.0900064
8.01783 0.0896306
8.05603 0.0934268
8.06184 0.0926235
8.06765 0.0919205
8.07346 0.0914305
8.07928 0.0910017
8.08509 0.0906264
8.0909 0.0901731
8.09672 0.0897765
8.10253 0.0895544
8.14073 0.0933601
8.14654 0.0926901
8.15235 0.0921038
8.15817 0.0915909
8.16398 0.091017
8.16979 0.0905149
8.1756 0.0902005
8.18142 0.0899255
8.18723 0.0896848
8.22543 0.0934742
8.23124 0.0927899
8.23705 0.0921912
8.24287 0.0915423
8.24868 0.0909745
8.25449 0.0906027
8.26031 0.0902773
8.26612 0.0899927
8.27193 0.0896186
8.31013 0.0934163
8.31594 0.0926142
8.32175 0.0919125
8.32757 0.0914234
8.33338 0.0909955
8.33919 0.090621
8.34501 0.0902934
8.35082 0.0898817
8.35663 0.0895215
8.39483 0.0933313
8.40064 0.0925399
8.40645 0.0919724
8.41227 0.0914759
8.41808 0.0910414
8.42389 0.0905362
8.42971 0.0900942
8.43552 0.0898324
8.44133 0.0896034
8.47953 0.0934029
8.48534 0.0927276
8.49116 0.0921366
8.49697 0.0914945
8.50278 0.0909327
8.50859 0.0905661
8.51441 0.0902454
8.52022 0.0899647
8.52603 0.0897191
8.56423 0.0935042
8.57004 0.0928162
8.57586 0.0920892
8.58167 0.091453
8.58748 0.0910214
8.5933 0.0906437
8.59911 0.0903133
8.60492 0.0898991
8.61074 0.0895367
8.64893 0.0933446
8.65474 0.0925515
8.66056 0.0919826
8.66637 0.0914848
8.67218 0.0910492
8.678 0.090543
8.68381 0.0901002
8.68962 0.0897126
8.69544 0.0894986
8.73363 0.0933112
8.73944 0.0926473
8.74526 0.0920664
8.75107 0.0915581
8.75688 0.0909883
8.7627 0.0904898
8.76851 0.0901786
8.77432 0.0899063
8.78014 0.089668
8.81833 0.0934595
8.82415 0.092777
8.82996 0.0920549
8.83577 0.091423
8.84158 0.0909952
8.8474 0.0906208
8.85321 0.0902932
8.85902 0.0900065
8.86484 0.0896307
8.90303 0.0934269
8.90885 0.0926235
8.91466 0.0919206
8.92047 0.0914305
8.92629 0.0910017
8.9321 0.0906265
8.93791 0.0901732
8.94373 0.0897765
8.94954 0.0895545
8.98773 0.0933601
8.99355 0.0926901
8.99936 0.0921039
9.00517 0.0915909
9.01099 0.091017
9.0168 0.0905149
9.02261 0.0900755
9.02843 0.0898161
9.03424 0.0895891
9.07243 0.0933904
9.07825 0.0927166
9.08406 0.0921271
9.08987 0.0914862
9.09569 0.0909254
9.1015 0.0905597
9.10731 0.0902398
9.11313 0.0899598
9.11894 0.0895898
9.15714 0.0933911
9.16295 0.0925922
9.16876 0.0918932
9.17457 0.0914065
9.18039 0.0909807
9.1862 0.0906081
9.19201 0.0902821
9.19783 0.0898718
9.20364 0.0895129
9.24184 0.0933238
9.24765 0.0925333
9.25346 0.0919666
9.25928 0.0914708
9.26509 0.0910369
9.2709 0.0905323
9.27672 0.0900908
9.28253 0.0898294
9.28834 0.0896008
9.32654 0.0934007
9.33235 0.0927256
9.33816 0.0921349
9.34398 0.091493
9.34979 0.0909314
9.3556 0.090565
9.36142 0.0902443
9.36723 0.0899638
9.37304 0.0897183
9.41124 0.0935035
9.41705 0.0928156
9.42286 0.0920886
9.42868 0.0914526
9.43449 0.091021
9.4403 0.0906434
9.44612 0.0903129
9.45193 0.0898988
9.45774 0.0895365
9.49594 0.0933444
9.50175 0.0925514
9.50756 0.0919824
9.51338 0.0914846
9.51919 0.0910491
9.525 0.0906679
9.53082 0.0902094
9.53663 0.0898083
9.54244 0.0895822
9.58064 0.0933844
9.58645 0.0927114
9.59227 0.0921225
9.59808 0.0916072
9.60389 0.0910313
9.60971 0.0905274
9.61552 0.0902114
9.62133 0.089935
9.62714 0.0896931
9.66534 0.0934815
9.67115 0.0927963
9.67697 0.0920718
9.68278 0.0914378
9.68859 0.0910081
9.69441 0.0906321
9.70022 0.090303
9.70603 0.0900152
9.71185 0.0896383
9.75004 0.0934335
9.75585 0.0926293
9.76167 0.0919256
9.76748 0.0914349
9.77329 0.0910056
9.77911 0.0906299
9.78492 0.0901761
9.79073 0.0897791
9.79655 0.0895567
9.83474 0.0933621
9.84055 0.0926919
9.84637 0.0921054
9.85218 0.0915922
9.85799 0.0910182
9.86381 0.0905159
9.86962 0.0900764
9.87543 0.0898169
9.88125 0.0895898
9.91944 0.093391
9.92526 0.0927172
9.93107 0.0921275
9.93688 0.0914866
9.9427 0.0909258
9.94851 0.09056
9.95432 0.09024
9.96013 0.08996
9.96595 0.08959
10.0041 0.0933913
10.01 0.0925924
10.0158 0.0918933
10.0216 0.0914066
10.0274 0.0909808
10.0332 0.0906082
10.039 0.0902822
10.0448 0.0898719
10.0506 0.0895129
10.0888 0.0933238
10.0947 0.0925333
10.1005 0.0919667
10.1063 0.0914708
10.1121 0.091037
10.1179 0.0905324
10.1237 0.0900908
10.1295 0.0898295
10.1353 0.0896008
10.1735 0.0934007
10.1794 0.0927256
10.1852 0.0921349
10.191 0.091493
10.1968 0.0909314
10.2026 0.09044
10.2084 0.090135
10.2142 0.0898681
10.2201 0.0896346
10.2582 0.0934303
10.3048 0.0977515
10.3459 0.0964075
10.3924 0.0953566
10.4335 0.094437
10.48 0.0935074
10.5211 0.092819
10.5676 0.0922166
10.6087 0.0915645
10.6552 0.091119
10.6963 0.0907291
10.7428 0.090263
10.7839 0.0898551
10.8304 0.0896232
10.8715 0.0894203
10.918 0.0892428
10.9591 0.0890874
11.0056 0.0888265
11.0467 0.0885982
11.0932 0.0885234
11.1343 0.088458
11.1808 0.0882757
11.2219 0.0881163
11.2684 0.0881017
11.3095 0.088089
11.356 0.0880779
11.3971 0.0880681
11.4436 0.0879346
11.4847 0.0878178
11.5313 0.0878406
11.5724 0.0878605
11.6189 0.0877529
11.66 0.0876588
11.7065 0.0877015
11.7476 0.0877388
11.7941 0.0877714
11.8352 0.0878
11.8817 0.0877
11.9228 0.0876125
11.9693 0.0876609
12.0104 0.0877033
12.0569 0.0876154
12.098 0.0876635
12.1445 0.0877055
12.1856 0.0876174
12.2321 0.0876652
12.2732 0.087707
12.3197 0.0876187
12.3608 0.0875413
12.4073 0.0875987
12.4484 0.0876488
12.4949 0.0875677
12.536 0.0876218
12.5825 0.087669
12.6236 0.0875854
12.6702 0.0876372
12.7113 0.0876826
12.7578 0.0875973
12.7989 0.0875226
12.8454 0.0875823
12.8865 0.0876345
12.933 0.0875552
12.9741 0.0876108
13.0206 0.0876594
13.0617 0.087577
13.1082 0.0876299
13.1493 0.0876761
13.1958 0.0875916
13.2369 0.0875177
13.2834 0.087578
13.3245 0.0876307
13.371 0.0876769
13.4121 0.0877173
13.4586 0.0876276
13.4997 0.0875492
13.5462 0.0876055
13.5873 0.0876548
13.6338 0.087573
13.6749 0.0875013
13.7214 0.0875637
13.7625 0.0876182
13.809 0.0876659
13.8501 0.0877077
13.8967 0.0876192
13.9378 0.0875418
13.9843 0.0875991
14.0254 0.0876492
14.0719 0.0875681
14.113 0.0874971
14.1595 0.0875599
14.2006 0.0876149
14.2471 0.0876631
14.2882 0.0877052
14.3347 0.087617
14.3758 0.0875399
14.4223 0.0875974
14.4634 0.0876477
14.5099 0.0875668
14.551 0.0876209
14.5975 0.0876683
14.6386 0.0875848
14.6851 0.0876367
14.7262 0.0876821
14.7727 0.0875968
14.8138 0.0875222
14.8603 0.0875819
14.9014 0.0876342
14.9479 0.0875549
14.989 0.0876106
15.0355 0.0876592
15.0767 0.0875768
15.1232 0.0876297
15.1643 0.087676
15.2108 0.0875915
15.2519 0.0875176
15.2984 0.0875779
15.3395 0.0876306
15.386 0.0875518
15.4271 0.0876078
15.4736 0.0876569
15.5147 0.0875747
15.5612 0.0876279
15.6023 0.0876744
15.6488 0.0875901
15.6899 0.0875163
15.7364 0.0875768
15.7775 0.0876297
15.824 0.087676
15.8651 0.0877165
15.9116 0.0876269
15.9527 0.0875486
15.9992 0.087605
16.0403 0.0876544
16.0868 0.0875726
16.1279 0.087501
16.1744 0.0875634
16.2155 0.087618
16.2621 0.0876657
16.3032 0.0877075
16.3497 0.0876191
16.3908 0.0875417
16.4373 0.087599
16.4784 0.0876491
16.5249 0.087568
16.566 0.087497
16.6125 0.0875598
16.6536 0.0876149
16.7001 0.087663
16.7412 0.0877051
16.7877 0.087617
16.8288 0.0875399
16.8753 0.0875974
16.9164 0.0876477
16.9629 0.0875667
17.004 0.0876209
17.0505 0.0876683
17.0916 0.0875847
17.1381 0.0876367
17.1792 0.0876821
17.2257 0.0875968
17.2668 0.0875222
17.3133 0.0875819
17.3544 0.0876342
17.4009 0.0875549
17.4421 0.0876106
17.4886 0.0876592
17.5297 0.0875768
17.5762 0.0876297
17.6173 0.087676
17.6638 0.0875915
17.7049 0.0875176
17.7514 0.0875779
17.7925 0.0876306
17.839 0.0875518
17.8801 0.0876078
17.9266 0.0876569
17.9677 0.0875747
18.0142 0.0876279
18.0553 0.0876744
18.1018 0.0875901
18.1429 0.0875163
18.1894 0.0875768
18.2305 0.0876297
18.277 0.087676
18.3181 0.0877165
18.3646 0.0876269
18.4057 0.0875486
18.4522 0.087605
18.4933 0.0876544
18.5398 0.0875726
18.5809 0.087501
18.6275 0.0875634
18.6686 0.087618
18.7151 0.0876657
18.7562 0.0877075
18.8027 0.0876191
18.8438 0.0875417
18.8903 0.087599
18.9314 0.0876491
18.9779 0.087568
19.019 0.087497
19.0655 0.0875598
19.1066 0.0876149
19.1531 0.087663
19.1942 0.0877051
19.2407 0.087617
19.2818 0.0875399
19.3283 0.0875974
19.3694 0.0876477
19.4159 0.0875667
19.457 0.0876209
19.5035 0.0876683
19.5446 0.0875847
19.5911 0.0876367
19.6322 0.0876821
19.6787 0.0875968
19.7198 0.0875222
19.7663 0.0875819
19.8074 0.0876342
19.854 0.0875549
19.8951 0.0876106
19.9416 0.0876592
19.9827 0.0875768
20.0292 0.0876297
20.0703 0.087676
20.1168 0.0875915
20.1579 0.0875176
20.2044 0.0875779
20.2455 0.0876306
20.292 0.0875518
20.3331 0.0876078
20.3796 0.0876569
20.4207 0.0875747
20.4672 0.0876279
20.5083 0.0876744
20.555 0.0877151
20.5959 0.0876257
20.6455 0.0879225
20.7091 0.0911822
20.7664 0.0949094
20.83 0.0980457
20.8868 0.10079
20.9504 0.103316
21.0072 0.105527
21.0708 0.107336
21.1276 0.108919
21.1912 0.110429
21.2156 0.107625
21.2797 0.105172
21.3068 0.103401
21.3869 0.103851
21.4132 0.104244
21.4768 0.102464
21.504 0.100906
21.568 0.0996676
21.596 0.0987091
21.6604 0.0979955
21.6893 0.097496
21.7541 0.097059
21.7838 0.0966767
21.8491 0.0964671
21.8796 0.0964087
21.9458 0.0963576
21.9767 0.0964379
22.059 0.0985082
22.0946 0.100945
22.1569 0.100577
22.1841 0.0992545
22.2468 0.0980977
22.2748 0.0970855
22.338 0.0963248
22.3668 0.0957842
22.4304 0.0954362
22.4601 0.0952566
22.5241 0.0950996
22.5546 0.0949621
22.6191 0.0949669
22.6505 0.095096
22.7196 0.095709
22.7594 0.0973704
22.8307 0.0990741
22.8612 0.0994398
22.9205 0.0982598
22.9515 0.0972274
23.0117 0.0964489
23.0435 0.0958928
23.1041 0.0955312
23.1368 0.0952148
23.1978 0.094938
23.2313 0.0949457
23.2928 0.0949525
23.3272 0.0950834
23.3891 0.095323
23.4264 0.0957826
23.5044 0.0981848
23.5404 0.100162
23.5994 0.0995165
23.6303 0.0983269
23.6897 0.0972861
23.7215 0.0965003
23.7813 0.0959378
23.8139 0.0954455
23.8741 0.0951399
23.9076 0.0949974
23.9687 0.0948727
24.0026 0.0948886
24.0645 0.0950275
24.0988 0.0951491
24.1684 0.0962555
24.2121 0.0984735
24.2765 0.0996643
24.31 0.0993313
24.366 0.0980399
24.4003 0.0971599
24.4571 0.0965149
24.4919 0.0958255
24.5496 0.0953473
24.5847 0.0950539
24.6433 0.0949222
24.6793 0.0949319
24.7382 0.0949404
24.7751 0.0950729
24.8345 0.0951888
24.8769 0.0959152
24.9519 0.0985508
24.9871 0.100107
25.0444 0.0992186
25.077 0.0980662
25.1351 0.097183
25.1682 0.0964101
25.2271 0.0958588
25.261 0.0955015
25.3204 0.0951888
25.3552 0.0950402
25.4149 0.0949102
25.4506 0.0949214
25.5108 0.0950562
25.5472 0.0952992
25.6176 0.0967618
25.6638 0.0991666
25.7223 0.0998957
25.758 0.0991588
25.8122 0.0980139
25.8487 0.0971372
25.9034 0.09637
25.9407 0.0958238
25.9958 0.0953458
26.034 0.0950526
26.0895 0.094921
26.1285 0.0949309
26.1849 0.0949395
26.2244 0.0950721
26.2816 0.0953131
26.3299 0.0965239
26.399 0.0992084
26.4359 0.100057
26.4885 0.0986752
26.5258 0.0975908
26.5788 0.096642
26.617 0.0959367
26.6708 0.0954446
26.7094 0.095139
26.7641 0.0949967
26.8031 0.0948721
26.8587 0.0947631
26.8985 0.0947927
26.9545 0.0949436
26.9952 0.0952006
27.063 0.0969256
27.1135 0.0995599
27.1648 0.0997399
27.2034 0.0985224
27.2543 0.0974571
27.2937 0.096525
27.3454 0.0958343
27.3853 0.095355
27.4378 0.0949357
27.4781 0.0946937
27.5315 0.094607
27.5727 0.0945311
27.6265 0.0945897
27.6685 0.094766
27.7228 0.0949203
27.7762 0.0965552
27.8389 0.0989858
27.8797 0.0994876
27.9288 0.0983016
27.97 0.0972639
28.02 0.0964809
28.062 0.0959208
28.1124 0.0955557
28.1553 0.0953613
28.2061 0.0951911
28.2498 0.0950422
28.3011 0.0950369
28.3456 0.0951573
28.3978 0.0952627
28.444 0.0956048
28.5097 0.0976542
28.5589 0.0998224
28.6089 0.0997196
28.6488 0.0985047
28.6997 0.0975666
28.7399 0.0967458
28.7917 0.0961525
28.8324 0.0957585
28.885 0.0954137
28.9265 0.095237
28.9795 0.0952073
29.0219 0.0951814
29.0753 0.0952837
29.1186 0.0954983
29.1767 0.096186
29.2314 0.0982877
29.2882 0.100002
29.3297 0.0997516
29.3781 0.0985326
29.42 0.097591
29.4692 0.0967672
29.5121 0.0961713
29.5617 0.0956498
29.6053 0.0953186
29.6554 0.0951538
29.6999 0.0950096
29.7503 0.0950084
29.7957 0.0951323
29.847 0.0953658
29.8975 0.0961951
29.9619 0.0984207
30.0081 0.0999931
30.0573 0.099494
30.098 0.0983072
30.1476 0.0972688
30.1892 0.0964852
30.2392 0.0959246
30.2768 0.094809
30.3268 0.0938329
30.3644 0.0931038
30.4144 0.0924658
30.452 0.0919076
30.502 0.0914191
30.5396 0.0908667
30.5896 0.0903834
30.6277 0.0900855
30.6786 0.0899498
30.7222 0.0905811
30.7867 0.0927584
30.8278 0.0942886
30.877 0.0938775
30.9186 0.0935178
30.9686 0.0932031
31.011 0.0930527
31.0614 0.0930461
31.1047 0.0931654
31.1556 0.0932697
31.1997 0.093486
31.251 0.0936752
31.2959 0.0939658
31.3476 0.0943451
31.393 0.094802
31.457 0.0967017
31.5117 0.099364
31.5605 0.0998185
31.602 0.0987162
31.6517 0.0977517
31.6936 0.0969077
31.7441 0.0964192
31.7869 0.0959918
31.8378 0.0956179
31.8815 0.0955406
31.9328 0.095473
31.9773 0.0955389
32.029 0.0957216
32.0744 0.0958814
32.1274 0.0961462
32.1846 0.0978779
32.244 0.100143
32.2877 0.1005
32.3351 0.0994377
32.3792 0.098508
32.4276 0.0976945
32.4725 0.0971077
32.5213 0.0967192
32.5671 0.0965043
32.6163 0.0963163
32.6629 0.0961518
32.7125 0.0961328
32.76 0.0962412
32.81 0.096461
32.8613 0.0971534
32.9245 0.0992592
32.9754 0.101102
33.0237 0.100839
33.0665 0.0996092
33.1153 0.0986581
33.159 0.0978258
33.2082 0.0972226
33.2527 0.0968198
33.3027 0.0964673
33.3477 0.0962839
33.3985 0.0962484
33.4439 0.0962173
33.4956 0.0963152
33.5414 0.0965258
33.5995 0.0974601
33.6576 0.0997775
33.7106 0.10118
33.7547 0.100658
33.8018 0.0994506
33.8463 0.0985193
33.8942 0.0978293
33.9396 0.0972257
33.9879 0.0966975
34.0341 0.0964853
34.0829 0.0962996
34.1299 0.0961372
34.1791 0.096245
34.227 0.0964644
34.2771 0.0966563
34.3326 0.0976993
34.3958 0.100237
34.4416 0.101332
34.4895 0.100416
34.5327 0.0992388
34.5811 0.0983339
34.6252 0.0976672
34.6744 0.0970838
34.7189 0.0965733
34.7689 0.0962516
34.8138 0.0960952
34.8647 0.0960833
34.9105 0.0961979
34.9618 0.0962981
35.0085 0.0965109
35.0699 0.097947
35.1289 0.100704
35.1759 0.101366
35.2209 0.100195
35.2671 0.0991706
35.3129 0.0982743
35.3595 0.09749
35.4062 0.0970537
35.4532 0.096672
35.5007 0.096338
35.5486 0.0961708
35.5966 0.0961494
35.6453 0.0962557
35.6936 0.0963488
35.7433 0.0965552
35.8035 0.0982358
35.8616 0.100706
35.9073 0.101118
35.9523 0.0998533
35.9989 0.0987466
36.0443 0.0979033
36.0918 0.0972904
36.138 0.0967541
36.1859 0.0964098
36.233 0.0962336
36.2813 0.0962044
36.3292 0.0963038
36.378 0.0962659
36.4267 0.0963576
36.4772 0.0968129
36.5387 0.0987113
36.5934 0.100872
36.6404 0.101013
36.6845 0.0997617
36.732 0.0987915
36.777 0.0979425
36.8249 0.0971997
36.8707 0.0967997
36.919 0.0965748
36.9656 0.0963779
37.0148 0.0962057
37.0619 0.09618
37.1119 0.0962825
37.1594 0.0964972
37.2137 0.097185
37.2735 0.0992869
37.3273 0.101126
37.3727 0.10086
37.4185 0.0996277
37.4643 0.0986743
37.5109 0.09784
37.5571 0.097235
37.6046 0.0968306
37.6517 0.0964768
37.6996 0.0962922
37.7475 0.0962557
37.7958 0.0962237
37.8446 0.0963207
37.8934 0.0965306
37.9481 0.0974643
38.01 0.0997813
38.0596 0.101184
38.1066 0.100661
38.1507 0.0994531
38.1982 0.0985214
38.2432 0.0978313
38.2915 0.0972274
38.3369 0.0966989
38.386 0.0964866
38.4318 0.0963007
38.4819 0.0961382
38.5281 0.0962459
38.579 0.0963401
38.626 0.0965476
38.685 0.0977292
38.7443 0.100263
38.7935 0.101355
38.8385 0.100436
38.8847 0.0992563
38.93 0.0983492
38.9771 0.0976806
39.0233 0.0970955
39.0708 0.0965836
39.1179 0.0962606
39.1658 0.0961031
39.2137 0.0960902
39.2625 0.0962039
39.3108 0.0963034
39.3604 0.0965155
39.4185 0.097951
39.4804 0.100707
39.5249 0.101369
39.572 0.100073
39.6161 0.0990636
39.664 0.0981806
39.7085 0.0974081
39.7573 0.0969821
39.8022 0.0966093
39.8518 0.0962831
39.8976 0.0961227
39.9476 0.0961074
39.9943 0.096219
40.0447 0.0963166
40.0922 0.096527
40.155 0.0983361
40.211 0.100794
40.2632 0.101695
40.3056 0.100858
40.3645 0.100876
40.409 0.101266
40.476 0.102608
40.5278 0.104532
40.6109 0.108215
40.6766 0.113314
40.7754 0.119774
40.8118 0.121678
40.867 0.117843
40.9011 0.114363
40.9728 0.113317
41.0237 0.114403
41.0949 0.115352
41.1458 0.116183
41.217 0.11691
41.3154 0.123547
41.454 0.137853
41.5524 0.150247
41.6915 0.161091
41.7856 0.170079
41.9022 0.175194
42.0205 0.18267
42.1388 0.189336
42.2571 0.195294
42.3754 0.200508
42.4937 0.204944
42.612 0.208826
42.7303 0.212348
42.846 0.215179
42.9609 0.217032
43.0538 0.215778
43.1678 0.214681
43.2522 0.212721
43.3629 0.210506
43.443 0.207942
43.5469 0.20495
43.6228 0.201831
43.7211 0.198477
43.7924 0.194917
43.8873 0.191303
43.9552 0.187765
44.0451 0.184044
44.1099 0.180289
44.1947 0.176378
44.2571 0.17283
44.3376 0.169102
44.3974 0.165464
44.4742 0.161906
44.5323 0.158543
44.6107 0.155725
44.6739 0.153884
44.7608 0.153399
44.8341 0.154349
44.9117 0.15393
44.9855 0.153564
45.0669 0.153743
45.1454 0.154526
45.2302 0.15571
45.3116 0.156996
45.3998 0.158497
45.4846 0.16031
45.5761 0.162396
45.6648 0.164596
45.7551 0.166397
45.8445 0.168097
45.9209 0.16771
45.9942 0.165496
46.0688 0.163309
46.1418 0.161271
46.2164 0.159612
46.2889 0.158035
46.3635 0.156656
46.4364 0.155574
46.5111 0.154627
46.584 0.153674
46.659 0.152965
46.7328 0.152469
46.8121 0.152535
46.8986 0.154218
46.9715 0.154816
47.0445 0.153714
47.1191 0.153
47.1941 0.152625
47.27 0.152422
47.3468 0.152369
47.4205 0.152073
47.4943 0.151564
47.5664 0.150868
47.6376 0.149885
47.708 0.148899
47.7775 0.147787
47.853 0.147438
47.9323 0.148384
48.0095 0.149336
48.0909 0.150419
48.1685 0.151491
48.2503 0.152555
48.3283 0.153486
48.4102 0.1543
48.4877 0.154887
48.5692 0.155401
48.6455 0.155726
48.7256 0.155761
48.8015 0.15579
48.8812 0.155817
48.9571 0.15584
49.0364 0.155735
49.1093 0.155268
49.1857 0.154484
49.2582 0.153799
49.3341 0.153199
49.4061 0.152549
49.482 0.15198
49.5545 0.151483
49.6304 0.151048
49.7025 0.150667
49.7784 0.150333
49.8509 0.150042
49.9268 0.149786
49.9989 0.149563
50.0748 0.149368
50.1469 0.149197
50.2223 0.149047
50.2931 0.148791
50.3678 0.148317
50.4381 0.147903
50.5128 0.14754
50.5832 0.147222
50.6574 0.146945
50.7256 0.146326
50.7981 0.145661
50.866 0.144953
50.938 0.144334
51.0059 0.143792
51.0716 0.142443
51.1297 0.140138
51.1937 0.137871
51.2518 0.135887
51.3158 0.134151
51.3743 0.132757
51.4456 0.132412
51.5155 0.133486
51.591 0.13505
51.6627 0.136544
51.739 0.137851
51.8111 0.139245
51.887 0.140339
51.9595 0.141297
52.0349 0.142135
52.1083 0.142993
52.1842 0.143869
52.2597 0.14476
52.3398 0.14604
52.4097 0.146535
52.4886 0.146843
52.5632 0.147738
52.6425 0.148521
52.718 0.149205
52.7981 0.150055
52.874 0.150923
52.9533 0.151433
53.0305 0.152003
53.1093 0.152503
53.1865 0.15294
53.2696 0.153823
53.3493 0.15497
53.4248 0.154974
53.5041 0.154977
53.5851 0.15573
53.6656 0.156389
53.7479 0.15709
53.8293 0.157954
53.9116 0.15871
53.9934 0.159371
54.0756 0.159949
54.1575 0.160456
54.2414 0.161149
54.3288 0.16238
54.4102 0.163208
54.489 0.162932
54.5649 0.161815
54.6357 0.159838
54.7176 0.158984
54.7943 0.158986
54.8825 0.159737
54.9643 0.16102
55.0547 0.162393
55.1378 0.163719
55.2289 0.165004
55.3158 0.166628
55.4142 0.16905
55.4922 0.170044
55.5736 0.168663
55.644 0.16658
55.722 0.164383
55.7979 0.16296
55.8819 0.162465
55.9637 0.162907
56.0545 0.164168
56.1431 0.166147
56.2372 0.168254
56.3279 0.170222
56.4288 0.172819
56.5238 0.175717
56.6112 0.176627
56.6905 0.175424
56.7604 0.172121
56.8304 0.168106
56.9046 0.165093
56.9792 0.163081
57.0593 0.162071
57.1399 0.161812
57.2255 0.162336
57.312 0.163669
57.4015 0.16521
57.4922 0.167059
57.5855 0.169176
57.6919 0.172904
57.7806 0.175666
57.8641 0.175333
57.9349 0.172666
58.0049 0.168583
58.0769 0.16526
58.1516 0.162978
58.2287 0.161605
58.308 0.16103
58.3894 0.161026
58.4734 0.161523
58.559 0.162582
58.6481 0.164135
58.7379 0.165868
58.8427 0.169384
58.9453 0.174211
59.0284 0.175685
59.1098 0.174224
59.1759 0.170821
59.2455 0.166469
59.3142 0.163035
59.3871 0.160406
59.4592 0.15848
59.5351 0.15717
59.6101 0.156399
59.6894 0.156099
59.7678 0.156211
59.8505 0.15681
59.9319 0.157709
60.0235 0.15962
60.1282 0.164293
60.2105 0.167131
60.2911 0.166615
60.356 0.164038
60.4281 0.160658
60.4959 0.157951
60.5748 0.156457
60.6477 0.1559
60.7342 0.156412
60.8173 0.158111
60.9182 0.161347
61.0187 0.166304
61.1481 0.174266
61.2697 0.183857
61.4809 0.202375
61.6591 0.188078
61.7409 0.175444
61.7467 0.164388
61.8285 0.15484
61.8343 0.146485
61.9161 0.139174
61.9222 0.132777
62.0041 0.12718
62.0098 0.122158
62.0918 0.117763
62.0975 0.114043
62.1794 0.110787
62.1854 0.107939
62.2673 0.105446
62.2733 0.103266
62.3562 0.101482
62.3634 0.100047
62.4563 0.100041
62.4656 0.100286
62.5517 0.0996253
62.5593 0.0989222
62.6433 0.0980569
62.6513 0.0972998
62.7365 0.0967623
62.7454 0.096417
62.8315 0.0962399
62.8413 0.0962099
62.9282 0.0963087
62.9388 0.0963951
63.0266 0.0965957
63.038 0.0970212
63.1364 0.0986436
63.1512 0.100438
63.2436 0.101258
63.2555 0.101601
63.3352 0.100401
63.3484 0.0994758
63.4294 0.0987913
63.4434 0.0983174
63.5265 0.0981527
63.5413 0.0981337
63.6265 0.0983669
63.6422 0.0986961
63.7296 0.0992341
63.7461 0.0998298
63.8381 0.100976
63.8597 0.102479
63.9551 0.104294
63.9725 0.105382
64.0492 0.10396
64.0683 0.102965
64.1485 0.102469
64.1688 0.10216
64.2532 0.102515
64.2748 0.102951
64.3634 0.103832
64.3868 0.104853
64.48 0.106371
64.5055 0.10795
64.6089 0.110456
64.6352 0.112899
64.7293 0.113912
64.7518 0.114173
64.8307 0.112526
64.8536 0.11121
64.9388 0.110809
64.9642 0.110833
65.0571 0.111854
65.0864 0.113122
65.189 0.115357
65.2229 0.117937
65.3251 0.12032
65.3581 0.12228
65.4641 0.12437
65.4955 0.125949
65.5871 0.12558
65.6134 0.124633
65.6876 0.121554
65.7118 0.118609
65.7889 0.116408
65.8144 0.114732
65.8945 0.113641
65.9216 0.112811
66.0081 0.112959
66.0378 0.113339
66.1319 0.114547
66.165 0.116229
66.2668 0.118575
66.3049 0.121128
66.3986 0.122487
66.4317 0.123051
66.5101 0.12167
66.5386 0.119836
66.6128 0.117607
66.6441 0.116156
66.7226 0.115386
66.7565 0.114963
66.84 0.115343
66.8765 0.115925
66.9693 0.117559
67.0096 0.119489
67.1046 0.121428
67.1529 0.124125
67.2492 0.126734
67.2916 0.128267
67.3755 0.127984
67.4128 0.127111
67.487 0.125222
67.5201 0.123069
67.5964 0.121311
67.6329 0.120147
67.7168 0.120128
67.7588 0.120862
67.8508 0.122505
67.8945 0.124192
67.9937 0.126543
68.0425 0.129225
68.1519 0.132822
68.2015 0.136094
68.2998 0.137582
68.3452 0.138384
68.4351 0.138086
68.4771 0.137326
68.5623 0.136035
68.6034 0.134781
68.6785 0.132433
68.7158 0.129879
68.7904 0.127644
68.8337 0.126438
68.9202 0.126884
68.9702 0.128148
69.0711 0.131005
69.1296 0.134504
69.2445 0.139316
69.306 0.143902
69.4273 0.148789
69.4909 0.153315
69.5981 0.155526
69.6562 0.156835
69.7465 0.155731
69.7961 0.153764
69.872 0.150294
69.9153 0.146382
69.9852 0.142209
70.026 0.138183
70.101 0.135285
70.1476 0.133625
70.2312 0.133297
70.2846 0.133759
70.3787 0.135415
70.4402 0.137988
70.5445 0.141489
70.617 0.145928
70.7256 0.150312
70.7858 0.152523
70.8752 0.152208
70.9248 0.150557
70.999 0.147237
71.0414 0.143457
71.1093 0.139275
71.1517 0.135616
71.2246 0.133039
71.2708 0.131284
71.351 0.130624
71.4023 0.130796
71.4909 0.131946
71.5481 0.133703
71.6452 0.136365
71.7109 0.139569
71.8292 0.145123
71.8865 0.148983
71.987 0.149985
72.0366 0.149987
72.1231 0.148363
72.165 0.145943
72.2405 0.142325
72.2799 0.138785
72.3529 0.135436
72.3851 0.131757
72.4405 0.126287
72.4727 0.121376
72.5283 0.117204
72.5605 0.113554
72.6159 0.110235
72.6481 0.107455
72.7035 0.105023
72.741 0.103395
72.8143 0.104346
72.8673 0.107178
72.9585 0.111781
73.0064 0.115183
73.0882 0.117035
73.1315 0.118031
73.204 0.117652
73.2447 0.11707
73.3269 0.117812
73.3753 0.11946
73.4724 0.122778
73.5287 0.126555
73.6428 0.131986
73.7098 0.138113
73.8434 0.145974
73.9222 0.154352
74.046 0.160433
74.1156 0.164504
74.2245 0.166191
74.2864 0.166792
74.3823 0.165693
74.4374 0.163856
74.5196 0.160499
74.5658 0.156437
74.6337 0.151132
74.6718 0.145491
74.7427 0.140929
74.7825 0.137188
74.8559 0.134165
74.8987 0.131894
74.9759 0.130407
75.0212 0.129481
75.1022 0.129171
75.1497 0.129025
75.2349 0.129397
75.2922 0.131097
75.3905 0.13421
75.435 0.135309
75.5126 0.133645
75.5474 0.13094
75.6131 0.127197
75.65 0.124172
75.7187 0.121776
75.7577 0.119929
75.8294 0.118813
75.8709 0.118086
75.946 0.117825
75.9896 0.117972
76.0681 0.118601
76.1139 0.119276
76.205 0.121491
76.2644 0.12518
76.339 0.126282
76.3857 0.125622
76.4433 0.122919
76.4857 0.120054
76.5451 0.117798
76.5896 0.116073
76.6515 0.114814
76.6981 0.114087
76.7626 0.113701
76.8109 0.113489
76.8779 0.113677
76.928 0.114093
76.9979 0.114831
77.0556 0.116477
77.1442 0.120293
77.19 0.122006
77.2587 0.121005
77.2947 0.119005
77.3583 0.116629
77.3965 0.1148
77.4626 0.11345
77.5025 0.112519
77.5712 0.112079
77.6127 0.111819
77.6839 0.111842
77.7268 0.112112
77.8005 0.112723
77.8451 0.113507
77.932 0.115694
77.9888 0.119107
78.0583 0.120094
78.1024 0.119332
78.1576 0.116791
78.2025 0.114692
78.2597 0.113105
78.3064 0.111967
78.3662 0.111346
78.4141 0.110928
78.476 0.110687
78.5256 0.110726
78.5892 0.111135
78.6401 0.111618
78.7054 0.112166
78.7694 0.11427
78.8419 0.116987
78.8919 0.117613
78.9479 0.116162
78.9903 0.114016
79.048 0.112264
79.092 0.110981
79.1523 0.110234
79.198 0.109704
79.2595 0.109366
79.307 0.109321
79.3706 0.109531
79.4202 0.109964
79.4855 0.110594
79.5381 0.111519
79.6212 0.11458
79.6729 0.117007
79.7374 0.116881
79.7777 0.115396
79.837 0.113472
79.8794 0.112038
79.9417 0.111033
79.9863 0.110529
80.0511 0.110463
80.0974 0.11053
80.1652 0.110964
80.2131 0.111593
80.2839 0.112394
80.3339 0.113345
80.4192 0.116177
80.4823 0.12028
80.5489 0.12137
80.5989 0.120698
80.6511 0.118486
80.6986 0.116175
80.7529 0.114278
80.8029 0.112994
80.8597 0.112244
80.9114 0.111839
80.9708 0.111734
81.0242 0.111892
81.0853 0.112281
81.1404 0.112746
81.2031 0.113402
81.2697 0.115352
81.3439 0.118433
81.3956 0.119379
81.4537 0.118207
81.4953 0.115931
81.5542 0.114064
81.5975 0.112556
81.6589 0.111487
81.7039 0.110801
81.7679 0.110576
81.8146 0.110629
81.8811 0.11105
81.9299 0.111544
81.9986 0.112226
82.0499 0.113198
82.1372 0.116423
82.1902 0.119495
82.2581 0.119683
82.2996 0.118348
82.3568 0.115804
82.4005 0.113954
82.4603 0.11271
82.5052 0.111746
82.5676 0.111153
82.6142 0.110884
82.6744 0.110398
82.7088 0.108348
82.762 0.105805
82.7968 0.103579
82.8497 0.101507
82.8846 0.0998185
82.9374 0.0983411
82.9722 0.0970485
83.0266 0.0960424
83.066 0.0956621
83.127 0.0963294
83.1779 0.0982882
83.2436 0.100502
83.3077 0.104189
83.3908 0.109541
83.4739 0.116598
83.5837 0.126148
83.6804 0.136255
83.7889 0.144848
83.889 0.152742
83.992 0.159149
84.0878 0.164131
84.1858 0.167739
84.2774 0.170522
84.3706 0.172332
84.4563 0.173165
84.5436 0.173145
84.6238 0.172376
84.7052 0.171079
84.7802 0.169319
84.8565 0.16703
84.9269 0.164401
84.9969 0.161351
85.0592 0.157807
85.1156 0.152956
85.1656 0.147087
85.2161 0.141326
85.2682 0.136535
85.3212 0.132593
85.3751 0.129394
85.4311 0.12697
85.4875 0.125099
85.546 0.123711
85.6041 0.122872
85.6647 0.122388
85.7249 0.12209
85.7982 0.123579
85.8691 0.126256
85.9263 0.126474
85.9818 0.124665
86.0272 0.121707
86.0802 0.118868
86.1273 0.11651
86.1824 0.114696
86.2311 0.113359
86.2892 0.112564
86.3397 0.111994
86.4003 0.111869
86.4533 0.112136
86.5161 0.112619
86.5716 0.113291
86.6475 0.115505
86.7124 0.118692
86.7713 0.119355
86.8214 0.118061
86.8688 0.115428
86.9185 0.113125
86.9676 0.111359
87.0185 0.109939
87.0698 0.108947
87.122 0.108204
87.1758 0.107928
87.2301 0.108062
87.2856 0.108304
87.3425 0.108766
87.4001 0.109545
87.4688 0.111602
87.5383 0.114902
87.5922 0.116039
87.646 0.115034
87.6901 0.112905
87.7444 0.111042
87.7902 0.109662
87.8462 0.108704
87.8937 0.107991
87.9517 0.107617
88.0005 0.10754
88.0603 0.107722
88.1112 0.108132
88.1731 0.108741
88.2256 0.109398
88.3037 0.111973
88.3622 0.115102
88.4224 0.115589
88.4682 0.11439
88.5199 0.112217
88.567 0.110439
88.6204 0.10926
88.6696 0.108477
88.7251 0.108042
88.776 0.107787
88.8328 0.107689
88.8858 0.107978
88.9447 0.10848
88.9994 0.10917
89.063 0.110399
89.133 0.113349
89.1932 0.115431
89.2475 0.115252
89.295 0.11347
89.3459 0.111536
89.3955 0.110219
89.4485 0.109317
89.5002 0.108777
89.5557 0.108555
89.6096 0.108611
89.6677 0.109034
89.7241 0.10978
89.7847 0.110683
89.8436 0.111722
89.9183 0.114507
89.9869 0.118069
90.0455 0.119185
90.0989 0.118287
90.1455 0.116001
90.1981 0.114001
90.2469 0.112376
90.3011 0.111204
90.352 0.110553
90.4084 0.110109
90.4605 0.109846
90.5191 0.10999
90.5729 0.110241
90.6331 0.110711
90.6891 0.111497
90.7633 0.11381
90.8273 0.116834
90.8845 0.117355
90.9337 0.115935
90.9812 0.113568
91.0313 0.111622
91.08 0.110044
91.1317 0.108789
91.1822 0.10794
91.236 0.107573
91.2882 0.107376
91.3442 0.107454
91.398 0.107772
91.4561 0.108301
91.5116 0.108888
91.5846 0.111277
91.6477 0.114368
91.7041 0.115072
91.7537 0.113938
91.8012 0.11182
91.853 0.110218
91.9021 0.109066
91.956 0.108307
92.0065 0.107769
92.0624 0.107673
92.1141 0.107714
92.1722 0.108
92.2257 0.108375
92.2859 0.108953
92.3423 0.109959
92.4199 0.112964
92.4758 0.115468
92.5365 0.11566
92.5797 0.114202
92.6335 0.112052
92.6781 0.110421
92.7332 0.109118
92.7803 0.108228
92.8371 0.1077
92.8854 0.107362
92.9435 0.107192
92.9939 0.107293
93.0533 0.107631
93.1055 0.108177
93.1409 0.10553
93.1931 0.103339
93.2285 0.101422
93.2807 0.0996189
93.3161 0.0981665
93.3683 0.0968957
93.4037 0.0956587
93.456 0.0947014
93.4928 0.0939887
93.5466 0.0934901
93.5856 0.0934289
93.642 0.0937503
93.6874 0.0947815
93.7493 0.0963088
93.7913 0.0972702
93.8561 0.0984864
93.9015 0.0999256
93.9727 0.101935
94.0253 0.104693
94.1063 0.108356
94.1631 0.112062
94.2454 0.115429
94.3043 0.118625
94.3938 0.122297
94.4637 0.126885
94.546 0.130024
94.6096 0.132021
94.6863 0.133144
94.7457 0.133501
94.8224 0.133813
94.8742 0.133212
94.942 0.13156
94.9925 0.129865
95.0654 0.129007
95.1256 0.129506
95.2125 0.131693
95.2842 0.135106
95.3876 0.140093
95.4724 0.146081
95.5979 0.154071
95.6848 0.161312
95.8014 0.166648
95.879 0.170192
95.9833 0.171668
96.0508 0.171585
96.1411 0.169887
96.1996 0.167276
96.2734 0.162866
96.3213 0.157758
96.3806 0.151413
96.423 0.145237
96.4866 0.140332
96.5324 0.136416
96.6003 0.133614
96.6499 0.131537
96.7224 0.130345
96.7758 0.129802
96.8525 0.129826
96.9089 0.130223
96.9908 0.131195
97.0637 0.134171
97.137 0.135774
97.1934 0.135053
97.2507 0.132296
97.2948 0.128384
97.3495 0.124711
97.3953 0.121747
97.4517 0.119279
97.4996 0.117369
97.5581 0.116073
97.6077 0.115064
97.6683 0.114431
97.7205 0.114252
97.7832 0.114345
97.8371 0.114677
97.9117 0.116343
97.9795 0.11955
98.038 0.120481
98.091 0.119421
98.1373 0.116868
98.1903 0.114635
98.2382 0.11293
98.2929 0.111564
98.3425 0.110619
98.3993 0.110166
98.4502 0.109895
98.5091 0.109909
98.5617 0.110045
98.6227 0.110414
98.677 0.111113
98.7508 0.113223
98.8161 0.116446
98.8729 0.11714
98.9234 0.115872
98.9696 0.113513
99.0213 0.111574
99.0692 0.110127
99.1222 0.108986
99.1718 0.108113
99.2261 0.107599
99.2782 0.107524
99.3338 0.107459
99.3881 0.107776
99.4453 0.108304
99.5013 0.108891
99.5725 0.111155
99.637 0.114135
99.6921 0.114869
99.7425 0.11376
99.7892 0.111665
99.8417 0.110082
99.8901 0.108947
99.9439 0.108078
99.994 0.107444
100.049 0.107263
100.101 0.10723
100.157 0.107326
100.21 0.107661
100.268 0.108078
100.323 0.108693
100.398 0.111357
100.44 0.112062
100.486 0.109054
100.529 0.106422
100.574 0.10412
100.617 0.102105
100.662 0.100342
100.704 0.0987989
100.75 0.0973241
100.793 0.0961586
100.837 0.0951387
100.88 0.0942464
100.925 0.0934656
100.968 0.0927824
101.013 0.0921846
101.057 0.0916615
101.103 0.0913288
101.148 0.0912877
101.201 0.0921268
101.257 0.0942359
101.308 0.0959564
101.352 0.0959619
101.402 0.0957166
101.447 0.0956271
101.498 0.0956737
101.545 0.0959645
101.597 0.0963439
101.645 0.0968009
101.699 0.0974508
101.748 0.0981445
101.804 0.0990014
101.854 0.0998762
101.916 0.101392
101.98 0.104468
102.037 0.106409
102.086 0.106358
102.132 0.104938
102.183 0.103821
102.23 0.103218
102.284 0.102941
102.333 0.102823
102.389 0.103096
102.44 0.103709
102.498 0.104495
102.552 0.105433
102.613 0.106504
102.669 0.107691
102.747 0.11098
102.805 0.114232
102.866 0.114953
102.912 0.113959
102.961 0.111464
103.009 0.109531
103.06 0.10834
103.11 0.107422
103.163 0.106744
103.214 0.106401
103.268 0.106351
103.321 0.106557
103.376 0.106738
103.431 0.107145
103.487 0.107627
103.556 0.109799
103.618 0.112449
103.671 0.112768
103.719 0.111297
103.765 0.109135
103.814 0.107368
103.861 0.105947
103.912 0.104954
103.961 0.104209
104.013 0.103683
104.063 0.103473
104.117 0.103539
104.168 0.103721
104.223 0.104131
104.276 0.104615
104.346 0.106788
104.404 0.109564
104.458 0.109869
104.502 0.108385
104.552 0.106587
104.598 0.105139
104.648 0.103996
104.695 0.103247
104.746 0.102716
104.795 0.102376
104.847 0.102204
104.898 0.102179
104.951 0.102407
105.002 0.102731
105.059 0.103264
105.124 0.105606
105.182 0.107906
105.232 0.107917
105.277 0.106303
105.325 0.10464
105.372 0.10331
105.421 0.102271
105.468 0.101612
105.519 0.101161
105.567 0.100891
105.619 0.100904
105.668 0.100916
105.722 0.101052
105.772 0.101295
105.83 0.102133
105.893 0.104617
105.951 0.106665
106 0.106707
106.044 0.105118
106.093 0.103603
106.139 0.102403
106.189 0.101603
106.235 0.101027
106.287 0.100649
106.334 0.100443
106.387 0.100387
106.436 0.100464
106.49 0.100781
106.54 0.101308
106.6 0.10227
106.663 0.104861
106.719 0.106628
106.767 0.1063
106.812 0.104637
106.862 0.103433
106.907 0.102504
106.959 0.101691
107.005 0.101104
107.057 0.100841
107.105 0.100736
107.159 0.100769
107.207 0.101048
107.262 0.101292
107.311 0.10163
107.375 0.103177
107.438 0.106155
107.49 0.10726
107.539 0.106353
107.584 0.104684
107.633 0.103348
107.679 0.102305
107.73 0.101642
107.776 0.101186
107.828 0.100788
107.876 0.100565
107.929 0.100619
107.978 0.100792
108.032 0.101068
108.081 0.101434
108.148 0.103255
108.208 0.106223
108.259 0.106945
108.306 0.105702
108.353 0.104239
108.401 0.103209
108.449 0.102308
108.499 0.101645
108.548 0.101314
108.599 0.10115
108.649 0.101131
108.701 0.10124
108.752 0.10146
108.805 0.101902
108.859 0.102539
108.927 0.104847
108.982 0.106991
109.034 0.106992
109.076 0.105493
109.128 0.104057
109.172 0.102925
109.225 0.102184
109.269 0.101661
109.324 0.101328
109.37 0.101162
109.426 0.101267
109.473 0.101609
109.53 0.102033
109.579 0.102528
109.643 0.103837
109.706 0.106608
109.763 0.108282
109.811 0.107872
109.857 0.106013
109.905 0.104636
109.952 0.103557
110.002 0.102612
110.05 0.102035
110.101 0.101656
110.15 0.101449
110.202 0.101518
110.253 0.101578
110.306 0.101756
110.358 0.102161
110.418 0.103516
110.485 0.106452
110.536 0.10777
110.586 0.107049
110.629 0.105293
110.679 0.103631
110.716 0.101677
110.766 0.0999677
110.804 0.0984717
110.854 0.0971627
110.892 0.0958924
110.942 0.0947808
110.979 0.0939332
111.03 0.0931916
111.07 0.0929176
111.128 0.0935529
111.173 0.0947338
111.227 0.0953921
111.278 0.0965931
111.339 0.0985189
111.397 0.101079
111.474 0.105319
111.539 0.109779
111.614 0.113557
111.677 0.116737
111.751 0.119145
111.817 0.121752
111.894 0.124408
111.951 0.125482
112.018 0.125297
112.069 0.124385
112.129 0.122712
112.18 0.121373
112.251 0.121451
112.312 0.12277
112.395 0.125548
112.468 0.12923
112.565 0.134326
112.651 0.14041
112.766 0.147859
112.858 0.155252
112.946 0.158345
113.022 0.159052
113.095 0.157796
113.158 0.155196
113.219 0.151297
113.272 0.14651
113.322 0.141196
113.375 0.136421
113.43 0.132869
113.485 0.13001
113.543 0.127759
113.601 0.126289
113.662 0.125378
113.723 0.124956
113.787 0.125086
113.852 0.125575
113.927 0.127378
114.009 0.131206
114.069 0.13243
114.133 0.131377
114.181 0.128955
114.232 0.12521
114.278 0.121684
114.331 0.118848
114.38 0.116742
114.436 0.11515
114.486 0.114131
114.545 0.11349
114.598 0.113303
114.66 0.113515
114.716 0.113951
114.78 0.114832
114.85 0.117228
114.92 0.120075
114.974 0.120565
115.028 0.11887
115.069 0.116011
115.122 0.113385
115.165 0.111211
115.22 0.109435
115.264 0.108131
115.32 0.107239
115.366 0.106584
115.424 0.106136
115.471 0.105869
115.53 0.106011
115.579 0.106384
115.646 0.107586
115.709 0.110263
115.768 0.111605
115.816 0.111029
115.862 0.108901
115.91 0.107163
115.958 0.105893
116.008 0.104781
116.057 0.103934
116.108 0.103567
116.159 0.103371
116.211 0.1032
116.263 0.1033
116.316 0.103512
116.369 0.103823
116.429 0.10497
116.496 0.107849
116.548 0.109243
116.6 0.108463
116.642 0.10678
116.695 0.105307
116.738 0.104144
116.792 0.103376
116.837 0.102704
116.891 0.102241
116.938 0.102086
116.993 0.102075
117.04 0.102191
117.097 0.102417
117.145 0.10274
117.212 0.104147
117.274 0.107129
117.326 0.107988
117.373 0.106989
117.419 0.105366
117.468 0.10407
117.515 0.103061
117.566 0.102304
117.613 0.101766
117.665 0.10142
117.714 0.101242
117.766 0.101337
117.817 0.101545
117.87 0.101852
117.922 0.10237
117.989 0.104449
118.047 0.107018
118.099 0.107266
118.144 0.105857
118.193 0.104375
118.239 0.103203
118.289 0.102303
118.336 0.101765
118.388 0.101419
118.436 0.101117
118.489 0.101102
118.539 0.10134
118.593 0.101672
118.643 0.102088
118.702 0.102952
118.766 0.105458
118.824 0.107526
118.874 0.10746
118.918 0.105903
118.967 0.104415
119.013 0.103238
119.064 0.102333
119.111 0.101667
119.162 0.101208
119.211 0.101057
119.263 0.10105
119.312 0.101169
119.366 0.101523
119.417 0.101832
119.476 0.102853
119.541 0.105497
119.596 0.107185
119.645 0.106911
119.689 0.105298
119.74 0.10401
119.786 0.103009
119.838 0.102258
119.884 0.101851
119.938 0.101619
119.986 0.101542
120.04 0.101724
120.09 0.102009
120.146 0.102383
120.196 0.10296
120.263 0.10484
120.327 0.10811
120.378 0.108971
120.428 0.10785
120.472 0.106118
120.522 0.104729
120.569 0.103638
120.62 0.102933
120.667 0.102441
120.72 0.102136
120.768 0.101869
120.822 0.101885
120.871 0.10215
120.927 0.102381
120.977 0.102708
121.046 0.104745
121.094 0.106277
121.133 0.103992
121.181 0.101993
121.221 0.100119
121.269 0.0984791
121.309 0.0971692
121.356 0.0960231
121.396 0.0950202
121.444 0.0941427
121.486 0.0934998
121.538 0.0934374
121.584 0.0941327
121.649 0.0962411
121.698 0.098336
121.758 0.099794
121.811 0.10157
121.877 0.103624
121.939 0.106546
122.017 0.110727
122.076 0.114011
122.151 0.11651
122.208 0.118446
122.28 0.119765
122.34 0.121295
122.415 0.123133
122.465 0.123491
122.53 0.12243
122.574 0.120751
122.643 0.119782
122.694 0.119684
122.774 0.121099
122.833 0.123337
122.926 0.126919
122.994 0.131305
123.102 0.136766
123.181 0.143046
123.306 0.150665
123.375 0.155957
123.482 0.158587
123.543 0.159764
123.636 0.159043
123.689 0.157413
123.766 0.153861
123.81 0.149879
123.874 0.144644
123.911 0.139063
123.98 0.13493
124.019 0.131564
124.088 0.128744
124.129 0.126401
124.201 0.124601
124.244 0.1234
124.319 0.122725
124.363 0.122385
124.441 0.122462
124.496 0.123779
124.585 0.126182
124.628 0.126784
124.697 0.124936
124.731 0.122194
124.793 0.119045
124.829 0.116414
124.894 0.114362
124.932 0.112942
124.999 0.111949
125.038 0.111331
125.108 0.111039
125.149 0.111034
125.222 0.111405
125.265 0.111854
125.349 0.113873
125.405 0.117139
125.473 0.117871
125.515 0.117012
125.568 0.114261
125.61 0.111728
125.664 0.109762
125.707 0.108292
125.763 0.10713
125.807 0.106114
125.864 0.105475
125.909 0.10504
125.968 0.10491
126.014 0.105047
126.075 0.105291
126.126 0.106004
126.203 0.108754
126.249 0.110535
126.308 0.109968
126.344 0.108222
126.402 0.106319
126.439 0.104904
126.498 0.103916
126.536 0.103052
126.597 0.10242
126.636 0.102118
126.698 0.101978
126.738 0.101856
126.801 0.101999
126.842 0.102374
126.912 0.103452
126.964 0.105646
127.03 0.107315
127.071 0.107276
127.124 0.105616
127.165 0.104289
127.22 0.103128
127.262 0.102237
127.318 0.101707
127.361 0.101494
127.418 0.101432
127.463 0.101378
127.521 0.101581
127.567 0.101883
127.626 0.102273
127.679 0.103489
127.755 0.106553
127.797 0.108109
127.856 0.10722
127.891 0.105568
127.951 0.104247
127.987 0.103091
128.048 0.102454
128.085 0.102023
128.148 0.10177
128.186 0.101549
128.25 0.10148
128.289 0.10167
128.354 0.101961
128.394 0.102466
128.471 0.104283
128.523 0.107247
128.583 0.107967
128.624 0.107096
128.677 0.105459
128.719 0.104151
128.773 0.103132
128.816 0.102366
128.872 0.10182
128.915 0.101593
128.972 0.101519
129.016 0.101454
129.075 0.101522
129.12 0.101707
129.18 0.102243
129.236 0.103963
129.305 0.106593
129.348 0.107269
129.401 0.105735
129.442 0.104393
129.496 0.103219
129.538 0.102317
129.593 0.101777
129.637 0.10143
129.693 0.101251
129.738 0.10122
129.795 0.101192
129.841 0.101418
129.9 0.101866
129.947 0.102383
130.021 0.104835
130.072 0.107231
130.129 0.107202
130.168 0.105801
130.223 0.104451
130.263 0.10327
130.32 0.102361
130.36 0.101816
130.419 0.101464
130.461 0.101281
130.52 0.101246
130.563 0.10134
130.623 0.101673
130.667 0.101964
130.734 0.102968
130.79 0.105472
130.853 0.107288
130.896 0.107127
130.947 0.105486
130.991 0.104175
131.044 0.103153
131.088 0.102509
131.142 0.102071
131.189 0.101812
131.244 0.10171
131.291 0.101747
131.347 0.102028
131.396 0.1024
131.453 0.10285
131.511 0.104369
131.584 0.107572
131.599 0.105251
131.671 0.103095
131.687 0.101083
131.759 0.0993224
131.775 0.0979071
131.847 0.0966687
131.862 0.0955851
131.934 0.094637
131.95 0.0938073
132.024 0.0933314
132.042 0.093165
132.128 0.0943944
132.151 0.0960951
132.237 0.0978332
132.26 0.099229
132.349 0.1007
132.375 0.102488
132.476 0.105677
132.507 0.108967
132.622 0.113596
132.658 0.118272
132.789 0.124363
132.834 0.130817
132.987 0.139215
133.027 0.145938
133.158 0.148946
133.192 0.151078
133.304 0.150443
133.334 0.149388
133.43 0.146464
133.457 0.143406
133.538 0.139105
133.562 0.134967
133.654 0.132596
133.682 0.130897
133.786 0.131035
133.819 0.13178
133.936 0.133933
133.971 0.136191
134.096 0.139167
134.134 0.142271
134.283 0.147987
134.315 0.151989
134.434 0.15174
134.46 0.150898
134.555 0.147286
134.576 0.143375
134.651 0.137328
134.672 0.132287
134.748 0.128001
134.771 0.124251
134.849 0.12122
134.871 0.118692
134.951 0.116731
134.975 0.115139
135.057 0.113872
135.082 0.112888
135.165 0.112277
135.192 0.111992
135.297 0.114493
135.321 0.116432
135.401 0.115003
135.421 0.113002
135.498 0.110877
135.518 0.109267
135.597 0.107984
135.619 0.106986
135.699 0.106488
135.723 0.106177
135.805 0.106155
135.829 0.10626
135.914 0.106603
135.939 0.107027
136.037 0.108899
136.07 0.111537
136.154 0.112345
136.18 0.112176
136.25 0.110029
136.277 0.108276
136.348 0.107116
136.377 0.106227
136.45 0.105573
136.479 0.105252
136.554 0.105095
136.584 0.105083
136.66 0.105323
136.692 0.105533
136.769 0.105966
136.808 0.107345
136.899 0.110052
136.929 0.111296
136.998 0.109759
137.024 0.107914
137.094 0.10655
137.121 0.105356
137.193 0.104436
137.22 0.103882
137.294 0.103522
137.322 0.103331
137.397 0.103415
137.426 0.103488
137.503 0.103677
137.533 0.103967
137.625 0.106347
137.664 0.109428
137.734 0.109375
137.764 0.108203
137.83 0.106552
137.86 0.105358
137.927 0.104439
137.959 0.103634
138.027 0.103055
138.06 0.102798
138.129 0.102823
138.163 0.102845
138.233 0.10299
138.268 0.103366
138.344 0.104195
138.388 0.106171
138.465 0.108149
138.5 0.108506
138.56 0.106817
138.595 0.105465
138.657 0.104407
138.694 0.103606
138.757 0.10303
138.794 0.102777
138.859 0.102805
138.897 0.102829
138.963 0.102975
139.003 0.103228
139.07 0.1037
139.114 0.104737
139.2 0.107895
139.237 0.109658
139.303 0.108826
139.331 0.107098
139.398 0.105586
139.428 0.104387
139.496 0.103464
139.527 0.102906
139.596 0.102668
139.628 0.102459
139.698 0.102402
139.731 0.102602
139.803 0.102901
139.837 0.103289
139.92 0.104878
139.963 0.107518
140.036 0.108578
140.069 0.108256
140.131 0.106599
140.165 0.105274
140.228 0.10424
140.263 0.10346
140.327 0.103027
140.364 0.102649
140.429 0.102568
140.467 0.102622
140.534 0.102794
140.572 0.10307
140.64 0.103436
140.687 0.105007
140.768 0.107881
140.804 0.109021
140.866 0.107643
140.899 0.106063
140.962 0.104805
140.997 0.103829
141.061 0.103226
141.096 0.102822
141.161 0.102595
141.198 0.10252
141.265 0.10258
141.303 0.102883
141.37 0.103272
141.41 0.103613
141.493 0.106037
141.539 0.108907
141.602 0.108919
141.638 0.107679
141.697 0.106094
141.734 0.104832
141.795 0.103853
141.832 0.103247
141.895 0.102841
141.933 0.102611
141.997 0.102534
142.036 0.102593
142.101 0.102768
142.124 0.100797
142.188 0.0991977
142.211 0.097798
142.276 0.0964483
142.299 0.0952672
142.363 0.0943588
142.387 0.093564
142.452 0.0928685
142.476 0.0925099
142.542 0.0923212
142.568 0.092156
142.636 0.0922615
142.662 0.0924788
142.731 0.092794
142.758 0.0933197
142.828 0.0939048
142.857 0.0944167
142.928 0.0951146
142.958 0.0958503
143.041 0.097869
143.079 0.10076
143.151 0.10204
143.181 0.102035
143.247 0.101156
143.278 0.100636
143.345 0.100307
143.378 0.100268
143.446 0.100485
143.48 0.100799
143.55 0.101199
143.585 0.101674
143.657 0.10234
143.693 0.103048
143.771 0.104417
143.818 0.10699
143.896 0.109241
143.933 0.109836
143.992 0.108106
144.028 0.106593
144.089 0.105394
144.127 0.104595
144.19 0.10402
144.229 0.103643
144.292 0.103562
144.333 0.103617
144.397 0.10379
144.439 0.104191
144.505 0.104667
144.55 0.105334
144.634 0.108167
144.676 0.110396
144.74 0.109972
144.773 0.10835
144.836 0.106681
144.869 0.105471
144.933 0.104537
144.968 0.10372
145.033 0.103255
145.069 0.102973
145.136 0.102852
145.172 0.10287
145.24 0.103136
145.278 0.103494
145.353 0.104558
145.401 0.106863
145.473 0.108505
145.51 0.108567
145.567 0.106871
145.606 0.105637
145.665 0.104557
145.705 0.103738
145.764 0.103271
145.805 0.102987
145.866 0.102863
145.909 0.10288
145.971 0.103145
146.014 0.103502
146.078 0.103939
146.129 0.105197
146.209 0.108422
146.249 0.109995
146.311 0.10887
146.344 0.107136
146.407 0.105869
146.442 0.104761
146.506 0.103916
146.541 0.103426
146.607 0.103123
146.643 0.102983
146.71 0.102985
146.747 0.103112
146.815 0.103473
146.854 0.103789
146.935 0.10569
146.983 0.108729
147.047 0.109263
147.085 0.108355
147.142 0.106685
147.181 0.10535
147.239 0.104306
147.28 0.103518
147.339 0.102953
147.38 0.102709
147.44 0.10262
147.483 0.102668
147.545 0.102834
147.589 0.103105
147.651 0.103592
147.707 0.105518
147.777 0.108078
147.821 0.108818
147.875 0.107341
147.916 0.105673
147.97 0.104464
148.013 0.103531
148.069 0.10284
148.112 0.102485
148.169 0.102299
148.214 0.102137
148.272 0.102245
148.318 0.102464
148.378 0.102781
148.424 0.103308
148.5 0.105645
148.552 0.108314
148.609 0.108525
148.649 0.107209
148.705 0.105683
148.745 0.104473
148.802 0.103664
148.844 0.103081
148.902 0.102696
148.946 0.102484
149.005 0.102423
149.049 0.10262
149.11 0.102918
149.156 0.103303
149.22 0.104265
149.28 0.106732
149.344 0.108766
149.389 0.10892
149.438 0.10718
149.484 0.105657
149.535 0.10445
149.582 0.103519
149.633 0.102829
149.681 0.102475
149.734 0.102291
149.783 0.102255
149.837 0.102348
149.887 0.102554
149.942 0.102985
149.996 0.103612
150.066 0.10616
150.119 0.108265
150.173 0.108107
150.214 0.106469
150.268 0.105035
150.31 0.103906
150.365 0.103043
150.408 0.102537
150.465 0.102095
150.509 0.101958
150.567 0.101963
150.612 0.102093
150.672 0.102456
150.718 0.102774
150.783 0.103803
150.842 0.106452
150.904 0.108271
150.949 0.107987
150.999 0.106363
151.045 0.105193
151.096 0.104294
151.144 0.103507
151.196 0.103069
151.245 0.10281
151.298 0.102709
151.349 0.10287
151.403 0.103137
151.455 0.103494
151.51 0.103933
151.571 0.105441
151.641 0.108636
151.689 0.109931
151.744 0.10894
151.784 0.107198
151.84 0.105923
151.882 0.104807
151.939 0.103957
151.981 0.103462
152.039 0.103154
152.084 0.10301
152.143 0.103009
152.188 0.103133
152.249 0.103491
152.295 0.10393
152.367 0.105813
152.426 0.108962
152.481 0.109592
152.526 0.108518
152.57 0.106078
152.614 0.103693
152.658 0.101607
152.701 0.0999057
152.746 0.0984175
152.789 0.0971153
152.833 0.0959759
152.877 0.0948539
152.921 0.0939972
152.97 0.0939975
153.022 0.0947478
153.073 0.0956543
153.122 0.0961976
153.18 0.0976729
153.237 0.0999638
153.306 0.103218
153.378 0.107941
153.455 0.112948
153.528 0.11758
153.607 0.122007
153.684 0.126256
153.778 0.131724
153.846 0.135384
153.927 0.137086
153.987 0.137575
154.058 0.136753
154.111 0.135159
154.174 0.132764
154.22 0.129919
154.287 0.127929
154.342 0.127188
154.42 0.127914
154.485 0.129675
154.577 0.132966
154.651 0.13722
154.758 0.142817
154.841 0.148715
154.951 0.154251
155.021 0.157344
155.113 0.157801
155.171 0.156951
155.248 0.154332
155.297 0.150791
155.361 0.146067
155.402 0.140809
155.46 0.135458
155.502 0.13115
155.564 0.127757
155.608 0.125037
155.673 0.123032
155.72 0.121653
155.788 0.120947
155.839 0.120578
155.91 0.120631
155.963 0.121052
156.05 0.123546
156.11 0.126602
156.179 0.126902
156.226 0.125414
156.281 0.122363
156.322 0.119067
156.379 0.116434
156.421 0.11438
156.481 0.112957
156.525 0.111838
156.588 0.111108
156.633 0.110719
156.698 0.110629
156.746 0.110801
156.813 0.111326
156.866 0.11241
156.953 0.115859
156.997 0.117751
157.065 0.117032
157.099 0.115153
157.16 0.112759
157.196 0.110789
157.26 0.109316
157.297 0.108276
157.362 0.107617
157.4 0.107165
157.467 0.106894
157.507 0.106782
157.575 0.106934
157.615 0.107193
157.691 0.108169
157.742 0.110523
157.812 0.111957
157.852 0.111713
157.907 0.109498
157.946 0.107561
158.002 0.106116
158.043 0.104977
158.1 0.103979
158.142 0.103357
158.2 0.103062
158.244 0.10293
158.304 0.102938
158.348 0.103071
158.409 0.103437
158.457 0.104133
158.535 0.106866
158.581 0.109008
158.641 0.108507
158.676 0.106818
158.736 0.105341
158.772 0.104173
158.833 0.103402
158.871 0.102852
158.934 0.102495
158.973 0.102308
159.036 0.102395
159.076 0.102595
159.141 0.102896
159.182 0.103284
159.257 0.104873
159.309 0.107639
159.375 0.108809
159.415 0.108333
159.469 0.106667
159.511 0.105333
159.567 0.104292
159.609 0.10363
159.666 0.103176
159.71 0.102904
159.768 0.102791
159.813 0.102817
159.873 0.102965
159.919 0.10322
159.98 0.103692
160.037 0.105481
160.108 0.108421
160.152 0.109368
160.207 0.107947
160.246 0.106079
160.302 0.104694
160.343 0.103732
160.399 0.103016
160.441 0.102514
160.5 0.102199
160.543 0.102049
160.602 0.102168
160.647 0.102397
160.708 0.102723
160.753 0.103132
160.829 0.105366
160.881 0.108195
160.939 0.108546
160.979 0.107352
161.033 0.105558
161.074 0.104239
161.129 0.103334
161.172 0.102542
161.227 0.101974
161.271 0.101727
161.328 0.101637
161.373 0.101682
161.432 0.101847
161.478 0.102116
161.539 0.102851
161.598 0.104995
161.663 0.107246
161.708 0.10759
161.758 0.106016
161.802 0.104514
161.853 0.103325
161.898 0.102534
161.95 0.101967
161.997 0.101472
162.05 0.101163
162.097 0.101142
162.152 0.101374
162.2 0.101578
162.257 0.10188
162.308 0.102645
162.38 0.105315
162.431 0.1074
162.486 0.1071
162.525 0.105588
162.581 0.104264
162.621 0.103231
162.678 0.102452
162.719 0.101896
162.778 0.101659
162.82 0.101576
162.88 0.101629
162.923 0.101801
162.984 0.102201
163.029 0.102551
163.072 0.100607
163.117 0.0990309
163.159 0.097652
163.204 0.0964455
163.247 0.0952648
163.292 0.0943567
163.334 0.0935621
163.383 0.0931169
163.437 0.0942273
163.498 0.0968239
163.548 0.0987209
163.612 0.100631
163.676 0.103927
163.755 0.108936
163.836 0.115444
163.937 0.123764
164.039 0.133543
164.153 0.14385
164.256 0.153119
164.367 0.160729
164.465 0.166638
164.569 0.171058
164.662 0.174301
164.761 0.176388
164.848 0.177715
164.942 0.17825
165.025 0.178094
165.114 0.177332
165.193 0.176041
165.277 0.174411
165.352 0.172609
165.424 0.169408
165.483 0.164482
165.539 0.158172
165.585 0.151275
165.64 0.144991
165.689 0.139867
165.745 0.135634
165.795 0.13193
165.852 0.128813
165.903 0.126212
165.962 0.124185
166.014 0.122412
166.074 0.121111
166.127 0.120222
166.197 0.120569
166.265 0.122623
166.32 0.12267
166.372 0.120836
166.418 0.117857
166.471 0.1155
166.518 0.113687
166.573 0.112226
166.621 0.111073
166.677 0.110189
166.726 0.109415
166.783 0.108988
166.834 0.108865
166.892 0.108757
166.943 0.108912
167.013 0.110423
167.078 0.11337
167.131 0.114074
167.181 0.11269
167.229 0.110728
167.279 0.109262
167.329 0.108105
167.38 0.107217
167.431 0.106564
167.483 0.106119
167.535 0.105854
167.588 0.105747
167.641 0.105904
167.696 0.106041
167.75 0.106286
167.818 0.10825
167.881 0.111094
167.933 0.111582
167.981 0.110259
168.03 0.108727
168.081 0.107511
168.131 0.106697
168.183 0.106235
168.234 0.105831
168.288 0.105602
168.34 0.105652
168.395 0.10582
168.449 0.106093
168.504 0.106581
168.562 0.107508
168.633 0.11007
168.691 0.112436
168.745 0.112507
168.79 0.110818
168.844 0.109216
168.89 0.107939
168.944 0.107072
168.992 0.106438
169.048 0.106008
169.096 0.105882
169.154 0.105897
169.204 0.10616
169.263 0.106515
169.314 0.106825
169.379 0.107972
169.445 0.110851
169.505 0.112744
169.556 0.112526
169.602 0.11071
169.654 0.109122
169.701 0.107856
169.754 0.106999
169.803 0.106374
169.857 0.105953
169.908 0.105709
169.963 0.10562
170.015 0.105793
170.071 0.106193
170.125 0.106669
170.187 0.107711
170.255 0.110622
170.312 0.112419
170.364 0.111992
170.408 0.110118
170.462 0.108603
170.507 0.107403
170.562 0.106477
170.609 0.105793
170.665 0.105319
170.712 0.105154
170.77 0.105135
170.818 0.105243
170.876 0.105462
170.926 0.10578
170.993 0.107057
171.056 0.109925
171.114 0.111434
171.163 0.110755
171.211 0.109036
171.261 0.107781
171.311 0.106684
171.362 0.105973
171.413 0.105476
171.465 0.105167
171.517 0.105021
171.571 0.105018
171.623 0.105266
171.679 0.105608
171.732 0.105907
171.797 0.107544
171.865 0.110851
171.916 0.111869
171.969 0.110761
172.014 0.109041
172.068 0.107785
172.114 0.106937
172.169 0.106195
172.216 0.105546
172.272 0.105353
172.32 0.105308
172.377 0.10527
172.426 0.105361
172.485 0.105691
172.535 0.106105
172.607 0.107967
172.667 0.110971
172.722 0.111599
172.768 0.110274
172.82 0.108615
172.867 0.107288
172.919 0.106377
172.968 0.105705
173.021 0.105117
173.07 0.104852
173.125 0.104746
173.175 0.104778
173.231 0.10493
173.283 0.105189
173.34 0.105665
173.405 0.107832
173.469 0.110603
173.506 0.109278
173.557 0.106493
173.593 0.104181
173.644 0.102159
173.681 0.100264
173.732 0.0986059
173.768 0.0972802
173.82 0.0961202
173.858 0.0953551
173.918 0.0956858
173.963 0.096725
174.022 0.0976344
174.071 0.0989301
174.139 0.101314
174.2 0.1049
174.285 0.110037
174.349 0.114783
174.437 0.119435
174.503 0.12388
174.595 0.12802
174.671 0.133018
174.764 0.137516
174.83 0.140076
174.91 0.140942
174.968 0.140574
175.038 0.138877
175.089 0.136643
175.149 0.133562
175.204 0.131242
175.274 0.130462
175.338 0.130904
175.419 0.132666
175.492 0.135333
175.585 0.139166
175.668 0.143895
175.775 0.149658
175.871 0.156201
175.965 0.160301
176.045 0.162013
176.124 0.161637
176.19 0.159682
176.257 0.156347
176.312 0.152053
176.368 0.146922
176.414 0.141307
176.469 0.136393
176.518 0.132219
176.575 0.128817
176.625 0.126215
176.685 0.124188
176.737 0.122664
176.8 0.121706
176.854 0.121118
176.919 0.120978
176.978 0.121356
177.061 0.123811
177.118 0.125835
177.183 0.125356
177.228 0.123311
177.283 0.120522
177.331 0.118457
177.389 0.1169
177.44 0.115787
177.501 0.115189
177.554 0.115165
177.618 0.115395
177.674 0.11597
177.741 0.116849
177.8 0.117993
177.879 0.120619
177.955 0.124791
178.017 0.126318
178.077 0.125778
178.126 0.123681
178.177 0.120846
178.229 0.118615
178.283 0.116913
178.337 0.115924
178.393 0.115308
178.449 0.114895
178.507 0.114658
178.564 0.114576
178.623 0.114754
178.681 0.11516
178.747 0.11639
178.822 0.119341
178.878 0.120798
178.936 0.120073
178.98 0.117689
179.034 0.115228
179.079 0.113325
179.135 0.111659
179.181 0.110452
179.239 0.109645
179.286 0.109065
179.345 0.108806
179.394 0.108706
179.455 0.108742
179.505 0.109025
179.57 0.109897
179.635 0.112285
179.698 0.114249
179.748 0.114093
179.797 0.112206
179.845 0.11043
179.896 0.109002
179.945 0.107876
179.997 0.107017
180.048 0.106515
180.102 0.106325
180.155 0.106285
180.21 0.106499
180.264 0.106937
180.322 0.107445
180.382 0.108639
180.455 0.111809
180.51 0.113958
180.567 0.113713
180.61 0.111999
180.666 0.110374
180.711 0.109077
180.768 0.108193
180.814 0.107669
180.873 0.10721
180.92 0.107059
180.981 0.107176
181.03 0.107404
181.092 0.107854
181.142 0.108497
181.212 0.11006
181.277 0.113052
181.336 0.114421
181.386 0.113868
181.433 0.11176
181.484 0.109915
181.531 0.108425
181.584 0.107372
181.633 0.106576
181.686 0.106004
181.736 0.105753
181.79 0.105659
181.842 0.105702
181.898 0.105864
181.951 0.106131
182.012 0.10724
182.08 0.10996
182.136 0.111715
182.187 0.11125
182.233 0.109469
182.286 0.108035
182.333 0.106906
182.386 0.106168
182.435 0.105647
182.489 0.105316
182.538 0.105151
182.594 0.105133
182.645 0.105366
182.702 0.105695
182.754 0.106108
182.82 0.10747
182.887 0.110536
182.941 0.111844
182.992 0.111114
183.038 0.109349
183.09 0.107931
183.138 0.106939
183.191 0.106197
183.24 0.105672
183.294 0.105338
183.344 0.105296
183.4 0.105384
183.45 0.105461
183.508 0.105778
183.559 0.106181
183.629 0.107908
183.693 0.111045
183.746 0.111789
183.796 0.110691
183.844 0.109104
183.894 0.107841
183.943 0.106861
183.982 0.104378
184.031 0.102206
184.07 0.10043
184.118 0.0988766
184.157 0.097517
184.206 0.0962024
184.245 0.0950521
184.294 0.0941706
184.333 0.0935242
184.384 0.0930837
184.424 0.0928233
184.476 0.0927203
184.517 0.0927553
184.569 0.0929109
184.612 0.093172
184.665 0.0935255
184.716 0.0947098
184.774 0.0964961
184.824 0.0980591
184.886 0.0996767
184.933 0.100842
185.003 0.102862
185.058 0.105504
185.137 0.109066
185.199 0.113183
185.29 0.11816
185.361 0.123515
185.469 0.130451
185.553 0.138144
185.657 0.144376
185.728 0.148329
185.817 0.149913
185.879 0.149924
185.955 0.148308
186.007 0.145895
186.073 0.142408
186.118 0.138482
186.18 0.134672
186.232 0.132088
186.303 0.130827
186.361 0.130473
186.439 0.131289
186.502 0.132628
186.588 0.13455
186.657 0.136981
186.751 0.140358
186.84 0.145814
186.917 0.148337
186.988 0.14817
187.048 0.146023
187.104 0.142271
187.152 0.137362
187.202 0.132442
187.252 0.128386
187.304 0.125088
187.356 0.122452
187.41 0.120396
187.463 0.118846
187.519 0.11774
187.575 0.117023
187.633 0.116645
187.692 0.116564
187.759 0.117619
187.834 0.120666
187.887 0.121708
187.946 0.120495
187.987 0.117933
188.041 0.115066
188.083 0.112683
188.138 0.110848
188.183 0.109367
188.239 0.108196
188.285 0.107421
188.342 0.106994
188.389 0.106744
188.448 0.106651
188.497 0.106695
188.559 0.107233
188.621 0.109454
188.684 0.111397
188.732 0.111348
188.78 0.109429
188.827 0.1075
188.876 0.106063
188.924 0.10493
188.975 0.104064
189.023 0.103556
189.076 0.103236
189.125 0.103082
189.179 0.103072
189.229 0.103188
189.284 0.103414
189.338 0.104112
189.407 0.106598
189.462 0.108649
189.514 0.108442
189.557 0.106762
189.609 0.105167
189.653 0.104021
189.706 0.103143
189.751 0.1025
189.805 0.102063
189.851 0.101805
189.906 0.101829
189.953 0.101851
190.01 0.101994
190.057 0.10237
190.121 0.103449
190.181 0.106018
190.241 0.107766
190.287 0.10742
190.335 0.105742
190.382 0.104525
190.431 0.103584
190.48 0.102761
190.53 0.102166
190.579 0.101895
190.631 0.101783
190.681 0.10181
190.734 0.102084
190.786 0.102324
190.84 0.102658
190.9 0.104076
190.969 0.107191
191.017 0.108542
191.07 0.107725
191.112 0.106009
191.165 0.104633
191.208 0.103554
191.263 0.102735
191.307 0.102268
191.363 0.101984
191.407 0.101861
191.464 0.101879
191.51 0.102019
191.568 0.102266
191.615 0.102608
191.685 0.104282
191.744 0.107372
191.798 0.108075
191.843 0.106941
191.892 0.105448
191.939 0.104142
191.989 0.103124
192.037 0.102484
192.088 0.102173
192.137 0.102027
192.19 0.101898
192.24 0.101911
192.294 0.102172
192.345 0.102526
192.4 0.103085
192.465 0.105199
192.526 0.107799
192.575 0.1082
192.623 0.106675
192.669 0.10509
192.719 0.103954
192.766 0.103085
192.816 0.102449
192.866 0.102018
192.917 0.101766
192.967 0.101795
193.019 0.101946
193.071 0.102202
193.124 0.102427
193.179 0.102999
193.246 0.105374
193.303 0.107702
193.355 0.107864
193.399 0.106381
193.45 0.104959
193.494 0.103839
193.547 0.103109
193.593 0.10247
193.647 0.102037
193.693 0.101907
193.748 0.101919
193.796 0.102054
193.853 0.102297
193.902 0.102635
193.963 0.103556
194.025 0.106111
194.085 0.108097
194.133 0.10796
194.179 0.106215
194.228 0.104813
194.275 0.103712
194.325 0.102873
194.373 0.102264
194.424 0.101981
194.461 0.100233
194.512 0.0985789
194.548 0.0972565
194.6 0.0960995
194.636 0.094962
194.688 0.0940918
194.724 0.0933303
194.775 0.092664
194.812 0.092081
194.865 0.0918209
194.904 0.0918433
194.959 0.0919879
194.998 0.0923644
195.055 0.0929438
195.096 0.0935759
195.155 0.0943789
195.201 0.0957065
195.273 0.0984932
195.321 0.101182
195.384 0.102284
195.429 0.102873
195.498 0.104264
195.547 0.106106
195.623 0.108468
195.678 0.111159
195.761 0.114514
195.822 0.1182
195.914 0.12255
195.988 0.128106
196.095 0.134843
196.16 0.139363
196.248 0.141067
196.302 0.141184
196.376 0.139411
196.42 0.13686
196.482 0.133002
196.522 0.129127
196.591 0.126611
196.636 0.125035
196.712 0.12453
196.763 0.124714
196.846 0.126
196.903 0.127875
196.996 0.130515
197.058 0.133451
197.177 0.13952
197.239 0.14483
197.337 0.146726
197.389 0.14701
197.469 0.145134
197.512 0.142367
197.578 0.138071
197.612 0.133312
197.672 0.128398
197.707 0.124349
197.768 0.12093
197.805 0.117939
197.867 0.115446
197.905 0.113516
197.968 0.112076
198.007 0.110942
198.072 0.110074
198.112 0.10944
198.181 0.10926
198.232 0.110477
198.304 0.112168
198.344 0.112147
198.4 0.110003
198.439 0.108253
198.497 0.106971
198.539 0.105975
198.599 0.105353
198.642 0.105059
198.704 0.105052
198.748 0.105295
198.813 0.105883
198.859 0.106523
198.926 0.107332
198.981 0.109166
199.064 0.112645
199.107 0.114315
199.171 0.113525
199.205 0.111585
199.259 0.108511
199.293 0.105823
199.346 0.103595
199.38 0.101645
199.434 0.0998147
199.468 0.0982129
199.522 0.0969363
199.555 0.0958192
199.609 0.0948418
199.643 0.0939866
199.697 0.0931133
199.731 0.0923491
199.784 0.0918055
199.818 0.0913298
199.872 0.0907886
199.906 0.090315
199.96 0.0900256
199.994 0.0897724
200.047 0.0895509
200.081 0.089357
200.135 0.0890624
200.169 0.0888046
200.222 0.088704
200.256 0.088616
200.31 0.088539
200.344 0.0883466
200.398 0.0881783
200.432 0.088156
200.485 0.0881365
200.519 0.0881194
200.573 0.0879795
200.607 0.0878571
200.66 0.0878749
200.694 0.0878906
200.748 0.0879043
200.782 0.0877912
200.836 0.0876923
200.87 0.0877308
200.923 0.0877644
200.957 0.0877939
