0.0 0
0.0941392 4294967295
0.178851 4294967295
0.184653 4294967295
0.190466 4294967295
0.196279 4294967295
0.202093 4294967295
10.1808 4294967295
41.4311 4294967295
41.5674 4294967295
52.2926 4294967295
52.6636 4294967295
60.885 4294967295
60.885 4294967295
60.8879 4294967295
60.8909 4294967295
60.8934 4294967295
60.8964 4294967295
60.8989 4294967295
60.9019 4294967295
60.9053 4294967295
60.9083 4294967295
60.9108 4294967295
60.9134 4294967295
60.9168 4294967295
60.9197 4294967295
60.9227 4294967295
60.9257 4294967295
60.9282 4294967295
60.9312 4294967295
60.9371 4294967295
60.9397 4294967295
60.9431 4294967295
60.946 4294967295
60.949 4294967295
60.952 4294967295
60.9541 4294967295
60.9575 4294967295
60.9604 4294967295
60.9634 4294967295
60.9659 4294967295
60.9689 4294967295
60.9719 4294967295
60.9744 4294967295
60.9804 4294967295
60.9838 4294967295
60.9867 4294967295
60.9897 4294967295
60.9927 4294967295
60.9927 4294967295
60.9978 4294967295
60.9978 4294967295
60.9978 4294967295
61.0011 4294967295
61.0011 4294967295
61.0011 4294967295
61.0037 4294967295
61.0037 4294967295
61.0037 4294967295
61.0071 4294967295
61.0071 4294967295
61.0071 4294967295
61.0092 4294967295
61.0092 4294967295
61.0092 4294967295
61.0156 4294967295
61.0156 4294967295
61.0156 4294967295
61.0185 4294967295
61.0185 4294967295
61.0185 4294967295
61.0215 4294967295
61.0274 4294967295
61.0304 4294967295
61.0329 4294967295
61.0385 4294967295
61.0419 4294967295
61.0448 4294967295
61.0461 4294967295
61.0482 4294967295
61.0491 4294967295
61.0499 4294967295
61.1064 4294967295
61.1092 4294967295
61.112 4294967295
61.1149 4294967295
61.1182 4294967295
61.121 4294967295
61.1238 4294967295
61.1268 4294967295
61.1295 4294967295
61.1327 4294967295
66.5103 4294967295
66.5103 4294967295
66.5132 4294967295
66.5162 4294967295
66.5192 4294967295
66.5251 4294967295
66.5281 4294967295
66.5311 4294967295
66.534 4294967295
66.5366 4294967295
66.5395 4294967295
66.5425 4294967295
66.5451 4294967295
66.548 4294967295
66.5514 4294967295
66.554 4294967295
66.5599 4294967295
66.5624 4294967295
66.5654 4294967295
66.5684 4294967295
66.5714 4294967295
66.5743 4294967295
66.5773 4294967295
66.5803 4294967295
66.5828 4294967295
66.5883 4294967295
66.5913 4294967295
66.5947 4294967295
66.5947 4294967295
66.5947 4294967295
66.5976 4294967295
66.5976 4294967295
66.5976 4294967295
66.6002 4294967295
66.6002 4294967295
66.6002 4294967295
66.6036 4294967295
66.6036 4294967295
66.6036 4294967295
66.6065 4294967295
66.6065 4294967295
66.6065 4294967295
66.6095 4294967295
66.6095 4294967295
66.6095 4294967295
66.6116 4294967295
66.6116 4294967295
66.6116 4294967295
66.6129 4294967295
66.6129 4294967295
66.6129 4294967295
66.6133 4294967295
66.6133 4294967295
66.6133 4294967295
66.6138 4294967295
66.6138 4294967295
66.6138 4294967295
66.6142 4294967295
66.6142 4294967295
66.6142 4294967295
66.6146 4294967295
66.6146 4294967295
66.6146 4294967295
66.615 4294967295
66.615 4294967295
66.615 4294967295
66.6154 4294967295
66.6154 4294967295
66.6154 4294967295
66.6159 4294967295
66.6159 4294967295
66.6159 4294967295
66.6163 4294967295
66.6163 4294967295
66.6163 4294967295
66.6167 4294967295
66.6167 4294967295
66.6167 4294967295
66.6171 4294967295
66.6171 4294967295
66.6171 4294967295
66.6176 4294967295
66.6176 4294967295
66.6176 4294967295
66.618 4294967295
66.618 4294967295
66.618 4294967295
66.6184 4294967295
66.6184 4294967295
66.6184 4294967295
66.6188 4294967295
66.6188 4294967295
66.6188 4294967295
66.6193 4294967295
66.6193 4294967295
66.6193 4294967295
66.6197 4294967295
66.6197 4294967295
66.6197 4294967295
66.6201 4294967295
66.6201 4294967295
66.6201 4294967295
66.6205 4294967295
66.6205 4294967295
66.6205 4294967295
66.6231 4294967295
66.6231 4294967295
66.6231 4294967295
66.6252 4294967295
66.6252 4294967295
66.6252 4294967295
66.6277 4294967295
66.6277 4294967295
66.6277 4294967295
66.629 4294967295
66.629 4294967295
66.6303 4294967295
66.713 4294967295
66.713 4294967295
66.7163 4294967295
66.7172 4294967295
66.7193 4294967295
66.7193 4294967295
68.0662 4294967295
68.0662 4294967295
68.0691 4294967295
68.0717 4294967295
68.0776 4294967295
68.0806 4294967295
68.0865 4294967295
68.0895 4294967295
68.0946 4294967295
68.098 4294967295
68.1039 4294967295
68.1065 4294967295
68.1098 4294967295
68.112 4294967295
68.1149 4294967295
68.1179 4294967295
68.1179 4294967295
68.1209 4294967295
68.1238 4294967295
68.1268 4294967295
68.1323 4294967295
68.1357 4294967295
68.1383 4294967295
68.1412 4294967295
68.1438 4294967295
68.1472 4294967295
68.1501 4294967295
68.1522 4294967295
68.1552 4294967295
68.159 4294967295
68.1616 4294967295
68.1641 4294967295
68.1675 4294967295
68.1705 4294967295
68.173 4294967295
68.1756 4294967295
68.1785 4294967295
68.1819 4294967295
68.1849 4294967295
68.1879 4294967295
68.1904 4294967295
68.1934 4294967295
68.1968 4294967295
68.1989 4294967295
68.2014 4294967295
68.2048 4294967295
68.2082 4294967295
68.2103 4294967295
68.2137 4294967295
68.2158 4294967295
68.218 4294967295
68.2192 4294967295
68.2201 4294967295
68.2214 4294967295
68.2218 4294967295
68.2222 4294967295
68.2226 4294967295
68.2358 4294967295
68.2366 4294967295
68.2375 4294967295
68.24 4294967295
68.2417 4294967295
68.2421 4294967295
68.2442 4294967295
68.2442 4294967295
71.7778 4294967295
72.1135 4294967295
74.4462 4294967295
74.4462 4294967295
74.4491 4294967295
74.4521 4294967295
74.4546 4294967295
74.4576 4294967295
74.4606 4294967295
74.4635 4294967295
74.4665 4294967295
74.4695 4294967295
74.475 4294967295
74.478 4294967295
74.4839 4294967295
74.4869 4294967295
74.4894 4294967295
74.4924 4294967295
74.4954 4294967295
74.4983 4294967295
74.5004 4294967295
74.5038 4294967295
74.5072 4294967295
74.5102 4294967295
74.5102 4294967295
74.5102 4294967295
74.5127 4294967295
74.5127 4294967295
74.5127 4294967295
74.5153 4294967295
74.5153 4294967295
74.5153 4294967295
74.5187 4294967295
74.5187 4294967295
74.5187 4294967295
74.5216 4294967295
74.5216 4294967295
74.5216 4294967295
74.5242 4294967295
74.5242 4294967295
74.5242 4294967295
74.5267 4294967295
74.5267 4294967295
74.5267 4294967295
74.5301 4294967295
74.5301 4294967295
74.5301 4294967295
74.5331 4294967295
74.5331 4294967295
74.5331 4294967295
74.5361 4294967295
74.5361 4294967295
74.5361 4294967295
74.5382 4294967295
74.5382 4294967295
74.5382 4294967295
74.5416 4294967295
74.5416 4294967295
74.5416 4294967295
74.5445 4294967295
74.5445 4294967295
74.5445 4294967295
74.5475 4294967295
74.5475 4294967295
74.5475 4294967295
74.5501 4294967295
74.5501 4294967295
74.5501 4294967295
74.5534 4294967295
74.5534 4294967295
74.5534 4294967295
74.5585 4294967295
74.5585 4294967295
74.5585 4294967295
74.5615 4294967295
74.5615 4294967295
74.5615 4294967295
74.5649 4294967295
74.5679 4294967295
74.5708 4294967295
74.5734 4294967295
74.5763 4294967295
74.5793 4294967295
74.5827 4294967295
74.5848 4294967295
74.5882 4294967295
74.5912 4294967295
74.5942 4294967295
74.5971 4294967295
74.5997 4294967295
74.6031 4294967295
74.6052 4294967295
74.6069 4294967295
74.6077 4294967295
74.6081 4294967295
74.6086 4294967295
74.65 4294967295
74.6526 4294967295
74.6554 4294967295
74.6554 4294967295
75.217 4294967295
75.217 4294967295
75.2204 4294967295
75.2233 4294967295
75.2263 4294967295
75.2407 4294967295
75.2467 4294967295
75.2496 4294967295
75.2577 4294967295
75.2607 4294967295
75.2607 4294967295
75.2641 4294967295
75.2666 4294967295
75.2696 4294967295
75.2725 4294967295
75.2751 4294967295
75.2776 4294967295
75.2806 4294967295
75.284 4294967295
75.2869 4294967295
75.2895 4294967295
75.2929 4294967295
75.2959 4294967295
75.2984 4294967295
75.3009 4294967295
75.3039 4294967295
75.3073 4294967295
75.3107 4294967295
75.3132 4294967295
75.3162 4294967295
75.3187 4294967295
75.3213 4294967295
75.3247 4294967295
75.3277 4294967295
75.3306 4294967295
75.3336 4294967295
75.3361 4294967295
75.3391 4294967295
75.3421 4294967295
75.3446 4294967295
75.3476 4294967295
75.3514 4294967295
75.3539 4294967295
75.3569 4294967295
75.3595 4294967295
75.3624 4294967295
75.3645 4294967295
75.3662 4294967295
75.3675 4294967295
75.3679 4294967295
75.3684 4294967295
75.3688 4294967295
75.3692 4294967295
75.3696 4294967295
75.3701 4294967295
75.3849 4294967295
75.3857 4294967295
75.387 4294967295
75.3879 4294967295
75.39 4294967295
75.3929 4294967295
75.3951 4294967295
75.3963 4294967295
75.3976 4294967295
75.3984 4294967295
75.401 4294967295
75.401 4294967295
80.0585 4294967295
80.0585 4294967295
80.0615 4294967295
80.0645 4294967295
80.067 4294967295
80.0721 4294967295
80.0755 4294967295
80.0781 4294967295
80.0798 4294967295
80.081 4294967295
80.0819 4294967295
80.0831 4294967295
80.084 4294967295
80.0848 4294967295
80.0857 4294967295
80.0865 4294967295
80.0878 4294967295
80.0887 4294967295
80.0899 4294967295
80.0908 4294967295
80.0912 4294967295
80.0925 4294967295
80.0929 4294967295
80.0942 4294967295
80.0954 4294967295
80.0959 4294967295
80.0967 4294967295
80.098 4294967295
80.0984 4294967295
80.0993 4294967295
80.1001 4294967295
80.101 4294967295
80.1018 4294967295
80.1018 4294967295
80.1018 4294967295
80.1022 4294967295
80.1022 4294967295
80.1022 4294967295
80.1035 4294967295
80.1035 4294967295
80.1035 4294967295
80.1039 4294967295
80.1039 4294967295
80.1039 4294967295
80.1043 4294967295
80.1043 4294967295
80.1043 4294967295
80.1048 4294967295
80.1048 4294967295
80.1048 4294967295
80.1056 4294967295
80.1056 4294967295
80.1056 4294967295
80.106 4294967295
80.106 4294967295
80.106 4294967295
80.1065 4294967295
80.1065 4294967295
80.1065 4294967295
80.1069 4294967295
80.1069 4294967295
80.1069 4294967295
80.1078 4294967295
80.1078 4294967295
80.1078 4294967295
80.1082 4294967295
80.1082 4294967295
80.1082 4294967295
80.1086 4294967295
80.1086 4294967295
80.1086 4294967295
80.1091 4294967295
80.1091 4294967295
80.1091 4294967295
80.1099 4294967295
80.1099 4294967295
80.1099 4294967295
80.1127 4294967295
80.1127 4294967295
80.1127 4294967295
80.1156 4294967295
80.1156 4294967295
80.1156 4294967295
80.1185 4294967295
80.1185 4294967295
80.1185 4294967295
80.1214 4294967295
80.1214 4294967295
80.1214 4294967295
80.1243 4294967295
80.1243 4294967295
80.1243 4294967295
80.1272 4294967295
80.1272 4294967295
80.1272 4294967295
80.1303 4294967295
80.1303 4294967295
80.1303 4294967295
80.133 4294967295
80.133 4294967295
80.133 4294967295
80.1359 4294967295
80.1359 4294967295
80.1359 4294967295
80.1388 4294967295
80.1388 4294967295
80.1388 4294967295
80.1417 4294967295
80.1417 4294967295
80.1417 4294967295
80.1433 4294967295
80.1433 4294967295
80.1446 4294967295
80.2235 4294967295
80.2235 4294967295
80.9052 4294967295
80.9052 4294967295
80.9082 4294967295
80.9107 4294967295
80.9137 4294967295
80.9192 4294967295
80.9226 4294967295
80.9285 4294967295
80.9315 4294967295
80.943 4294967295
80.9459 4294967295
80.9485 4294967295
80.9519 4294967295
80.9544 4294967295
80.957 4294967295
80.9629 4294967295
80.9663 4294967295
80.9688 4294967295
80.9688 4294967295
80.9688 4294967295
80.9722 4294967295
80.9748 4294967295
80.9773 4294967295
80.9803 4294967295
80.9837 4294967295
80.9866 4294967295
80.9892 4294967295
80.9921 4294967295
80.9951 4294967295
80.9977 4294967295
81.0002 4294967295
81.004 4294967295
81.007 4294967295
81.01 4294967295
81.0121 4294967295
81.0155 4294967295
81.018 4294967295
81.021 4294967295
81.0239 4294967295
81.0269 4294967295
81.0299 4294967295
81.0329 4294967295
81.0354 4294967295
81.0388 4294967295
81.0413 4294967295
81.0443 4294967295
81.0468 4294967295
81.0507 4294967295
81.0528 4294967295
81.0557 4294967295
81.0587 4294967295
81.0613 4294967295
81.0642 4294967295
81.0651 4294967295
81.0659 4294967295
81.0663 4294967295
81.0668 4294967295
81.0786 4294967295
81.0808 4294967295
81.0812 4294967295
81.0816 4294967295
81.082 4294967295
81.0829 4294967295
81.0829 4294967295
86.6354 4294967295
86.6354 4294967295
86.6384 4294967295
86.6413 4294967295
86.6443 4294967295
86.6468 4294967295
86.6498 4294967295
86.6532 4294967295
86.6553 4294967295
86.6587 4294967295
86.6617 4294967295
86.6646 4294967295
86.6672 4294967295
86.6706 4294967295
86.6731 4294967295
86.6757 4294967295
86.6795 4294967295
86.6816 4294967295
86.6871 4294967295
86.6905 4294967295
86.6935 4294967295
86.696 4294967295
86.6994 4294967295
86.7024 4294967295
86.7054 4294967295
86.7075 4294967295
86.7113 4294967295
86.7113 4294967295
86.7113 4294967295
86.7143 4294967295
86.7143 4294967295
86.7143 4294967295
86.7168 4294967295
86.7168 4294967295
86.7168 4294967295
86.7202 4294967295
86.7202 4294967295
86.7202 4294967295
86.7227 4294967295
86.7227 4294967295
86.7227 4294967295
86.7283 4294967295
86.7283 4294967295
86.7283 4294967295
86.7317 4294967295
86.7317 4294967295
86.7317 4294967295
86.7338 4294967295
86.7338 4294967295
86.7338 4294967295
86.7372 4294967295
86.7372 4294967295
86.7372 4294967295
86.7406 4294967295
86.7406 4294967295
86.7406 4294967295
86.7427 4294967295
86.7427 4294967295
86.7427 4294967295
86.749 4294967295
86.749 4294967295
86.749 4294967295
86.7516 4294967295
86.7516 4294967295
86.7516 4294967295
86.7545 4294967295
86.7575 4294967295
86.7601 4294967295
86.7635 4294967295
86.769 4294967295
86.7715 4294967295
86.7749 4294967295
86.7779 4294967295
86.7804 4294967295
86.7838 4294967295
86.7855 4294967295
86.7863 4294967295
86.7876 4294967295
86.7885 4294967295
86.7893 4294967295
86.7902 4294967295
86.791 4294967295
86.7914 4294967295
86.8393 4294967295
86.8422 4294967295
86.8451 4294967295
86.848 4294967295
86.8511 4294967295
86.8538 4294967295
86.8567 4294967295
86.8596 4294967295
86.8625 4294967295
86.8625 4294967295
87.5049 4294967295
87.8412 4294967295
90.4554 4294967295
90.4554 4294967295
90.4583 4294967295
90.4643 4294967295
90.4673 4294967295
90.4702 4294967295
90.4728 4294967295
90.4762 4294967295
90.4787 4294967295
90.4817 4294967295
90.4842 4294967295
90.4876 4294967295
90.4927 4294967295
90.4961 4294967295
90.4961 4294967295
90.4961 4294967295
90.4995 4294967295
90.5046 4294967295
90.508 4294967295
90.5105 4294967295
90.5139 4294967295
90.5169 4294967295
90.5194 4294967295
90.5224 4294967295
90.5275 4294967295
90.5309 4294967295
90.5338 4294967295
90.5368 4294967295
90.5402 4294967295
90.5427 4294967295
90.5457 4294967295
90.5487 4294967295
90.5546 4294967295
90.5572 4294967295
90.5606 4294967295
90.5661 4294967295
90.5686 4294967295
90.5716 4294967295
90.575 4294967295
90.5775 4294967295
90.5805 4294967295
90.583 4294967295
90.586 4294967295
90.5885 4294967295
90.5902 4294967295
90.5911 4294967295
90.5919 4294967295
90.5924 4294967295
90.5932 4294967295
90.5936 4294967295
90.5945 4294967295
90.5957 4294967295
90.5979 4294967295
90.5983 4294967295
90.5991 4294967295
90.5996 4294967295
90.6 4294967295
90.6123 4294967295
90.6127 4294967295
90.6131 4294967295
90.6136 4294967295
90.614 4294967295
90.6148 4294967295
90.6161 4294967295
90.6169 4294967295
90.6182 4294967295
90.6195 4294967295
90.6203 4294967295
90.6208 4294967295
90.6212 4294967295
90.622 4294967295
90.6249 4294967295
90.6278 4294967295
90.6307 4294967295
90.6336 4294967295
90.6365 4294967295
90.6394 4294967295
90.6423 4294967295
90.6453 4294967295
90.6482 4294967295
90.6511 4294967295
90.654 4294967295
90.6569 4294967295
90.6569 4294967295
95.4189 4294967295
95.4189 4294967295
95.4219 4294967295
95.4249 4294967295
95.4278 4294967295
95.4363 4294967295
95.4389 4294967295
95.4422 4294967295
95.4452 4294967295
95.4482 4294967295
95.4507 4294967295
95.4537 4294967295
95.4567 4294967295
95.4596 4294967295
95.4622 4294967295
95.4656 4294967295
95.4685 4294967295
95.4711 4294967295
95.474 4294967295
95.477 4294967295
95.48 4294967295
95.4829 4294967295
95.4859 4294967295
95.4885 4294967295
95.4885 4294967295
95.4914 4294967295
95.4914 4294967295
95.4914 4294967295
95.4944 4294967295
95.4944 4294967295
95.4944 4294967295
95.4969 4294967295
95.4969 4294967295
95.4969 4294967295
95.5003 4294967295
95.5003 4294967295
95.5003 4294967295
95.5033 4294967295
95.5033 4294967295
95.5033 4294967295
95.5063 4294967295
95.5063 4294967295
95.5063 4294967295
95.5084 4294967295
95.5084 4294967295
95.5084 4294967295
95.5118 4294967295
95.5118 4294967295
95.5118 4294967295
95.5147 4294967295
95.5147 4294967295
95.5147 4294967295
95.5173 4294967295
95.5173 4294967295
95.5173 4294967295
95.5207 4294967295
95.5207 4294967295
95.5207 4294967295
95.5232 4294967295
95.5232 4294967295
95.5232 4294967295
95.5292 4294967295
95.5292 4294967295
95.5292 4294967295
95.5321 4294967295
95.5321 4294967295
95.5321 4294967295
95.5351 4294967295
95.5351 4294967295
95.5351 4294967295
95.5381 4294967295
95.5381 4294967295
95.5381 4294967295
95.544 4294967295
95.544 4294967295
95.544 4294967295
95.547 4294967295
95.547 4294967295
95.547 4294967295
95.55 4294967295
95.5555 4294967295
95.5584 4294967295
95.5614 4294967295
95.5644 4294967295
95.5673 4294967295
95.5699 4294967295
95.5728 4294967295
95.5758 4294967295
95.5788 4294967295
95.5843 4294967295
95.5873 4294967295
95.6112 4294967295
95.6352 4294967295
103.827 4294967295
105.38 4294967295
105.38 4294967295
105.383 4294967295
105.386 4294967295
105.389 4294967295
105.392 4294967295
105.395 4294967295
105.398 4294967295
105.401 4294967295
105.403 4294967295
105.407 4294967295
105.409 4294967295
105.412 4294967295
105.415 4294967295
105.418 4294967295
105.421 4294967295
105.424 4294967295
105.427 4294967295
105.43 4294967295
105.433 4294967295
105.436 4294967295
105.439 4294967295
105.441 4294967295
105.445 4294967295
105.447 4294967295
105.45 4294967295
105.453 4294967295
105.456 4294967295
105.458 4294967295
105.461 4294967295
105.465 4294967295
105.467 4294967295
105.47 4294967295
105.473 4294967295
105.476 4294967295
105.479 4294967295
105.482 4294967295
105.486 4294967295
105.488 4294967295
105.494 4294967295
105.497 4294967295
105.5 4294967295
105.502 4294967295
105.505 4294967295
105.508 4294967295
105.51 4294967295
105.513 4294967295
105.515 4294967295
105.518 4294967295
105.521 4294967295
105.521 4294967295
105.521 4294967295
105.523 4294967295
105.523 4294967295
105.523 4294967295
105.523 4294967295
105.523 4294967295
105.523 4294967295
105.524 4294967295
105.524 4294967295
105.524 4294967295
105.525 4294967295
105.525 4294967295
105.525 4294967295
105.526 4294967295
105.526 4294967295
105.526 4294967295
105.527 4294967295
105.527 4294967295
105.527 4294967295
105.527 4294967295
105.527 4294967295
105.527 4294967295
105.528 4294967295
105.528 4294967295
105.528 4294967295
105.529 4294967295
105.529 4294967295
105.529 4294967295
105.612 4294967295
105.612 4294967295
116.555 4294967295
116.664 4294967295
116.664 4294967295
116.664 4294967295
116.678 4294967295
116.678 4294967295
116.678 4294967295
116.681 4294967295
116.681 4294967295
116.681 4294967295
116.684 4294967295
116.684 4294967295
116.699 4294967295
116.699 4294967295
116.702 4294967295
116.702 4294967295
116.705 4294967295
116.705 4294967295
116.713 4294967295
116.713 4294967295
116.716 4294967295
116.716 4294967295
116.719 4294967295
116.719 4294967295
116.722 4294967295
116.722 4294967295
116.821 4294967295
116.821 4294967295
116.835 4294967295
116.835 4294967295
116.837 4294967295
116.837 4294967295
116.837 4294967295
116.837 4294967295
116.906 4294967295
116.906 4294967295
116.908 4294967295
116.908 4294967295
116.925 4294967295
116.925 4294967295
116.927 4294967295
116.928 4294967295
116.928 4294967295
116.931 4294967295
116.935 4294967295
116.993 4294967295
116.996 4294967295
117.01 4294967295
117.013 4294967295
117.013 4294967295
117.016 4294967295
117.016 4294967295
122.284 4294967295
122.284 4294967295
122.289 4294967295
122.298 4294967295
122.301 4294967295
122.304 4294967295
122.307 4294967295
122.313 4294967295
122.315 4294967295
122.319 4294967295
122.321 4294967295
122.324 4294967295
122.324 4294967295
122.327 4294967295
122.33 4294967295
122.333 4294967295
122.336 4294967295
122.339 4294967295
122.342 4294967295
122.345 4294967295
122.35 4294967295
122.353 4294967295
122.356 4294967295
122.359 4294967295
122.362 4294967295
122.365 4294967295
122.368 4294967295
122.37 4294967295
122.373 4294967295
122.376 4294967295
122.38 4294967295
122.383 4294967295
122.385 4294967295
122.388 4294967295
122.391 4294967295
122.393 4294967295
122.397 4294967295
122.399 4294967295
122.403 4294967295
122.406 4294967295
122.408 4294967295
122.411 4294967295
122.414 4294967295
122.417 4294967295
122.42 4294967295
122.423 4294967295
122.426 4294967295
122.429 4294967295
122.432 4294967295
122.435 4294967295
122.438 4294967295
122.44 4294967295
122.441 4294967295
122.443 4294967295
122.443 4294967295
122.444 4294967295
122.444 4294967295
122.45 4294967295
122.452 4294967295
122.454 4294967295
122.455 4294967295
122.455 4294967295
122.457 4294967295
122.46 4294967295
122.461 4294967295
122.462 4294967295
122.464 4294967295
122.466 4294967295
122.466 4294967295
123.919 4294967295
123.919 4294967295
123.922 4294967295
123.925 4294967295
123.93 4294967295
123.933 4294967295
123.936 4294967295
123.939 4294967295
123.942 4294967295
123.945 4294967295
123.953 4294967295
123.956 4294967295
123.959 4294967295
123.962 4294967295
123.965 4294967295
123.971 4294967295
123.974 4294967295
123.977 4294967295
123.979 4294967295
123.982 4294967295
123.988 4294967295
123.988 4294967295
123.991 4294967295
123.993 4294967295
123.997 4294967295
124 4294967295
124.002 4294967295
124.005 4294967295
124.008 4294967295
124.012 4294967295
124.015 4294967295
124.017 4294967295
124.02 4294967295
124.023 4294967295
124.026 4294967295
124.029 4294967295
124.031 4294967295
124.034 4294967295
124.038 4294967295
124.04 4294967295
124.043 4294967295
124.046 4294967295
124.049 4294967295
124.052 4294967295
124.055 4294967295
124.058 4294967295
124.061 4294967295
124.063 4294967295
124.066 4294967295
124.07 4294967295
124.072 4294967295
124.076 4294967295
124.077 4294967295
124.079 4294967295
124.08 4294967295
124.081 4294967295
124.081 4294967295
124.101 4294967295
124.103 4294967295
124.104 4294967295
124.107 4294967295
124.107 4294967295
124.107 4294967295
130.611 4294967295
130.611 4294967295
130.613 4294967295
130.616 4294967295
130.622 4294967295
130.628 4294967295
130.634 4294967295
130.637 4294967295
130.64 4294967295
130.642 4294967295
130.648 4294967295
130.657 4294967295
130.66 4294967295
130.663 4294967295
130.671 4294967295
130.671 4294967295
130.671 4294967295
130.674 4294967295
130.68 4294967295
130.683 4294967295
130.686 4294967295
130.692 4294967295
130.698 4294967295
130.7 4294967295
130.704 4294967295
130.706 4294967295
130.709 4294967295
130.712 4294967295
130.715 4294967295
130.718 4294967295
130.721 4294967295
130.724 4294967295
130.726 4294967295
130.729 4294967295
130.733 4294967295
130.735 4294967295
130.739 4294967295
130.741 4294967295
130.744 4294967295
130.747 4294967295
130.75 4294967295
130.753 4294967295
130.756 4294967295
130.759 4294967295
130.761 4294967295
130.765 4294967295
130.767 4294967295
130.768 4294967295
130.769 4294967295
130.77 4294967295
130.771 4294967295
130.772 4294967295
130.788 4294967295
130.79 4294967295
130.792 4294967295
130.793 4294967295
130.794 4294967295
130.796 4294967295
130.798 4294967295
130.799 4294967295
130.801 4294967295
130.802 4294967295
130.804 4294967295
130.806 4294967295
130.806 4294967295
134.817 4294967295
134.817 4294967295
134.82 4294967295
134.824 4294967295
134.826 4294967295
134.832 4294967295
134.835 4294967295
134.838 4294967295
134.84 4294967295
134.844 4294967295
134.846 4294967295
134.852 4294967295
134.855 4294967295
134.858 4294967295
134.861 4294967295
134.864 4294967295
134.867 4294967295
134.87 4294967295
134.872 4294967295
134.875 4294967295
134.878 4294967295
134.881 4294967295
134.884 4294967295
134.887 4294967295
134.89 4294967295
134.893 4294967295
134.893 4294967295
134.896 4294967295
134.896 4294967295
134.896 4294967295
134.899 4294967295
134.899 4294967295
134.899 4294967295
134.902 4294967295
134.902 4294967295
134.902 4294967295
134.905 4294967295
134.905 4294967295
134.905 4294967295
134.907 4294967295
134.907 4294967295
134.907 4294967295
134.91 4294967295
134.91 4294967295
134.91 4294967295
134.913 4294967295
134.913 4294967295
134.913 4294967295
134.916 4294967295
134.916 4294967295
134.916 4294967295
134.919 4294967295
134.919 4294967295
134.919 4294967295
134.921 4294967295
134.921 4294967295
134.921 4294967295
134.927 4294967295
134.927 4294967295
134.927 4294967295
134.93 4294967295
134.93 4294967295
134.93 4294967295
134.934 4294967295
134.934 4294967295
134.934 4294967295
134.936 4294967295
134.936 4294967295
134.936 4294967295
134.939 4294967295
134.939 4294967295
134.939 4294967295
134.943 4294967295
134.943 4294967295
134.943 4294967295
134.948 4294967295
134.948 4294967295
134.948 4294967295
134.951 4294967295
134.951 4294967295
134.951 4294967295
134.954 4294967295
134.957 4294967295
134.959 4294967295
134.962 4294967295
134.966 4294967295
134.968 4294967295
134.971 4294967295
134.974 4294967295
134.977 4294967295
134.98 4294967295
134.983 4294967295
134.984 4294967295
134.986 4294967295
135.044 4294967295
135.045 4294967295
135.046 4294967295
135.047 4294967295
135.047 4294967295
135.943 4294967295
136.278 4294967295
141.528 4294967295
141.528 4294967295
141.531 4294967295
141.534 4294967295
141.54 4294967295
141.543 4294967295
141.546 4294967295
141.549 4294967295
141.552 4294967295
141.555 4294967295
141.56 4294967295
141.564 4294967295
141.567 4294967295
141.569 4294967295
141.572 4294967295
141.575 4294967295
141.578 4294967295
141.581 4294967295
141.584 4294967295
141.587 4294967295
141.59 4294967295
141.592 4294967295
141.595 4294967295
141.598 4294967295
141.601 4294967295
141.604 4294967295
141.604 4294967295
141.604 4294967295
141.607 4294967295
141.607 4294967295
141.607 4294967295
141.61 4294967295
141.61 4294967295
141.61 4294967295
141.613 4294967295
141.613 4294967295
141.613 4294967295
141.616 4294967295
141.616 4294967295
141.616 4294967295
141.621 4294967295
141.621 4294967295
141.621 4294967295
141.624 4294967295
141.624 4294967295
141.624 4294967295
141.627 4294967295
141.627 4294967295
141.627 4294967295
141.631 4294967295
141.631 4294967295
141.631 4294967295
141.633 4294967295
141.633 4294967295
141.633 4294967295
141.636 4294967295
141.636 4294967295
141.636 4294967295
141.639 4294967295
141.639 4294967295
141.639 4294967295
141.642 4294967295
141.642 4294967295
141.642 4294967295
141.645 4294967295
141.645 4294967295
141.645 4294967295
141.648 4294967295
141.648 4294967295
141.648 4294967295
141.651 4294967295
141.651 4294967295
141.651 4294967295
141.653 4294967295
141.653 4294967295
141.653 4294967295
141.656 4294967295
141.656 4294967295
141.656 4294967295
141.658 4294967295
141.658 4294967295
141.658 4294967295
141.661 4294967295
141.661 4294967295
141.661 4294967295
141.662 4294967295
141.662 4294967295
141.662 4294967295
141.663 4294967295
141.663 4294967295
141.663 4294967295
141.664 4294967295
141.664 4294967295
141.664 4294967295
141.665 4294967295
141.665 4294967295
141.665 4294967295
141.666 4294967295
141.666 4294967295
141.666 4294967295
141.667 4294967295
141.667 4294967295
141.667 4294967295
141.668 4294967295
141.668 4294967295
141.668 4294967295
141.669 4294967295
141.669 4294967295
141.669 4294967295
141.67 4294967295
141.67 4294967295
141.67 4294967295
141.671 4294967295
141.671 4294967295
141.671 4294967295
141.671 4294967295
141.671 4294967295
141.671 4294967295
141.672 4294967295
141.672 4294967295
141.672 4294967295
141.755 4294967295
141.755 4294967295
141.757 4294967295
141.759 4294967295
141.761 4294967295
141.761 4294967295
141.761 4294967295
145.134 4294967295
145.134 4294967295
145.137 4294967295
145.14 4294967295
145.143 4294967295
145.145 4294967295
145.148 4294967295
145.151 4294967295
145.155 4294967295
145.158 4294967295
145.16 4294967295
145.163 4294967295
145.166 4294967295
145.169 4294967295
145.171 4294967295
145.175 4294967295
145.178 4294967295
145.181 4294967295
145.183 4294967295
145.186 4294967295
145.189 4294967295
145.192 4294967295
145.195 4294967295
145.197 4294967295
145.201 4294967295
145.204 4294967295
145.206 4294967295
145.21 4294967295
145.212 4294967295
145.216 4294967295
145.218 4294967295
145.221 4294967295
145.224 4294967295
145.227 4294967295
145.23 4294967295
145.233 4294967295
145.236 4294967295
145.239 4294967295
145.242 4294967295
145.245 4294967295
145.247 4294967295
145.25 4294967295
145.253 4294967295
145.256 4294967295
145.259 4294967295
145.261 4294967295
145.264 4294967295
145.267 4294967295
145.27 4294967295
145.273 4294967295
145.276 4294967295
145.28 4294967295
145.282 4294967295
145.285 4294967295
145.288 4294967295
145.291 4294967295
145.294 4294967295
145.294 4294967295
145.296 4294967295
145.296 4294967295
145.3 4294967295
145.3 4294967295
145.3 4294967295
149.405 4294967295
149.405 4294967295
149.408 4294967295
149.414 4294967295
149.426 4294967295
149.429 4294967295
149.437 4294967295
149.443 4294967295
149.446 4294967295
149.452 4294967295
149.455 4294967295
149.457 4294967295
149.461 4294967295
149.463 4294967295
149.466 4294967295
149.469 4294967295
149.475 4294967295
149.477 4294967295
149.48 4294967295
149.484 4294967295
149.487 4294967295
149.489 4294967295
149.492 4294967295
149.495 4294967295
149.498 4294967295
149.5 4294967295
149.504 4294967295
149.506 4294967295
149.509 4294967295
149.512 4294967295
149.515 4294967295
149.518 4294967295
149.521 4294967295
149.524 4294967295
149.527 4294967295
149.53 4294967295
149.533 4294967295
149.535 4294967295
149.538 4294967295
149.541 4294967295
149.544 4294967295
149.547 4294967295
149.55 4294967295
149.553 4294967295
149.556 4294967295
149.559 4294967295
149.56 4294967295
149.561 4294967295
149.561 4294967295
149.561 4294967295
149.562 4294967295
149.562 4294967295
149.57 4294967295
149.571 4294967295
149.573 4294967295
149.574 4294967295
149.575 4294967295
149.576 4294967295
149.577 4294967295
149.577 4294967295
149.579 4294967295
149.581 4294967295
149.581 4294967295
152.695 4294967295
153.117 4294967295
161.809 4294967295
161.809 4294967295
161.812 4294967295
161.815 4294967295
161.818 4294967295
161.821 4294967295
161.824 4294967295
161.826 4294967295
161.83 4294967295
161.832 4294967295
161.836 4294967295
161.838 4294967295
161.844 4294967295
161.846 4294967295
161.85 4294967295
161.853 4294967295
161.856 4294967295
161.861 4294967295
161.865 4294967295
161.867 4294967295
161.87 4294967295
161.874 4294967295
161.876 4294967295
161.882 4294967295
161.885 4294967295
161.888 4294967295
161.891 4294967295
161.894 4294967295
161.896 4294967295
161.896 4294967295
161.902 4294967295
161.902 4294967295
161.902 4294967295
161.905 4294967295
161.905 4294967295
161.905 4294967295
161.908 4294967295
161.911 4294967295
161.914 4294967295
161.917 4294967295
161.919 4294967295
161.925 4294967295
161.928 4294967295
161.931 4294967295
161.934 4294967295
161.937 4294967295
161.94 4294967295
161.943 4294967295
161.946 4294967295
161.948 4294967295
161.951 4294967295
161.954 4294967295
161.957 4294967295
161.959 4294967295
161.96 4294967295
161.961 4294967295
161.962 4294967295
161.963 4294967295
161.964 4294967295
161.965 4294967295
161.966 4294967295
161.993 4294967295
161.996 4294967295
161.999 4294967295
162.002 4294967295
162.005 4294967295
162.008 4294967295
162.011 4294967295
162.013 4294967295
162.016 4294967295
162.016 4294967295
172.6 4294967295
173.001 4294967295
174.595 4294967295
174.595 4294967295
174.598 4294967295
174.601 4294967295
174.604 4294967295
174.607 4294967295
174.613 4294967295
174.615 4294967295
174.618 4294967295
174.621 4294967295
174.624 4294967295
174.627 4294967295
174.63 4294967295
174.633 4294967295
174.636 4294967295
174.639 4294967295
174.642 4294967295
174.645 4294967295
174.648 4294967295
174.651 4294967295
174.653 4294967295
174.656 4294967295
174.659 4294967295
174.662 4294967295
174.665 4294967295
174.668 4294967295
174.671 4294967295
174.677 4294967295
174.679 4294967295
174.683 4294967295
174.685 4294967295
174.689 4294967295
174.689 4294967295
174.689 4294967295
174.691 4294967295
174.691 4294967295
174.691 4294967295
174.694 4294967295
174.694 4294967295
174.694 4294967295
174.697 4294967295
174.697 4294967295
174.697 4294967295
174.7 4294967295
174.7 4294967295
174.7 4294967295
174.702 4294967295
174.702 4294967295
174.702 4294967295
174.706 4294967295
174.706 4294967295
174.706 4294967295
174.709 4294967295
174.709 4294967295
174.709 4294967295
174.712 4294967295
174.712 4294967295
174.712 4294967295
174.715 4294967295
174.715 4294967295
174.715 4294967295
174.717 4294967295
174.717 4294967295
174.717 4294967295
174.72 4294967295
174.72 4294967295
174.72 4294967295
174.724 4294967295
174.724 4294967295
174.724 4294967295
174.726 4294967295
174.726 4294967295
174.726 4294967295
174.729 4294967295
174.729 4294967295
174.729 4294967295
174.732 4294967295
174.732 4294967295
174.732 4294967295
174.734 4294967295
174.734 4294967295
174.734 4294967295
174.738 4294967295
174.738 4294967295
174.738 4294967295
174.741 4294967295
174.741 4294967295
174.741 4294967295
174.743 4294967295
174.743 4294967295
174.743 4294967295
174.746 4294967295
174.746 4294967295
174.746 4294967295
174.749 4294967295
174.749 4294967295
174.749 4294967295
174.752 4294967295
174.752 4294967295
174.752 4294967295
174.754 4294967295
174.754 4294967295
174.754 4294967295
174.756 4294967295
174.756 4294967295
174.756 4294967295
174.758 4294967295
174.758 4294967295
174.76 4294967295
174.761 4294967295
174.839 4294967295
174.842 4294967295
174.842 4294967295
174.842 4294967295
180.906 4294967295
180.906 4294967295
180.909 4294967295
180.912 4294967295
180.915 4294967295
180.92 4294967295
180.923 4294967295
180.926 4294967295
180.929 4294967295
180.932 4294967295
180.935 4294967295
180.938 4294967295
180.941 4294967295
180.943 4294967295
180.947 4294967295
180.95 4294967295
180.952 4294967295
180.956 4294967295
180.959 4294967295
180.961 4294967295
180.964 4294967295
180.967 4294967295
180.97 4294967295
180.973 4294967295
180.976 4294967295
180.979 4294967295
180.982 4294967295
180.984 4294967295
180.987 4294967295
180.991 4294967295
180.993 4294967295
180.999 4294967295
181.002 4294967295
181.002 4294967295
181.002 4294967295
181.005 4294967295
181.005 4294967295
181.005 4294967295
181.008 4294967295
181.008 4294967295
181.008 4294967295
181.011 4294967295
181.011 4294967295
181.011 4294967295
181.014 4294967295
181.014 4294967295
181.014 4294967295
181.019 4294967295
181.019 4294967295
181.019 4294967295
181.022 4294967295
181.022 4294967295
181.022 4294967295
181.025 4294967295
181.025 4294967295
181.025 4294967295
181.028 4294967295
181.028 4294967295
181.028 4294967295
181.031 4294967295
181.031 4294967295
181.031 4294967295
181.034 4294967295
181.034 4294967295
181.034 4294967295
181.037 4294967295
181.037 4294967295
181.037 4294967295
181.04 4294967295
181.04 4294967295
181.04 4294967295
181.043 4294967295
181.043 4294967295
181.043 4294967295
181.045 4294967295
181.045 4294967295
181.045 4294967295
181.048 4294967295
181.048 4294967295
181.048 4294967295
181.051 4294967295
181.051 4294967295
181.051 4294967295
181.054 4294967295
181.054 4294967295
181.054 4294967295
181.057 4294967295
181.057 4294967295
181.057 4294967295
181.059 4294967295
181.059 4294967295
181.059 4294967295
181.062 4294967295
181.062 4294967295
181.062 4294967295
181.065 4294967295
181.065 4294967295
181.065 4294967295
181.068 4294967295
181.068 4294967295
181.068 4294967295
181.071 4294967295
181.071 4294967295
181.071 4294967295
181.072 4294967295
181.072 4294967295
181.074 4294967295
181.153 4294967295
181.153 4294967295
181.156 4294967295
181.157 4294967295
181.159 4294967295
181.159 4294967295
191.745 4294967295
192.113 4294967295
