0.0 3
0.214232 0.612
0.419411 0.511125
0.433518 0.443234
0.447635 0.391455
0.461753 0.351867
0.475871 0.321516
0.624579 0.450051
0.638697 0.404979
0.652814 0.369369
0.666932 0.341083
0.68105 0.317611
0.695167 0.298939
0.709285 0.284874
0.723403 0.273367
0.737521 0.263898
0.829747 0.334677
0.843865 0.319473
0.857982 0.306136
0.8721 0.293567
0.886218 0.282801
0.900335 0.27443
0.914453 0.266985
0.928571 0.260381
0.942689 0.254536
1.03491 0.327399
1.04903 0.313428
1.06315 0.301121
1.07727 0.291166
1.09139 0.282159
1.1055 0.274055
1.11962 0.266798
1.13374 0.260323
1.14786 0.254564
1.24008 0.328496
1.2542 0.314446
1.26832 0.302931
1.28244 0.292533
1.29655 0.283192
1.31067 0.274837
1.32479 0.267391
1.33891 0.260773
1.35302 0.254031
1.44525 0.327984
1.45937 0.315064
1.47349 0.303364
1.4876 0.292832
1.50172 0.283393
1.51584 0.274968
1.52996 0.267472
1.54407 0.259944
1.55819 0.253536
1.65042 0.326401
1.66454 0.313834
1.67865 0.302404
1.69277 0.292078
1.70689 0.282799
1.72101 0.273623
1.73513 0.265706
1.74924 0.259739
1.76336 0.254331
1.85559 0.327056
1.8697 0.314258
1.88382 0.302664
1.89794 0.292221
1.91206 0.281987
1.92618 0.273115
1.94029 0.266289
1.95441 0.260113
1.96853 0.254556
2.06075 0.327263
2.07487 0.314371
2.08899 0.302711
2.10311 0.29135
2.11723 0.281445
2.13134 0.273682
2.14546 0.266659
2.15958 0.260343
2.1737 0.254687
2.26592 0.327389
2.28004 0.313559
2.29416 0.30134
2.30828 0.291435
2.32239 0.282453
2.33651 0.274357
2.35063 0.267095
2.36475 0.260608
2.37886 0.254832
2.47109 0.32866
2.48521 0.314611
2.49933 0.303091
2.51344 0.292684
2.52756 0.283333
2.54168 0.274968
2.5558 0.26751
2.56991 0.260881
2.58403 0.254129
2.67626 0.328046
2.69038 0.315123
2.70449 0.303419
2.71861 0.292882
2.73273 0.28344
2.74685 0.275011
2.76097 0.26751
2.77508 0.259978
2.7892 0.253567
2.88143 0.32642
2.89554 0.313852
2.90966 0.302421
2.92378 0.292094
2.9379 0.282814
2.95202 0.273636
2.96613 0.265718
2.98025 0.259749
2.99437 0.25434
3.08659 0.327062
3.10071 0.314264
3.11483 0.302669
3.12895 0.292226
3.14307 0.281991
3.15718 0.273119
3.1713 0.266292
3.18542 0.260116
3.19954 0.254559
3.29176 0.327265
3.30588 0.314372
3.32 0.302713
3.33412 0.291351
3.34823 0.282322
3.36235 0.274199
3.37647 0.266924
3.39059 0.260434
3.4047 0.254661
3.49693 0.327434
3.51105 0.31352
3.52517 0.301248
3.53928 0.291311
3.5534 0.282312
3.56752 0.274209
3.58164 0.266947
3.59575 0.260465
3.60987 0.254696
3.7021 0.328577
3.71622 0.314527
3.73033 0.303009
3.74445 0.292606
3.75857 0.28326
3.77269 0.2749
3.78681 0.267448
3.80092 0.260825
3.81504 0.254078
3.90727 0.328013
3.92138 0.315092
3.9355 0.303391
3.94962 0.292856
3.96374 0.283416
3.97786 0.274989
3.99197 0.26749
4.00609 0.25996
4.02021 0.253551
4.11243 0.32641
4.12655 0.313842
4.14067 0.302412
4.15479 0.292086
4.16891 0.282806
4.18302 0.273629
4.19714 0.265712
4.21126 0.259744
4.22538 0.254335
4.3176 0.327059
4.33172 0.314261
4.34584 0.302666
4.35996 0.292224
4.37407 0.281989
4.38819 0.273117
4.40231 0.26629
4.41643 0.260114
4.43054 0.254557
4.52277 0.327264
4.53689 0.314371
4.55101 0.301837
4.56512 0.290835
4.57924 0.282057
4.59336 0.274108
4.60748 0.26695
4.62159 0.260536
4.63571 0.25481
4.72794 0.327496
4.74206 0.313622
4.75617 0.301372
4.77029 0.291447
4.78441 0.282451
4.79853 0.274345
4.81265 0.267078
4.82676 0.260587
4.84088 0.25481
4.93311 0.328648
4.94722 0.314597
4.96134 0.303076
4.97546 0.292669
4.98958 0.283319
5.0037 0.274954
5.01781 0.267497
5.03193 0.260869
5.04605 0.254118
5.13827 0.328039
5.15239 0.315116
5.16651 0.303413
5.18063 0.292876
5.19475 0.283434
5.20886 0.275006
5.22298 0.267505
5.2371 0.259974
5.25122 0.253563
5.34344 0.326418
5.35756 0.31385
5.37168 0.302419
5.3858 0.292092
5.39991 0.282812
5.41403 0.273634
5.42815 0.265716
5.44227 0.259748
5.45638 0.254339
5.54861 0.327061
5.56273 0.314263
5.57685 0.302668
5.59096 0.292226
5.60508 0.281991
5.6192 0.273118
5.63332 0.266292
5.64743 0.260115
5.66155 0.254558
5.75378 0.327264
5.7679 0.314372
5.78201 0.301837
5.79613 0.290835
5.81025 0.282058
5.82437 0.274108
5.83849 0.266951
5.8526 0.260536
5.86672 0.25481
5.95895 0.327497
5.97306 0.313622
5.98718 0.301373
6.0013 0.291447
6.01542 0.282451
6.02954 0.274346
6.04365 0.267078
6.05777 0.260588
6.07189 0.25481
6.16411 0.328648
6.17823 0.315472
6.19235 0.303591
6.20647 0.292933
6.22059 0.283409
6.2347 0.274927
6.24882 0.267395
6.26294 0.26072
6.27706 0.253943
6.36928 0.32795
6.3834 0.315001
6.39752 0.303285
6.41164 0.292743
6.42575 0.283302
6.43987 0.274878
6.45399 0.267385
6.46811 0.259862
6.48222 0.25346
6.57445 0.326354
6.58857 0.313787
6.60269 0.302359
6.6168 0.292036
6.63092 0.28276
6.64504 0.273587
6.65916 0.265673
6.67327 0.259709
6.68739 0.254304
6.77962 0.327039
6.79374 0.314242
6.80785 0.302649
6.82197 0.292208
6.83609 0.281974
6.85021 0.273103
6.86432 0.266278
6.87844 0.260103
6.89256 0.254548
6.98479 0.327257
6.9989 0.314366
7.01302 0.301831
7.02714 0.29083
7.04126 0.282053
7.05538 0.274104
7.06949 0.266947
7.08361 0.260533
7.09773 0.254807
7.18995 0.327495
7.20407 0.31362
7.21819 0.301371
7.23231 0.291446
7.24643 0.282449
7.26054 0.274344
7.27466 0.267077
7.28878 0.260587
7.3029 0.254809
7.39512 0.328647
7.40924 0.315471
7.42336 0.303591
7.43748 0.292932
7.45159 0.283408
7.46571 0.274927
7.47983 0.267394
7.49395 0.26072
7.50806 0.253942
7.60029 0.32795
7.61441 0.315001
7.62853 0.303285
7.64264 0.292743
7.65676 0.283302
7.67088 0.274878
7.685 0.267385
7.69911 0.259862
7.71323 0.254335
7.80546 0.327119
7.81958 0.314238
7.83369 0.30259
7.84781 0.292115
7.86193 0.282737
7.87605 0.273497
7.89016 0.265543
7.90428 0.259556
7.9184 0.254141
8.01063 0.32695
8.02474 0.314138
8.03886 0.302538
8.05298 0.292096
8.0671 0.281866
8.08122 0.273
8.09533 0.266182
8.10945 0.260015
8.12357 0.254467
8.21579 0.327207
8.22991 0.314316
8.24403 0.301785
8.25815 0.290786
8.27227 0.282013
8.28638 0.274067
8.3005 0.266913
8.31462 0.260503
8.32874 0.25478
8.42096 0.327477
8.43508 0.313604
8.4492 0.301356
8.46332 0.291432
8.47743 0.282437
8.49155 0.274333
8.50567 0.267067
8.51979 0.260577
8.5339 0.254801
8.62613 0.328642
8.64025 0.315466
8.65437 0.303586
8.66848 0.292928
8.6826 0.283404
8.69672 0.274923
8.71084 0.267391
8.72495 0.260717
8.73907 0.25394
8.8313 0.327949
8.84542 0.315
8.85953 0.303283
8.87365 0.292742
8.88777 0.283301
8.90189 0.274877
8.916 0.266509
8.93012 0.259345
8.94424 0.254071
9.03647 0.326837
9.05058 0.314121
9.0647 0.302584
9.07882 0.292182
9.09294 0.282851
9.10706 0.273638
9.12117 0.265697
9.13529 0.259714
9.14941 0.254296
9.24163 0.327041
9.25575 0.314234
9.26987 0.302635
9.28399 0.292191
9.29811 0.281956
9.31222 0.273084
9.32634 0.26626
9.34046 0.260085
9.35458 0.254531
9.4468 0.327247
9.46092 0.314355
9.47504 0.301821
9.48916 0.29082
9.50327 0.282044
9.51739 0.274096
9.53151 0.266939
9.54563 0.260526
9.55974 0.254801
9.65197 0.327491
9.66609 0.313616
9.68021 0.301367
9.69432 0.291442
9.70844 0.282446
9.72256 0.274342
9.73668 0.267074
9.75079 0.260584
9.76491 0.254807
9.85714 0.328646
9.87126 0.31547
9.88537 0.30359
9.89949 0.292931
9.91361 0.283407
9.92773 0.274926
9.94184 0.267393
9.95596 0.260719
9.97008 0.253942
10.0623 0.32795
10.0764 0.315001
10.0905 0.303284
10.1047 0.292743
10.1188 0.283302
10.1329 0.274878
10.147 0.26651
10.1611 0.259346
10.1752 0.254071
10.2675 0.326838
10.2816 0.314121
10.2957 0.302584
10.3098 0.292183
10.3239 0.282851
10.3381 0.273638
10.3522 0.265697
10.3663 0.259714
10.3804 0.254296
10.5715 0.438416
10.5926 0.411688
10.7837 0.387907
10.8049 0.366804
10.9959 0.348117
11.0171 0.330725
11.2081 0.315633
11.2293 0.303397
11.4204 0.29251
11.4416 0.28285
11.6326 0.274296
11.6538 0.266736
11.8448 0.260065
11.866 0.253309
12.0571 0.247616
12.0782 0.243674
12.2693 0.240096
12.2905 0.236871
12.4815 0.233977
12.5027 0.231391
12.6937 0.229088
12.7149 0.227043
12.906 0.22523
12.9271 0.222752
13.1182 0.220822
13.1394 0.220185
13.3304 0.219512
13.3516 0.218835
13.5426 0.218177
13.5638 0.217553
13.7549 0.216969
13.776 0.216304
13.9671 0.215765
13.9883 0.215626
14.1793 0.215422
14.2005 0.215181
14.3916 0.214924
14.4127 0.214663
14.6038 0.214409
14.625 0.214167
14.816 0.214505
14.8372 0.21468
15.0282 0.214515
15.0494 0.214328
15.2405 0.214133
15.2616 0.213938
15.4527 0.213749
15.4739 0.213571
15.6649 0.213405
15.6861 0.214024
15.8771 0.214399
15.8983 0.214215
16.0894 0.214025
16.1105 0.213837
16.3016 0.213656
16.3228 0.213485
16.5138 0.213327
16.535 0.213182
16.726 0.213884
16.7472 0.214318
16.9383 0.214127
16.9594 0.213935
17.1505 0.213749
17.1717 0.213572
17.3627 0.213407
17.3839 0.213254
17.575 0.213136
17.5961 0.213843
17.7872 0.214294
17.8084 0.214101
17.9994 0.213909
18.0206 0.213723
18.2116 0.213547
18.2328 0.213383
18.4239 0.213233
18.445 0.213917
18.6361 0.214337
18.6573 0.214147
18.8483 0.213955
18.8695 0.213769
19.0605 0.213591
19.0817 0.213424
19.2728 0.21327
19.2939 0.213138
19.485 0.21312
19.5062 0.213771
19.6972 0.214252
19.7184 0.214056
19.9094 0.213864
19.9306 0.213679
20.1217 0.213505
20.1429 0.213344
20.3339 0.213197
20.3551 0.213894
20.5461 0.214324
20.5673 0.214133
20.7584 0.213941
20.7795 0.213754
20.9706 0.213577
20.9918 0.213411
21.1834 0.214028
21.204 0.213837
21.3966 0.214288
21.417 0.214543
21.6315 0.429087
21.6392 0.214543
21.8741 0.429087
21.8961 0.214543
22.2743 0.266413
22.3761 0.398096
22.5169 0.365885
22.6186 0.340875
22.7306 0.33395
22.8323 0.325657
22.9604 0.302725
23.0748 0.297375
23.2029 0.292134
23.3174 0.288252
23.4454 0.284291
23.5599 0.279276
23.6879 0.27482
23.8024 0.271995
23.9305 0.269235
24.045 0.265479
24.173 0.263406
24.2875 0.261407
24.4155 0.258396
24.53 0.257032
24.6581 0.255698
24.7725 0.253301
24.9006 0.251375
25.0151 0.250943
25.1431 0.250411
25.2576 0.248706
25.3856 0.247377
25.5001 0.247462
25.6282 0.247378
25.7426 0.246061
25.8707 0.24507
25.9852 0.245449
26.1132 0.245621
26.2277 0.244959
26.3558 0.244431
26.4702 0.244804
26.5983 0.244992
26.7128 0.24465
26.8408 0.244343
26.9553 0.24464
27.0833 0.244784
27.1978 0.24459
27.3259 0.244381
27.4403 0.244612
27.5684 0.244713
27.6829 0.244593
27.8109 0.244433
27.9254 0.244617
28.0534 0.244688
28.1679 0.244607
28.296 0.244472
28.4105 0.244627
28.5385 0.244678
28.653 0.244619
28.781 0.244674
28.8955 0.244658
29.0236 0.244666
29.138 0.244667
29.2661 0.244615
29.3806 0.244676
29.5086 0.244631
29.6231 0.244673
29.7511 0.244649
29.8656 0.244669
29.9937 0.244598
30.1082 0.244668
30.2362 0.244661
30.3507 0.244659
30.4516 0.2682
30.5629 0.284611
30.6638 0.293112
30.7751 0.295281
30.8773 0.293258
30.9892 0.289453
31.0927 0.283724
31.2318 0.28815
31.3352 0.290737
31.4743 0.290943
31.5777 0.288455
31.7168 0.285371
31.8203 0.283116
31.9593 0.280383
32.0628 0.276296
32.2019 0.272543
32.218 0.271375
32.2332 0.272003
32.2494 0.273852
32.2655 0.276508
32.2807 0.278548
32.2968 0.280151
32.3113 0.281448
32.3265 0.282535
32.4503 0.406106
32.4656 0.373099
32.4809 0.349559
32.4978 0.329407
32.5131 0.313919
32.5284 0.302851
32.5453 0.292374
32.5589 0.287049
32.5741 0.281678
32.698 0.395131
32.7132 0.377367
32.7285 0.361916
32.7454 0.346717
32.7607 0.33572
32.776 0.326887
32.7929 0.317094
32.8065 0.311414
32.8218 0.305017
32.9456 0.409893
32.9608 0.392399
32.9761 0.375749
32.9931 0.359331
33.0083 0.34714
33.0236 0.336291
33.0405 0.325788
33.0541 0.318495
33.0694 0.311725
33.1932 0.415098
33.2084 0.396638
33.2237 0.380128
33.2407 0.364539
33.2559 0.352699
33.2712 0.341
33.2882 0.328917
33.3017 0.322271
33.317 0.314901
33.4408 0.416121
33.4561 0.397527
33.4713 0.380903
33.4883 0.36434
33.5036 0.351897
33.5188 0.340735
33.5358 0.329886
33.5493 0.323114
33.5646 0.315636
33.6884 0.416603
33.7037 0.397967
33.7189 0.382175
33.7359 0.366088
33.7512 0.352997
33.7664 0.341374
33.7834 0.329329
33.797 0.322696
33.8122 0.314446
33.936 0.416726
33.9513 0.398322
33.9666 0.381797
33.9835 0.366146
33.9988 0.35334
34.014 0.341894
34.031 0.329948
34.0446 0.32336
34.0598 0.315994
34.1836 0.416753
34.1989 0.399088
34.2142 0.382117
34.2311 0.36529
34.2464 0.352643
34.2617 0.341324
34.2786 0.330355
34.2922 0.323489
34.3075 0.315936
34.4313 0.417939
34.4465 0.399125
34.4618 0.382306
34.4788 0.366446
34.494 0.353492
34.5093 0.341945
34.5262 0.329932
34.5398 0.3233
34.5551 0.315032
34.6789 0.41595
34.6941 0.397702
34.7094 0.381298
34.7264 0.364868
34.7416 0.352495
34.7569 0.342236
34.7739 0.331027
34.7874 0.323982
34.8027 0.316298
34.9265 0.417092
34.9418 0.398342
34.957 0.381589
34.974 0.365796
34.9892 0.352906
35.0045 0.341419
35.0215 0.329461
35.035 0.322006
35.0503 0.315019
35.1741 0.417119
35.1894 0.398659
35.2046 0.382087
35.2216 0.366396
35.2369 0.354431
35.2521 0.342596
35.2691 0.330373
35.2827 0.32359
35.2979 0.316089
35.4217 0.416877
35.437 0.399122
35.4523 0.382091
35.4692 0.365224
35.4845 0.352555
35.4997 0.341223
35.5167 0.330248
35.5303 0.323382
35.5455 0.315833
35.6693 0.417878
35.6846 0.399061
35.6999 0.383117
35.7168 0.3669
35.7321 0.353698
35.7474 0.341981
35.7643 0.329855
35.7779 0.323152
35.7932 0.314842
35.917 0.415862
35.9322 0.397575
35.9475 0.38115
35.9644 0.36471
35.9797 0.352337
35.995 0.342081
36.0119 0.33088
36.0255 0.323845
36.0408 0.316171
36.1646 0.417013
36.1798 0.399139
36.1951 0.382031
36.2121 0.365115
36.2273 0.352416
36.2426 0.34107
36.2596 0.33009
36.2731 0.322351
36.2884 0.315167
36.4122 0.417305
36.4275 0.398714
36.4427 0.382054
36.4597 0.366306
36.4749 0.354306
36.4902 0.342453
36.5072 0.330222
36.5207 0.323439
36.536 0.315943
36.6598 0.41679
36.6751 0.398156
36.6903 0.381485
36.7073 0.364873
36.7226 0.352382
36.7378 0.342047
36.7548 0.330795
36.7684 0.32373
36.7836 0.316039
36.9074 0.416945
36.9227 0.398179
36.938 0.382296
36.9549 0.366144
36.9702 0.353009
36.9854 0.341358
37.0024 0.329294
37.016 0.322649
37.0312 0.314394
37.155 0.416699
37.1703 0.398289
37.1856 0.38176
37.2025 0.366108
37.2178 0.353302
37.2331 0.341858
37.25 0.329914
37.2636 0.323329
37.2788 0.315966
37.4027 0.416735
37.4179 0.39907
37.4332 0.382101
37.4501 0.365274
37.4654 0.352629
37.4807 0.341311
37.4976 0.330343
37.5112 0.323478
37.5265 0.315927
37.6503 0.417933
37.6655 0.399119
37.6808 0.3823
37.6978 0.366441
37.713 0.353488
37.7283 0.341941
37.7452 0.329928
37.7588 0.323297
37.7741 0.315029
37.8979 0.415949
37.9132 0.3977
37.9284 0.381297
37.9454 0.364866
37.9606 0.352494
37.9759 0.342235
37.9929 0.331026
38.0064 0.323981
38.0217 0.316297
38.1455 0.417091
38.1608 0.398341
38.176 0.381589
38.193 0.365795
38.2083 0.352906
38.2235 0.341419
38.2405 0.329461
38.254 0.322006
38.2693 0.315019
38.3931 0.417119
38.4084 0.398659
38.4236 0.382087
38.4406 0.366396
38.4559 0.35443
38.4711 0.342596
38.4881 0.330373
38.5017 0.32359
38.5169 0.316089
38.6407 0.416877
38.656 0.399122
38.6713 0.382091
38.6882 0.365224
38.7035 0.352554
38.7188 0.341223
38.7357 0.330248
38.7493 0.323382
38.7645 0.315833
38.8884 0.417878
38.9036 0.399061
38.9189 0.383117
38.9358 0.3669
38.9511 0.353698
38.9664 0.341981
38.9833 0.329855
38.9969 0.323152
39.0122 0.314842
39.136 0.415862
39.1512 0.397575
39.1665 0.38115
39.1835 0.36471
39.1987 0.352337
39.214 0.342081
39.2309 0.33088
39.2445 0.323845
39.2598 0.316171
39.3836 0.417013
39.3988 0.399139
39.4141 0.382031
39.4311 0.365115
39.4463 0.352416
39.4616 0.34107
39.4786 0.33009
39.4921 0.323226
39.5074 0.315683
39.6312 0.417788
39.6465 0.398968
39.6617 0.38215
39.6787 0.366296
39.694 0.354227
39.7092 0.34233
39.7262 0.330075
39.7397 0.32328
39.755 0.314906
39.8788 0.415932
39.8941 0.397603
39.9093 0.381149
39.9263 0.364691
39.9416 0.352306
39.9568 0.342044
39.9738 0.330839
39.9874 0.323804
40.0026 0.31613
40.1264 0.416989
40.1417 0.398239
40.157 0.382365
40.1739 0.366217
40.1892 0.353082
40.2044 0.341428
40.2214 0.329361
40.235 0.322712
40.2502 0.314451
40.3741 0.416735
40.3894 0.398324
40.4047 0.381794
40.4216 0.36614
40.4369 0.353331
40.4522 0.341884
40.4691 0.329938
40.4827 0.32335
40.4979 0.315985
40.6303 0.426872
40.6456 0.400067
40.6608 0.378223
40.6778 0.358569
40.6931 0.343653
40.7083 0.331407
40.7253 0.32042
40.7389 0.315009
40.7541 0.308052
40.8907 0.42922
40.9076 0.404117
40.9237 0.382578
40.9407 0.363205
40.956 0.349423
40.9712 0.337928
40.9882 0.326543
41.0017 0.320898
41.017 0.313822
41.1552 0.437818
41.1722 0.414043
41.1892 0.394096
41.2087 0.374659
41.2265 0.358008
41.2434 0.343737
41.2561 0.334129
41.2595 0.338321
41.2629 0.348373
41.3609 0.396547
41.3774 0.42961
41.3943 0.444601
41.4138 0.445513
41.4316 0.439846
41.4492 0.429132
41.4627 0.418941
41.4768 0.405785
41.4909 0.391097
41.566 0.393099
41.5825 0.379763
41.5995 0.365863
41.619 0.350277
41.637 0.336758
41.6543 0.324113
41.6699 0.315061
41.6894 0.300681
41.708 0.284317
41.8149 0.370828
41.842 0.373013
41.8717 0.385821
41.9056 0.410107
41.9387 0.437197
41.9718 0.467938
42.0031 0.500582
42.043 0.54405
42.0812 0.588386
42.266 0.797876
42.3076 0.854514
42.3517 0.898166
42.3856 0.920058
42.4195 0.921516
42.4534 0.910645
42.484 0.887553
42.5238 0.869444
42.562 0.844171
42.7468 0.982549
42.7875 0.901217
42.8316 0.839118
42.8656 0.777049
42.8995 0.727877
42.9334 0.688706
42.9639 0.652821
43.0038 0.634715
43.0419 0.617873
43.2268 0.767731
43.2675 0.707588
43.3116 0.660327
43.3455 0.632811
43.3794 0.610822
43.4134 0.593147
43.4439 0.582356
43.4837 0.565773
43.5219 0.553479
43.7068 0.707282
43.7475 0.677329
43.7916 0.649944
43.8255 0.636568
43.8594 0.623741
43.8933 0.611675
43.9239 0.603985
43.9586 0.591408
43.9832 0.593673
44.1206 0.661595
44.1554 0.698564
44.1927 0.718306
44.2147 0.741753
44.2359 0.758335
44.2563 0.769487
44.2851 0.769322
44.3216 0.751954
44.3521 0.732776
44.5302 0.769416
44.576 0.697124
44.626 0.647356
44.6531 0.60069
44.6803 0.568504
44.7049 0.547335
44.7328 0.538651
44.7702 0.540901
44.8041 0.538162
45.0051 0.725671
45.0551 0.702235
45.1043 0.684473
45.1314 0.641832
45.1585 0.609355
45.1831 0.582312
45.2103 0.565243
45.2433 0.557596
45.2739 0.542575
45.4681 0.711799
45.5223 0.668529
45.5792 0.631885
45.6088 0.619271
45.6368 0.606296
45.6614 0.596148
45.6877 0.585483
45.7199 0.571344
45.7479 0.564274
45.9285 0.709493
45.9887 0.672421
46.0506 0.63611
46.0837 0.629684
46.1134 0.620446
46.1397 0.612306
46.166 0.602456
46.1982 0.58657
46.2262 0.577065
46.4068 0.720539
46.467 0.677551
46.5289 0.645917
46.5628 0.637121
46.5917 0.63072
46.618 0.625965
46.6442 0.61794
46.6765 0.60455
46.7044 0.59609
46.8851 0.731742
46.9427 0.682548
47.0021 0.64634
47.0343 0.644256
47.064 0.641849
47.0903 0.638306
47.1166 0.632283
47.1496 0.617791
47.1793 0.606287
47.3633 0.741323
47.421 0.688774
47.4804 0.651546
47.5092 0.646042
47.5363 0.642241
47.5601 0.640396
47.5872 0.633579
47.6177 0.621118
47.6322 0.624718
47.8179 0.734773
47.8781 0.69441
47.9374 0.661221
47.9663 0.660934
47.9943 0.655935
48.0172 0.650594
48.0443 0.638946
48.074 0.62449
48.0833 0.627958
48.2749 0.753202
48.3352 0.693232
48.3945 0.649932
48.4233 0.643362
48.4513 0.634789
48.4742 0.628639
48.5014 0.616239
48.531 0.601125
48.5429 0.604047
48.7134 0.719081
48.7753 0.677696
48.8389 0.642141
48.8685 0.639616
48.8982 0.63169
48.9211 0.625748
48.9483 0.613262
48.9779 0.598748
48.994 0.596544
49.1704 0.720871
49.2323 0.679996
49.2925 0.645672
49.3214 0.632307
49.3494 0.620402
49.3723 0.614139
49.3985 0.602806
49.4282 0.588593
49.4443 0.587029
49.6156 0.707708
49.6809 0.6591
49.7462 0.626822
49.7784 0.614901
49.8064 0.603705
49.8293 0.596805
49.8531 0.587532
49.8828 0.575274
49.8989 0.576409
50.0617 0.693557
50.1261 0.648575
50.1906 0.613412
50.2203 0.615924
50.2465 0.618169
50.2694 0.619106
50.2915 0.615498
50.3195 0.604615
50.3347 0.605173
50.4933 0.698468
50.5603 0.648241
50.6273 0.612647
50.6595 0.607648
50.6867 0.602441
50.7121 0.594542
50.7367 0.584247
50.7655 0.567483
50.7808 0.564717
50.9478 0.690612
51.0157 0.668212
51.0801 0.646474
51.1081 0.628032
51.1336 0.617242
51.1564 0.608965
51.1793 0.601597
51.2048 0.591462
51.2184 0.593859
51.3684 0.682389
51.4363 0.640454
51.5024 0.609732
51.5321 0.616142
51.5592 0.615875
51.5838 0.611204
51.6084 0.601132
51.6356 0.586143
51.6517 0.579896
51.8018 0.677309
51.8688 0.644695
51.929 0.609552
51.957 0.606286
51.9824 0.602665
52.0053 0.598799
52.029 0.591268
52.0545 0.581568
52.0723 0.578622
52.2596 0.710059
52.2845 0.881596
52.4719 0.973243
52.4967 1.0096
52.5109 1.00853
52.525 0.982938
52.5393 0.941176
52.5547 0.89014
52.5683 0.836393
52.5827 0.78164
52.5962 0.727939
52.6775 0.61798
52.7028 0.584258
52.7172 0.55962
52.7308 0.533526
52.7452 0.506385
52.7621 0.47678
52.7782 0.448328
52.7935 0.421552
52.8096 0.395869
52.8919 0.410464
52.919 0.37806
52.9351 0.360199
52.9504 0.344284
52.9665 0.328394
52.9843 0.311328
53.0021 0.296775
53.0208 0.283482
53.0403 0.275523
53.1344 0.35694
53.1658 0.351778
53.1861 0.337866
53.2039 0.327428
53.2243 0.325252
53.2455 0.327629
53.2642 0.328575
53.282 0.326335
53.3006 0.324291
53.3829 0.391097
53.4117 0.361803
53.4312 0.349335
53.449 0.340954
53.4711 0.3293
53.4948 0.316861
53.5152 0.307015
53.5347 0.299178
53.5559 0.291353
53.6415 0.361926
53.6729 0.349992
53.6941 0.332191
53.7144 0.318754
53.7382 0.31535
53.7645 0.316573
53.7865 0.315296
53.8086 0.314636
53.8315 0.317808
53.9214 0.396645
53.9561 0.389831
53.979 0.373802
54.0011 0.360977
54.0282 0.35853
54.0553 0.358688
54.0808 0.356146
54.1062 0.357504
54.1342 0.363755
54.2385 0.457583
54.2809 0.463359
54.308 0.455794
54.3352 0.451867
54.3623 0.451701
54.3894 0.448538
54.4132 0.440133
54.4378 0.430707
54.4649 0.423125
54.5641 0.496894
54.6099 0.476622
54.6388 0.445272
54.6693 0.425041
54.6981 0.411795
54.7278 0.403608
54.7549 0.396811
54.7821 0.395637
54.8134 0.40169
54.9313 0.507016
54.9864 0.524042
55.0221 0.521683
55.0577 0.52327
55.0848 0.516334
55.1136 0.508397
55.1391 0.496676
55.1654 0.484994
55.1959 0.477046
55.3112 0.565236
55.3706 0.554415
55.4096 0.525489
55.4478 0.505334
55.4774 0.483754
55.5088 0.47188
55.5368 0.461248
55.5656 0.456232
55.5995 0.460777
55.7208 0.565079
55.7844 0.573556
55.826 0.555507
55.8675 0.543679
55.9006 0.527395
55.9387 0.523165
55.9727 0.521603
56.0057 0.524184
56.0414 0.531809
56.1618 0.631601
56.2211 0.62607
56.261 0.590188
56.2991 0.559479
56.3305 0.544479
56.3678 0.528371
56.4009 0.520038
56.4348 0.512537
56.473 0.501442
56.6002 0.593194
56.6655 0.590244
56.7096 0.567394
56.7486 0.548574
56.78 0.534148
56.8139 0.520146
56.8453 0.513952
56.8775 0.50942
56.9131 0.503464
57.0335 0.58441
57.0997 0.567924
57.1454 0.558124
57.1845 0.553408
57.2158 0.554644
57.2531 0.547248
57.2871 0.53898
57.3227 0.52868
57.3583 0.516586
57.4787 0.599367
57.5482 0.596149
57.594 0.569535
57.633 0.555647
57.6653 0.550325
57.7017 0.540072
57.7357 0.534935
57.7713 0.527941
57.8069 0.52176
57.9129 0.58486
57.9756 0.561381
58.0214 0.564743
58.0621 0.568238
58.0978 0.570681
58.1359 0.563481
58.1707 0.556491
58.208 0.546326
58.2445 0.536239
58.3581 0.600753
58.4242 0.596347
58.4692 0.570352
58.5056 0.556755
58.5387 0.55234
58.5735 0.546838
58.6057 0.546045
58.6405 0.542929
58.6778 0.539262
58.794 0.598673
58.8618 0.584141
58.9076 0.567078
58.9474 0.557409
58.9831 0.548364
59.0204 0.53651
59.0518 0.530309
59.0865 0.521761
59.1247 0.512034
59.2426 0.593405
59.3112 0.591698
59.3562 0.568986
59.3969 0.5568
59.4317 0.550841
59.4622 0.548998
59.4919 0.552382
59.5224 0.551841
59.5563 0.549616
59.6623 0.590861
59.7327 0.566259
59.7802 0.565888
59.8243 0.563272
59.8607 0.56186
59.8896 0.562906
59.9201 0.560096
59.9523 0.552217
59.9888 0.539602
60.1033 0.603302
60.1686 0.597002
60.211 0.574754
60.2508 0.563912
60.2839 0.563268
60.311 0.566369
60.3441 0.561079
60.378 0.55145
60.4162 0.536741
60.5299 0.597371
60.5969 0.581179
60.6427 0.560902
60.6817 0.548161
60.7173 0.539763
60.7436 0.537884
60.7775 0.528749
60.8123 0.518824
60.8521 0.506346
60.9727 0.589177
61.043 0.59503
61.0897 0.572495
61.127 0.553433
61.1635 0.540286
61.1863 0.540993
61.2169 0.535488
61.2483 0.531454
61.2839 0.526699
61.3992 0.588284
61.4747 0.576565
61.5247 0.561496
61.5663 0.552373
61.6044 0.543812
61.6282 0.546387
61.6553 0.541815
61.6892 0.53282
61.7282 0.518704
61.8419 0.594457
61.9114 0.591062
61.9572 0.573581
61.997 0.56781
62.0377 0.562591
62.0649 0.56571
62.0954 0.55811
62.1336 0.540432
62.1768 0.530409
62.2972 0.614507
62.3752 0.62868
62.4253 0.612303
62.4668 0.592641
62.5109 0.581404
62.5389 0.561326
62.5703 0.548913
62.611 0.549332
62.6568 0.557316
62.7899 0.662514
62.879 0.693784
62.9315 0.682436
62.9756 0.66407
63.0223 0.654983
63.0519 0.628833
63.085 0.615459
63.13 0.617824
63.1851 0.634194
63.2775 0.695712
63.3131 0.685272
63.3377 0.730912
63.3598 0.778366
63.5591 0.779501
63.587 0.976339
63.8932 0.989379
63.9517 0.951206
63.9831 0.892054
64.0161 0.820672
64.0467 0.746712
64.078 0.672123
64.1103 0.63082
64.1416 0.617283
64.1722 0.622922
64.3891 0.85075
65.3619 0.909997
65.3755 0.930846
65.3831 0.93019
65.3924 0.914378
65.4051 0.885459
65.5606 0.917935
65.5747 0.917187
65.5888 0.894659
65.6029 0.858541
65.617 0.81376
65.6311 0.765599
65.6453 0.717599
65.6595 0.670299
65.6735 0.624937
65.6876 0.582264
65.7728 0.542689
65.7869 0.506383
65.801 0.472484
65.8151 0.442128
65.8293 0.415922
65.8434 0.392352
65.8575 0.371248
65.8718 0.352422
65.8859 0.335679
65.9 0.319952
65.985 0.306288
65.9991 0.294406
66.0132 0.28494
66.0274 0.276448
66.0415 0.268862
66.0556 0.262106
66.0697 0.256107
66.084 0.249916
66.0981 0.2447
66.1122 0.241162
66.1972 0.237928
66.2114 0.234996
66.2255 0.232353
66.2396 0.229982
66.2537 0.227865
66.2678 0.225979
66.2819 0.224305
66.2962 0.222822
66.3104 0.221511
66.3245 0.220353
66.4095 0.219332
66.4236 0.218433
66.4377 0.217642
66.4518 0.216946
66.4659 0.216335
66.4801 0.215951
66.4942 0.215606
66.5085 0.215387
66.5226 0.215138
66.5367 0.214876
66.6217 0.214615
66.6358 0.214361
66.6499 0.214121
66.664 0.214477
66.6786 0.214665
66.6923 0.214497
66.7064 0.214309
66.7207 0.214113
66.7348 0.213919
66.7489 0.213731
66.8339 0.213554
66.848 0.214116
66.8622 0.214451
66.8763 0.214273
66.8909 0.214085
66.905 0.213897
66.9191 0.214321
66.9332 0.214558
66.9473 0.214405
66.9614 0.21423
67.0461 0.214508
67.0603 0.214347
67.0744 0.214169
67.0885 0.213984
67.1031 0.21437
67.1172 0.21458
67.1313 0.214438
67.1454 0.214269
67.1596 0.214087
67.1737 0.213902
67.2584 0.213721
67.2725 0.213549
67.2866 0.213388
67.3007 0.213238
67.3153 0.213134
67.3294 0.213118
67.3435 0.213103
67.3577 0.21309
67.3718 0.213079
67.3859 0.213069
67.4706 0.21306
67.4847 0.213053
67.4988 0.213046
67.5131 0.213388
67.5275 0.213227
67.5417 0.213127
67.5558 0.213111
67.5699 0.213097
67.584 0.213671
67.5981 0.214194
67.6828 0.213993
67.6969 0.213799
67.7111 0.214267
67.7253 0.214074
67.7398 0.213882
67.7539 0.213697
67.768 0.213523
67.7821 0.214097
67.7962 0.213905
67.8104 0.213719
67.8951 0.214217
67.9092 0.214505
67.9233 0.214337
67.9375 0.214154
67.952 0.213966
67.9661 0.214361
67.9802 0.214577
67.9943 0.214432
68.0085 0.21426
68.0226 0.214077
68.1073 0.213892
68.1214 0.213711
68.1355 0.213539
68.1498 0.213378
68.1642 0.214006
68.1783 0.213817
68.1925 0.213636
68.2066 0.213466
68.2207 0.213308
68.2348 0.213164
68.3195 0.213124
68.3336 0.213109
68.3477 0.213095
68.362 0.213648
68.3764 0.21347
68.3906 0.213308
68.4047 0.21316
68.4188 0.213122
68.4329 0.213107
68.447 0.213712
68.5317 0.21353
68.5459 0.213363
68.56 0.21321
68.5742 0.213128
68.5887 0.213112
68.6028 0.213098
68.6169 0.213086
68.631 0.213604
68.6452 0.214153
68.6593 0.213952
68.744 0.213759
68.7581 0.214244
68.7722 0.214522
68.7865 0.214353
68.8009 0.214169
68.815 0.214477
68.8291 0.214633
68.8433 0.214509
68.8574 0.214349
68.8716 0.214171
68.9562 0.214475
68.9703 0.21431
68.9844 0.214129
68.9987 0.213944
69.0131 0.214347
69.0272 0.214167
69.0414 0.213981
69.0555 0.213797
69.0697 0.21362
69.0838 0.213453
69.1684 0.213299
69.1825 0.213156
69.1967 0.213124
69.2109 0.213109
69.2254 0.213095
69.2395 0.213083
69.2536 0.213073
69.2677 0.213064
69.2819 0.213056
69.296 0.21344
69.3806 0.213276
69.3948 0.213133
69.4089 0.213116
69.4231 0.21377
69.4376 0.213583
69.4517 0.21341
69.4658 0.213253
69.4799 0.213133
69.4941 0.213842
69.5082 0.213653
69.5929 0.213477
69.607 0.213316
69.6211 0.21397
69.6354 0.213778
69.6498 0.213595
69.6639 0.213426
69.678 0.214038
69.6922 0.214408
69.7064 0.214223
69.7205 0.214033
69.8051 0.214401
69.8192 0.214599
69.8333 0.214457
69.8476 0.214288
69.862 0.214538
69.8761 0.214654
69.8903 0.214552
69.9044 0.214406
69.9186 0.214234
69.9327 0.214052
70.0173 0.213868
70.0314 0.213689
70.0456 0.213519
70.0598 0.21336
70.0743 0.213213
70.0884 0.213131
70.1025 0.213115
70.1166 0.213101
70.1308 0.213088
70.1449 0.213077
70.2297 0.213067
70.2437 0.213059
70.2578 0.213052
70.272 0.213418
70.2865 0.213255
70.3006 0.21313
70.3147 0.213114
70.3288 0.2131
70.343 0.213684
70.3572 0.214202
70.4419 0.214001
70.456 0.214388
70.4701 0.214598
70.4843 0.214447
70.4987 0.214271
70.5128 0.214084
70.5269 0.213897
70.5418 0.21432
70.5557 0.214136
70.5694 0.213949
70.6541 0.214351
70.6682 0.214169
70.6831 0.214475
70.6965 0.214308
70.7109 0.214126
70.7251 0.214451
70.7392 0.214618
70.754 0.214678
70.7682 0.214665
70.7823 0.214667
70.8663 0.214585
70.8805 0.21445
70.8953 0.214285
70.9094 0.214105
70.9236 0.213922
70.9377 0.213741
70.9518 0.213568
70.9663 0.213406
70.9804 0.213255
70.9945 0.213137
71.0786 0.21312
71.0927 0.213105
71.1075 0.213092
71.1217 0.21308
71.1358 0.21307
71.1499 0.213061
71.1646 0.21347
71.1785 0.213304
71.1926 0.213154
71.2067 0.21312
71.2908 0.213105
71.3049 0.213092
71.3198 0.21308
71.3339 0.21307
71.348 0.213523
71.3621 0.214104
71.3768 0.213902
71.3909 0.21371
71.4052 0.214215
71.4192 0.214508
71.503 0.214653
71.5171 0.214697
71.532 0.214634
71.5461 0.214684
71.5603 0.214622
71.5744 0.214499
71.5891 0.214637
71.6033 0.214676
71.6174 0.214627
71.6315 0.214513
71.7153 0.21436
71.7294 0.214185
71.7442 0.214481
71.7583 0.21432
71.7725 0.214141
71.7872 0.214458
71.8013 0.214291
71.8156 0.21411
71.8297 0.213926
71.8446 0.214336
71.9275 0.214155
71.9422 0.214467
71.9565 0.2143
71.9706 0.214118
71.9847 0.213932
71.9994 0.21375
72.0135 0.213576
72.0281 0.214128
72.0419 0.213938
72.0568 0.213753
72.1399 0.213577
72.1544 0.213412
72.1687 0.21326
72.1829 0.213137
72.197 0.213119
72.2125 0.213766
72.2258 0.213583
72.2403 0.213413
72.2545 0.213257
72.2691 0.213933
72.3521 0.214348
72.3666 0.214157
72.3809 0.213964
72.3951 0.214362
72.4095 0.214581
72.4247 0.214432
72.4392 0.214611
72.4529 0.214479
72.467 0.21463
72.4814 0.214511
72.5644 0.214355
72.5799 0.21457
72.594 0.214663
72.6073 0.214577
72.6225 0.214663
72.6369 0.214582
72.6514 0.214448
72.6655 0.214283
72.6797 0.214104
72.6938 0.21392
72.7766 0.21374
72.7929 0.214226
72.8062 0.214507
72.8206 0.214344
72.8353 0.214567
72.8491 0.214664
72.8636 0.214573
72.8778 0.214433
72.8919 0.214265
72.906 0.214084
72.9888 0.2139
73.0057 0.21432
73.0192 0.214555
73.0337 0.214406
73.0488 0.214596
73.0617 0.214463
73.0759 0.214298
73.09 0.214118
73.1041 0.214445
73.1182 0.214614
73.2012 0.214675
73.2179 0.214609
73.2325 0.214672
73.2461 0.21466
73.2616 0.214601
73.2764 0.215637
73.2892 0.215141
73.3041 0.214749
73.318 0.214436
73.3317 0.214812
73.414 0.214564
73.4306 0.214352
73.4455 0.214171
73.4603 0.215141
73.4738 0.215467
73.4894 0.214969
73.5028 0.215218
73.5175 0.214864
73.531 0.214573
73.5457 0.214333
73.6266 0.214702
73.6432 0.214504
73.659 0.214326
73.6737 0.214168
73.6874 0.214028
73.7026 0.213904
73.7171 0.214919
73.7307 0.214449
73.7443 0.214095
73.7581 0.214006
73.8397 0.214005
73.8567 0.214004
73.8728 0.214479
73.8889 0.216246
73.9033 0.218492
73.9194 0.221013
73.9364 0.224792
73.9525 0.229341
73.9678 0.233191
73.9839 0.237618
74.0695 0.246847
74.0899 0.255752
74.1085 0.26426
74.128 0.273461
74.1467 0.281828
74.1653 0.28948
74.1865 0.297643
74.2052 0.304887
74.2247 0.312519
74.2425 0.318042
74.3129 0.301822
74.3315 0.288214
74.3477 0.277769
74.3646 0.272328
74.379 0.270248
74.3943 0.271218
74.4113 0.274036
74.4291 0.275227
74.4486 0.274408
74.4672 0.271421
74.5317 0.27326
74.552 0.271021
74.569 0.267988
74.5868 0.263655
74.6029 0.258634
74.619 0.252476
74.6385 0.246325
74.658 0.243935
74.6792 0.24415
74.6987 0.24388
74.764 0.24555
74.7861 0.247379
74.8056 0.251536
74.8251 0.25606
74.842 0.259621
74.8607 0.262469
74.881 0.265918
74.9022 0.26859
74.9251 0.271825
74.9455 0.274266
75.0125 0.27614
75.0362 0.278741
75.0574 0.2818
75.0786 0.284001
75.0973 0.286727
75.1168 0.288649
75.1397 0.29114
75.1617 0.292864
75.1855 0.294063
75.2084 0.29716
75.2771 0.300374
75.3008 0.300254
75.3246 0.302417
75.3466 0.303854
75.3678 0.305927
75.3882 0.308415
75.4136 0.311159
75.4365 0.312924
75.4628 0.315147
75.4865 0.316539
75.5561 0.317373
75.5815 0.318971
75.6069 0.319959
75.6307 0.32167
75.6536 0.323866
75.6756 0.325249
75.7019 0.326086
75.7274 0.328821
75.7596 0.336183
75.7884 0.345415
75.8732 0.366992
75.9054 0.387465
75.9334 0.402291
75.9589 0.410794
75.9818 0.413786
76.003 0.411944
76.0275 0.406955
76.0513 0.398902
76.081 0.387901
76.1081 0.377466
76.1827 0.365367
76.215 0.355665
76.2421 0.34784
76.2692 0.339741
76.2921 0.333528
76.3133 0.328747
76.3388 0.325054
76.3625 0.322192
76.3939 0.321201
76.4227 0.321419
76.5024 0.32808
76.5372 0.335574
76.5669 0.341224
76.5974 0.348894
76.6237 0.356649
76.6466 0.363187
76.6754 0.371034
76.7009 0.376245
76.7356 0.38297
76.7678 0.389478
76.8518 0.396858
76.8866 0.400206
76.9179 0.403053
76.9493 0.40442
76.9765 0.404804
77.001 0.405687
77.029 0.403557
77.0562 0.402861
77.0918 0.40094
77.1249 0.3994
77.2105 0.399314
77.2461 0.399123
77.2775 0.397775
77.3089 0.394585
77.3369 0.392504
77.3623 0.391248
77.3911 0.390604
77.4183 0.389287
77.4539 0.38757
77.487 0.385644
77.5734 0.384766
77.6091 0.38351
77.6404 0.382045
77.6718 0.380488
77.699 0.377795
77.7235 0.374409
77.7524 0.371768
77.7795 0.369698
77.8151 0.369193
77.8474 0.367512
78.1611 0.378596
78.1925 0.385726
78.5249 0.385226
78.5402 0.386453
78.5563 0.388838
78.5715 0.390846
78.586 0.39145
78.6038 0.395613
78.619 0.399857
78.636 0.404084
78.6521 0.408231
78.6682 0.412257
78.9124 0.422892
78.9269 0.42653
78.9438 0.428776
78.9599 0.43007
78.9752 0.431854
78.993 0.431717
79.0091 0.430323
79.0261 0.429274
79.043 0.427389
79.0608 0.42614
79.3042 0.424253
79.3178 0.420882
79.3364 0.419986
79.3517 0.41743
79.367 0.413832
79.3839 0.409633
79.4009 0.407389
79.4187 0.406529
79.4365 0.406636
79.4569 0.409654
79.7079 0.419084
79.7214 0.424769
79.7384 0.426695
79.752 0.424937
79.7664 0.423004
79.7825 0.419892
79.7969 0.414044
79.8139 0.410518
79.8291 0.409468
79.8478 0.410015
80.103 0.407372
80.1183 0.406407
80.1361 0.406605
80.1522 0.408716
80.1675 0.410954
80.1853 0.414361
80.1997 0.416242
80.2184 0.419313
80.2345 0.420881
80.2548 0.423664
80.5135 0.428344
80.5304 0.433092
80.5482 0.435549
80.5652 0.437551
80.5813 0.439222
80.5983 0.438405
80.6127 0.437076
80.6322 0.436576
80.65 0.436667
80.6695 0.43605
80.9307 0.437237
80.9476 0.437384
80.9663 0.437968
80.9833 0.437728
80.9994 0.436953
81.0163 0.435853
81.0316 0.435698
81.0502 0.433949
81.0689 0.433428
81.0876 0.43151
81.342 0.432076
81.3623 0.428289
81.3818 0.425388
81.4005 0.424754
81.4183 0.426346
81.4352 0.427161
81.4497 0.426316
81.4675 0.424376
81.4853 0.422873
81.5005 0.424521
81.7465 0.432243
81.7677 0.436459
81.7897 0.435618
81.8101 0.432453
81.8313 0.42801
81.8491 0.42575
81.8635 0.4239
81.883 0.423502
81.9008 0.422975
81.9161 0.423505
82.1654 0.426993
82.1883 0.431282
82.2112 0.434901
82.2332 0.437997
82.2553 0.440686
82.2731 0.441928
82.2892 0.444434
82.3078 0.444377
82.3273 0.445984
82.3434 0.446445
82.5953 0.449516
82.6199 0.452046
82.6419 0.451923
82.6648 0.452283
82.6877 0.452979
82.7038 0.45053
82.7208 0.449406
82.7395 0.449218
82.759 0.447432
82.7734 0.444622
83.0091 0.453225
83.0354 0.455896
83.0592 0.454652
83.0829 0.45269
83.105 0.451193
83.1211 0.448267
83.1389 0.445402
83.1592 0.440915
83.1779 0.438191
83.194 0.43493
83.4162 0.443698
83.4442 0.446555
83.4696 0.446381
83.4959 0.442505
83.5196 0.43729
83.5383 0.432837
83.5569 0.430545
83.5798 0.430899
83.6002 0.434166
83.618 0.437085
83.8427 0.440843
83.8715 0.443969
83.8978 0.446616
83.9258 0.450021
83.9504 0.452755
83.9691 0.45387
83.9894 0.456136
84.014 0.459151
84.0352 0.460374
84.053 0.461509
84.2693 0.454875
84.276 0.4689
84.2786 0.497107
84.2811 0.533865
84.2845 0.571678
84.2871 0.603066
84.2896 0.630506
84.2922 0.657436
84.2947 0.679875
84.2972 0.694574
84.4815 0.71814
84.4958 0.717788
84.5097 0.701751
84.5238 0.675922
84.538 0.644475
84.5521 0.609447
84.5662 0.574071
84.5803 0.540448
84.5944 0.508118
84.6085 0.477648
84.6955 0.447601
84.7116 0.418832
84.7285 0.390989
84.7447 0.366467
84.7616 0.343173
84.7777 0.322381
84.7938 0.303943
84.81 0.287688
84.8261 0.274702
84.8439 0.268221
84.9346 0.26743
84.9533 0.269397
84.9728 0.272082
84.9914 0.276341
85.0126 0.282719
85.033 0.290414
85.0525 0.298857
85.072 0.306527
85.0932 0.315794
85.1135 0.323726
85.2178 0.341877
85.2399 0.355324
85.2628 0.366482
85.2814 0.371414
85.3026 0.372107
85.323 0.369996
85.3425 0.36611
85.3629 0.362307
85.3841 0.357583
85.4036 0.351277
85.5045 0.341849
85.5291 0.337322
85.5537 0.333998
85.5749 0.332723
85.5986 0.33402
85.6215 0.337058
85.6427 0.338987
85.6656 0.34241
85.6902 0.3468
85.7114 0.350655
85.8174 0.357478
85.8454 0.36394
85.8725 0.370058
85.8962 0.375852
85.9234 0.381346
85.948 0.384316
85.9717 0.387818
85.998 0.392778
86.0243 0.39529
86.0489 0.398398
86.1651 0.410894
86.1998 0.423879
86.2346 0.439217
86.266 0.454744
86.2999 0.470129
86.3304 0.48516
86.3601 0.498581
86.3932 0.510714
86.4245 0.520685
86.4474 0.522332
86.5517 0.504934
86.5848 0.488675
86.6179 0.472515
86.651 0.461363
86.6883 0.456158
86.7222 0.454018
86.7536 0.451801
86.7909 0.453009
86.8248 0.455426
86.8511 0.45978
86.9613 0.467644
86.9978 0.474379
87.0377 0.484755
87.0767 0.496291
87.1216 0.50954
87.1615 0.522593
87.1996 0.536421
87.2437 0.550546
87.2827 0.562391
87.309 0.566903
87.4142 0.560836
87.4481 0.551234
87.4837 0.536175
87.5219 0.52235
87.5668 0.510861
87.6058 0.500137
87.6448 0.492471
87.6881 0.485956
87.7279 0.480401
87.7576 0.479024
87.8695 0.485026
87.9069 0.491402
87.9442 0.497917
87.9832 0.502164
88.0281 0.503696
88.0671 0.503398
88.1061 0.501909
88.1502 0.499684
88.1918 0.499297
88.2223 0.499065
88.33 0.493348
88.3648 0.48521
88.3995 0.480246
88.4352 0.478824
88.4809 0.477053
88.5233 0.471931
88.5649 0.470322
88.6124 0.473381
88.6582 0.480658
88.6904 0.486132
88.7947 0.484657
88.8295 0.484169
88.8634 0.482125
88.8999 0.480217
88.9516 0.486333
88.9974 0.493242
89.0389 0.497175
89.0873 0.500157
89.1339 0.501328
89.1636 0.499023
89.2577 0.495893
89.2882 0.496311
89.3188 0.498919
89.3527 0.501008
89.4027 0.502629
89.4485 0.502079
89.4926 0.497497
89.5426 0.492256
89.5927 0.484152
89.6232 0.478846
89.7233 0.481525
89.7563 0.485048
89.7877 0.487952
89.8225 0.490391
89.8717 0.490229
89.9192 0.491709
89.9633 0.492034
90.015 0.492714
90.0616 0.489138
90.0913 0.485038
90.1871 0.482946
90.2193 0.481857
90.2507 0.480553
90.2897 0.478344
90.3432 0.482165
90.3932 0.486605
90.439 0.490249
90.4899 0.492165
90.5348 0.490635
90.5628 0.48683
90.6552 0.484256
90.6883 0.481183
90.7214 0.479883
90.7638 0.482127
90.818 0.484471
90.8706 0.487963
90.9173 0.492162
90.9698 0.495631
91.0105 0.492919
91.036 0.488844
91.1182 0.494424
91.1479 0.500604
91.1784 0.50511
91.22 0.507438
91.2777 0.504734
91.3328 0.498905
91.3811 0.492176
91.4345 0.486005
91.4769 0.481455
91.5041 0.481361
91.5897 0.483163
91.6219 0.48734
91.655 0.49304
91.6966 0.496279
91.7559 0.498927
91.811 0.501136
91.8568 0.497394
91.9069 0.49128
91.9467 0.488415
91.9713 0.488584
92.0553 0.488896
92.0883 0.48751
92.1223 0.485959
92.1647 0.483474
92.2266 0.481616
92.2817 0.47894
92.3283 0.479155
92.3758 0.477798
92.4131 0.478382
92.4369 0.48016
92.52 0.481728
92.5547 0.480453
92.5912 0.478407
92.6336 0.47677
92.6955 0.475453
92.7523 0.476637
92.7998 0.477237
92.8439 0.476042
92.8778 0.478506
92.899 0.480545
92.9737 0.489209
93.0067 0.495545
93.0415 0.500092
93.0856 0.499761
93.1492 0.496301
93.206 0.492709
93.2552 0.487391
93.3001 0.482046
93.3366 0.476502
93.3595 0.473441
93.4384 0.476638
93.4731 0.480622
93.5087 0.482811
93.5528 0.483753
93.6105 0.479308
93.6605 0.481944
93.7072 0.48455
93.7487 0.488743
93.7869 0.488472
93.8123 0.484467
93.8929 0.47998
93.9293 0.474473
93.9684 0.474023
94.0141 0.475538
94.0761 0.48061
94.1278 0.484607
94.1761 0.48893
94.2177 0.491144
94.2558 0.491904
94.2813 0.491688
94.3618 0.490837
94.3983 0.489596
94.4398 0.490388
94.4865 0.491427
94.5484 0.491502
94.601 0.492066
94.6501 0.492966
94.6866 0.487339
94.7214 0.484969
94.7451 0.484572
94.8197 0.488918
94.8537 0.493429
94.8927 0.496938
94.9402 0.496993
95.0029 0.495686
95.058 0.490025
95.1081 0.485309
95.1462 0.479611
95.1827 0.475405
95.2081 0.474445
95.3949 0.6888
95.4209 0.814571
95.6071 0.877402
95.6213 0.898748
95.6359 0.891295
95.6495 0.865176
95.6665 0.824999
95.6843 0.77607
95.7012 0.723927
95.719 0.670523
95.7377 0.618086
95.7555 0.568046
95.8539 0.514268
95.8717 0.467093
95.8903 0.424975
95.9081 0.388524
95.9285 0.35793
95.9505 0.337742
95.9717 0.326751
95.9929 0.32114
96.015 0.320454
96.0328 0.318645
96.1227 0.307157
96.1413 0.29955
96.1617 0.29476
96.1812 0.293124
96.2015 0.291421
96.2261 0.293103
96.2541 0.301548
96.2813 0.31326
96.3109 0.328063
96.3347 0.343525
96.4483 0.379375
96.4729 0.406858
96.4992 0.430398
96.5263 0.450834
96.5484 0.463188
96.5755 0.469914
96.6069 0.473925
96.6366 0.476122
96.6688 0.477153
96.6959 0.477482
96.818 0.484182
96.8477 0.490636
96.8808 0.498008
96.913 0.505939
96.9393 0.511927
96.9715 0.517703
97.0105 0.52669
97.0462 0.535504
97.0835 0.542991
97.1165 0.550654
97.2573 0.571882
97.2938 0.589535
97.3311 0.602259
97.3667 0.608133
97.3964 0.611639
97.432 0.612483
97.4752 0.613897
97.5151 0.614671
97.5575 0.616252
97.5923 0.615095
97.739 0.615613
97.7771 0.615122
97.8144 0.609577
97.8501 0.603107
97.8806 0.59514
97.9179 0.588688
97.962 0.581245
98.0027 0.574509
98.0459 0.568479
98.0824 0.564256
98.2325 0.563665
98.2749 0.564475
98.3139 0.565148
98.3504 0.564647
98.3809 0.562299
98.4191 0.561061
98.4623 0.557277
98.5039 0.553036
98.5471 0.549751
98.5836 0.544979
98.7218 0.536142
98.7625 0.529745
98.799 0.526867
98.8346 0.524545
98.866 0.520879
98.9041 0.517352
98.9491 0.512277
98.9906 0.508156
99.0347 0.504791
99.0712 0.501151
99.2196 0.508734
99.2637 0.516749
99.2993 0.521517
99.3349 0.52288
99.3671 0.525309
99.4053 0.52505
99.4502 0.524128
99.4918 0.522801
99.5384 0.524623
99.5757 0.525175
99.7284 0.5305
99.7716 0.532198
99.8064 0.531431
99.842 0.531289
99.8725 0.527093
99.909 0.522524
99.9531 0.517822
99.9938 0.51479
100.038 0.515026
100.074 0.51468
100.226 0.514838
100.27 0.51354
100.306 0.512234
100.343 0.509591
100.375 0.508712
100.412 0.507926
100.459 0.5106
100.496 0.508805
100.537 0.508454
100.571 0.510585
100.717 0.516809
100.762 0.519212
100.799 0.518189
100.837 0.517636
100.869 0.515629
100.906 0.51276
100.954 0.510323
100.994 0.508504
101.038 0.509232
101.074 0.512797
101.224 0.51933
101.269 0.523232
101.307 0.52641
101.345 0.527921
101.377 0.528289
101.414 0.527897
101.462 0.527018
101.502 0.526972
101.546 0.525255
101.582 0.523589
101.723 0.525463
101.77 0.524085
101.812 0.519169
101.855 0.523345
101.887 0.525699
101.923 0.524535
101.964 0.523389
102 0.525469
102.038 0.530351
102.07 0.537637
102.19 0.557461
102.229 0.574675
102.266 0.586763
102.304 0.596704
102.328 0.604705
102.358 0.61009
102.392 0.613402
102.424 0.614188
102.457 0.613136
102.484 0.610754
102.573 0.631042
102.608 0.639198
102.643 0.638169
102.677 0.632833
102.7 0.622961
102.728 0.610359
102.759 0.596296
102.789 0.582527
102.82 0.567537
102.845 0.553058
102.928 0.542805
102.966 0.527582
103.003 0.511417
103.038 0.493421
103.064 0.475755
103.093 0.458918
103.127 0.443216
103.156 0.430561
103.182 0.425551
103.202 0.424652
103.269 0.435948
103.299 0.447394
103.331 0.455706
103.366 0.458044
103.391 0.455484
103.421 0.449788
103.455 0.442214
103.484 0.432767
103.511 0.423294
103.532 0.41235
103.599 0.402594
103.629 0.393923
103.661 0.38536
103.697 0.377167
103.723 0.369504
103.753 0.363334
103.788 0.358337
103.818 0.354266
103.847 0.351909
103.872 0.353272
103.945 0.360501
103.979 0.369292
104.016 0.378958
104.056 0.389022
104.085 0.399157
104.113 0.402396
104.146 0.400948
104.173 0.39528
104.2 0.386927
104.223 0.379228
104.289 0.375977
104.323 0.374626
104.361 0.370126
104.402 0.366419
104.433 0.361982
104.463 0.359759
104.498 0.361339
104.526 0.364333
104.555 0.368226
104.58 0.371523
104.649 0.375483
104.684 0.380942
104.73 0.390682
104.778 0.40649
104.817 0.423818
104.852 0.440695
104.894 0.456936
104.929 0.473565
104.959 0.482273
104.983 0.48551
105.044 0.476056
105.077 0.463944
105.118 0.450372
105.164 0.436172
105.205 0.426411
105.241 0.421024
105.285 0.419863
105.323 0.419355
105.356 0.422698
105.381 0.426339
105.445 0.430124
105.48 0.435073
105.525 0.439599
105.573 0.44377
105.615 0.448764
105.654 0.453111
105.702 0.458086
105.741 0.462285
105.777 0.468157
105.805 0.472818
105.879 0.486726
105.921 0.500987
105.973 0.517471
106.029 0.535149
106.077 0.548808
106.113 0.552778
106.157 0.549077
106.172 0.524627
106.185 0.525781
106.192 0.542108
106.194 0.610943
106.195 0.681837
106.406 0.769867
106.42 0.810203
106.621 0.814479
106.636 0.797708
106.653 0.766805
106.669 0.727656
106.686 0.683507
106.703 0.638424
106.719 0.593325
106.736 0.549719
106.752 0.510299
106.769 0.473138
106.863 0.436966
106.881 0.40448
106.9 0.37552
106.919 0.350749
106.938 0.328689
106.957 0.310065
106.976 0.298266
106.995 0.292577
107.013 0.290044
107.032 0.290849
107.133 0.298414
107.154 0.304771
107.175 0.309075
107.197 0.315304
107.219 0.320476
107.24 0.327105
107.261 0.331233
107.283 0.335873
107.304 0.340796
107.326 0.344721
107.433 0.352431
107.456 0.359195
107.48 0.366347
107.505 0.371405
107.53 0.377242
107.553 0.38016
107.577 0.38335
107.601 0.385589
107.625 0.389447
107.651 0.393245
107.777 0.414981
107.805 0.432651
107.837 0.450633
107.871 0.470758
107.906 0.489723
107.936 0.506458
107.963 0.518051
107.991 0.524908
108.018 0.528535
108.047 0.531149
108.159 0.514016
108.187 0.497553
108.216 0.479763
108.248 0.46269
108.282 0.448808
108.315 0.439703
108.345 0.436332
108.376 0.435828
108.406 0.437315
108.438 0.440156
108.558 0.447265
108.588 0.454891
108.621 0.460493
108.656 0.466904
108.694 0.472645
108.729 0.478986
108.762 0.483398
108.797 0.488719
108.83 0.493469
108.866 0.49779
108.991 0.506289
109.024 0.511858
109.06 0.516516
109.099 0.520526
109.14 0.525204
109.177 0.526923
109.213 0.528929
109.248 0.528904
109.282 0.527578
109.319 0.526596
109.448 0.527058
109.482 0.526296
109.52 0.525913
109.56 0.525851
109.604 0.52719
109.645 0.530626
109.681 0.529829
109.716 0.527375
109.75 0.523908
109.788 0.519886
109.904 0.50709
109.933 0.50144
109.962 0.502249
109.996 0.507054
110.036 0.511487
110.074 0.514537
110.113 0.510365
110.152 0.502585
110.19 0.492774
110.23 0.481154
110.351 0.47668
110.383 0.475097
110.415 0.476649
110.452 0.479179
110.49 0.477833
110.527 0.476174
110.567 0.474361
110.608 0.474754
110.646 0.475519
110.687 0.476537
110.811 0.479969
110.843 0.482722
110.877 0.484975
110.915 0.486861
110.953 0.487352
110.989 0.485789
111.03 0.485145
111.071 0.48403
111.109 0.482641
111.15 0.481116
111.274 0.479549
111.306 0.478003
111.34 0.47652
111.378 0.475125
111.417 0.474955
111.452 0.473376
111.493 0.472015
111.534 0.471966
111.573 0.471685
111.614 0.47126
111.713 0.490511
111.74 0.505879
111.768 0.518937
111.797 0.530758
111.84 0.53243
111.878 0.528357
111.921 0.518954
111.966 0.507347
112.008 0.494751
112.052 0.482867
112.155 0.476412
112.185 0.473382
112.214 0.471631
112.244 0.470807
112.287 0.470646
112.327 0.472084
112.372 0.473462
112.418 0.474789
112.461 0.477198
112.507 0.480304
112.612 0.482708
112.643 0.484607
112.672 0.486147
112.704 0.486309
112.747 0.486687
112.788 0.486101
112.834 0.486026
112.879 0.485194
112.923 0.485018
112.97 0.485308
113.074 0.482551
113.104 0.481193
113.134 0.478577
113.166 0.477436
113.209 0.476205
113.25 0.474953
113.296 0.473727
113.342 0.472556
113.384 0.469686
113.424 0.473625
113.503 0.496566
113.527 0.514759
113.553 0.527331
113.583 0.533071
113.626 0.534992
113.668 0.530784
113.715 0.522748
113.761 0.514264
113.805 0.504
113.847 0.493827
113.927 0.484062
113.954 0.474028
113.981 0.464191
114.012 0.45573
114.056 0.451069
114.1 0.448507
114.148 0.44631
114.195 0.446671
114.241 0.448762
114.284 0.450861
114.366 0.454055
114.394 0.456805
114.423 0.460335
114.456 0.463204
114.501 0.46558
114.546 0.468715
114.595 0.471187
114.644 0.474304
114.692 0.476684
114.735 0.478536
114.819 0.481142
114.848 0.483097
114.878 0.485721
114.911 0.486514
114.958 0.487206
115.004 0.488966
115.057 0.493685
115.105 0.493573
115.147 0.485731
115.185 0.479521
115.252 0.48943
115.276 0.499451
115.302 0.507294
115.333 0.512463
115.376 0.515622
115.421 0.516394
115.475 0.512014
115.525 0.504451
115.568 0.495974
115.607 0.487193
115.676 0.477643
115.702 0.46795
115.729 0.459403
115.762 0.452402
115.806 0.448201
115.853 0.448251
115.909 0.448931
115.961 0.450037
116.004 0.452542
116.047 0.455951
116.117 0.459908
116.144 0.464164
116.174 0.46742
116.208 0.471076
116.254 0.474941
116.303 0.47776
116.36 0.479837
116.414 0.483642
116.458 0.485182
116.502 0.488562
116.574 0.490887
116.602 0.492479
116.633 0.493572
116.667 0.494333
116.714 0.494885
116.764 0.495313
116.824 0.497928
116.875 0.49524
116.914 0.486812
116.953 0.483335
117.015 0.488793
117.039 0.495256
117.067 0.499396
117.093 0.507069
117.112 0.534946
117.113 0.590929
117.115 0.670858
117.117 0.755191
117.126 0.819841
117.165 0.843272
117.339 0.838922
117.378 0.816476
117.553 0.781106
117.568 0.738422
117.584 0.692335
117.6 0.645517
117.617 0.600621
117.633 0.557545
117.647 0.517946
117.663 0.481024
117.679 0.447074
117.695 0.416199
117.784 0.388368
117.802 0.363467
117.822 0.340456
117.841 0.318621
117.862 0.301654
117.881 0.293249
117.899 0.288601
117.918 0.288875
117.938 0.291371
117.958 0.297592
118.063 0.318593
118.084 0.333388
118.105 0.34371
118.127 0.351961
118.149 0.357565
118.17 0.360194
118.191 0.363069
118.213 0.364985
118.234 0.366274
118.256 0.366049
118.346 0.346868
118.366 0.333379
118.387 0.321827
118.408 0.312166
118.429 0.305695
118.449 0.300615
118.471 0.296377
118.496 0.295365
118.52 0.29769
118.545 0.30335
118.642 0.313397
118.666 0.322822
118.688 0.331638
118.713 0.340997
118.738 0.34942
118.761 0.355935
118.786 0.362181
118.814 0.369274
118.841 0.376827
118.87 0.38232
118.975 0.395352
119.001 0.404237
119.028 0.411311
119.056 0.417068
119.084 0.423001
119.11 0.427862
119.139 0.433088
119.17 0.438515
119.201 0.441779
119.233 0.445835
119.347 0.456032
119.377 0.463473
119.407 0.470092
119.438 0.476089
119.469 0.48049
119.499 0.484926
119.531 0.488245
119.567 0.490822
119.602 0.495175
119.637 0.499589
119.765 0.513029
119.801 0.526724
119.838 0.5415
119.877 0.555651
119.916 0.570292
119.957 0.588422
120 0.608619
120.034 0.616386
120.066 0.61347
120.099 0.603542
120.21 0.573479
120.245 0.54861
120.281 0.52677
120.318 0.508664
120.358 0.495793
120.403 0.490165
120.451 0.489591
120.489 0.492477
120.524 0.497669
120.561 0.503212
120.679 0.51453
120.712 0.518284
120.748 0.520271
120.786 0.518816
120.825 0.516242
120.872 0.515264
120.92 0.513176
120.958 0.510426
120.993 0.507326
121.03 0.504095
121.148 0.500877
121.181 0.497769
121.216 0.493706
121.254 0.490236
121.294 0.488389
121.341 0.485446
121.388 0.484094
121.427 0.482736
121.462 0.481415
121.499 0.48016
121.617 0.478988
121.65 0.477906
121.686 0.478044
121.723 0.476757
121.762 0.474597
121.805 0.476473
121.848 0.480814
121.883 0.486513
121.913 0.494549
121.944 0.502805
122.053 0.513417
122.088 0.516243
122.129 0.513059
122.169 0.504374
122.213 0.494256
122.26 0.487577
122.308 0.485581
122.347 0.489066
122.379 0.49282
122.411 0.496695
122.518 0.493842
122.554 0.492161
122.596 0.493585
122.638 0.494845
122.682 0.494864
122.729 0.494068
122.777 0.492762
122.816 0.491163
122.848 0.489421
122.872 0.487042
122.974 0.488167
123.01 0.488807
123.052 0.488201
123.096 0.485048
123.14 0.482133
123.19 0.477716
123.237 0.473652
123.276 0.47059
123.302 0.473329
123.324 0.478054
123.429 0.477684
123.464 0.475826
123.506 0.475706
123.545 0.479292
123.584 0.484168
123.624 0.494863
123.66 0.509604
123.692 0.523572
123.715 0.531095
123.736 0.533217
123.837 0.533446
123.874 0.529708
123.917 0.520857
123.958 0.510772
123.998 0.500224
124.039 0.488857
124.077 0.478245
124.11 0.468493
124.135 0.458765
124.157 0.449694
124.26 0.442875
124.298 0.439998
124.342 0.438735
124.384 0.439727
124.425 0.441106
124.468 0.442725
124.508 0.44561
124.542 0.449296
124.568 0.451206
124.591 0.453015
124.694 0.453608
124.733 0.45451
124.778 0.454492
124.821 0.456121
124.863 0.456592
124.907 0.457414
124.948 0.458472
124.982 0.459683
125.009 0.460987
125.034 0.463469
125.143 0.472333
125.182 0.477452
125.227 0.479953
125.27 0.478409
125.307 0.47307
125.342 0.471412
125.373 0.477062
125.4 0.486173
125.422 0.495273
125.442 0.503017
125.545 0.510348
125.584 0.510867
125.63 0.506931
125.674 0.49935
125.712 0.492301
125.747 0.483166
125.78 0.473885
125.808 0.464829
125.831 0.45536
125.852 0.446854
125.955 0.441026
125.996 0.435357
126.042 0.43
126.087 0.426297
126.126 0.425701
126.162 0.42385
126.197 0.424578
126.225 0.425912
126.25 0.42876
126.272 0.431448
126.375 0.432855
126.416 0.434501
126.464 0.43516
126.51 0.436274
126.549 0.437685
126.587 0.440402
126.622 0.442828
126.652 0.443895
126.677 0.44516
126.7 0.446548
126.807 0.452505
126.858 0.465929
126.913 0.482991
126.958 0.492032
126.999 0.49662
127.034 0.495893
127.063 0.487138
127.086 0.475264
127.107 0.470589
127.125 0.470627
127.208 0.490226
127.259 0.5003
127.315 0.502933
127.361 0.501506
127.402 0.495711
127.438 0.488166
127.469 0.480617
127.493 0.471549
127.516 0.461831
127.535 0.453803
127.618 0.447134
127.67 0.440691
127.726 0.434629
127.772 0.429037
127.815 0.425858
127.852 0.42337
127.884 0.424789
127.91 0.425445
127.934 0.42783
127.954 0.430213
128.025 0.432745
128.029 0.474728
128.031 0.547693
128.033 0.626461
128.034 0.702576
128.245 0.74354
128.259 0.753811
128.459 0.74187
128.474 0.715788
128.489 0.682179
128.506 0.64471
128.521 0.605912
128.537 0.56661
128.551 0.529142
128.567 0.493206
128.583 0.460335
128.599 0.42966
128.686 0.40232
128.702 0.378932
128.72 0.356241
128.74 0.334812
128.758 0.314098
128.778 0.296074
128.796 0.285899
128.815 0.282413
128.834 0.282425
128.853 0.28595
128.951 0.297422
128.97 0.308405
128.987 0.313226
129.006 0.31382
129.025 0.312715
129.043 0.31053
129.059 0.305455
129.078 0.298579
129.097 0.294048
129.115 0.28898
129.206 0.284173
129.227 0.279264
129.246 0.274471
129.267 0.274497
129.288 0.276374
129.309 0.278344
129.326 0.281469
129.347 0.285319
129.368 0.289585
129.389 0.295178
129.484 0.302687
129.507 0.309094
129.527 0.314639
129.551 0.319508
129.576 0.324968
129.598 0.329615
129.617 0.333646
129.64 0.338333
129.664 0.342274
129.688 0.345664
129.786 0.350899
129.812 0.356181
129.834 0.360299
129.862 0.36471
129.892 0.37377
129.919 0.383567
129.943 0.391447
129.972 0.401292
130.001 0.412306
130.029 0.422806
130.139 0.438421
130.164 0.445968
130.186 0.447984
130.212 0.444057
130.241 0.436291
130.267 0.427311
130.29 0.418908
130.318 0.410021
130.348 0.404438
130.38 0.401261
130.494 0.404324
130.522 0.407074
130.546 0.40847
130.574 0.411215
130.606 0.415979
130.638 0.424293
130.666 0.43374
130.7 0.444917
130.737 0.457067
130.776 0.470788
130.901 0.48983
130.929 0.499738
130.951 0.502217
130.979 0.500838
131.01 0.493593
131.041 0.486008
131.068 0.477312
131.103 0.469251
131.144 0.466359
131.184 0.465951
131.317 0.470653
131.347 0.475374
131.372 0.47893
131.402 0.482797
131.435 0.486841
131.47 0.490968
131.5 0.49399
131.537 0.498505
131.582 0.503984
131.625 0.507798
131.769 0.520589
131.807 0.534714
131.835 0.546118
131.867 0.553255
131.902 0.556305
131.937 0.556609
131.968 0.555134
132.004 0.550318
132.047 0.541179
132.087 0.529394
132.221 0.510523
132.259 0.496761
132.288 0.486105
132.322 0.480327
132.36 0.479119
132.397 0.479916
132.43 0.483191
132.47 0.48696
132.517 0.495497
132.562 0.505959
132.696 0.510763
132.732 0.510549
132.76 0.508109
132.792 0.50313
132.826 0.495452
132.861 0.490315
132.891 0.48784
132.931 0.484503
132.979 0.482484
133.025 0.479613
133.159 0.477178
133.198 0.476544
133.228 0.479173
133.263 0.481706
133.299 0.486377
133.334 0.490149
133.364 0.48987
133.406 0.492504
133.454 0.49481
133.499 0.494611
133.633 0.493867
133.673 0.493914
133.704 0.492261
133.737 0.489511
133.769 0.487091
133.799 0.490218
133.825 0.493202
133.862 0.499434
133.907 0.504792
133.956 0.504065
134.096 0.496835
134.137 0.489253
134.169 0.484763
134.205 0.483481
134.241 0.485531
134.272 0.488672
134.301 0.492493
134.338 0.495579
134.383 0.496993
134.431 0.497265
134.56 0.495364
134.598 0.496667
134.629 0.498158
134.662 0.498788
134.699 0.497927
134.732 0.494364
134.762 0.489202
134.799 0.486714
134.844 0.484247
134.894 0.48012
135.029 0.482488
135.07 0.485871
135.1 0.487627
135.134 0.488259
135.173 0.49151
135.207 0.495346
135.238 0.496133
135.274 0.497115
135.319 0.497099
135.368 0.495305
135.499 0.490407
135.535 0.490055
135.562 0.492573
135.591 0.496769
135.626 0.501812
135.659 0.505377
135.692 0.504298
135.731 0.499394
135.78 0.492225
135.828 0.486514
135.964 0.48279
136.004 0.484258
136.033 0.489214
136.063 0.490803
136.098 0.491227
136.131 0.490874
136.163 0.49002
136.203 0.488866
136.248 0.484175
136.294 0.482165
136.416 0.491684
136.455 0.497566
136.486 0.498221
136.516 0.497238
136.55 0.496085
136.584 0.492201
136.618 0.486708
136.659 0.481269
136.698 0.482191
136.746 0.480946
136.867 0.4801
136.907 0.47776
136.94 0.474545
136.974 0.472759
137.011 0.474501
137.046 0.475222
137.08 0.475251
137.12 0.474825
137.156 0.470738
137.201 0.470044
137.309 0.480494
137.345 0.488773
137.375 0.496151
137.409 0.499082
137.447 0.498128
137.482 0.494685
137.518 0.488873
137.56 0.483501
137.597 0.477709
137.644 0.470105
137.755 0.465974
137.797 0.469388
137.833 0.477835
137.866 0.481634
137.905 0.484482
137.941 0.486648
137.976 0.486081
138.015 0.482581
138.048 0.474954
138.09 0.474445
138.19 0.482848
138.23 0.488616
138.265 0.490664
138.3 0.489331
138.34 0.485852
138.379 0.48023
138.415 0.473439
138.456 0.467032
138.49 0.461107
138.533 0.459058
138.636 0.459493
138.678 0.461607
138.717 0.467069
138.753 0.471308
138.793 0.474642
138.833 0.47731
138.872 0.479489
138.912 0.48131
138.944 0.47837
138.983 0.472279
138.995 0.545429
138.997 0.623514
138.999 0.698492
139 0.763524
139.211 0.821591
139.225 0.839773
139.424 0.831243
139.44 0.806357
139.457 0.768889
139.472 0.726179
139.488 0.679645
139.503 0.6339
139.519 0.589257
139.536 0.546796
139.551 0.508032
139.566 0.47206
139.655 0.439108
139.672 0.40923
139.691 0.38324
139.708 0.359771
139.725 0.339626
139.742 0.321449
139.759 0.306069
139.778 0.291286
139.795 0.280794
139.812 0.272791
139.903 0.26892
139.921 0.26682
139.941 0.267104
139.96 0.269005
139.979 0.271972
139.999 0.275607
140.017 0.27963
140.037 0.281594
140.055 0.284396
140.074 0.288847
140.166 0.292085
140.186 0.294458
140.207 0.297344
140.227 0.299415
140.25 0.302042
140.271 0.305015
140.291 0.308184
140.311 0.310321
140.332 0.311744
140.352 0.313811
140.457 0.328674
140.481 0.342875
140.506 0.354105
140.531 0.365377
140.557 0.375357
140.583 0.384301
140.607 0.392411
140.629 0.397595
140.649 0.397385
140.668 0.39361
140.761 0.374083
140.784 0.357922
140.808 0.344443
140.832 0.33424
140.861 0.328756
140.892 0.332227
140.922 0.339435
140.949 0.349027
140.973 0.358915
140.997 0.368812
141.104 0.392032
141.129 0.406894
141.153 0.414713
141.176 0.416541
141.204 0.414349
141.233 0.40843
141.263 0.401314
141.289 0.394728
141.313 0.388695
141.337 0.383215
141.451 0.386143
141.48 0.391341
141.505 0.395742
141.533 0.400669
141.563 0.407007
141.596 0.413072
141.629 0.419987
141.658 0.42512
141.684 0.430109
141.711 0.434943
141.834 0.444116
141.866 0.452695
141.895 0.459616
141.924 0.465326
141.958 0.470157
141.996 0.475479
142.031 0.479956
142.063 0.483833
142.093 0.488414
142.123 0.491188
142.255 0.502878
142.295 0.515897
142.331 0.5296
142.367 0.543543
142.409 0.557426
142.454 0.573305
142.493 0.583528
142.526 0.587564
142.554 0.58407
142.584 0.579057
142.707 0.560858
142.749 0.548889
142.792 0.54485
142.831 0.541829
142.872 0.538508
142.917 0.532875
142.959 0.529245
142.996 0.530481
143.024 0.529401
143.054 0.525711
143.165 0.509197
143.202 0.500228
143.245 0.492866
143.286 0.484164
143.332 0.481273
143.381 0.483211
143.425 0.487257
143.464 0.490405
143.495 0.49402
143.528 0.500142
143.647 0.512342
143.685 0.519401
143.73 0.526239
143.771 0.529438
143.817 0.530149
143.866 0.529204
143.91 0.527203
143.949 0.524571
143.98 0.521607
144.013 0.518518
144.132 0.515443
144.17 0.512474
144.215 0.509667
144.256 0.507054
144.3 0.5024
144.345 0.499521
144.386 0.499615
144.423 0.501563
144.451 0.5037
144.482 0.50583
144.604 0.502577
144.643 0.498642
144.691 0.493541
144.735 0.491025
144.781 0.492342
144.825 0.490602
144.86 0.490282
144.891 0.493938
144.916 0.498182
144.944 0.502587
145.066 0.505116
145.109 0.501928
145.159 0.496088
145.207 0.491063
145.256 0.490545
145.303 0.493094
145.342 0.49767
145.375 0.502402
145.401 0.507151
145.428 0.508451
145.551 0.509664
145.594 0.50969
145.645 0.508935
145.692 0.508817
145.741 0.506901
145.788 0.50496
145.827 0.503062
145.86 0.501252
145.886 0.499556
145.906 0.500254
146.028 0.50086
146.068 0.503106
146.113 0.507139
146.158 0.511219
146.203 0.515983
146.25 0.517423
146.291 0.514886
146.325 0.50988
146.353 0.504349
146.37 0.501303
146.495 0.495544
146.539 0.491411
146.582 0.487211
146.621 0.489135
146.66 0.494832
146.702 0.501763
146.739 0.507381
146.776 0.508369
146.8 0.509818
146.82 0.507056
146.949 0.499929
146.995 0.492035
147.04 0.483879
147.083 0.481093
147.123 0.480887
147.168 0.483568
147.207 0.487028
147.246 0.490954
147.27 0.492876
147.29 0.494547
147.42 0.496033
147.466 0.496257
147.512 0.494521
147.554 0.493772
147.595 0.491475
147.639 0.490452
147.679 0.48808
147.717 0.487114
147.742 0.484883
147.762 0.482985
147.878 0.489594
147.92 0.497319
147.961 0.503629
148.005 0.506094
148.046 0.504208
148.092 0.50134
148.133 0.496165
148.172 0.491452
148.189 0.492438
148.211 0.489947
148.332 0.484438
148.37 0.482466
148.406 0.485407
148.444 0.490418
148.481 0.4956
148.526 0.497107
148.568 0.49528
148.605 0.494853
148.624 0.491766
148.647 0.486184
148.769 0.479203
148.809 0.471584
148.846 0.465597
148.886 0.460149
148.925 0.457131
148.971 0.456959
149.014 0.457597
149.053 0.459904
149.073 0.462171
149.099 0.466622
149.222 0.470211
149.263 0.472028
149.304 0.478251
149.344 0.482827
149.383 0.485086
149.431 0.485752
149.475 0.486479
149.513 0.487254
149.532 0.484691
149.555 0.478832
149.663 0.484771
149.7 0.490801
149.741 0.492202
149.783 0.491427
149.823 0.488374
149.872 0.483078
149.917 0.477412
149.947 0.479588
149.952 0.490965
149.954 0.515496
149.956 0.621578
149.957 0.710646
149.959 0.789951
150.17 0.829371
150.184 0.835948
150.389 0.814641
150.408 0.776794
150.427 0.730339
150.447 0.680717
150.465 0.629818
150.486 0.578952
150.505 0.529885
150.524 0.48547
150.543 0.44387
150.562 0.407356
150.679 0.394309
150.705 0.390363
150.73 0.39048
150.755 0.395667
150.775 0.396363
150.792 0.390714
150.807 0.378735
150.823 0.36732
150.84 0.354349
150.855 0.340671
150.961 0.337043
150.993 0.329474
151.025 0.324493
151.058 0.328177
151.084 0.338776
151.106 0.350458
151.128 0.363766
151.15 0.376788
151.172 0.389372
151.193 0.402556
151.325 0.439534
151.366 0.471566
151.407 0.500756
151.45 0.526358
151.485 0.54796
151.513 0.565388
151.541 0.57975
151.57 0.59187
151.598 0.601235
151.627 0.60981
151.791 0.645944
151.845 0.678659
151.892 0.700638
151.938 0.712823
151.973 0.712701
152.002 0.705598
152.03 0.694137
152.059 0.680174
152.087 0.665005
152.115 0.650645
152.28 0.635044
152.333 0.621336
152.381 0.607079
152.427 0.594002
152.461 0.583233
152.49 0.573221
152.519 0.565143
152.548 0.556369
152.576 0.548506
152.605 0.541486
152.768 0.534114
152.819 0.525585
152.865 0.517626
152.909 0.509134
152.942 0.504166
152.972 0.500182
153 0.497843
153.03 0.494
153.062 0.49542
153.093 0.499432
153.256 0.500614
153.308 0.500995
153.354 0.50084
153.398 0.500336
153.431 0.49962
153.46 0.499912
153.488 0.499763
153.518 0.499329
153.55 0.498721
153.582 0.496893
153.744 0.496541
153.796 0.496074
153.842 0.494422
153.886 0.494261
153.918 0.492867
153.949 0.4918
153.977 0.490981
154.006 0.49035
154.039 0.489863
154.07 0.49061
154.233 0.489999
154.285 0.489536
154.33 0.490252
154.375 0.490683
154.407 0.4903
154.437 0.490654
154.466 0.49196
154.496 0.49163
154.527 0.491332
154.559 0.49122
154.714 0.497171
154.766 0.499696
154.814 0.499925
154.859 0.499546
154.892 0.497031
154.925 0.49551
154.955 0.495371
154.983 0.49505
155.016 0.494619
155.047 0.494129
155.202 0.494741
155.255 0.493838
155.302 0.494188
155.347 0.494256
155.38 0.494136
155.413 0.493897
155.443 0.492462
155.472 0.491381
155.504 0.49169
155.53 0.494375
155.671 0.508937
155.722 0.518996
155.769 0.524847
155.813 0.527722
155.847 0.525899
155.881 0.521988
155.911 0.516858
155.938 0.513747
155.97 0.511119
155.993 0.510609
156.137 0.507037
156.189 0.500754
156.236 0.496483
156.282 0.490133
156.316 0.486212
156.347 0.486601
156.374 0.487931
156.4 0.489775
156.429 0.491836
156.452 0.492162
156.569 0.51409
156.617 0.531196
156.658 0.542666
156.704 0.548203
156.739 0.546987
156.771 0.540533
156.799 0.532656
156.826 0.521466
156.857 0.511171
156.88 0.500909
156.997 0.492771
157.045 0.484501
157.087 0.476432
157.133 0.46878
157.17 0.461672
157.203 0.455173
157.232 0.451004
157.259 0.446612
157.292 0.445554
157.317 0.44678
157.432 0.446154
157.482 0.446551
157.526 0.447638
157.572 0.449175
157.61 0.452116
157.644 0.454823
157.676 0.457324
157.705 0.460768
157.737 0.462535
157.764 0.464272
157.881 0.467091
157.938 0.477344
157.984 0.486781
158.032 0.492105
158.07 0.49569
158.107 0.499177
158.14 0.503679
158.17 0.506549
158.202 0.506041
158.226 0.502175
158.328 0.498625
158.379 0.499933
158.421 0.502449
158.463 0.507305
158.498 0.510732
158.532 0.512146
158.568 0.509507
158.598 0.504321
158.632 0.495908
158.658 0.488359
158.762 0.478112
158.815 0.469165
158.86 0.462048
158.903 0.458876
158.941 0.458454
158.977 0.459913
159.015 0.463748
159.048 0.467992
159.083 0.472433
159.111 0.478053
159.218 0.483239
159.273 0.489166
159.32 0.494363
159.366 0.498981
159.407 0.504263
159.444 0.507658
159.485 0.51199
159.52 0.516896
159.557 0.518744
159.587 0.521902
159.697 0.525915
159.753 0.528208
159.8 0.528206
159.846 0.526698
159.886 0.524249
159.924 0.521259
159.962 0.514633
159.994 0.505733
160.027 0.499009
160.055 0.496346
160.154 0.503337
160.207 0.509103
160.25 0.514664
160.292 0.519793
160.33 0.522603
160.365 0.524615
160.403 0.523323
160.437 0.519028
160.472 0.511177
160.502 0.502206
160.605 0.491969
160.66 0.48219
160.705 0.476747
160.748 0.47584
160.789 0.475781
160.825 0.478561
160.867 0.483212
160.892 0.476664
160.896 0.499211
160.898 0.536158
161.109 0.717024
161.123 0.819935
161.325 0.864973
161.343 0.869873
161.361 0.849312
161.378 0.814559
161.396 0.770766
161.414 0.720753
161.432 0.669252
161.449 0.619384
161.468 0.571365
161.486 0.526185
161.588 0.475655
161.611 0.43238
161.634 0.394469
161.655 0.367286
161.677 0.351125
161.699 0.342828
161.719 0.336701
161.736 0.331096
161.754 0.326008
161.771 0.320294
161.864 0.315115
161.886 0.311338
161.908 0.307693
161.93 0.303372
161.954 0.2979
161.979 0.295287
162.001 0.29647
162.02 0.29795
162.041 0.302985
162.06 0.306946
162.168 0.32586
162.195 0.343214
162.222 0.358033
162.25 0.373101
162.279 0.388049
162.31 0.401513
162.338 0.414864
162.36 0.426786
162.38 0.429679
162.399 0.429869
162.5 0.418185
162.526 0.407824
162.553 0.397531
162.581 0.389821
162.613 0.385205
162.647 0.385076
162.678 0.386894
162.703 0.387779
162.726 0.390304
162.747 0.392795
162.854 0.400874
162.882 0.406961
162.912 0.413863
162.943 0.418959
162.977 0.423898
163.016 0.428674
163.049 0.432162
163.077 0.437009
163.102 0.441595
163.127 0.445962
163.239 0.452391
163.272 0.459004
163.303 0.462281
163.338 0.466673
163.375 0.471784
163.417 0.476208
163.457 0.48576
163.492 0.497505
163.523 0.508291
163.554 0.520516
163.686 0.548148
163.719 0.563152
163.749 0.568274
163.783 0.565596
163.819 0.55782
163.858 0.546879
163.897 0.53414
163.932 0.523932
163.966 0.517985
164 0.515114
164.145 0.525695
164.182 0.535055
164.215 0.542321
164.253 0.549204
164.293 0.55687
164.332 0.558218
164.369 0.554221
164.403 0.546778
164.434 0.537245
164.466 0.52545
164.605 0.50907
164.643 0.497881
164.678 0.491605
164.717 0.488811
164.758 0.487327
164.8 0.48903
164.84 0.493991
164.878 0.499934
164.912 0.505305
164.946 0.512445
165.091 0.522898
165.13 0.528636
165.164 0.531101
165.203 0.53134
165.245 0.528986
165.286 0.527223
165.327 0.524809
165.364 0.522044
165.398 0.519134
165.433 0.51622
165.577 0.512269
165.613 0.505481
165.645 0.501016
165.682 0.49921
165.721 0.499143
165.759 0.502782
165.8 0.504209
165.839 0.501513
165.874 0.498041
165.911 0.494198
166.062 0.497934
166.1 0.502231
166.132 0.50345
166.163 0.49808
166.197 0.497912
166.229 0.501493
166.267 0.506389
166.304 0.510122
166.337 0.512911
166.376 0.510557
166.533 0.503245
166.57 0.497438
166.603 0.491927
166.636 0.487687
166.673 0.486635
166.707 0.487831
166.748 0.492778
166.788 0.499031
166.823 0.504915
166.863 0.508185
167.02 0.509638
167.057 0.510978
167.09 0.511108
167.122 0.510439
167.16 0.509269
167.194 0.507804
167.234 0.506193
167.275 0.504536
167.31 0.501776
167.35 0.500596
167.495 0.504868
167.53 0.508489
167.562 0.511506
167.592 0.513095
167.632 0.510166
167.668 0.506207
167.71 0.500853
167.753 0.495394
167.788 0.492393
167.83 0.492255
167.975 0.491813
168.006 0.490817
168.033 0.4932
168.06 0.497601
168.098 0.50219
168.131 0.505789
168.173 0.506813
168.219 0.504367
168.257 0.498031
168.302 0.491318
168.448 0.487402
168.481 0.486602
168.51 0.487932
168.539 0.490683
168.58 0.497716
168.616 0.504122
168.66 0.508854
168.706 0.512369
168.744 0.512759
168.789 0.513303
168.935 0.512838
168.968 0.511726
168.996 0.510223
169.025 0.508511
169.067 0.505591
169.102 0.504187
169.147 0.502728
169.192 0.50128
169.228 0.497541
169.27 0.497289
169.398 0.51149
169.432 0.51845
169.462 0.520472
169.492 0.520097
169.534 0.51641
169.57 0.513353
169.614 0.509898
169.66 0.505416
169.694 0.503054
169.733 0.502972
169.846 0.514794
169.876 0.52484
169.903 0.5315
169.929 0.534761
169.972 0.534752
170.008 0.529942
170.053 0.523068
170.101 0.515961
170.134 0.508049
170.174 0.499886
170.289 0.49272
170.319 0.484682
170.348 0.476386
170.376 0.469118
170.419 0.46466
170.458 0.462339
170.503 0.4604
170.552 0.46102
170.587 0.463365
170.627 0.464579
170.742 0.466139
170.776 0.469034
170.81 0.477276
170.841 0.484458
170.884 0.489656
170.923 0.493422
170.969 0.495037
171.017 0.495189
171.049 0.489877
171.086 0.483049
171.187 0.490036
171.218 0.494058
171.253 0.495976
171.284 0.493799
171.328 0.490813
171.368 0.486516
171.415 0.481524
171.465 0.476263
171.5 0.470029
171.54 0.469812
171.629 0.472095
171.658 0.474403
171.691 0.476592
171.719 0.480323
171.76 0.483073
171.802 0.482408
171.82 0.504052
171.822 0.557191
171.824 0.61559
171.825 0.678051
171.841 0.77154
172.038 0.815407
172.053 0.824462
172.254 0.808672
172.272 0.776289
172.289 0.734153
172.306 0.687934
172.324 0.640574
172.341 0.594039
172.359 0.549592
172.377 0.507124
172.394 0.467407
172.412 0.430861
172.513 0.390664
172.534 0.359659
172.557 0.341917
172.578 0.331339
172.6 0.327011
172.62 0.327046
172.639 0.326692
172.656 0.323876
172.673 0.319501
172.69 0.314207
172.78 0.307657
172.801 0.302963
172.823 0.299603
172.843 0.295441
172.868 0.29004
172.891 0.285787
172.91 0.284752
172.93 0.285925
172.949 0.289697
172.968 0.292901
173.063 0.299037
173.085 0.304782
173.109 0.311278
173.132 0.317032
173.159 0.323307
173.184 0.327572
173.206 0.332665
173.228 0.338237
173.25 0.342917
173.27 0.346928
173.37 0.352688
173.394 0.358415
173.421 0.362911
173.447 0.36652
173.476 0.369497
173.505 0.375404
173.532 0.382081
173.558 0.389178
173.585 0.398705
173.611 0.408592
173.728 0.433186
173.757 0.452602
173.786 0.464793
173.811 0.46855
173.839 0.466624
173.867 0.460996
173.892 0.453084
173.918 0.445015
173.945 0.434844
173.969 0.425799
174.089 0.420025
174.121 0.417767
174.153 0.41798
174.18 0.419901
174.211 0.421853
174.241 0.424951
174.269 0.427673
174.299 0.432376
174.33 0.439481
174.361 0.449223
174.503 0.478578
174.542 0.503699
174.581 0.52435
174.606 0.533736
174.636 0.535403
174.665 0.530797
174.693 0.524406
174.721 0.515918
174.751 0.506287
174.78 0.493927
174.928 0.492443
174.971 0.491643
175.012 0.493629
175.04 0.495256
175.073 0.49891
175.105 0.501654
175.135 0.504904
175.167 0.507351
175.2 0.510384
175.231 0.514925
175.387 0.523814
175.433 0.530996
175.48 0.539179
175.513 0.547918
175.553 0.560281
175.589 0.570385
175.619 0.574316
175.651 0.574074
175.684 0.5711
175.715 0.566426
175.855 0.542784
175.898 0.525628
175.942 0.515101
175.974 0.507407
176.015 0.500909
176.051 0.493647
176.083 0.487048
176.116 0.481858
176.15 0.480175
176.183 0.479783
176.335 0.492658
176.382 0.505212
176.426 0.512788
176.456 0.515734
176.495 0.514395
176.53 0.510223
176.56 0.503134
176.59 0.496509
176.623 0.493297
176.655 0.491399
176.808 0.487766
176.856 0.484541
176.902 0.485471
176.936 0.489192
176.977 0.493596
177.012 0.494999
177.042 0.496607
177.071 0.496081
177.103 0.495264
177.136 0.494283
177.292 0.495474
177.34 0.498115
177.387 0.498314
177.421 0.497997
177.461 0.497352
177.496 0.497636
177.526 0.496303
177.554 0.492793
177.582 0.49352
177.61 0.497013
177.753 0.509085
177.805 0.513787
177.852 0.513566
177.888 0.51106
177.929 0.507163
177.963 0.504257
177.993 0.501186
178.023 0.496352
178.052 0.490575
178.083 0.487549
178.237 0.497484
178.284 0.497958
178.328 0.493176
178.361 0.48843
178.4 0.487489
178.433 0.487231
178.463 0.486524
178.495 0.483318
178.527 0.483141
178.559 0.483896
178.715 0.486395
178.765 0.491147
178.81 0.495074
178.842 0.494992
178.88 0.493345
178.913 0.492941
178.944 0.493396
178.978 0.494432
179.011 0.496974
179.043 0.498237
179.2 0.49862
179.249 0.498415
179.294 0.49783
179.326 0.498139
179.363 0.496806
179.392 0.495502
179.419 0.496756
179.45 0.50043
179.48 0.504578
179.507 0.510563
179.659 0.516536
179.711 0.516064
179.759 0.512346
179.79 0.510176
179.828 0.505528
179.859 0.500336
179.888 0.493231
179.921 0.490052
179.953 0.487402
179.982 0.489681
180.127 0.48749
180.174 0.489818
180.216 0.494882
180.248 0.497053
180.288 0.496383
180.319 0.493024
180.35 0.48982
180.383 0.485941
180.413 0.483522
180.442 0.482106
180.588 0.480486
180.636 0.477033
180.681 0.475855
180.714 0.476992
180.756 0.478551
180.788 0.479245
180.82 0.482724
180.856 0.485765
180.887 0.489581
180.919 0.493848
181.068 0.500591
181.117 0.505497
181.162 0.506827
181.193 0.505736
181.23 0.498559
181.259 0.494192
181.288 0.493227
181.321 0.49443
181.344 0.5013
181.372 0.507048
181.522 0.508288
181.574 0.505687
181.62 0.501583
181.654 0.495778
181.693 0.488226
181.723 0.483732
181.756 0.483573
181.79 0.485232
181.815 0.485845
181.844 0.486877
181.977 0.492447
182.024 0.499275
182.069 0.501311
182.106 0.499293
182.145 0.496491
182.176 0.492386
182.21 0.487587
182.245 0.483388
182.27 0.477964
182.301 0.472843
182.437 0.472176
182.484 0.471357
182.532 0.47384
182.57 0.477381
182.612 0.482692
182.644 0.485719
182.681 0.489401
182.717 0.494587
182.745 0.499565
182.778 0.505439
182.799 0.586531
182.801 0.672137
183.012 0.809999
183.026 0.881783
183.225 0.906211
183.241 0.89886
183.257 0.870947
183.273 0.832224
183.289 0.784993
183.305 0.735498
183.32 0.685219
183.337 0.636061
183.352 0.589237
183.368 0.54547
183.457 0.506014
183.475 0.468902
183.493 0.435457
183.51 0.4064
183.529 0.380288
183.546 0.356987
183.563 0.337196
183.581 0.318608
183.598 0.303234
183.617 0.289607
183.707 0.281332
183.728 0.277172
183.747 0.274781
183.765 0.275906
183.786 0.277147
183.805 0.280707
183.824 0.283521
183.844 0.286914
183.863 0.289519
183.883 0.293805
183.976 0.298031
183.998 0.302146
184.019 0.304999
184.04 0.30809
184.062 0.312428
184.082 0.314168
184.104 0.317523
184.126 0.319677
184.146 0.322132
184.168 0.32477
184.28 0.346634
184.31 0.36865
184.338 0.389202
184.366 0.408371
184.394 0.425126
184.422 0.441087
184.45 0.457371
184.48 0.473608
184.499 0.478307
184.517 0.472975
184.603 0.437477
184.628 0.413269
184.65 0.398749
184.675 0.38826
184.707 0.37718
184.735 0.366123
184.765 0.356362
184.797 0.346914
184.817 0.340293
184.837 0.337502
184.924 0.336248
184.951 0.337199
184.974 0.338504
185.001 0.340032
185.034 0.342815
185.064 0.346397
185.096 0.34933
185.13 0.3529
185.151 0.35684
185.173 0.359836
185.261 0.363277
185.289 0.366964
185.314 0.369634
185.342 0.371586
185.376 0.37416
185.409 0.376001
185.442 0.378459
185.477 0.381308
185.5 0.384387
185.524 0.386458
185.612 0.386708
185.642 0.386882
185.667 0.388156
185.696 0.38905
185.732 0.388572
185.765 0.388335
185.799 0.388293
185.836 0.389538
185.86 0.389401
185.884 0.390611
185.973 0.389354
186.002 0.388738
186.029 0.388591
186.063 0.393289
186.107 0.405675
186.15 0.423002
186.193 0.444434
186.24 0.465955
186.27 0.48711
186.302 0.505365
186.375 0.497708
186.398 0.482943
186.419 0.463786
186.446 0.447751
186.48 0.443923
186.52 0.440913
186.564 0.436722
186.61 0.431012
186.641 0.426264
186.673 0.41964
186.747 0.413804
186.771 0.408668
186.793 0.402402
186.821 0.396527
186.854 0.391999
186.895 0.388293
186.94 0.386602
186.987 0.384067
187.018 0.384402
187.051 0.384421
187.125 0.385358
187.149 0.38465
187.173 0.386227
187.201 0.388192
187.236 0.390382
187.278 0.391557
187.322 0.390905
187.369 0.392417
187.402 0.394241
187.435 0.395117
187.508 0.39422
187.534 0.39553
187.559 0.397186
187.588 0.399048
187.624 0.399894
187.666 0.402296
187.71 0.403457
187.758 0.402642
187.792 0.403899
187.825 0.40429
187.913 0.41985
187.946 0.438566
187.978 0.457893
188.015 0.477236
188.06 0.500704
188.113 0.524239
188.148 0.527114
188.185 0.516059
188.211 0.495928
188.238 0.478171
188.308 0.479325
188.342 0.476572
188.375 0.472248
188.412 0.465277
188.458 0.4586
188.511 0.452325
188.546 0.445634
188.584 0.439785
188.612 0.433798
188.64 0.427063
188.709 0.421859
188.744 0.417824
188.778 0.41436
188.816 0.411732
188.862 0.409735
188.914 0.409339
188.951 0.408912
188.99 0.409603
189.018 0.411038
189.047 0.412947
189.116 0.414014
189.151 0.414495
189.186 0.416827
189.225 0.418112
189.27 0.418671
189.324 0.418735
189.361 0.420724
189.4 0.421724
189.429 0.423171
189.459 0.423771
189.528 0.423797
189.564 0.424571
189.6 0.425842
189.639 0.427431
189.697 0.44046
189.764 0.464309
189.811 0.49045
189.853 0.509716
189.882 0.519462
189.907 0.520374
189.96 0.498493
189.988 0.487225
190.016 0.485729
190.046 0.490413
190.098 0.494348
190.165 0.494045
190.213 0.491845
190.255 0.487562
190.285 0.480296
190.31 0.473113
190.364 0.465332
190.392 0.457435
190.421 0.449739
190.452 0.443321
190.504 0.437943
190.571 0.433416
190.62 0.428713
190.662 0.424073
190.693 0.420526
190.72 0.418199
190.773 0.417509
190.802 0.415697
190.832 0.416548
190.864 0.418059
190.916 0.418861
190.983 0.419172
191.032 0.419153
191.075 0.418917
191.106 0.420795
191.133 0.421816
191.188 0.422241
191.217 0.424513
191.249 0.425738
191.28 0.427362
191.334 0.428105
191.4 0.42712
191.459 0.439626
191.513 0.459845
191.554 0.482587
191.585 0.500931
191.64 0.51144
191.668 0.514229
191.692 0.507302
191.716 0.491778
191.757 0.486619
191.807 0.495246
191.859 0.505149
191.913 0.508331
191.954 0.506128
191.987 0.50049
192.041 0.493682
192.07 0.485442
192.096 0.476552
192.121 0.467545
192.162 0.457898
192.212 0.449945
192.265 0.443353
192.319 0.436985
192.361 0.432744
192.394 0.427374
192.449 0.423246
192.478 0.42006
192.506 0.418869
192.531 0.418936
192.573 0.418731
192.623 0.418356
192.676 0.419004
192.73 0.418086
192.773 0.418387
192.807 0.41951
192.862 0.420043
192.891 0.421298
192.92 0.423019
192.947 0.425022
192.99 0.426055
193.041 0.427544
193.092 0.427066
193.147 0.427532
193.195 0.433133
193.239 0.447712
193.306 0.471412
193.343 0.494016
193.372 0.507536
193.399 0.514673
193.439 0.515149
193.478 0.499925
193.517 0.491247
193.56 0.494858
193.596 0.503388
193.638 0.508442
193.705 0.508339
193.72 0.524979
193.722 0.554869
193.723 0.589926
193.725 0.638747
193.727 0.692106
193.729 0.744744
193.772 0.76264
193.808 0.757177
193.984 0.73568
194.021 0.706113
194.198 0.670395
194.213 0.631785
194.228 0.591642
194.244 0.552685
194.26 0.514879
194.275 0.479947
194.29 0.44715
194.305 0.417716
194.321 0.392315
194.336 0.369479
194.422 0.349072
194.439 0.330928
194.456 0.314867
194.472 0.299831
194.489 0.286875
194.506 0.274845
194.522 0.265612
194.539 0.257627
194.556 0.253606
194.572 0.251511
194.663 0.255276
194.683 0.260675
194.703 0.268198
194.723 0.274753
194.744 0.282782
194.764 0.291651
194.783 0.29867
194.802 0.306568
194.823 0.313795
194.842 0.321576
194.926 0.316102
194.944 0.3086
194.963 0.301064
194.982 0.294836
195.002 0.287409
195.02 0.279801
195.039 0.274065
195.058 0.270611
195.079 0.266981
195.1 0.265345
195.186 0.267386
195.206 0.270744
195.227 0.274925
195.248 0.279577
195.27 0.284456
195.29 0.288268
195.313 0.295793
195.336 0.30455
195.362 0.316217
195.388 0.328492
195.488 0.348813
195.511 0.36628
195.537 0.379233
195.558 0.38554
195.578 0.387286
195.599 0.385986
195.621 0.381602
195.643 0.3753
195.668 0.367904
195.694 0.359992
195.789 0.348581
195.815 0.341855
195.842 0.338477
195.866 0.33859
195.889 0.339957
195.912 0.343294
195.935 0.346786
195.96 0.350335
195.988 0.353873
196.015 0.357354
196.115 0.365253
196.144 0.371491
196.174 0.377632
196.2 0.382486
196.226 0.388656
196.251 0.392247
196.277 0.396315
196.304 0.400662
196.336 0.40515
196.364 0.40856
196.474 0.417968
196.509 0.430142
196.546 0.443971
196.577 0.457547
196.61 0.470721
196.641 0.483406
196.672 0.494437
196.705 0.505318
196.737 0.509199
196.764 0.506115
196.865 0.491743
196.898 0.476914
196.937 0.466685
196.971 0.459857
197.007 0.457787
197.04 0.457903
197.074 0.458421
197.111 0.460372
197.145 0.463297
197.178 0.471364
197.297 0.495146
197.338 0.516686
197.38 0.532925
197.413 0.539678
197.447 0.537714
197.479 0.532246
197.512 0.523494
197.546 0.513923
197.58 0.504081
197.614 0.496589
197.74 0.496529
197.78 0.494785
197.823 0.491992
197.859 0.493096
197.896 0.494599
197.931 0.497504
197.966 0.502457
198.004 0.506475
198.04 0.512065
198.077 0.516388
198.205 0.520932
198.246 0.523322
198.289 0.52313
198.326 0.520125
198.362 0.517587
198.397 0.514341
198.433 0.509606
198.47 0.505136
198.505 0.498729
198.538 0.489185
198.651 0.495134
198.691 0.497472
198.737 0.494741
198.774 0.490613
198.813 0.485729
198.849 0.480532
198.885 0.474449
198.924 0.470793
198.962 0.470149
198.998 0.473816
199.117 0.481447
199.153 0.481472
199.195 0.475482
199.23 0.472722
199.265 0.472108
199.299 0.472858
199.336 0.473542
199.376 0.471505
199.416 0.467725
199.454 0.464846
199.485 0.538169
199.487 0.611594
199.488 0.685198
199.49 0.750151
199.492 0.808116
199.512 0.840214
199.548 0.841646
199.589 0.82291
199.629 0.791523
199.666 0.752816
199.697 0.709638
199.711 0.666658
199.725 0.624245
199.74 0.583528
199.754 0.545197
199.768 0.50963
199.782 0.476989
199.801 0.447287
199.841 0.420442
199.878 0.395436
199.909 0.3742
199.924 0.355195
199.938 0.338249
199.952 0.323182
199.966 0.30982
199.98 0.297119
199.994 0.286156
200.013 0.276675
200.053 0.269338
200.09 0.262732
200.122 0.256811
200.136 0.251525
200.15 0.246821
200.164 0.241771
200.178 0.237557
200.192 0.2349
200.206 0.23244
200.225 0.230188
200.265 0.227266
200.303 0.225778
200.334 0.22437
200.348 0.222185
200.362 0.220464
200.376 0.219977
200.39 0.219407
200.404 0.218802
200.419 0.218193
200.438 0.217599
200.477 0.217035
200.515 0.216507
200.546 0.216008
200.56 0.215706
200.574 0.215392
200.588 0.21508
200.603 0.214779
200.617 0.214495
200.631 0.21423
200.65 0.213987
200.69 0.213765
200.727 0.213564
200.758 0.213384
200.772 0.213222
200.787 0.213125
200.801 0.21311
200.815 0.213096
200.829 0.213084
200.843 0.213602
200.862 0.214153
200.902 0.213951
200.939 0.214359
200.971 0.214167
200.985 0.213974
200.999 0.213785
