0.214139 476
0.221198 952
0.228257 1428
0.235316 1904
0.242375 2380
0.249433 2856
0.256492 3332
0.263551 3808
0.27061 4284
0.277669 4760
0.418851 4284
0.418851 4760
0.42591 5236
0.432958 4284
0.432969 4760
0.440027 5236
0.447075 4284
0.447086 4760
0.454145 5236
0.461193 4284
0.461204 4760
0.468263 5236
0.475311 4284
0.475322 4760
0.482381 5236
0.489439 5712
0.496498 6188
0.503557 6664
0.510616 7140
0.517675 7616
0.524734 8092
0.531793 8568
0.538851 9044
0.623552 8092
0.623552 8568
0.63061 9044
0.637669 8092
0.637669 8568
0.644728 9044
0.651787 8092
0.651787 8568
0.658846 9044
0.665905 8092
0.665905 8568
0.672964 9044
0.680022 8092
0.680022 8568
0.687081 9044
0.69414 8092
0.69414 8568
0.701199 9044
0.708258 8092
0.708258 8568
0.715317 9044
0.722376 8092
0.722376 8568
0.729434 9044
0.736493 8092
0.736493 8568
0.743552 9044
0.828252 8092
0.828252 8568
0.835311 9044
0.84237 8092
0.84237 8568
0.849429 9044
0.856488 8092
0.856488 8568
0.863547 9044
0.870606 8092
0.870606 8568
0.877664 9044
0.884723 8092
0.884723 8568
0.891782 9044
0.898841 8092
0.898841 8568
0.9059 9044
0.912959 8092
0.912959 8568
0.920018 9044
0.927076 8092
0.927076 8568
0.934135 9044
0.941194 8092
0.941194 8568
0.948253 9044
1.03295 8092
1.03295 8568
1.04001 9044
1.04707 8092
1.04707 8568
1.05413 9044
1.06119 8092
1.06119 8568
1.06825 9044
1.07531 8092
1.07531 8568
1.08237 9044
1.08942 8092
1.08942 8568
1.09648 9044
1.10354 8092
1.10354 8568
1.1106 9044
1.11766 8092
1.11766 8568
1.12472 9044
1.13178 8092
1.13178 8568
1.13884 9044
1.14589 8092
1.14589 8568
1.15295 9044
1.23765 8092
1.23765 8568
1.24471 9044
1.25177 8092
1.25177 8568
1.25883 9044
1.26589 8092
1.26589 8568
1.27295 9044
1.28001 8092
1.28001 8568
1.28707 9044
1.29412 8092
1.29412 8568
1.30118 9044
1.30824 8092
1.30824 8568
1.3153 9044
1.32236 8092
1.32236 8568
1.32942 9044
1.33648 8092
1.33648 8568
1.34354 9044
1.3506 8092
1.3506 8568
1.35765 9044
1.44235 8092
1.44235 8568
1.44941 9044
1.45647 8092
1.45647 8568
1.46353 9044
1.47059 8092
1.47059 8568
1.47765 9044
1.48471 8092
1.48471 8568
1.49177 9044
1.49883 8092
1.49883 8568
1.50588 9044
1.51294 8092
1.51294 8568
1.52 9044
1.52706 8092
1.52706 8568
1.53412 9044
1.54118 8092
1.54118 8568
1.54824 9044
1.5553 8092
1.5553 8568
1.56236 9044
1.64706 8092
1.64706 8568
1.65411 9044
1.66117 8092
1.66117 8568
1.66823 9044
1.67529 8092
1.67529 8568
1.68235 9044
1.68941 8092
1.68941 8568
1.69647 9044
1.70353 8092
1.70353 8568
1.71059 9044
1.71764 8092
1.71764 8568
1.7247 9044
1.73176 8092
1.73176 8568
1.73882 9044
1.74588 8092
1.74588 8568
1.75294 9044
1.76 8092
1.76 8568
1.76706 9044
1.85176 8092
1.85176 8568
1.85882 9044
1.86587 8092
1.86587 8568
1.87293 9044
1.87999 8092
1.87999 8568
1.88705 9044
1.89411 8092
1.89411 8568
1.90117 9044
1.90823 8092
1.90823 8568
1.91529 9044
1.92234 8092
1.92234 8568
1.9294 9044
1.93646 8092
1.93646 8568
1.94352 9044
1.95058 8092
1.95058 8568
1.95764 9044
1.9647 8092
1.9647 8568
1.97176 9044
2.05646 8092
2.05646 8568
2.06352 9044
2.07057 8092
2.07057 8568
2.07763 9044
2.08469 8092
2.08469 8568
2.09175 9044
2.09881 8092
2.09881 8568
2.10587 9044
2.11293 8092
2.11293 8568
2.11999 9044
2.12705 8092
2.12705 8568
2.1341 9044
2.14116 8092
2.14116 8568
2.14822 9044
2.15528 8092
2.15528 8568
2.16234 9044
2.1694 8092
2.1694 8568
2.17646 9044
2.26116 8092
2.26116 8568
2.26822 9044
2.27528 8092
2.27528 8568
2.28233 9044
2.28939 8092
2.28939 8568
2.29645 9044
2.30351 8092
2.30351 8568
2.31057 9044
2.31763 8092
2.31763 8568
2.32469 9044
2.33175 8092
2.33175 8568
2.33881 9044
2.34586 8092
2.34586 8568
2.35292 9044
2.35998 8092
2.35998 8568
2.36704 9044
2.3741 8092
2.3741 8568
2.38116 9044
2.46586 8092
2.46586 8568
2.47292 9044
2.47998 8092
2.47998 8568
2.48704 9044
2.49409 8092
2.49409 8568
2.50115 9044
2.50821 8092
2.50821 8568
2.51527 9044
2.52233 8092
2.52233 8568
2.52939 9044
2.53645 8092
2.53645 8568
2.54351 9044
2.55057 8092
2.55057 8568
2.55762 9044
2.56468 8092
2.56468 8568
2.57174 9044
2.5788 8092
2.5788 8568
2.58586 9044
2.67056 8092
2.67056 8568
2.67762 9044
2.68468 8092
2.68468 8568
2.69174 9044
2.6988 8092
2.6988 8568
2.70585 9044
2.71291 8092
2.71291 8568
2.71997 9044
2.72703 8092
2.72703 8568
2.73409 9044
2.74115 8092
2.74115 8568
2.74821 9044
2.75527 8092
2.75527 8568
2.76232 9044
2.76938 8092
2.76938 8568
2.77644 9044
2.7835 8092
2.7835 8568
2.79056 9044
2.87526 8092
2.87526 8568
2.88232 9044
2.88938 8092
2.88938 8568
2.89644 9044
2.9035 8092
2.9035 8568
2.91055 9044
2.91761 8092
2.91761 8568
2.92467 9044
2.93173 8092
2.93173 8568
2.93879 9044
2.94585 8092
2.94585 8568
2.95291 9044
2.95997 8092
2.95997 8568
2.96703 9044
2.97408 8092
2.97408 8568
2.98114 9044
2.9882 8092
2.9882 8568
2.99526 9044
3.07996 8092
3.07996 8568
3.08702 9044
3.09408 8092
3.09408 8568
3.10114 9044
3.1082 8092
3.1082 8568
3.11526 9044
3.12231 8092
3.12231 8568
3.12937 9044
3.13643 8092
3.13643 8568
3.14349 9044
3.15055 8092
3.15055 8568
3.15761 9044
3.16467 8092
3.16467 8568
3.17173 9044
3.17879 8092
3.17879 8568
3.18584 9044
3.1929 8092
3.1929 8568
3.19996 9044
3.28466 8092
3.28466 8568
3.29172 9044
3.29878 8092
3.29878 8568
3.30584 9044
3.3129 8092
3.3129 8568
3.31996 9044
3.32702 8092
3.32702 8568
3.33407 9044
3.34113 8092
3.34113 8568
3.34819 9044
3.35525 8092
3.35525 8568
3.36231 9044
3.36937 8092
3.36937 8568
3.37643 9044
3.38349 8092
3.38349 8568
3.39054 9044
3.3976 8092
3.3976 8568
3.40466 9044
3.48936 8092
3.48936 8568
3.49642 9044
3.50348 8092
3.50348 8568
3.51054 9044
3.5176 8092
3.5176 8568
3.52466 9044
3.53172 8092
3.53172 8568
3.53877 9044
3.54583 8092
3.54583 8568
3.55289 9044
3.55995 8092
3.55995 8568
3.56701 9044
3.57407 8092
3.57407 8568
3.58113 9044
3.58819 8092
3.58819 8568
3.59525 9044
3.6023 8092
3.6023 8568
3.60936 9044
3.69406 8092
3.69406 8568
3.70112 9044
3.70818 8092
3.70818 8568
3.71524 9044
3.7223 8092
3.7223 8568
3.72936 9044
3.73642 8092
3.73642 8568
3.74348 9044
3.75053 8092
3.75053 8568
3.75759 9044
3.76465 8092
3.76465 8568
3.77171 9044
3.77877 8092
3.77877 8568
3.78583 9044
3.79289 8092
3.79289 8568
3.79995 9044
3.80701 8092
3.80701 8568
3.81406 9044
3.89876 8092
3.89876 8568
3.90582 9044
3.91288 8092
3.91288 8568
3.91994 9044
3.927 8092
3.927 8568
3.93406 9044
3.94112 8092
3.94112 8568
3.94818 9044
3.95524 8092
3.95524 8568
3.96229 9044
3.96935 8092
3.96935 8568
3.97641 9044
3.98347 8092
3.98347 8568
3.99053 9044
3.99759 8092
3.99759 8568
4.00465 9044
4.01171 8092
4.01171 8568
4.01876 9044
4.10347 8092
4.10347 8568
4.11052 9044
4.11758 8092
4.11758 8568
4.12464 9044
4.1317 8092
4.1317 8568
4.13876 9044
4.14582 8092
4.14582 8568
4.15288 9044
4.15994 8092
4.15994 8568
4.16699 9044
4.17405 8092
4.17405 8568
4.18111 9044
4.18817 8092
4.18817 8568
4.19523 9044
4.20229 8092
4.20229 8568
4.20935 9044
4.21641 8092
4.21641 8568
4.22347 9044
4.30817 8092
4.30817 8568
4.31522 9044
4.32228 8092
4.32228 8568
4.32934 9044
4.3364 8092
4.3364 8568
4.34346 9044
4.35052 8092
4.35052 8568
4.35758 9044
4.36464 8092
4.36464 8568
4.3717 9044
4.37875 8092
4.37875 8568
4.38581 9044
4.39287 8092
4.39287 8568
4.39993 9044
4.40699 8092
4.40699 8568
4.41405 9044
4.42111 8092
4.42111 8568
4.42817 9044
4.51287 8092
4.51287 8568
4.51993 9044
4.52698 8092
4.52698 8568
4.53404 9044
4.5411 8092
4.5411 8568
4.54816 9044
4.55522 8092
4.55522 8568
4.56228 9044
4.56934 8092
4.56934 8568
4.5764 9044
4.58346 8092
4.58346 8568
4.59051 9044
4.59757 8092
4.59757 8568
4.60463 9044
4.61169 8092
4.61169 8568
4.61875 9044
4.62581 8092
4.62581 8568
4.63287 9044
4.71757 8092
4.71757 8568
4.72463 9044
4.73169 8092
4.73169 8568
4.73874 9044
4.7458 8092
4.7458 8568
4.75286 9044
4.75992 8092
4.75992 8568
4.76698 9044
4.77404 8092
4.77404 8568
4.7811 9044
4.78816 8092
4.78816 8568
4.79521 9044
4.80227 8092
4.80227 8568
4.80933 9044
4.81639 8092
4.81639 8568
4.82345 9044
4.83051 8092
4.83051 8568
4.83757 9044
4.92227 8092
4.92227 8568
4.92933 9044
4.93639 8092
4.93639 8568
4.94344 9044
4.9505 8092
4.9505 8568
4.95756 9044
4.96462 8092
4.96462 8568
4.97168 9044
4.97874 8092
4.97874 8568
4.9858 9044
4.99286 8092
4.99286 8568
4.99992 9044
5.00697 8092
5.00697 8568
5.01403 9044
5.02109 8092
5.02109 8568
5.02815 9044
5.03521 8092
5.03521 8568
5.04227 9044
5.12697 8092
5.12697 8568
5.13403 9044
5.14109 8092
5.14109 8568
5.14815 9044
5.1552 8092
5.1552 8568
5.16226 9044
5.16932 8092
5.16932 8568
5.17638 9044
5.18344 8092
5.18344 8568
5.1905 9044
5.19756 8092
5.19756 8568
5.20462 9044
5.21168 8092
5.21168 8568
5.21873 9044
5.22579 8092
5.22579 8568
5.23285 9044
5.23991 8092
5.23991 8568
5.24697 9044
5.33167 8092
5.33167 8568
5.33873 9044
5.34579 8092
5.34579 8568
5.35285 9044
5.35991 8092
5.35991 8568
5.36696 9044
5.37402 8092
5.37402 8568
5.38108 9044
5.38814 8092
5.38814 8568
5.3952 9044
5.40226 8092
5.40226 8568
5.40932 9044
5.41638 8092
5.41638 8568
5.42344 9044
5.43049 8092
5.43049 8568
5.43755 9044
5.44461 8092
5.44461 8568
5.45167 9044
5.53637 8092
5.53637 8568
5.54343 9044
5.55049 8092
5.55049 8568
5.55755 9044
5.56461 8092
5.56461 8568
5.57167 9044
5.57872 8092
5.57872 8568
5.58578 9044
5.59284 8092
5.59284 8568
5.5999 9044
5.60696 8092
5.60696 8568
5.61402 9044
5.62108 8092
5.62108 8568
5.62814 9044
5.63519 8092
5.63519 8568
5.64225 9044
5.64931 8092
5.64931 8568
5.65637 9044
5.74107 8092
5.74107 8568
5.74813 9044
5.75519 8092
5.75519 8568
5.76225 9044
5.76931 8092
5.76931 8568
5.77637 9044
5.78342 8092
5.78342 8568
5.79048 9044
5.79754 8092
5.79754 8568
5.8046 9044
5.81166 8092
5.81166 8568
5.81872 9044
5.82578 8092
5.82578 8568
5.83284 9044
5.8399 8092
5.8399 8568
5.84695 9044
5.85401 8092
5.85401 8568
5.86107 9044
5.94577 8092
5.94577 8568
5.95283 9044
5.95989 8092
5.95989 8568
5.96695 9044
5.97401 8092
5.97401 8568
5.98107 9044
5.98813 8092
5.98813 8568
5.99518 9044
6.00224 8092
6.00224 8568
6.0093 9044
6.01636 8092
6.01636 8568
6.02342 9044
6.03048 8092
6.03048 8568
6.03754 9044
6.0446 8092
6.0446 8568
6.05166 9044
6.05871 8092
6.05871 8568
6.06577 9044
6.15047 8092
6.15047 8568
6.15753 9044
6.16459 8092
6.16459 8568
6.17165 9044
6.17871 8092
6.17871 8568
6.18577 9044
6.19283 8092
6.19283 8568
6.19989 9044
6.20694 8092
6.20694 8568
6.214 9044
6.22106 8092
6.22106 8568
6.22812 9044
6.23518 8092
6.23518 8568
6.24224 9044
6.2493 8092
6.2493 8568
6.25636 9044
6.26341 8092
6.26341 8568
6.27047 9044
6.35517 8092
6.35517 8568
6.36223 9044
6.36929 8092
6.36929 8568
6.37635 9044
6.38341 8092
6.38341 8568
6.39047 9044
6.39753 8092
6.39753 8568
6.40459 9044
6.41164 8092
6.41164 8568
6.4187 9044
6.42576 8092
6.42576 8568
6.43282 9044
6.43988 8092
6.43988 8568
6.44694 9044
6.454 8092
6.454 8568
6.46106 9044
6.46812 8092
6.46812 8568
6.47517 9044
6.55987 8092
6.55987 8568
6.56693 9044
6.57399 8092
6.57399 8568
6.58105 9044
6.58811 8092
6.58811 8568
6.59517 9044
6.60223 8092
6.60223 8568
6.60929 9044
6.61635 8092
6.61635 8568
6.6234 9044
6.63046 8092
6.63046 8568
6.63752 9044
6.64458 8092
6.64458 8568
6.65164 9044
6.6587 8092
6.6587 8568
6.66576 9044
6.67282 8092
6.67282 8568
6.67988 9044
6.76458 8092
6.76458 8568
6.77163 9044
6.77869 8092
6.77869 8568
6.78575 9044
6.79281 8092
6.79281 8568
6.79987 9044
6.80693 8092
6.80693 8568
6.81399 9044
6.82105 8092
6.82105 8568
6.82811 9044
6.83516 8092
6.83516 8568
6.84222 9044
6.84928 8092
6.84928 8568
6.85634 9044
6.8634 8092
6.8634 8568
6.87046 9044
6.87752 8092
6.87752 8568
6.88458 9044
6.96928 8092
6.96928 8568
6.97634 9044
6.98339 8092
6.98339 8568
6.99045 9044
6.99751 8092
6.99751 8568
7.00457 9044
7.01163 8092
7.01163 8568
7.01869 9044
7.02575 8092
7.02575 8568
7.03281 9044
7.03986 8092
7.03986 8568
7.04692 9044
7.05398 8092
7.05398 8568
7.06104 9044
7.0681 8092
7.0681 8568
7.07516 9044
7.08222 8092
7.08222 8568
7.08928 9044
7.17398 8092
7.17398 8568
7.18104 9044
7.18809 8092
7.18809 8568
7.19515 9044
7.20221 8092
7.20221 8568
7.20927 9044
7.21633 8092
7.21633 8568
7.22339 9044
7.23045 8092
7.23045 8568
7.23751 9044
7.24457 8092
7.24457 8568
7.25162 9044
7.25868 8092
7.25868 8568
7.26574 9044
7.2728 8092
7.2728 8568
7.27986 9044
7.28692 8092
7.28692 8568
7.29398 9044
7.37868 8092
7.37868 8568
7.38574 9044
7.3928 8092
7.3928 8568
7.39985 9044
7.40691 8092
7.40691 8568
7.41397 9044
7.42103 8092
7.42103 8568
7.42809 9044
7.43515 8092
7.43515 8568
7.44221 9044
7.44927 8092
7.44927 8568
7.45633 9044
7.46338 8092
7.46338 8568
7.47044 9044
7.4775 8092
7.4775 8568
7.48456 9044
7.49162 8092
7.49162 8568
7.49868 9044
7.58338 8092
7.58338 8568
7.59044 9044
7.5975 8092
7.5975 8568
7.60456 9044
7.61161 8092
7.61161 8568
7.61867 9044
7.62573 8092
7.62573 8568
7.63279 9044
7.63985 8092
7.63985 8568
7.64691 9044
7.65397 8092
7.65397 8568
7.66103 9044
7.66809 8092
7.66809 8568
7.67514 9044
7.6822 8092
7.6822 8568
7.68926 9044
7.69632 8092
7.69632 8568
7.70338 9044
7.78808 8092
7.78808 8568
7.79514 9044
7.8022 8092
7.8022 8568
7.80926 9044
7.81631 8092
7.81631 8568
7.82337 9044
7.83043 8092
7.83043 8568
7.83749 9044
7.84455 8092
7.84455 8568
7.85161 9044
7.85867 8092
7.85867 8568
7.86573 9044
7.87279 8092
7.87279 8568
7.87984 9044
7.8869 8092
7.8869 8568
7.89396 9044
7.90102 8092
7.90102 8568
7.90808 9044
7.99278 8092
7.99278 8568
7.99984 9044
8.0069 8092
8.0069 8568
8.01396 9044
8.02102 8092
8.02102 8568
8.02807 9044
8.03513 8092
8.03513 8568
8.04219 9044
8.04925 8092
8.04925 8568
8.05631 9044
8.06337 8092
8.06337 8568
8.07043 9044
8.07749 8092
8.07749 8568
8.08455 9044
8.0916 8092
8.0916 8568
8.09866 9044
8.10572 8092
8.10572 8568
8.11278 9044
8.19748 8092
8.19748 8568
8.20454 9044
8.2116 8092
8.2116 8568
8.21866 9044
8.22572 8092
8.22572 8568
8.23278 9044
8.23983 8092
8.23983 8568
8.24689 9044
8.25395 8092
8.25395 8568
8.26101 9044
8.26807 8092
8.26807 8568
8.27513 9044
8.28219 8092
8.28219 8568
8.28925 9044
8.29631 8092
8.29631 8568
8.30336 9044
8.31042 8092
8.31042 8568
8.31748 9044
8.40218 8092
8.40218 8568
8.40924 9044
8.4163 8092
8.4163 8568
8.42336 9044
8.43042 8092
8.43042 8568
8.43748 9044
8.44454 8092
8.44454 8568
8.45159 9044
8.45865 8092
8.45865 8568
8.46571 9044
8.47277 8092
8.47277 8568
8.47983 9044
8.48689 8092
8.48689 8568
8.49395 9044
8.50101 8092
8.50101 8568
8.50806 9044
8.51512 8092
8.51512 8568
8.52218 9044
8.60688 8092
8.60688 8568
8.61394 9044
8.621 8092
8.621 8568
8.62806 9044
8.63512 8092
8.63512 8568
8.64218 9044
8.64924 8092
8.64924 8568
8.65629 9044
8.66335 8092
8.66335 8568
8.67041 9044
8.67747 8092
8.67747 8568
8.68453 9044
8.69159 8092
8.69159 8568
8.69865 9044
8.70571 8092
8.70571 8568
8.71277 9044
8.71982 8092
8.71982 8568
8.72688 9044
8.81158 8092
8.81158 8568
8.81864 9044
8.8257 8092
8.8257 8568
8.83276 9044
8.83982 8092
8.83982 8568
8.84688 9044
8.85394 8092
8.85394 8568
8.861 9044
8.86805 8092
8.86805 8568
8.87511 9044
8.88217 8092
8.88217 8568
8.88923 9044
8.89629 8092
8.89629 8568
8.90335 9044
8.91041 8092
8.91041 8568
8.91747 9044
8.92453 8092
8.92453 8568
8.93158 9044
9.01628 8092
9.01628 8568
9.02334 9044
9.0304 8092
9.0304 8568
9.03746 9044
9.04452 8092
9.04452 8568
9.05158 9044
9.05864 8092
9.05864 8568
9.0657 9044
9.07276 8092
9.07276 8568
9.07981 9044
9.08687 8092
9.08687 8568
9.09393 9044
9.10099 8092
9.10099 8568
9.10805 9044
9.11511 8092
9.11511 8568
9.12217 9044
9.12923 8092
9.12923 8568
9.13628 9044
9.22099 8092
9.22099 8568
9.22804 9044
9.2351 8092
9.2351 8568
9.24216 9044
9.24922 8092
9.24922 8568
9.25628 9044
9.26334 8092
9.26334 8568
9.2704 9044
9.27746 8092
9.27746 8568
9.28451 9044
9.29157 8092
9.29157 8568
9.29863 9044
9.30569 8092
9.30569 8568
9.31275 9044
9.31981 8092
9.31981 8568
9.32687 9044
9.33393 8092
9.33393 8568
9.34099 9044
9.42569 8092
9.42569 8568
9.43274 9044
9.4398 8092
9.4398 8568
9.44686 9044
9.45392 8092
9.45392 8568
9.46098 9044
9.46804 8092
9.46804 8568
9.4751 9044
9.48216 8092
9.48216 8568
9.48922 9044
9.49627 8092
9.49627 8568
9.50333 9044
9.51039 8092
9.51039 8568
9.51745 9044
9.52451 8092
9.52451 8568
9.53157 9044
9.53863 8092
9.53863 8568
9.54569 9044
9.63039 8092
9.63039 8568
9.63745 9044
9.6445 8092
9.6445 8568
9.65156 9044
9.65862 8092
9.65862 8568
9.66568 9044
9.67274 8092
9.67274 8568
9.6798 9044
9.68686 8092
9.68686 8568
9.69392 9044
9.70098 8092
9.70098 8568
9.70803 9044
9.71509 8092
9.71509 8568
9.72215 9044
9.72921 8092
9.72921 8568
9.73627 9044
9.74333 8092
9.74333 8568
9.75039 9044
9.83509 8092
9.83509 8568
9.84215 9044
9.84921 8092
9.84921 8568
9.85626 9044
9.86332 8092
9.86332 8568
9.87038 9044
9.87744 8092
9.87744 8568
9.8845 9044
9.89156 8092
9.89156 8568
9.89862 9044
9.90568 8092
9.90568 8568
9.91273 9044
9.91979 8092
9.91979 8568
9.92685 9044
9.93391 8092
9.93391 8568
9.94097 9044
9.94803 8092
9.94803 8568
9.95509 9044
10.0398 8092
10.0398 8568
10.0468 9044
10.0539 8092
10.0539 8568
10.061 9044
10.068 8092
10.068 8568
10.0751 9044
10.0821 8092
10.0821 8568
10.0892 9044
10.0963 8092
10.0963 8568
10.1033 9044
10.1104 8092
10.1104 8568
10.1174 9044
10.1245 8092
10.1245 8568
10.1316 9044
10.1386 8092
10.1386 8568
10.1457 9044
10.1527 8092
10.1527 8568
10.1598 9044
10.2445 8092
10.2445 8568
10.2515 9044
10.2586 8092
10.2586 8568
10.2657 9044
10.2727 8092
10.2727 8568
10.2798 9044
10.2868 8092
10.2868 8568
10.2939 9044
10.301 8092
10.301 8568
10.308 9044
10.3151 8092
10.3151 8568
10.3221 9044
10.3292 8092
10.3292 8568
10.3363 9044
10.3433 8092
10.3433 8568
10.3504 9044
10.3574 8092
10.3574 8568
10.3645 9044
10.4492 8092
10.4633 7140
10.4774 6188
10.4915 5236
10.5057 4284
10.5198 3332
10.5339 2380
10.548 1428
10.548 1904
10.5621 952
10.5621 1428
10.5692 1904
10.7527 952
10.7527 1428
10.7598 1904
10.7739 952
10.7739 1428
10.781 1904
10.9645 952
10.9645 1428
10.9715 1904
10.9857 952
10.9857 1428
10.9927 1904
11.1762 952
11.1762 1428
11.1833 1904
11.1974 952
11.1974 1428
11.2045 1904
11.388 952
11.388 1428
11.3951 1904
11.4092 952
11.4092 1428
11.4162 1904
11.5998 952
11.5998 1428
11.6068 1904
11.6209 952
11.6209 1428
11.628 1904
11.8115 952
11.8115 1428
11.8186 1904
11.8327 952
11.8327 1428
11.8397 1904
12.0233 952
12.0233 1428
12.0303 1904
12.0444 952
12.0444 1428
12.0515 1904
12.235 952
12.235 1428
12.2421 1904
12.2562 952
12.2562 1428
12.2633 1904
12.4468 952
12.4468 1428
12.4539 1904
12.468 952
12.468 1428
12.475 1904
12.6586 952
12.6586 1428
12.6656 1904
12.6797 952
12.6797 1428
12.6868 1904
12.8703 952
12.8703 1428
12.8774 1904
12.8915 952
12.8915 1428
12.8985 1904
13.0821 952
13.0821 1428
13.0891 1904
13.1032 952
13.1032 1428
13.1103 1904
13.2938 952
13.2938 1428
13.3009 1904
13.315 952
13.315 1428
13.3221 1904
13.5056 952
13.5056 1428
13.5126 1904
13.5268 952
13.5268 1428
13.5338 1904
13.7173 952
13.7173 1428
13.7244 1904
13.7385 952
13.7385 1428
13.7456 1904
13.9291 952
13.9291 1428
13.9362 1904
13.9503 952
13.9503 1428
13.9573 1904
14.1409 952
14.1409 1428
14.1479 1904
14.162 952
14.162 1428
14.1691 1904
14.3526 952
14.3526 1428
14.3597 1904
14.3738 952
14.3738 1428
14.3809 1904
14.5644 952
14.5644 1428
14.5714 1904
14.5856 952
14.5856 1428
14.5926 1904
14.7761 952
14.7761 1428
14.7832 1904
14.7973 952
14.7973 1428
14.8044 1904
14.9879 952
14.9879 1428
14.995 1904
15.0091 952
15.0091 1428
15.0161 1904
15.1997 952
15.1997 1428
15.2067 1904
15.2208 952
15.2208 1428
15.2279 1904
15.4114 952
15.4114 1428
15.4185 1904
15.4326 952
15.4326 1428
15.4397 1904
15.6232 952
15.6232 1428
15.6302 1904
15.6444 952
15.6444 1428
15.6514 1904
15.8349 952
15.8349 1428
15.842 1904
15.8561 952
15.8561 1428
15.8632 1904
16.0467 952
16.0467 1428
16.0538 1904
16.0679 952
16.0679 1428
16.0749 1904
16.2585 952
16.2585 1428
16.2655 1904
16.2796 952
16.2796 1428
16.2867 1904
16.4702 952
16.4702 1428
16.4773 1904
16.4914 952
16.4914 1428
16.4985 1904
16.682 952
16.682 1428
16.689 1904
16.7032 952
16.7032 1428
16.7102 1904
16.8937 952
16.8937 1428
16.9008 1904
16.9149 952
16.9149 1428
16.922 1904
17.1055 952
17.1055 1428
17.1126 1904
17.1267 952
17.1267 1428
17.1337 1904
17.3173 952
17.3173 1428
17.3243 1904
17.3384 952
17.3384 1428
17.3455 1904
17.529 952
17.529 1428
17.5361 1904
17.5502 952
17.5502 1428
17.5573 1904
17.7408 952
17.7408 1428
17.7478 1904
17.762 952
17.762 1428
17.769 1904
17.9525 952
17.9525 1428
17.9596 1904
17.9737 952
17.9737 1428
17.9808 1904
18.1643 952
18.1643 1428
18.1714 1904
18.1855 952
18.1855 1428
18.1925 1904
18.3761 952
18.3761 1428
18.3831 1904
18.3972 952
18.3972 1428
18.4043 1904
18.5878 952
18.5878 1428
18.5949 1904
18.609 952
18.609 1428
18.6161 1904
18.7996 952
18.7996 1428
18.8066 1904
18.8208 952
18.8208 1428
18.8278 1904
19.0113 952
19.0113 1428
19.0184 1904
19.0325 952
19.0325 1428
19.0396 1904
19.2231 952
19.2231 1428
19.2302 1904
19.2443 952
19.2443 1428
19.2513 1904
19.4349 952
19.4349 1428
19.4419 1904
19.456 952
19.456 1428
19.4631 1904
19.6466 952
19.6466 1428
19.6537 1904
19.6678 952
19.6678 1428
19.6749 1904
19.8584 952
19.8584 1428
19.8654 1904
19.8796 952
19.8796 1428
19.8866 1904
20.0701 952
20.0701 1428
20.0772 1904
20.0913 952
20.0913 1428
20.0984 1904
20.2819 952
20.2819 1428
20.289 1904
20.3031 952
20.3031 1428
20.3101 1904
20.4937 952
20.4937 1428
20.5007 1904
20.5148 952
20.5148 1428
20.5219 1904
20.7054 952
20.7054 1428
20.7125 1904
20.7266 952
20.7266 1428
20.7337 1904
20.9172 952
20.9172 1428
20.9242 1904
20.9384 952
20.9384 1428
20.9454 1904
21.1289 952
21.1289 1428
21.136 1904
21.1501 952
21.1501 1428
21.1572 1904
21.3407 952
21.3407 1428
21.3478 1904
21.3619 952
21.3619 1428
21.3689 1904
21.5525 952
21.5525 1428
21.5595 1904
21.5736 952
21.5736 1428
21.5807 1904
21.7642 952
21.7642 1428
21.7713 1904
21.7854 952
21.7854 1428
21.7925 1904
21.976 952
21.976 1428
21.983 1904
21.9972 952
21.9972 1428
22.0042 1904
22.1877 952
22.1877 1428
22.1948 1904
22.2089 952
22.2089 1428
22.216 1904
22.3995 952
22.3995 1428
22.4066 1904
22.4207 952
22.4207 1428
22.4277 1904
22.6113 952
22.6113 1428
22.6183 1904
22.6324 952
22.6324 1428
22.6395 1904
22.823 952
22.823 1428
22.8301 1904
22.8442 952
22.8442 1428
22.8513 1904
23.0348 952
23.0348 1428
23.0418 1904
23.056 952
23.056 1428
23.063 1904
23.2465 952
23.2465 1428
23.2536 1904
23.2677 952
23.2677 1428
23.2748 1904
23.4583 952
23.4583 1428
23.4654 1904
23.4795 952
23.4795 1428
23.4865 1904
23.6701 952
23.6701 1428
23.6771 1904
23.6912 952
23.6912 1428
23.6983 1904
23.8818 952
23.8818 1428
23.8889 1904
23.9034 952
23.9034 1428
23.9105 1904
24.0936 952
24.0936 1428
24.1006 1904
24.1153 952
24.1153 1428
24.1224 1904
24.3053 952
24.3053 1428
24.3124 1904
24.3272 952
24.3272 1428
24.3343 1904
24.5175 952
24.5175 1428
24.5246 1904
24.5391 952
24.5391 1428
24.5462 1904
24.7294 952
24.7294 1428
24.7365 1904
24.751 952
24.751 1428
24.7581 1904
24.9413 952
24.9413 1428
24.9484 1904
24.9629 952
24.9629 1428
24.97 1904
25.1532 952
25.1532 1428
25.1603 1904
25.1748 952
25.1748 1428
25.1819 1904
25.3651 952
25.3651 1428
25.3722 1904
25.3868 952
25.3868 1428
25.3938 1904
25.577 952
25.577 1428
25.5841 1904
25.5987 952
25.5987 1428
25.6057 1904
25.7889 952
25.7889 1428
25.796 1904
25.8106 952
25.8106 1428
25.8176 1904
26.0009 952
26.0009 1428
26.0079 1904
26.0225 952
26.0225 1428
26.0295 1904
26.2128 952
26.2128 1428
26.2198 1904
26.2344 952
26.2344 1428
26.2414 1904
26.4247 952
26.4247 1428
26.4317 1904
26.4463 952
26.4463 1428
26.4534 1904
26.6366 952
26.6366 1428
26.6436 1904
26.6582 952
26.6582 1428
26.6653 1904
26.8485 952
26.8485 1428
26.8555 1904
26.8701 952
26.8701 1428
26.8772 1904
27.0604 952
27.0604 1428
27.0675 1904
27.082 952
27.082 1428
27.0891 1904
27.2723 952
27.2723 1428
27.2794 1904
27.2939 952
27.2939 1428
27.301 1904
27.4842 952
27.4842 1428
27.4913 1904
27.5057 952
27.5057 1428
27.5128 1904
27.6961 952
27.6961 1428
27.7032 1904
27.7175 952
27.7175 1428
27.7245 1904
27.908 952
27.908 1428
27.9151 1904
27.9292 952
27.9292 1428
27.9363 1904
28.1198 952
28.1198 1428
28.1269 1904
28.141 952
28.141 1428
28.148 1904
28.3316 952
28.3316 1428
28.3386 1904
28.3527 952
28.3527 1428
28.3598 1904
28.5433 952
28.5433 1428
28.5504 1904
28.5645 952
28.5645 1428
28.5715 1904
28.7551 952
28.7551 1428
28.7621 1904
28.7762 952
28.7762 1428
28.7833 1904
28.9668 952
28.9668 1428
28.9739 1904
28.988 952
28.988 1428
28.9951 1904
29.1786 952
29.1786 1428
29.1857 1904
29.1998 952
29.1998 1428
29.2068 1904
29.3904 952
29.3904 1428
29.3974 1904
29.4115 952
29.4115 1428
29.4186 1904
29.6021 952
29.6021 1428
29.6092 1904
29.6233 952
29.6233 1428
29.6303 1904
29.8139 952
29.8139 1428
29.8209 1904
29.835 952
29.835 1428
29.8421 1904
30.0256 952
30.0256 1428
30.0327 1904
30.0474 952
30.0474 1428
30.0544 1904
30.2374 952
30.2374 1428
30.2444 1904
30.2593 952
30.2593 1428
30.2664 1904
30.4492 952
30.4492 1428
30.4562 1904
30.4712 952
30.4712 1428
30.4783 1904
30.6615 952
30.6615 1428
30.6685 1904
30.6831 952
30.6831 1428
30.6902 1904
30.8734 952
30.8734 1428
30.8805 1904
30.895 952
30.895 1428
30.9021 1904
31.0853 952
31.0853 1428
31.0924 1904
31.1069 952
31.1069 1428
31.114 1904
31.2972 952
31.2972 1428
31.3043 1904
31.3188 952
31.3188 1428
31.3259 1904
31.5091 952
31.5091 1428
31.5162 1904
31.5307 952
31.5307 1428
31.5378 1904
31.721 952
31.721 1428
31.7281 1904
31.7427 952
31.7427 1428
31.7497 1904
31.9329 952
31.9329 1428
31.94 1904
31.9546 952
31.9546 1428
31.9616 1904
32.1448 952
32.1448 1428
32.1519 1904
32.1665 952
32.1665 1428
32.1735 1904
32.3568 952
32.3568 1428
32.3638 1904
32.3784 952
32.3784 1428
32.3854 1904
32.5687 952
32.5687 1428
32.5757 1904
32.5903 952
32.5903 1428
32.5973 1904
32.7806 952
32.7806 1428
32.7876 1904
32.8022 952
32.8022 1428
32.8093 1904
32.9925 952
32.9925 1428
32.9995 1904
33.0141 952
33.0141 1428
33.0212 1904
33.2044 952
33.2044 1428
33.2115 1904
33.226 952
33.226 1428
33.2331 1904
33.4163 952
33.4163 1428
33.4234 1904
33.4379 952
33.4379 1428
33.445 1904
33.6282 952
33.6282 1428
33.6353 1904
33.6497 952
33.6497 1428
33.6567 1904
33.8401 952
33.8401 1428
33.8472 1904
33.8614 952
33.8614 1428
33.8685 1904
34.052 952
34.052 1428
34.0591 1904
34.0732 952
34.0732 1428
34.0803 1904
34.2638 952
34.2638 1428
34.2708 1904
34.285 952
34.285 1428
34.292 1904
34.4755 952
34.4755 1428
34.4826 1904
34.4967 952
34.4967 1428
34.5038 1904
34.6873 952
34.6873 1428
34.6944 1904
34.7085 952
34.7085 1428
34.7155 1904
34.8991 952
34.8991 1428
34.9061 1904
34.9202 952
34.9202 1428
34.9273 1904
35.1108 952
35.1108 1428
35.1179 1904
35.132 952
35.132 1428
35.1391 1904
35.3226 952
35.3226 1428
35.3296 1904
35.3438 952
35.3438 1428
35.3508 1904
35.5343 952
35.5343 1428
35.5414 1904
35.5555 952
35.5555 1428
35.5626 1904
35.7461 952
35.7461 1428
35.7532 1904
35.7673 952
35.7673 1428
35.7743 1904
35.9579 952
35.9579 1428
35.9649 1904
35.979 952
35.979 1428
35.9861 1904
36.1696 952
36.1696 1428
36.1767 1904
36.1914 952
36.1914 1428
36.1984 1904
36.3814 952
36.3814 1428
36.3884 1904
36.4033 952
36.4033 1428
36.4103 1904
36.5931 952
36.5931 1428
36.6002 1904
36.6152 952
36.6152 1428
36.6223 1904
36.8055 952
36.8055 1428
36.8125 1904
36.8271 952
36.8271 1428
36.8342 1904
37.0174 952
37.0174 1428
37.0244 1904
37.039 952
37.039 1428
37.0461 1904
37.2293 952
37.2293 1428
37.2364 1904
37.2509 952
37.2509 1428
37.258 1904
37.4412 952
37.4412 1428
37.4483 1904
37.4628 952
37.4628 1428
37.4699 1904
37.6531 952
37.6531 1428
37.6602 1904
37.6747 952
37.6747 1428
37.6818 1904
37.865 952
37.865 1428
37.8721 1904
37.8866 952
37.8866 1428
37.8937 1904
38.0769 952
38.0769 1428
38.084 1904
38.0986 952
38.0986 1428
38.1056 1904
38.2888 952
38.2888 1428
38.2959 1904
38.3105 952
38.3105 1428
38.3175 1904
38.5007 952
38.5007 1428
38.5078 1904
38.5224 952
38.5224 1428
38.5294 1904
38.7127 952
38.7127 1428
38.7197 1904
38.7343 952
38.7343 1428
38.7413 1904
38.9246 952
38.9246 1428
38.9316 1904
38.9462 952
38.9462 1428
38.9532 1904
39.1365 952
39.1365 1428
39.1435 1904
39.1581 952
39.1581 1428
39.1652 1904
39.3484 952
39.3484 1428
39.3554 1904
39.37 952
39.37 1428
39.3771 1904
39.5603 952
39.5603 1428
39.5674 1904
39.5818 952
39.5818 1428
39.5888 1904
39.7722 952
39.7722 1428
39.7793 1904
39.7935 952
39.7935 1428
39.8006 1904
39.9841 952
39.9841 1428
39.9912 1904
40.0053 952
40.0053 1428
40.0123 1904
40.1959 952
40.1959 1428
40.2029 1904
40.217 952
40.217 1428
40.2241 1904
40.4076 952
40.4076 1428
40.4147 1904
40.4288 952
40.4288 1428
40.4359 1904
40.6194 952
40.6194 1428
40.6264 1904
40.6406 952
40.6406 1428
40.6476 1904
40.8311 952
40.8311 1428
40.8382 1904
40.8523 952
40.8523 1428
40.8594 1904
41.0429 952
41.0429 1428
41.05 1904
41.0641 952
41.0641 1428
41.0711 1904
41.2547 952
41.2547 1428
41.2617 1904
41.2758 952
41.2758 1428
41.2829 1904
41.4664 952
41.4664 1428
41.4735 1904
41.4876 952
41.4876 1428
41.4947 1904
41.6782 952
41.6782 1428
41.6852 1904
41.6994 952
41.6994 1428
41.7064 1904
41.8899 952
41.8899 1428
41.897 1904
41.9111 952
41.9111 1428
41.9182 1904
42.1017 952
42.1017 1428
42.1088 1904
42.123 952
42.123 1428
42.1301 1904
42.3135 952
42.3135 1428
42.3205 1904
42.3354 952
42.3354 1428
42.3424 1904
42.5252 952
42.5252 1428
42.5323 1904
42.5473 952
42.5473 1428
42.5543 1904
42.7371 952
42.7371 1428
42.7442 1904
42.7592 952
42.7592 1428
42.7662 1904
42.9495 952
42.9495 1428
42.9565 1904
42.9711 952
42.9711 1428
42.9782 1904
43.1614 952
43.1614 1428
43.1684 1904
43.183 952
43.183 1428
43.1901 1904
43.3733 952
43.3733 1428
43.3803 1904
43.3949 952
43.3949 1428
43.402 1904
43.5852 952
43.5852 1428
43.5923 1904
43.6068 952
43.6068 1428
43.6139 1904
43.7971 952
43.7971 1428
43.8042 1904
43.8187 952
43.8187 1428
43.8258 1904
44.009 952
44.009 1428
44.0161 1904
44.0306 952
44.0306 1428
44.0377 1904
44.2209 952
44.2209 1428
44.228 1904
44.2425 952
44.2425 1428
44.2496 1904
44.4328 952
44.4328 1428
44.4399 1904
44.4545 952
44.4545 1428
44.4615 1904
44.6447 952
44.6447 1428
44.6518 1904
44.6664 952
44.6664 1428
44.6734 1904
44.8566 952
44.8566 1428
44.8637 1904
44.8783 952
44.8783 1428
44.8853 1904
45.0686 952
45.0686 1428
45.0756 1904
45.0902 952
45.0902 1428
45.0972 1904
45.2805 952
45.2805 1428
45.2875 1904
45.3021 952
45.3021 1428
45.3091 1904
45.4924 952
45.4924 1428
45.4994 1904
45.514 952
45.514 1428
45.5211 1904
45.7043 952
45.7043 1428
45.7113 1904
45.7258 952
45.7258 1428
45.7328 1904
45.9162 952
45.9162 1428
45.9233 1904
45.9375 952
45.9375 1428
45.9446 1904
46.1281 952
46.1281 1428
46.1352 1904
46.1493 952
46.1493 1428
46.1563 1904
46.3399 952
46.3399 1428
46.3469 1904
46.361 952
46.361 1428
46.3681 1904
46.5516 952
46.5516 1428
46.5587 1904
46.5728 952
46.5728 1428
46.5799 1904
46.7634 952
46.7634 1428
46.7704 1904
46.7846 952
46.7846 1428
46.7916 1904
46.9751 952
46.9751 1428
46.9822 1904
46.9963 952
46.9963 1428
47.0034 1904
47.1869 952
47.1869 1428
47.194 1904
47.2081 952
47.2081 1428
47.2151 1904
47.3987 952
47.3987 1428
47.4057 1904
47.4198 952
47.4198 1428
47.4269 1904
47.6104 952
47.6104 1428
47.6175 1904
47.6316 952
47.6316 1428
47.6387 1904
47.8222 952
47.8222 1428
47.8292 1904
47.8434 952
47.8434 1428
47.8504 1904
48.0339 952
48.0339 1428
48.041 1904
48.0555 952
48.0555 1428
48.0626 1904
48.2457 952
48.2457 1428
48.2528 1904
48.2679 952
48.2679 1428
48.2749 1904
48.4575 952
48.4575 1428
48.4645 1904
48.4802 952
48.4802 1428
48.4873 1904
48.6696 952
48.6696 1428
48.6767 1904
48.6921 952
48.6921 1428
48.6992 1904
48.882 952
48.882 1428
48.889 1904
48.904 952
48.904 1428
48.9111 1904
49.0943 952
49.0943 1428
49.1014 1904
49.1159 952
49.1159 1428
49.123 1904
49.3062 952
49.3062 1428
49.3133 1904
49.3278 952
49.3278 1428
49.3349 1904
49.5181 952
49.5181 1428
49.5252 1904
49.5398 952
49.5398 1428
49.5468 1904
49.73 952
49.73 1428
49.7371 1904
49.7517 952
49.7517 1428
49.7587 1904
49.9419 952
49.9419 1428
49.949 1904
49.9636 952
49.9636 1428
49.9706 1904
50.1539 952
50.1539 1428
50.1609 1904
50.1755 952
50.1755 1428
50.1825 1904
50.3658 952
50.3658 1428
50.3728 1904
50.3874 952
50.3874 1428
50.3944 1904
50.5777 952
50.5777 1428
50.5847 1904
50.5993 952
50.5993 1428
50.6064 1904
50.7896 952
50.7896 1428
50.7966 1904
50.8112 952
50.8112 1428
50.8183 1904
51.0015 952
51.0015 1428
51.0085 1904
51.0231 952
51.0231 1428
51.0302 1904
51.2134 952
51.2134 1428
51.2205 1904
51.235 952
51.235 1428
51.2421 1904
51.4253 952
51.4253 1428
51.4324 1904
51.4469 952
51.4469 1428
51.454 1904
51.6372 952
51.6372 1428
51.6443 1904
51.6588 952
51.6588 1428
51.6659 1904
51.8491 952
51.8491 1428
51.8562 1904
51.8706 952
51.8706 1428
51.8777 1904
52.061 952
52.061 1428
52.0681 1904
52.0824 952
52.0824 1428
52.0894 1904
52.2729 952
52.2729 1428
52.28 1904
52.2941 952
52.2941 1428
52.3012 1904
52.4847 952
52.4847 1428
52.4918 1904
52.5059 952
52.5059 1428
52.5129 1904
52.6965 952
52.6965 1428
52.7035 1904
52.7176 952
52.7176 1428
52.7247 1904
52.9082 952
52.9082 1428
52.9153 1904
52.9294 952
52.9294 1428
52.9365 1904
53.12 952
53.12 1428
53.127 1904
53.1412 952
53.1412 1428
53.1482 1904
53.3317 952
53.3317 1428
53.3388 1904
53.3529 952
53.3529 1428
53.36 1904
53.5435 952
53.5435 1428
53.5506 1904
53.5647 952
53.5647 1428
53.5717 1904
53.7553 952
53.7553 1428
53.7623 1904
53.7764 952
53.7764 1428
53.7835 1904
53.967 952
53.967 1428
53.9741 1904
53.9882 952
53.9882 1428
53.9953 1904
54.1788 952
54.1788 1428
54.1858 1904
54.2004 952
54.2004 1428
54.2074 1904
54.3905 952
54.3905 1428
54.3976 1904
54.4127 952
54.4127 1428
54.4198 1904
54.6023 952
54.6023 1428
54.6094 1904
54.625 952
54.625 1428
54.6321 1904
54.8145 952
54.8145 1428
54.8215 1904
54.837 952
54.837 1428
54.844 1904
55.0268 952
55.0268 1428
55.0339 1904
55.0489 952
55.0489 1428
55.0559 1904
55.2391 952
55.2391 1428
55.2462 1904
55.2608 952
55.2608 1428
55.2678 1904
55.4511 952
55.4511 1428
55.4581 1904
55.4727 952
55.4727 1428
55.4797 1904
55.663 952
55.663 1428
55.67 1904
55.6846 952
55.6846 1428
55.6917 1904
55.8749 952
55.8749 1428
55.8819 1904
55.8965 952
55.8965 1428
55.9036 1904
56.0868 952
56.0868 1428
56.0938 1904
56.1084 952
56.1084 1428
56.1155 1904
56.2987 952
56.2987 1428
56.3058 1904
56.3203 952
56.3203 1428
56.3274 1904
56.5106 952
56.5106 1428
56.5177 1904
56.5322 952
56.5322 1428
56.5393 1904
56.7225 952
56.7225 1428
56.7296 1904
56.7441 952
56.7441 1428
56.7512 1904
56.9344 952
56.9344 1428
56.9415 1904
56.956 952
56.956 1428
56.9631 1904
57.1463 952
57.1463 1428
57.1534 1904
57.168 952
57.168 1428
57.175 1904
57.3582 952
57.3582 1428
57.3653 1904
57.3799 952
57.3799 1428
57.3869 1904
57.5701 952
57.5701 1428
57.5772 1904
57.5918 952
57.5918 1428
57.5988 1904
57.7821 952
57.7821 1428
57.7891 1904
57.8035 952
57.8035 1428
57.8106 1904
57.994 952
57.994 1428
58.001 1904
58.0153 952
58.0153 1428
58.0223 1904
58.2059 952
58.2059 1428
58.2129 1904
58.227 952
58.227 1428
58.2341 1904
58.4176 952
58.4176 1428
58.4247 1904
58.4388 952
58.4388 1428
58.4459 1904
58.6294 952
58.6294 1428
58.6365 1904
58.6506 952
58.6506 1428
58.6576 1904
58.8412 952
58.8412 1428
58.8482 1904
58.8623 952
58.8623 1428
58.8694 1904
59.0529 952
59.0529 1428
59.06 1904
59.0741 952
59.0741 1428
59.0811 1904
59.2647 952
59.2647 1428
59.2717 1904
59.2858 952
59.2858 1428
59.2929 1904
59.4764 952
59.4764 1428
59.4835 1904
59.4976 952
59.4976 1428
59.5047 1904
59.6882 952
59.6882 1428
59.6952 1904
59.7094 952
59.7094 1428
59.7164 1904
59.9 952
59.9 1428
59.907 1904
59.9211 952
59.9211 1428
59.9282 1904
60.1117 952
60.1117 1428
60.1188 1904
60.1329 952
60.1329 1428
60.1399 1904
60.3235 952
60.3235 1428
60.3305 1904
60.3452 952
60.3452 1428
60.3523 1904
60.5352 952
60.5352 1428
60.5423 1904
60.5576 952
60.5576 1428
60.5646 1904
60.747 952
60.747 1428
60.7541 1904
60.7699 952
60.7699 1428
60.7769 1904
60.9593 952
60.9593 1428
60.9664 1904
60.9818 952
60.9818 1428
60.9889 1904
61.1717 952
61.1717 1428
61.1787 1904
61.1937 952
61.1937 1428
61.2008 1904
61.384 952
61.384 1428
61.391 1904
61.4056 952
61.4056 1428
61.4127 1904
61.5959 952
61.5959 1428
61.603 1904
61.6175 952
61.6175 1428
61.6246 1904
61.8078 952
61.8078 1428
61.8149 1904
61.8294 952
61.8294 1428
61.8365 1904
62.0197 952
62.0197 1428
62.0268 1904
62.0413 952
62.0413 1428
62.0484 1904
62.2316 952
62.2316 1428
62.2387 1904
62.2532 952
62.2532 1428
62.2603 1904
62.4435 952
62.4435 1428
62.4506 1904
62.4652 952
62.4652 1428
62.4722 1904
62.6554 952
62.6554 1428
62.6625 1904
62.6771 952
62.6771 1428
62.6841 1904
62.8674 952
62.8674 1428
62.8744 1904
62.889 952
62.889 1428
62.896 1904
63.0793 952
63.0793 1428
63.0863 1904
63.1009 952
63.1009 1428
63.1079 1904
63.2912 952
63.2912 1428
63.2982 1904
63.3128 952
63.3128 1428
63.3199 1904
63.5031 952
63.5031 1428
63.5101 1904
63.5247 952
63.5247 1428
63.5318 1904
63.715 952
63.715 1428
63.722 1904
63.7366 952
63.7366 1428
63.7437 1904
63.9269 952
63.9269 1428
63.934 1904
63.9484 952
63.9484 1428
63.9554 1904
64.1388 952
64.1388 1428
64.1459 1904
64.1601 952
64.1601 1428
64.1672 1904
64.3507 952
64.3507 1428
64.3578 1904
64.3719 952
64.3719 1428
64.3789 1904
64.5625 952
64.5625 1428
64.5695 1904
64.5836 952
64.5836 1428
64.5907 1904
64.7742 952
64.7742 1428
64.7813 1904
64.7954 952
64.7954 1428
64.8025 1904
64.986 952
64.986 1428
64.9931 1904
65.0072 952
65.0072 1428
65.0142 1904
65.1978 952
65.1978 1428
65.2048 1904
65.2189 952
65.2189 1428
65.226 1904
65.4095 952
65.4095 1428
65.4166 1904
65.4307 952
65.4307 1428
65.4377 1904
65.6213 952
65.6213 1428
65.6283 1904
65.6424 952
65.6424 1428
65.6495 1904
65.833 952
65.833 1428
65.8401 1904
65.8542 952
65.8542 1428
65.8613 1904
66.0448 952
66.0448 1428
66.0518 1904
66.066 952
66.066 1428
66.073 1904
66.2565 952
66.2565 1428
66.2636 1904
66.2777 952
66.2777 1428
66.2848 1904
66.4683 952
66.4683 1428
66.4754 1904
66.4901 952
66.4901 1428
66.4971 1904
66.6801 952
66.6801 1428
66.6871 1904
66.7024 952
66.7024 1428
66.7095 1904
66.8918 952
66.8918 1428
66.8989 1904
66.9147 952
66.9147 1428
66.9218 1904
67.1042 952
67.1042 1428
67.1112 1904
67.1266 952
67.1266 1428
67.1337 1904
67.3165 952
67.3165 1428
67.3236 1904
67.3385 952
67.3385 1428
67.3456 1904
67.5288 952
67.5288 1428
67.5359 1904
67.5505 952
67.5505 1428
67.5575 1904
67.7407 952
67.7407 1428
67.7478 1904
67.7624 952
67.7624 1428
67.7694 1904
67.9526 952
67.9526 1428
67.9597 1904
67.9743 952
67.9743 1428
67.9813 1904
68.1646 952
68.1646 1428
68.1716 1904
68.1862 952
68.1862 1428
68.1932 1904
68.3765 952
68.3765 1428
68.3835 1904
68.3981 952
68.3981 1428
68.4051 1904
68.5884 952
68.5884 1428
68.5954 1904
68.61 952
68.61 1428
68.6171 1904
68.8003 952
68.8003 1428
68.8073 1904
68.8219 952
68.8219 1428
68.829 1904
69.0122 952
69.0122 1428
69.0192 1904
69.0338 952
69.0338 1428
69.0409 1904
69.2241 952
69.2241 1428
69.2312 1904
69.2457 952
69.2457 1428
69.2528 1904
69.436 952
69.436 1428
69.4431 1904
69.4576 952
69.4576 1428
69.4647 1904
69.6479 952
69.6479 1428
69.655 1904
69.6695 952
69.6695 1428
69.6766 1904
69.8598 952
69.8598 1428
69.8669 1904
69.8813 952
69.8813 1428
69.8884 1904
70.0717 952
70.0717 1428
70.0788 1904
70.0931 952
70.0931 1428
70.1001 1904
70.2836 952
70.2836 1428
70.2907 1904
70.3048 952
70.3048 1428
70.3119 1904
70.4954 952
70.4954 1428
70.5025 1904
70.5166 952
70.5166 1428
70.5236 1904
70.7072 952
70.7072 1428
70.7142 1904
70.7283 952
70.7283 1428
70.7354 1904
70.9189 952
70.9189 1428
70.926 1904
70.9401 952
70.9401 1428
70.9472 1904
71.1307 952
71.1307 1428
71.1377 1904
71.1519 952
71.1519 1428
71.1589 1904
71.3424 952
71.3424 1428
71.3495 1904
71.3636 952
71.3636 1428
71.3707 1904
71.5542 952
71.5542 1428
71.5613 1904
71.5754 952
71.5754 1428
71.5824 1904
71.766 952
71.766 1428
71.773 1904
71.7871 952
71.7871 1428
71.7942 1904
71.9777 952
71.9777 1428
71.9848 1904
71.9989 952
71.9989 1428
72.006 1904
72.1895 952
72.1895 1428
72.1965 1904
72.2107 952
72.2107 1428
72.2177 1904
72.4012 952
72.4012 1428
72.4083 1904
72.4226 952
72.4226 1428
72.4296 1904
72.613 952
72.613 1428
72.6201 1904
72.6349 952
72.6349 1428
72.642 1904
72.8248 952
72.8248 1428
72.8318 1904
72.8472 952
72.8472 1428
72.8543 1904
73.0367 952
73.0367 1428
73.0437 1904
73.0596 952
73.0596 1428
73.0666 1904
73.249 952
73.249 1428
73.2561 1904
73.2715 952
73.2715 1428
73.2785 1904
73.4613 952
73.4613 1428
73.4684 1904
73.4834 952
73.4834 1428
73.4904 1904
73.6737 952
73.6737 1428
73.6807 1904
73.6953 952
73.6953 1428
73.7024 1904
73.8856 952
73.8856 1428
73.8926 1904
73.9072 952
73.9072 1428
73.9143 1904
74.0975 952
74.0975 1428
74.1045 1904
74.1191 952
74.1191 1428
74.1262 1904
74.3094 952
74.3094 1428
74.3165 1904
74.331 952
74.331 1428
74.3381 1904
74.5213 952
74.5213 1428
74.5284 1904
74.5429 952
74.5429 1428
74.55 1904
74.7332 952
74.7332 1428
74.7403 1904
74.7548 952
74.7548 1428
74.7619 1904
74.9451 952
74.9451 1428
74.9522 1904
74.9667 952
74.9667 1428
74.9738 1904
75.157 952
75.157 1428
75.1641 1904
75.1787 952
75.1787 1428
75.1857 1904
75.3689 952
75.3689 1428
75.376 1904
75.3906 952
75.3906 1428
75.3976 1904
75.5808 952
75.5808 1428
75.5879 1904
75.6025 952
75.6025 1428
75.6095 1904
75.7928 952
75.7928 1428
75.7998 1904
75.8144 952
75.8144 1428
75.8214 1904
76.0047 952
76.0047 1428
76.0117 1904
76.0261 952
76.0261 1428
76.0332 1904
76.2166 952
76.2166 1428
76.2236 1904
76.2379 952
76.2379 1428
76.245 1904
76.4285 952
76.4285 1428
76.4355 1904
76.4497 952
76.4497 1428
76.4567 1904
76.6402 952
76.6402 1428
76.6473 1904
76.6614 952
76.6614 1428
76.6685 1904
76.852 952
76.852 1428
76.8591 1904
76.8732 952
76.8732 1428
76.8802 1904
77.0638 952
77.0638 1428
77.0708 1904
77.0849 952
77.0849 1428
77.092 1904
77.2755 952
77.2755 1428
77.2826 1904
77.2967 952
77.2967 1428
77.3038 1904
77.4873 952
77.4873 1428
77.4943 1904
77.5085 952
77.5085 1428
77.5155 1904
77.699 952
77.699 1428
77.7061 1904
77.7202 952
77.7202 1428
77.7273 1904
77.9108 952
77.9108 1428
77.9179 1904
77.932 952
77.932 1428
77.939 1904
78.1226 952
78.1226 1428
78.1296 1904
78.1437 952
78.1437 1428
78.1508 1904
78.3343 952
78.3343 1428
78.3414 1904
78.3555 952
78.3555 1428
78.3626 1904
78.5461 952
78.5461 1428
78.5531 1904
78.5674 952
78.5674 1428
78.5745 1904
78.7578 952
78.7578 1428
78.7649 1904
78.7797 952
78.7797 1428
78.7868 1904
78.9696 952
78.9696 1428
78.9767 1904
78.9921 952
78.9921 1428
78.9991 1904
79.1815 952
79.1815 1428
79.1886 1904
79.2044 952
79.2044 1428
79.2115 1904
79.3938 952
79.3938 1428
79.4009 1904
79.4163 952
79.4163 1428
79.4234 1904
79.6062 952
79.6062 1428
79.6132 1904
79.6282 952
79.6282 1428
79.6353 1904
79.8185 952
79.8185 1428
79.8256 1904
79.8401 952
79.8401 1428
79.8472 1904
80.0304 952
80.0304 1428
80.0375 1904
80.052 952
80.052 1428
80.0591 1904
80.2423 952
80.2423 1428
80.2494 1904
80.264 952
80.264 1428
80.271 1904
80.4542 952
80.4542 1428
80.4613 1904
80.4759 952
80.4759 1428
80.4829 1904
80.6661 952
80.6661 1428
80.6732 1904
80.6878 952
80.6878 1428
80.6948 1904
80.8781 952
80.8781 1428
80.8851 1904
80.8997 952
80.8997 1428
80.9067 1904
81.09 952
81.09 1428
81.097 1904
81.1116 952
81.1116 1428
81.1186 1904
81.3019 952
81.3019 1428
81.3089 1904
81.3235 952
81.3235 1428
81.3306 1904
81.5138 952
81.5138 1428
81.5208 1904
81.5354 952
81.5354 1428
81.5425 1904
81.7257 952
81.7257 1428
81.7327 1904
81.7473 952
81.7473 1428
81.7544 1904
81.9376 952
81.9376 1428
81.9447 1904
81.9591 952
81.9591 1428
81.9661 1904
82.1495 952
82.1495 1428
82.1566 1904
82.1708 952
82.1708 1428
82.1779 1904
82.3614 952
82.3614 1428
82.3685 1904
82.3826 952
82.3826 1428
82.3897 1904
82.5732 952
82.5732 1428
82.5802 1904
82.5944 952
82.5944 1428
82.6014 1904
82.7849 952
82.7849 1428
82.792 1904
82.8061 952
82.8061 1428
82.8132 1904
82.9967 952
82.9967 1428
83.0038 1904
83.0179 952
83.0179 1428
83.0249 1904
83.2085 952
83.2085 1428
83.2155 1904
83.2296 952
83.2296 1428
83.2367 1904
83.4202 952
83.4202 1428
83.4273 1904
83.4414 952
83.4414 1428
83.4484 1904
83.632 952
83.632 1428
83.639 1904
83.6531 952
83.6531 1428
83.6602 1904
83.8437 952
83.8437 1428
83.8508 1904
83.8649 952
83.8649 1428
83.872 1904
84.0555 952
84.0555 1428
84.0626 1904
84.0767 952
84.0767 1428
84.0837 1904
84.2673 952
84.2673 1428
84.2743 1904
84.2884 952
84.2884 1428
84.2955 1904
84.479 952
84.479 1428
84.4861 1904
84.5003 952
84.5003 1428
84.5074 1904
84.6908 952
84.6908 1428
84.6978 1904
84.7122 952
84.7122 1428
84.7193 1904
84.9025 952
84.9025 1428
84.9096 1904
84.9246 952
84.9246 1428
84.9316 1904
85.1144 952
85.1144 1428
85.1215 1904
85.1369 952
85.1369 1428
85.144 1904
85.3264 952
85.3264 1428
85.3334 1904
85.3492 952
85.3492 1428
85.3563 1904
85.5387 952
85.5387 1428
85.5457 1904
85.5612 952
85.5612 1428
85.5682 1904
85.751 952
85.751 1428
85.7581 1904
85.7731 952
85.7731 1428
85.7801 1904
85.9633 952
85.9633 1428
85.9704 1904
85.985 952
85.985 1428
85.992 1904
86.1753 952
86.1753 1428
86.1823 1904
86.1969 952
86.1969 1428
86.2039 1904
86.3872 952
86.3872 1428
86.3942 1904
86.4088 952
86.4088 1428
86.4158 1904
86.5991 952
86.5991 1428
86.6061 1904
86.6207 952
86.6207 1428
86.6278 1904
86.811 952
86.811 1428
86.818 1904
86.8326 952
86.8326 1428
86.8397 1904
87.0229 952
87.0229 1428
87.03 1904
87.0445 952
87.0445 1428
87.0516 1904
87.2348 952
87.2348 1428
87.2419 1904
87.2564 952
87.2564 1428
87.2635 1904
87.4467 952
87.4467 1428
87.4538 1904
87.4683 952
87.4683 1428
87.4754 1904
87.6586 952
87.6586 1428
87.6657 1904
87.6802 952
87.6802 1428
87.6873 1904
87.8705 952
87.8705 1428
87.8776 1904
87.8922 952
87.8922 1428
87.8992 1904
88.0824 952
88.0824 1428
88.0895 1904
88.1039 952
88.1039 1428
88.111 1904
88.2943 952
88.2943 1428
88.3014 1904
88.3157 952
88.3157 1428
88.3227 1904
88.5063 952
88.5063 1428
88.5133 1904
88.5274 952
88.5274 1428
88.5345 1904
88.718 952
88.718 1428
88.7251 1904
88.7392 952
88.7392 1428
88.7463 1904
88.9298 952
88.9298 1428
88.9368 1904
88.951 952
88.951 1428
88.958 1904
89.1415 952
89.1415 1428
89.1486 1904
89.1627 952
89.1627 1428
89.1698 1904
89.3533 952
89.3533 1428
89.3604 1904
89.3745 952
89.3745 1428
89.3815 1904
89.5651 952
89.5651 1428
89.5721 1904
89.5862 952
89.5862 1428
89.5933 1904
89.7768 952
89.7768 1428
89.7839 1904
89.798 952
89.798 1428
89.805 1904
89.9886 952
89.9886 1428
89.9956 1904
90.0097 952
90.0097 1428
90.0168 1904
90.2003 952
90.2003 1428
90.2074 1904
90.2215 952
90.2215 1428
90.2286 1904
90.4121 952
90.4121 1428
90.4192 1904
90.4333 952
90.4333 1428
90.4403 1904
90.6239 952
90.6239 1428
90.6309 1904
90.6452 952
90.6452 1428
90.6522 1904
90.8356 952
90.8356 1428
90.8427 1904
90.8571 952
90.8571 1428
90.8641 1904
91.0474 952
91.0474 1428
91.0544 1904
91.0694 952
91.0694 1428
91.0765 1904
91.2593 952
91.2593 1428
91.2663 1904
91.2818 952
91.2818 1428
91.2888 1904
91.4712 952
91.4712 1428
91.4782 1904
91.4941 952
91.4941 1428
91.5011 1904
91.6835 952
91.6835 1428
91.6906 1904
91.706 952
91.706 1428
91.7131 1904
91.8959 952
91.8959 1428
91.9029 1904
91.9179 952
91.9179 1428
91.925 1904
92.1082 952
92.1082 1428
92.1152 1904
92.1298 952
92.1298 1428
92.1369 1904
92.3201 952
92.3201 1428
92.3272 1904
92.3417 952
92.3417 1428
92.3488 1904
92.532 952
92.532 1428
92.5391 1904
92.5536 952
92.5536 1428
92.5607 1904
92.7439 952
92.7439 1428
92.751 1904
92.7655 952
92.7655 1428
92.7726 1904
92.9558 952
92.9558 1428
92.9629 1904
92.9774 952
92.9774 1428
92.9845 1904
93.1677 952
93.1677 1428
93.1748 1904
93.1894 952
93.1894 1428
93.1964 1904
93.3796 952
93.3796 1428
93.3867 1904
93.4013 952
93.4013 1428
93.4083 1904
93.5916 952
93.5916 1428
93.5986 1904
93.6132 952
93.6132 1428
93.6202 1904
93.8035 952
93.8035 1428
93.8105 1904
93.8251 952
93.8251 1428
93.8321 1904
94.0154 952
94.0154 1428
94.0224 1904
94.0368 952
94.0368 1428
94.0439 1904
94.2273 952
94.2273 1428
94.2343 1904
94.2486 952
94.2486 1428
94.2557 1904
94.4392 952
94.4392 1428
94.4462 1904
94.4604 952
94.4604 1428
94.4674 1904
94.6509 952
94.6509 1428
94.658 1904
94.6721 952
94.6721 1428
94.6792 1904
94.8627 952
94.8627 1428
94.8698 1904
94.8839 952
94.8839 1428
94.8909 1904
95.0745 952
95.0745 1428
95.0815 1904
95.0956 952
95.0956 1428
95.1027 1904
95.2862 952
95.2862 1428
95.2933 1904
95.3074 952
95.3074 1428
95.3145 1904
95.498 952
95.498 1428
95.505 1904
95.5192 952
95.5192 1428
95.5262 1904
95.7097 952
95.7097 1428
95.7168 1904
95.7309 952
95.7309 1428
95.738 1904
95.9215 952
95.9215 1428
95.9286 1904
95.9427 952
95.9427 1428
95.9497 1904
96.1333 952
96.1333 1428
96.1403 1904
96.1544 952
96.1544 1428
96.1615 1904
96.345 952
96.345 1428
96.3521 1904
96.3662 952
96.3662 1428
96.3733 1904
96.5568 952
96.5568 1428
96.5638 1904
96.5781 952
96.5781 1428
96.5852 1904
96.7685 952
96.7685 1428
96.7756 1904
96.79 952
96.79 1428
96.7971 1904
96.9803 952
96.9803 1428
96.9874 1904
97.0019 952
97.0019 1428
97.009 1904
97.1922 952
97.1922 1428
97.1993 1904
97.2143 952
97.2143 1428
97.2213 1904
97.4041 952
97.4041 1428
97.4112 1904
97.4266 952
97.4266 1428
97.4337 1904
97.616 952
97.616 1428
97.6231 1904
97.6389 952
97.6389 1428
97.646 1904
97.8284 952
97.8284 1428
97.8354 1904
97.8508 952
97.8508 1428
97.8579 1904
98.0407 952
98.0407 1428
98.0478 1904
98.0627 952
98.0627 1428
98.0698 1904
98.253 952
98.253 1428
98.2601 1904
98.2747 952
98.2747 1428
98.2817 1904
98.4649 952
98.4649 1428
98.472 1904
98.4866 952
98.4866 1428
98.4936 1904
98.6768 952
98.6768 1428
98.6839 1904
98.6985 952
98.6985 1428
98.7055 1904
98.8888 952
98.8888 1428
98.8958 1904
98.9104 952
98.9104 1428
98.9174 1904
99.1007 952
99.1007 1428
99.1077 1904
99.1223 952
99.1223 1428
99.1293 1904
99.3126 952
99.3126 1428
99.3196 1904
99.3342 952
99.3342 1428
99.3413 1904
99.5245 952
99.5245 1428
99.5315 1904
99.5461 952
99.5461 1428
99.5532 1904
99.7364 952
99.7364 1428
99.7434 1904
99.758 952
99.758 1428
99.7651 1904
99.9483 952
99.9483 1428
99.9554 1904
99.9699 952
99.9699 1428
99.977 1904
100.16 952
100.16 1428
100.167 1904
100.182 952
100.182 1428
100.189 1904
100.372 952
100.372 1428
100.379 1904
100.393 952
100.393 1428
100.401 1904
100.584 952
100.584 1428
100.591 1904
100.605 952
100.605 1428
100.612 1904
100.796 952
100.796 1428
100.803 1904
100.817 952
100.817 1428
100.824 1904
101.008 952
101.008 1428
101.015 1904
101.029 952
101.029 1428
101.036 1904
101.219 952
101.219 1428
101.226 1904
101.24 952
101.24 1428
101.248 1904
101.431 952
101.431 1428
101.438 1904
101.452 952
101.452 1428
101.459 1904
101.643 952
101.643 1428
101.65 1904
101.664 952
101.664 1428
101.671 1904
101.855 952
101.855 1428
101.862 1904
101.876 952
101.876 1428
101.883 1904
102.066 952
102.066 1428
102.073 1904
102.088 952
102.088 1428
102.095 1904
102.278 952
102.278 1428
102.285 1904
102.299 952
102.299 1428
102.306 1904
102.49 952
102.49 1428
102.497 1904
102.511 952
102.511 1428
102.518 1904
102.702 952
102.702 1428
102.709 1904
102.723 952
102.723 1428
102.73 1904
102.913 952
102.913 1428
102.92 1904
102.935 952
102.935 1428
102.942 1904
103.125 952
103.125 1428
103.132 1904
103.147 952
103.147 1428
103.154 1904
103.337 952
103.337 1428
103.344 1904
103.359 952
103.359 1428
103.366 1904
103.549 952
103.549 1428
103.556 1904
103.571 952
103.571 1428
103.578 1904
103.761 952
103.761 1428
103.768 1904
103.784 952
103.784 1428
103.791 1904
103.973 952
103.973 1428
103.98 1904
103.996 952
103.996 1428
104.003 1904
104.186 952
104.186 1428
104.193 1904
104.208 952
104.208 1428
104.215 1904
104.398 952
104.398 1428
104.405 1904
104.419 952
104.419 1428
104.427 1904
104.61 952
104.61 1428
104.617 1904
104.631 952
104.631 1428
104.638 1904
104.822 952
104.822 1428
104.829 1904
104.843 952
104.843 1428
104.85 1904
105.034 952
105.034 1428
105.041 1904
105.055 952
105.055 1428
105.062 1904
105.246 952
105.246 1428
105.253 1904
105.267 952
105.267 1428
105.274 1904
105.457 952
105.457 1428
105.464 1904
105.479 952
105.479 1428
105.486 1904
105.669 952
105.669 1428
105.676 1904
105.691 952
105.691 1428
105.698 1904
105.881 952
105.881 1428
105.888 1904
105.903 952
105.903 1428
105.91 1904
106.093 952
106.093 1428
106.1 1904
106.115 952
106.115 1428
106.122 1904
106.305 952
106.305 1428
106.312 1904
106.326 952
106.326 1428
106.333 1904
106.517 952
106.517 1428
106.524 1904
106.538 952
106.538 1428
106.545 1904
106.729 952
106.729 1428
106.736 1904
106.75 952
106.75 1428
106.757 1904
106.94 952
106.94 1428
106.948 1904
106.962 952
106.962 1428
106.969 1904
107.152 952
107.152 1428
107.159 1904
107.173 952
107.173 1428
107.18 1904
107.364 952
107.364 1428
107.371 1904
107.385 952
107.385 1428
107.392 1904
107.576 952
107.576 1428
107.583 1904
107.597 952
107.597 1428
107.604 1904
107.788 952
107.788 1428
107.795 1904
107.809 952
107.809 1428
107.816 1904
107.999 952
107.999 1428
108.006 1904
108.02 952
108.02 1428
108.028 1904
108.211 952
108.211 1428
108.218 1904
108.232 952
108.232 1428
108.239 1904
108.423 952
108.423 1428
108.43 1904
108.444 952
108.444 1428
108.451 1904
108.635 952
108.635 1428
108.642 1904
108.656 952
108.656 1428
108.663 1904
108.846 952
108.846 1428
108.853 1904
108.868 952
108.868 1428
108.875 1904
109.058 952
109.058 1428
109.065 1904
109.08 952
109.08 1428
109.087 1904
109.27 952
109.27 1428
109.277 1904
109.292 952
109.292 1428
109.299 1904
109.482 952
109.482 1428
109.489 1904
109.504 952
109.504 1428
109.511 1904
109.694 952
109.694 1428
109.701 1904
109.716 952
109.716 1428
109.723 1904
109.906 952
109.906 1428
109.913 1904
109.929 952
109.929 1428
109.936 1904
110.118 952
110.118 1428
110.125 1904
110.141 952
110.141 1428
110.148 1904
110.33 952
110.33 1428
110.337 1904
110.352 952
110.352 1428
110.359 1904
110.543 952
110.543 1428
110.55 1904
110.564 952
110.564 1428
110.571 1904
110.755 952
110.755 1428
110.762 1904
110.776 952
110.776 1428
110.783 1904
110.967 952
110.967 1428
110.974 1904
110.988 952
110.988 1428
110.995 1904
111.178 952
111.178 1428
111.185 1904
111.2 952
111.2 1428
111.207 1904
111.39 952
111.39 1428
111.397 1904
111.412 952
111.412 1428
111.419 1904
111.602 952
111.602 1428
111.609 1904
111.624 952
111.624 1428
111.631 1904
111.814 952
111.814 1428
111.821 1904
111.836 952
111.836 1428
111.843 1904
112.026 952
112.026 1428
112.033 1904
112.048 952
112.048 1428
112.055 1904
112.238 952
112.238 1428
112.245 1904
112.259 952
112.259 1428
112.267 1904
112.45 952
112.45 1428
112.457 1904
112.471 952
112.471 1428
112.478 1904
112.662 952
112.662 1428
112.669 1904
112.683 952
112.683 1428
112.69 1904
112.874 952
112.874 1428
112.881 1904
112.895 952
112.895 1428
112.902 1904
113.085 952
113.085 1428
113.092 1904
113.106 952
113.106 1428
113.114 1904
113.297 952
113.297 1428
113.304 1904
113.318 952
113.318 1428
113.325 1904
113.509 952
113.509 1428
113.516 1904
113.53 952
113.53 1428
113.537 1904
113.721 952
113.721 1428
113.728 1904
113.742 952
113.742 1428
113.749 1904
113.932 952
113.932 1428
113.939 1904
113.954 952
113.954 1428
113.961 1904
114.144 952
114.144 1428
114.151 1904
114.165 952
114.165 1428
114.172 1904
114.356 952
114.356 1428
114.363 1904
114.377 952
114.377 1428
114.384 1904
114.568 952
114.568 1428
114.575 1904
114.589 952
114.589 1428
114.596 1904
114.779 952
114.779 1428
114.786 1904
114.801 952
114.801 1428
114.808 1904
114.991 952
114.991 1428
114.998 1904
115.013 952
115.013 1428
115.02 1904
115.203 952
115.203 1428
115.21 1904
115.225 952
115.225 1428
115.232 1904
115.415 952
115.415 1428
115.422 1904
115.436 952
115.436 1428
115.444 1904
115.627 952
115.627 1428
115.634 1904
115.649 952
115.649 1428
115.656 1904
115.839 952
115.839 1428
115.846 1904
115.861 952
115.861 1428
115.868 1904
116.051 952
116.051 1428
116.058 1904
116.073 952
116.073 1428
116.081 1904
116.263 952
116.263 1428
116.27 1904
116.285 952
116.285 1428
116.292 1904
116.475 952
116.475 1428
116.482 1904
116.497 952
116.497 1428
116.504 1904
116.688 952
116.688 1428
116.695 1904
116.709 952
116.709 1428
116.716 1904
116.899 952
116.899 1428
116.907 1904
116.921 952
116.921 1428
116.928 1904
117.111 952
117.111 1428
117.118 1904
117.133 952
117.133 1428
117.14 1904
117.323 952
117.323 1428
117.33 1904
117.345 952
117.345 1428
117.352 1904
117.535 952
117.535 1428
117.542 1904
117.557 952
117.557 1428
117.564 1904
117.747 952
117.747 1428
117.754 1904
117.769 952
117.769 1428
117.776 1904
117.959 952
117.959 1428
117.966 1904
117.981 952
117.981 1428
117.988 1904
118.171 952
118.171 1428
118.178 1904
118.192 952
118.192 1428
118.199 1904
118.383 952
118.383 1428
118.39 1904
118.404 952
118.404 1428
118.411 1904
118.595 952
118.595 1428
118.602 1904
118.616 952
118.616 1428
118.623 1904
118.806 952
118.806 1428
118.814 1904
118.828 952
118.828 1428
118.835 1904
119.018 952
119.018 1428
119.025 1904
119.039 952
119.039 1428
119.046 1904
119.23 952
119.23 1428
119.237 1904
119.251 952
119.251 1428
119.258 1904
119.442 952
119.442 1428
119.449 1904
119.463 952
119.463 1428
119.47 1904
119.654 952
119.654 1428
119.661 1904
119.675 952
119.675 1428
119.682 1904
119.865 952
119.865 1428
119.872 1904
119.886 952
119.886 1428
119.894 1904
120.077 952
120.077 1428
120.084 1904
120.098 952
120.098 1428
120.105 1904
120.289 952
120.289 1428
120.296 1904
120.31 952
120.31 1428
120.317 1904
120.501 952
120.501 1428
120.508 1904
120.522 952
120.522 1428
120.529 1904
120.712 952
120.712 1428
120.719 1904
120.734 952
120.734 1428
120.741 1904
120.924 952
120.924 1428
120.931 1904
120.946 952
120.946 1428
120.953 1904
121.136 952
121.136 1428
121.143 1904
121.157 952
121.157 1428
121.165 1904
121.348 952
121.348 1428
121.355 1904
121.369 952
121.369 1428
121.376 1904
121.56 952
121.56 1428
121.567 1904
121.581 952
121.581 1428
121.588 1904
121.772 952
121.772 1428
121.779 1904
121.794 952
121.794 1428
121.801 1904
121.983 952
121.983 1428
121.991 1904
122.006 952
122.006 1428
122.013 1904
122.195 952
122.195 1428
122.202 1904
122.218 952
122.218 1428
122.225 1904
122.408 952
122.408 1428
122.415 1904
122.43 952
122.43 1428
122.437 1904
122.62 952
122.62 1428
122.627 1904
122.642 952
122.642 1428
122.649 1904
122.832 952
122.832 1428
122.839 1904
122.854 952
122.854 1428
122.861 1904
123.044 952
123.044 1428
123.051 1904
123.066 952
123.066 1428
123.073 1904
123.256 952
123.256 1428
123.263 1904
123.278 952
123.278 1428
123.285 1904
123.468 952
123.468 1428
123.475 1904
123.49 952
123.49 1428
123.497 1904
123.68 952
123.68 1428
123.687 1904
123.702 952
123.702 1428
123.709 1904
123.892 952
123.892 1428
123.899 1904
123.914 952
123.914 1428
123.921 1904
124.104 952
124.104 1428
124.111 1904
124.125 952
124.125 1428
124.133 1904
124.316 952
124.316 1428
124.323 1904
124.337 952
124.337 1428
124.344 1904
124.528 952
124.528 1428
124.535 1904
124.549 952
124.549 1428
124.556 1904
124.74 952
124.74 1428
124.747 1904
124.761 952
124.761 1428
124.768 1904
124.951 952
124.951 1428
124.958 1904
124.973 952
124.973 1428
124.98 1904
125.163 952
125.163 1428
125.17 1904
125.184 952
125.184 1428
125.191 1904
125.375 952
125.375 1428
125.382 1904
125.396 952
125.396 1428
125.403 1904
125.587 952
125.587 1428
125.594 1904
125.608 952
125.608 1428
125.615 1904
125.798 952
125.798 1428
125.805 1904
125.82 952
125.82 1428
125.827 1904
126.01 952
126.01 1428
126.017 1904
126.031 952
126.031 1428
126.038 1904
126.222 952
126.222 1428
126.229 1904
126.243 952
126.243 1428
126.25 1904
126.434 952
126.434 1428
126.441 1904
126.455 952
126.455 1428
126.462 1904
126.645 952
126.645 1428
126.652 1904
126.667 952
126.667 1428
126.674 1904
126.857 952
126.857 1428
126.864 1904
126.878 952
126.878 1428
126.886 1904
127.069 952
127.069 1428
127.076 1904
127.09 952
127.09 1428
127.097 1904
127.281 952
127.281 1428
127.288 1904
127.302 952
127.302 1428
127.309 1904
127.493 952
127.493 1428
127.5 1904
127.514 952
127.514 1428
127.521 1904
127.705 952
127.705 1428
127.712 1904
127.726 952
127.726 1428
127.733 1904
127.916 952
127.916 1428
127.923 1904
127.938 952
127.938 1428
127.946 1904
128.128 952
128.128 1428
128.135 1904
128.151 952
128.151 1428
128.158 1904
128.34 952
128.34 1428
128.347 1904
128.363 952
128.363 1428
128.37 1904
128.553 952
128.553 1428
128.56 1904
128.575 952
128.575 1428
128.582 1904
128.765 952
128.765 1428
128.772 1904
128.787 952
128.787 1428
128.794 1904
128.977 952
128.977 1428
128.984 1904
128.999 952
128.999 1428
129.006 1904
129.189 952
129.189 1428
129.196 1904
129.211 952
129.211 1428
129.218 1904
129.401 952
129.401 1428
129.408 1904
129.423 952
129.423 1428
129.43 1904
129.613 952
129.613 1428
129.62 1904
129.635 952
129.635 1428
129.642 1904
129.825 952
129.825 1428
129.832 1904
129.846 952
129.846 1428
129.854 1904
130.037 952
130.037 1428
130.044 1904
130.058 952
130.058 1428
130.065 1904
130.249 952
130.249 1428
130.256 1904
130.27 952
130.27 1428
130.277 1904
130.461 952
130.461 1428
130.468 1904
130.482 952
130.482 1428
130.489 1904
130.672 952
130.672 1428
130.68 1904
130.694 952
130.694 1428
130.701 1904
130.884 952
130.884 1428
130.891 1904
130.905 952
130.905 1428
130.912 1904
131.096 952
131.096 1428
131.103 1904
131.117 952
131.117 1428
131.124 1904
131.308 952
131.308 1428
131.315 1904
131.329 952
131.329 1428
131.336 1904
131.52 952
131.52 1428
131.527 1904
131.541 952
131.541 1428
131.548 1904
131.731 952
131.731 1428
131.738 1904
131.752 952
131.752 1428
131.76 1904
131.943 952
131.943 1428
131.95 1904
131.964 952
131.964 1428
131.971 1904
132.155 952
132.155 1428
132.162 1904
132.176 952
132.176 1428
132.183 1904
132.367 952
132.367 1428
132.374 1904
132.388 952
132.388 1428
132.395 1904
132.578 952
132.578 1428
132.585 1904
132.6 952
132.6 1428
132.607 1904
132.79 952
132.79 1428
132.797 1904
132.811 952
132.811 1428
132.818 1904
133.002 952
133.002 1428
133.009 1904
133.023 952
133.023 1428
133.03 1904
133.214 952
133.214 1428
133.221 1904
133.235 952
133.235 1428
133.242 1904
133.426 952
133.426 1428
133.433 1904
133.447 952
133.447 1428
133.454 1904
133.637 952
133.637 1428
133.644 1904
133.659 952
133.659 1428
133.666 1904
133.849 952
133.849 1428
133.856 1904
133.871 952
133.871 1428
133.878 1904
134.061 952
134.061 1428
134.068 1904
134.083 952
134.083 1428
134.09 1904
134.273 952
134.273 1428
134.28 1904
134.296 952
134.296 1428
134.303 1904
134.485 952
134.485 1428
134.492 1904
134.508 952
134.508 1428
134.515 1904
134.697 952
134.697 1428
134.704 1904
134.72 952
134.72 1428
134.727 1904
134.91 952
134.91 1428
134.917 1904
134.932 952
134.932 1428
134.939 1904
135.122 952
135.122 1428
135.129 1904
135.144 952
135.144 1428
135.151 1904
135.334 952
135.334 1428
135.341 1904
135.356 952
135.356 1428
135.363 1904
135.546 952
135.546 1428
135.553 1904
135.568 952
135.568 1428
135.575 1904
135.758 952
135.758 1428
135.765 1904
135.779 952
135.779 1428
135.786 1904
135.97 952
135.97 1428
135.977 1904
135.991 952
135.991 1428
135.998 1904
136.182 952
136.182 1428
136.189 1904
136.203 952
136.203 1428
136.21 1904
136.394 952
136.394 1428
136.401 1904
136.415 952
136.415 1428
136.422 1904
136.605 952
136.605 1428
136.612 1904
136.627 952
136.627 1428
136.634 1904
136.817 952
136.817 1428
136.824 1904
136.839 952
136.839 1428
136.846 1904
137.029 952
137.029 1428
137.036 1904
137.05 952
137.05 1428
137.057 1904
137.241 952
137.241 1428
137.248 1904
137.262 952
137.262 1428
137.269 1904
137.453 952
137.453 1428
137.46 1904
137.474 952
137.474 1428
137.481 1904
137.664 952
137.664 1428
137.671 1904
137.686 952
137.686 1428
137.693 1904
137.876 952
137.876 1428
137.883 1904
137.897 952
137.897 1428
137.904 1904
138.088 952
138.088 1428
138.095 1904
138.109 952
138.109 1428
138.116 1904
138.3 952
138.3 1428
138.307 1904
138.321 952
138.321 1428
138.328 1904
138.511 952
138.511 1428
138.518 1904
138.533 952
138.533 1428
138.54 1904
138.723 952
138.723 1428
138.73 1904
138.744 952
138.744 1428
138.751 1904
138.935 952
138.935 1428
138.942 1904
138.956 952
138.956 1428
138.963 1904
139.147 952
139.147 1428
139.154 1904
139.168 952
139.168 1428
139.175 1904
139.358 952
139.358 1428
139.366 1904
139.38 952
139.38 1428
139.387 1904
139.57 952
139.57 1428
139.577 1904
139.592 952
139.592 1428
139.599 1904
139.782 952
139.782 1428
139.789 1904
139.804 952
139.804 1428
139.811 1904
139.994 952
139.994 1428
140.001 1904
140.016 952
140.016 1428
140.023 1904
140.206 952
140.206 1428
140.213 1904
140.228 952
140.228 1428
140.235 1904
140.418 952
140.418 1428
140.425 1904
140.44 952
140.44 1428
140.448 1904
140.63 952
140.63 1428
140.637 1904
140.653 952
140.653 1428
140.66 1904
140.842 952
140.842 1428
140.849 1904
140.865 952
140.865 1428
140.872 1904
141.055 952
141.055 1428
141.062 1904
141.077 952
141.077 1428
141.084 1904
141.267 952
141.267 1428
141.274 1904
141.289 952
141.289 1428
141.296 1904
141.479 952
141.479 1428
141.486 1904
141.5 952
141.5 1428
141.508 1904
141.691 952
141.691 1428
141.698 1904
141.712 952
141.712 1428
141.719 1904
141.903 952
141.903 1428
141.91 1904
141.924 952
141.924 1428
141.931 1904
142.115 952
142.115 1428
142.122 1904
142.136 952
142.136 1428
142.143 1904
142.326 952
142.326 1428
142.334 1904
142.348 952
142.348 1428
142.355 1904
142.538 952
142.538 1428
142.545 1904
142.56 952
142.56 1428
142.567 1904
142.75 952
142.75 1428
142.757 1904
142.771 952
142.771 1428
142.779 1904
142.962 952
142.962 1428
142.969 1904
142.983 952
142.983 1428
142.99 1904
143.174 952
143.174 1428
143.181 1904
143.195 952
143.195 1428
143.202 1904
143.386 952
143.386 1428
143.393 1904
143.407 952
143.407 1428
143.414 1904
143.597 952
143.597 1428
143.604 1904
143.618 952
143.618 1428
143.626 1904
143.809 952
143.809 1428
143.816 1904
143.83 952
143.83 1428
143.837 1904
144.021 952
144.021 1428
144.028 1904
144.042 952
144.042 1428
144.049 1904
144.233 952
144.233 1428
144.24 1904
144.254 952
144.254 1428
144.261 1904
144.444 952
144.444 1428
144.451 1904
144.466 952
144.466 1428
144.473 1904
144.656 952
144.656 1428
144.663 1904
144.677 952
144.677 1428
144.684 1904
144.868 952
144.868 1428
144.875 1904
144.889 952
144.889 1428
144.896 1904
145.08 952
145.08 1428
145.087 1904
145.101 952
145.101 1428
145.108 1904
145.291 952
145.291 1428
145.298 1904
145.313 952
145.313 1428
145.32 1904
145.503 952
145.503 1428
145.51 1904
145.525 952
145.525 1428
145.532 1904
145.715 952
145.715 1428
145.722 1904
145.737 952
145.737 1428
145.744 1904
145.927 952
145.927 1428
145.934 1904
145.949 952
145.949 1428
145.956 1904
146.139 952
146.139 1428
146.146 1904
146.161 952
146.161 1428
146.168 1904
146.351 952
146.351 1428
146.358 1904
146.373 952
146.373 1428
146.38 1904
146.563 952
146.563 1428
146.57 1904
146.585 952
146.585 1428
146.592 1904
146.775 952
146.775 1428
146.782 1904
146.798 952
146.798 1428
146.805 1904
146.987 952
146.987 1428
146.994 1904
147.01 952
147.01 1428
147.017 1904
147.199 952
147.199 1428
147.206 1904
147.221 952
147.221 1428
147.229 1904
147.412 952
147.412 1428
147.419 1904
147.433 952
147.433 1428
147.44 1904
147.624 952
147.624 1428
147.631 1904
147.645 952
147.645 1428
147.652 1904
147.836 952
147.836 1428
147.843 1904
147.857 952
147.857 1428
147.864 1904
148.047 952
148.047 1428
148.055 1904
148.069 952
148.069 1428
148.076 1904
148.259 952
148.259 1428
148.266 1904
148.281 952
148.281 1428
148.288 1904
148.471 952
148.471 1428
148.478 1904
148.493 952
148.493 1428
148.5 1904
148.683 952
148.683 1428
148.69 1904
148.705 952
148.705 1428
148.712 1904
148.895 952
148.895 1428
148.902 1904
148.916 952
148.916 1428
148.923 1904
149.107 952
149.107 1428
149.114 1904
149.128 952
149.128 1428
149.135 1904
149.319 952
149.319 1428
149.326 1904
149.34 952
149.34 1428
149.347 1904
149.53 952
149.53 1428
149.537 1904
149.552 952
149.552 1428
149.559 1904
149.742 952
149.742 1428
149.749 1904
149.763 952
149.763 1428
149.77 1904
149.954 952
149.954 1428
149.961 1904
149.975 952
149.975 1428
149.982 1904
150.166 952
150.166 1428
150.173 1904
150.187 952
150.187 1428
150.194 1904
150.377 952
150.377 1428
150.384 1904
150.399 952
150.399 1428
150.406 1904
150.589 952
150.589 1428
150.596 1904
150.61 952
150.61 1428
150.617 1904
150.801 952
150.801 1428
150.808 1904
150.822 952
150.822 1428
150.829 1904
151.013 952
151.013 1428
151.02 1904
151.034 952
151.034 1428
151.041 1904
151.224 952
151.224 1428
151.232 1904
151.246 952
151.246 1428
151.253 1904
151.436 952
151.436 1428
151.443 1904
151.458 952
151.458 1428
151.465 1904
151.648 952
151.648 1428
151.655 1904
151.67 952
151.67 1428
151.677 1904
151.86 952
151.86 1428
151.867 1904
151.882 952
151.882 1428
151.889 1904
152.072 952
152.072 1428
152.079 1904
152.094 952
152.094 1428
152.101 1904
152.284 952
152.284 1428
152.291 1904
152.305 952
152.305 1428
152.313 1904
152.496 952
152.496 1428
152.503 1904
152.518 952
152.518 1428
152.525 1904
152.708 952
152.708 1428
152.715 1904
152.73 952
152.73 1428
152.737 1904
152.92 952
152.92 1428
152.927 1904
152.942 952
152.942 1428
152.95 1904
153.132 952
153.132 1428
153.139 1904
153.154 952
153.154 1428
153.161 1904
153.344 952
153.344 1428
153.351 1904
153.366 952
153.366 1428
153.373 1904
153.557 952
153.557 1428
153.564 1904
153.578 952
153.578 1428
153.585 1904
153.768 952
153.768 1428
153.776 1904
153.79 952
153.79 1428
153.797 1904
153.98 952
153.98 1428
153.987 1904
154.002 952
154.002 1428
154.009 1904
154.192 952
154.192 1428
154.199 1904
154.214 952
154.214 1428
154.221 1904
154.404 952
154.404 1428
154.411 1904
154.426 952
154.426 1428
154.433 1904
154.616 952
154.616 1428
154.623 1904
154.637 952
154.637 1428
154.645 1904
154.828 952
154.828 1428
154.835 1904
154.849 952
154.849 1428
154.856 1904
155.04 952
155.04 1428
155.047 1904
155.061 952
155.061 1428
155.068 1904
155.252 952
155.252 1428
155.259 1904
155.273 952
155.273 1428
155.28 1904
155.463 952
155.463 1428
155.47 1904
155.484 952
155.484 1428
155.492 1904
155.675 952
155.675 1428
155.682 1904
155.696 952
155.696 1428
155.703 1904
155.887 952
155.887 1428
155.894 1904
155.908 952
155.908 1428
155.915 1904
156.099 952
156.099 1428
156.106 1904
156.12 952
156.12 1428
156.127 1904
156.31 952
156.31 1428
156.317 1904
156.332 952
156.332 1428
156.339 1904
156.522 952
156.522 1428
156.529 1904
156.543 952
156.543 1428
156.55 1904
156.734 952
156.734 1428
156.741 1904
156.755 952
156.755 1428
156.762 1904
156.946 952
156.946 1428
156.953 1904
156.967 952
156.967 1428
156.974 1904
157.157 952
157.157 1428
157.164 1904
157.179 952
157.179 1428
157.186 1904
157.369 952
157.369 1428
157.376 1904
157.391 952
157.391 1428
157.398 1904
157.581 952
157.581 1428
157.588 1904
157.603 952
157.603 1428
157.61 1904
157.793 952
157.793 1428
157.8 1904
157.815 952
157.815 1428
157.822 1904
158.005 952
158.005 1428
158.012 1904
158.027 952
158.027 1428
158.034 1904
158.217 952
158.217 1428
158.224 1904
158.238 952
158.238 1428
158.245 1904
158.429 952
158.429 1428
158.436 1904
158.45 952
158.45 1428
158.457 1904
158.641 952
158.641 1428
158.648 1904
158.663 952
158.663 1428
158.67 1904
158.853 952
158.853 1428
158.86 1904
158.875 952
158.875 1428
158.882 1904
159.064 952
159.064 1428
159.071 1904
159.087 952
159.087 1428
159.094 1904
159.277 952
159.277 1428
159.284 1904
159.299 952
159.299 1428
159.306 1904
159.489 952
159.489 1428
159.496 1904
159.511 952
159.511 1428
159.518 1904
159.701 952
159.701 1428
159.708 1904
159.723 952
159.723 1428
159.73 1904
159.913 952
159.913 1428
159.92 1904
159.935 952
159.935 1428
159.942 1904
160.125 952
160.125 1428
160.132 1904
160.147 952
160.147 1428
160.154 1904
160.337 952
160.337 1428
160.344 1904
160.359 952
160.359 1428
160.366 1904
160.549 952
160.549 1428
160.556 1904
160.571 952
160.571 1428
160.578 1904
160.761 952
160.761 1428
160.768 1904
160.782 952
160.782 1428
160.789 1904
160.973 952
160.973 1428
160.98 1904
160.994 952
160.994 1428
161.001 1904
161.185 952
161.185 1428
161.192 1904
161.206 952
161.206 1428
161.213 1904
161.396 952
161.396 1428
161.403 1904
161.418 952
161.418 1428
161.425 1904
161.608 952
161.608 1428
161.615 1904
161.629 952
161.629 1428
161.636 1904
161.82 952
161.82 1428
161.827 1904
161.841 952
161.841 1428
161.848 1904
162.032 952
162.032 1428
162.039 1904
162.053 952
162.053 1428
162.06 1904
162.243 952
162.243 1428
162.25 1904
162.265 952
162.265 1428
162.272 1904
162.455 952
162.455 1428
162.462 1904
162.476 952
162.476 1428
162.483 1904
162.667 952
162.667 1428
162.674 1904
162.688 952
162.688 1428
162.695 1904
162.879 952
162.879 1428
162.886 1904
162.9 952
162.9 1428
162.907 1904
163.09 952
163.09 1428
163.098 1904
163.112 952
163.112 1428
163.119 1904
163.302 952
163.302 1428
163.309 1904
163.324 952
163.324 1428
163.331 1904
163.514 952
163.514 1428
163.521 1904
163.536 952
163.536 1428
163.543 1904
163.726 952
163.726 1428
163.733 1904
163.748 952
163.748 1428
163.755 1904
163.938 952
163.938 1428
163.945 1904
163.959 952
163.959 1428
163.966 1904
164.15 952
164.15 1428
164.157 1904
164.171 952
164.171 1428
164.178 1904
164.362 952
164.362 1428
164.369 1904
164.383 952
164.383 1428
164.39 1904
164.574 952
164.574 1428
164.581 1904
164.595 952
164.595 1428
164.602 1904
164.785 952
164.785 1428
164.793 1904
164.808 952
164.808 1428
164.815 1904
164.997 952
164.997 1428
165.004 1904
165.02 952
165.02 1428
165.027 1904
165.209 952
165.209 1428
165.216 1904
165.232 952
165.232 1428
165.239 1904
165.422 952
165.422 1428
165.429 1904
165.444 952
165.444 1428
165.451 1904
165.634 952
165.634 1428
165.641 1904
165.656 952
165.656 1428
165.663 1904
165.846 952
165.846 1428
165.853 1904
165.868 952
165.868 1428
165.875 1904
166.058 952
166.058 1428
166.065 1904
166.08 952
166.08 1428
166.087 1904
166.27 952
166.27 1428
166.277 1904
166.292 952
166.292 1428
166.299 1904
166.482 952
166.482 1428
166.489 1904
166.503 952
166.503 1428
166.511 1904
166.694 952
166.694 1428
166.701 1904
166.715 952
166.715 1428
166.722 1904
166.906 952
166.906 1428
166.913 1904
166.927 952
166.927 1428
166.934 1904
167.118 952
167.118 1428
167.125 1904
167.139 952
167.139 1428
167.146 1904
167.329 952
167.329 1428
167.336 1904
167.351 952
167.351 1428
167.358 1904
167.541 952
167.541 1428
167.548 1904
167.562 952
167.562 1428
167.569 1904
167.753 952
167.753 1428
167.76 1904
167.774 952
167.774 1428
167.781 1904
167.965 952
167.965 1428
167.972 1904
167.986 952
167.986 1428
167.993 1904
168.176 952
168.176 1428
168.183 1904
168.198 952
168.198 1428
168.205 1904
168.388 952
168.388 1428
168.395 1904
168.409 952
168.409 1428
168.416 1904
168.6 952
168.6 1428
168.607 1904
168.621 952
168.621 1428
168.628 1904
168.812 952
168.812 1428
168.819 1904
168.833 952
168.833 1428
168.84 1904
169.023 952
169.023 1428
169.03 1904
169.045 952
169.045 1428
169.052 1904
169.235 952
169.235 1428
169.242 1904
169.257 952
169.257 1428
169.264 1904
169.447 952
169.447 1428
169.454 1904
169.469 952
169.469 1428
169.476 1904
169.659 952
169.659 1428
169.666 1904
169.68 952
169.68 1428
169.688 1904
169.871 952
169.871 1428
169.878 1904
169.892 952
169.892 1428
169.899 1904
170.083 952
170.083 1428
170.09 1904
170.104 952
170.104 1428
170.111 1904
170.295 952
170.295 1428
170.302 1904
170.316 952
170.316 1428
170.323 1904
170.506 952
170.506 1428
170.514 1904
170.528 952
170.528 1428
170.535 1904
170.718 952
170.718 1428
170.725 1904
170.74 952
170.74 1428
170.747 1904
170.93 952
170.93 1428
170.937 1904
170.952 952
170.952 1428
170.959 1904
171.142 952
171.142 1428
171.149 1904
171.165 952
171.165 1428
171.172 1904
171.354 952
171.354 1428
171.361 1904
171.377 952
171.377 1428
171.384 1904
171.566 952
171.566 1428
171.574 1904
171.589 952
171.589 1428
171.596 1904
171.779 952
171.779 1428
171.786 1904
171.801 952
171.801 1428
171.808 1904
171.991 952
171.991 1428
171.998 1904
172.013 952
172.013 1428
172.02 1904
172.203 952
172.203 1428
172.21 1904
172.225 952
172.225 1428
172.232 1904
172.415 952
172.415 1428
172.422 1904
172.437 952
172.437 1428
172.444 1904
172.627 952
172.627 1428
172.634 1904
172.648 952
172.648 1428
172.655 1904
172.839 952
172.839 1428
172.846 1904
172.86 952
172.86 1428
172.867 1904
173.051 952
173.051 1428
173.058 1904
173.072 952
173.072 1428
173.079 1904
173.262 952
173.262 1428
173.269 1904
173.284 952
173.284 1428
173.291 1904
173.474 952
173.474 1428
173.481 1904
173.495 952
173.495 1428
173.502 1904
173.686 952
173.686 1428
173.693 1904
173.707 952
173.707 1428
173.714 1904
173.898 952
173.898 1428
173.905 1904
173.919 952
173.919 1428
173.926 1904
174.109 952
174.109 1428
174.117 1904
174.131 952
174.131 1428
174.138 1904
174.321 952
174.321 1428
174.328 1904
174.342 952
174.342 1428
174.349 1904
174.533 952
174.533 1428
174.54 1904
174.554 952
174.554 1428
174.561 1904
174.745 952
174.745 1428
174.752 1904
174.766 952
174.766 1428
174.773 1904
174.956 952
174.956 1428
174.964 1904
174.978 952
174.978 1428
174.985 1904
175.168 952
175.168 1428
175.175 1904
175.19 952
175.19 1428
175.197 1904
175.38 952
175.38 1428
175.387 1904
175.401 952
175.401 1428
175.409 1904
175.592 952
175.592 1428
175.599 1904
175.613 952
175.613 1428
175.62 1904
175.804 952
175.804 1428
175.811 1904
175.825 952
175.825 1428
175.832 1904
176.016 952
176.016 1428
176.023 1904
176.037 952
176.037 1428
176.044 1904
176.227 952
176.227 1428
176.235 1904
176.249 952
176.249 1428
176.256 1904
176.439 952
176.439 1428
176.446 1904
176.461 952
176.461 1428
176.468 1904
176.651 952
176.651 1428
176.658 1904
176.673 952
176.673 1428
176.68 1904
176.863 952
176.863 1428
176.87 1904
176.885 952
176.885 1428
176.892 1904
177.075 952
177.075 1428
177.082 1904
177.097 952
177.097 1428
177.104 1904
177.287 952
177.287 1428
177.294 1904
177.31 952
177.31 1428
177.317 1904
177.499 952
177.499 1428
177.506 1904
177.522 952
177.522 1428
177.529 1904
177.711 952
177.711 1428
177.718 1904
177.734 952
177.734 1428
177.741 1904
177.924 952
177.924 1428
177.931 1904
177.946 952
177.946 1428
177.953 1904
178.136 952
178.136 1428
178.143 1904
178.158 952
178.158 1428
178.165 1904
178.348 952
178.348 1428
178.355 1904
178.369 952
178.369 1428
178.377 1904
178.56 952
178.56 1428
178.567 1904
178.581 952
178.581 1428
178.588 1904
178.772 952
178.772 1428
178.779 1904
178.793 952
178.793 1428
178.8 1904
178.984 952
178.984 1428
178.991 1904
179.005 952
179.005 1428
179.012 1904
179.195 952
179.195 1428
179.202 1904
179.217 952
179.217 1428
179.224 1904
179.407 952
179.407 1428
179.414 1904
179.428 952
179.428 1428
179.435 1904
179.619 952
179.619 1428
179.626 1904
179.64 952
179.64 1428
179.647 1904
179.831 952
179.831 1428
179.838 1904
179.852 952
179.852 1428
179.859 1904
180.042 952
180.042 1428
180.049 1904
180.064 952
180.064 1428
180.071 1904
180.254 952
180.254 1428
180.261 1904
180.275 952
180.275 1428
180.282 1904
180.466 952
180.466 1428
180.473 1904
180.487 952
180.487 1428
180.494 1904
180.678 952
180.678 1428
180.685 1904
180.699 952
180.699 1428
180.706 1904
180.889 952
180.889 1428
180.896 1904
180.911 952
180.911 1428
180.918 1904
181.101 952
181.101 1428
181.108 1904
181.123 952
181.123 1428
181.13 1904
181.313 952
181.313 1428
181.32 1904
181.334 952
181.334 1428
181.341 1904
181.525 952
181.525 1428
181.532 1904
181.546 952
181.546 1428
181.553 1904
181.737 952
181.737 1428
181.744 1904
181.758 952
181.758 1428
181.765 1904
181.949 952
181.949 1428
181.956 1904
181.97 952
181.97 1428
181.977 1904
182.16 952
182.16 1428
182.167 1904
182.182 952
182.182 1428
182.189 1904
182.372 952
182.372 1428
182.379 1904
182.394 952
182.394 1428
182.401 1904
182.584 952
182.584 1428
182.591 1904
182.606 952
182.606 1428
182.613 1904
182.796 952
182.796 1428
182.803 1904
182.818 952
182.818 1428
182.825 1904
183.008 952
183.008 1428
183.015 1904
183.03 952
183.03 1428
183.037 1904
183.22 952
183.22 1428
183.227 1904
183.242 952
183.242 1428
183.249 1904
183.432 952
183.432 1428
183.439 1904
183.454 952
183.454 1428
183.461 1904
183.644 952
183.644 1428
183.651 1904
183.667 952
183.667 1428
183.674 1904
183.856 952
183.856 1428
183.863 1904
183.879 952
183.879 1428
183.886 1904
184.068 952
184.068 1428
184.076 1904
184.091 952
184.091 1428
184.098 1904
184.281 952
184.281 1428
184.288 1904
184.302 952
184.302 1428
184.309 1904
184.493 952
184.493 1428
184.5 1904
184.514 952
184.514 1428
184.521 1904
184.705 952
184.705 1428
184.712 1904
184.726 952
184.726 1428
184.733 1904
184.917 952
184.917 1428
184.924 1904
184.938 952
184.938 1428
184.945 1904
185.128 952
185.128 1428
185.135 1904
185.15 952
185.15 1428
185.157 1904
185.34 952
185.34 1428
185.347 1904
185.361 952
185.361 1428
185.368 1904
185.552 952
185.552 1428
185.559 1904
185.573 952
185.573 1428
185.58 1904
185.764 952
185.764 1428
185.771 1904
185.785 952
185.785 1428
185.792 1904
185.975 952
185.975 1428
185.983 1904
185.997 952
185.997 1428
186.004 1904
186.187 952
186.187 1428
186.194 1904
186.208 952
186.208 1428
186.215 1904
186.399 952
186.399 1428
186.406 1904
186.42 952
186.42 1428
186.427 1904
186.611 952
186.611 1428
186.618 1904
186.632 952
186.632 1428
186.639 1904
186.823 952
186.823 1428
186.83 1904
186.844 952
186.844 1428
186.851 1904
187.034 952
187.034 1428
187.041 1904
187.055 952
187.055 1428
187.062 1904
187.246 952
187.246 1428
187.253 1904
187.267 952
187.267 1428
187.274 1904
187.458 952
187.458 1428
187.465 1904
187.479 952
187.479 1428
187.486 1904
187.67 952
187.67 1428
187.677 1904
187.691 952
187.691 1428
187.698 1904
187.881 952
187.881 1428
187.889 1904
187.903 952
187.903 1428
187.91 1904
188.093 952
188.093 1428
188.1 1904
188.115 952
188.115 1428
188.122 1904
188.305 952
188.305 1428
188.312 1904
188.327 952
188.327 1428
188.334 1904
188.517 952
188.517 1428
188.524 1904
188.539 952
188.539 1428
188.546 1904
188.729 952
188.729 1428
188.736 1904
188.751 952
188.751 1428
188.758 1904
188.941 952
188.941 1428
188.948 1904
188.963 952
188.963 1428
188.97 1904
189.153 952
189.153 1428
189.16 1904
189.175 952
189.175 1428
189.182 1904
189.365 952
189.365 1428
189.372 1904
189.387 952
189.387 1428
189.394 1904
189.577 952
189.577 1428
189.584 1904
189.599 952
189.599 1428
189.606 1904
189.789 952
189.789 1428
189.796 1904
189.812 952
189.812 1428
189.819 1904
190.001 952
190.001 1428
190.008 1904
190.023 952
190.023 1428
190.03 1904
190.213 952
190.213 1428
190.22 1904
190.235 952
190.235 1428
190.242 1904
190.426 952
190.426 1428
190.433 1904
190.447 952
190.447 1428
190.454 1904
190.638 952
190.638 1428
190.645 1904
190.659 952
190.659 1428
190.666 1904
190.849 952
190.849 1428
190.857 1904
190.871 952
190.871 1428
190.878 1904
191.061 952
191.061 1428
191.068 1904
191.083 952
191.083 1428
191.09 1904
191.273 952
191.273 1428
191.28 1904
191.294 952
191.294 1428
191.301 1904
191.485 952
191.485 1428
191.492 1904
191.506 952
191.506 1428
191.513 1904
191.697 952
191.697 1428
191.704 1904
191.718 952
191.718 1428
191.725 1904
191.908 952
191.908 1428
191.915 1904
191.93 952
191.93 1428
191.937 1904
192.12 952
192.12 1428
192.127 1904
192.141 952
192.141 1428
192.148 1904
192.332 952
192.332 1428
192.339 1904
192.353 952
192.353 1428
192.36 1904
192.544 952
192.544 1428
192.551 1904
192.565 952
192.565 1428
192.572 1904
192.755 952
192.755 1428
192.762 1904
192.777 952
192.777 1428
192.784 1904
192.967 952
192.967 1428
192.974 1904
192.988 952
192.988 1428
192.995 1904
193.179 952
193.179 1428
193.186 1904
193.2 952
193.2 1428
193.207 1904
193.391 952
193.391 1428
193.398 1904
193.412 952
193.412 1428
193.419 1904
193.602 952
193.602 1428
193.61 1904
193.624 952
193.624 1428
193.631 1904
193.814 952
193.814 1428
193.821 1904
193.836 952
193.836 1428
193.843 1904
194.026 952
194.026 1428
194.033 1904
194.048 952
194.048 1428
194.055 1904
194.238 952
194.238 1428
194.245 1904
194.26 952
194.26 1428
194.267 1904
194.45 952
194.45 1428
194.457 1904
194.472 952
194.472 1428
194.479 1904
194.662 952
194.662 1428
194.669 1904
194.684 952
194.684 1428
194.691 1904
194.874 952
194.874 1428
194.881 1904
194.896 952
194.896 1428
194.903 1904
195.086 952
195.086 1428
195.093 1904
195.107 952
195.107 1428
195.115 1904
195.298 952
195.298 1428
195.305 1904
195.319 952
195.319 1428
195.326 1904
195.51 952
195.51 1428
195.517 1904
195.532 952
195.532 1428
195.539 1904
195.722 952
195.722 1428
195.729 1904
195.744 952
195.744 1428
195.751 1904
195.933 952
195.933 1428
195.941 1904
195.956 952
195.956 1428
195.963 1904
196.146 952
196.146 1428
196.153 1904
196.168 952
196.168 1428
196.175 1904
196.358 952
196.358 1428
196.365 1904
196.38 952
196.38 1428
196.387 1904
196.57 952
196.57 1428
196.578 1904
196.592 952
196.592 1428
196.599 1904
196.782 952
196.782 1428
196.789 1904
196.804 952
196.804 1428
196.811 1904
196.994 952
196.994 1428
197.001 1904
197.016 952
197.016 1428
197.023 1904
197.206 952
197.206 1428
197.213 1904
197.227 952
197.227 1428
197.234 1904
197.418 952
197.418 1428
197.425 1904
197.439 952
197.439 1428
197.446 1904
197.63 952
197.63 1428
197.637 1904
197.651 952
197.651 1428
197.658 1904
197.841 952
197.841 1428
197.849 1904
197.863 952
197.863 1428
197.87 1904
198.053 952
198.053 1428
198.06 1904
198.074 952
198.074 1428
198.081 1904
198.265 952
198.265 1428
198.272 1904
198.286 952
198.286 1428
198.293 1904
198.477 952
198.477 1428
198.484 1904
198.498 952
198.498 1428
198.505 1904
198.689 952
198.689 1428
198.696 1904
198.71 952
198.71 1428
198.717 1904
198.9 952
198.9 1428
198.907 1904
198.921 952
198.921 1428
198.929 1904
199.112 952
199.112 1428
199.119 1904
199.133 952
199.133 1428
199.14 1904
199.324 952
199.324 1428
199.331 1904
199.345 952
199.345 1428
199.352 1904
199.536 952
199.536 1428
199.543 1904
199.557 952
199.557 1428
199.564 1904
199.747 952
199.747 1428
199.754 1904
199.768 952
199.768 1428
199.776 1904
199.959 952
199.959 1428
199.966 1904
199.98 952
199.98 1428
199.987 1904
200.171 952
200.171 1428
200.178 1904
200.192 952
200.192 1428
200.199 1904
200.383 952
200.383 1428
200.39 1904
200.404 952
200.404 1428
200.411 1904
200.594 952
200.594 1428
200.601 1904
200.616 952
200.616 1428
200.623 1904
200.806 952
200.806 1428
200.813 1904
200.827 952
200.827 1428
200.834 1904
