0.0 0
0.0941392 0.084
0.184653 0.084375
0.190466 0.0848281
0.196279 0.0852246
0.202093 0.0855715
0.263552 0.0927501
0.269365 0.0921563
0.275178 0.0916368
0.280991 0.0910572
0.286804 0.09055
0.292617 0.0901063
0.298431 0.089843
0.304244 0.0896126
0.310057 0.089411
0.31587 0.0891097
0.321683 0.088846
0.327496 0.0887402
0.333309 0.0886477
0.339123 0.0885667
0.344936 0.0883709
0.350749 0.0881995
0.356562 0.0881746
0.362375 0.0881528
0.368188 0.0881337
0.374002 0.088117
0.379815 0.0879773
0.385628 0.0878552
0.391441 0.0878733
0.397254 0.0878891
0.403067 0.087903
0.40888 0.0877901
0.414694 0.0876913
0.420507 0.0877299
0.42632 0.0877637
0.432133 0.0877932
0.437946 0.0876941
0.443759 0.0876073
0.449573 0.0876564
0.455386 0.0876993
0.461199 0.0877369
0.467012 0.0877698
0.472825 0.0876736
0.478638 0.0875894
0.484451 0.0876407
0.490265 0.0876856
0.496078 0.0877249
0.501891 0.0876343
0.507704 0.087555
0.513517 0.0876106
0.51933 0.0876593
0.525144 0.0877019
0.530957 0.0876142
0.53677 0.0875374
0.542583 0.0875952
0.548396 0.0876458
0.554209 0.0876901
0.560022 0.0877288
0.565836 0.0876377
0.571649 0.087558
0.577462 0.0876133
0.583275 0.0876616
0.589088 0.0877039
0.594901 0.0876159
0.600715 0.0875389
0.606528 0.0875966
0.612341 0.087647
0.618154 0.0876911
0.623967 0.0876047
0.62978 0.0875291
0.635593 0.087588
0.641407 0.0876395
0.64722 0.0876846
0.653033 0.087724
0.658846 0.0876335
0.664659 0.0875543
0.670472 0.08761
0.676286 0.0876588
0.682099 0.0877014
0.687912 0.0876137
0.693725 0.087537
0.699538 0.0875949
0.705351 0.0876455
0.711164 0.0876898
0.716978 0.0876036
0.722791 0.0875282
0.728604 0.0875871
0.734417 0.0876387
0.74023 0.0876839
0.746043 0.0877234
0.751857 0.087633
0.75767 0.0875539
0.763483 0.0876096
0.769296 0.0876584
0.775109 0.0877011
0.780922 0.0876135
0.786735 0.0875368
0.792549 0.0875947
0.798362 0.0876454
0.804175 0.0876897
0.809988 0.0876035
0.815801 0.087528
0.821614 0.087462
0.827428 0.0875293
0.833241 0.0875881
0.839054 0.0876396
0.844867 0.0875597
0.85068 0.0874897
0.856493 0.0875535
0.862306 0.0876093
0.86812 0.0876581
0.873933 0.0875759
0.879746 0.0875039
0.885559 0.0875659
0.891372 0.0876202
0.897185 0.0876676
0.902999 0.0875842
0.908812 0.0875112
0.914625 0.0874473
0.920438 0.0875164
0.926251 0.0875768
0.932064 0.0876297
0.937877 0.087551
0.943691 0.0874821
0.949504 0.0875469
0.955317 0.0876035
0.96113 0.0876531
0.966943 0.0875714
0.972756 0.0875
0.97857 0.0875625
0.984383 0.0876172
0.990196 0.087665
0.996009 0.0877069
1.00182 0.0876185
1.00764 0.0875412
1.01345 0.0875986
1.01926 0.0876487
1.02507 0.0876927
1.03089 0.0876061
1.0367 0.0875303
1.04251 0.087589
1.04833 0.0876404
1.05414 0.0876853
1.05995 0.0875997
1.06577 0.0875247
1.07158 0.0875841
1.07739 0.0876361
1.08321 0.0876816
1.08902 0.0877214
1.09483 0.0876312
1.10065 0.0875523
1.10646 0.0876083
1.11227 0.0876572
1.11809 0.0877001
1.1239 0.0876126
1.12971 0.087536
1.13552 0.087594
1.14134 0.0876448
1.14715 0.0876892
1.15296 0.087603
1.15878 0.0875276
1.16459 0.0875867
1.1704 0.0876383
1.17622 0.0876836
1.18203 0.0877231
1.18784 0.0876327
1.19366 0.0875536
1.19947 0.0876094
1.20528 0.0876582
1.2111 0.087701
1.21691 0.0876133
1.22272 0.0875367
1.22854 0.0875946
1.23435 0.0876453
1.24016 0.0876896
1.24597 0.0876034
1.25179 0.087528
1.2576 0.087587
1.26341 0.0876386
1.26923 0.0876838
1.27504 0.0877233
1.28085 0.0876329
1.28667 0.0875538
1.29248 0.0876096
1.29829 0.0876584
1.30411 0.0877011
1.30992 0.0876134
1.31573 0.0875368
1.32155 0.0875947
1.32736 0.0876453
1.33317 0.0876897
1.33899 0.0876035
1.3448 0.087528
1.35061 0.087462
1.35642 0.0875293
1.36224 0.0875881
1.36805 0.0876396
1.37386 0.0875596
1.37968 0.0874897
1.38549 0.0875535
1.3913 0.0876093
1.39712 0.0876581
1.40293 0.0875759
1.40874 0.0875039
1.41456 0.0875659
1.42037 0.0876202
1.42618 0.0876676
1.432 0.0875842
1.43781 0.0875112
1.44362 0.0874473
1.44944 0.0875164
1.45525 0.0875768
1.46106 0.0876297
1.46687 0.087551
1.47269 0.0874821
1.4785 0.0875469
1.48431 0.0876035
1.49013 0.0876531
1.49594 0.0875714
1.50175 0.0875
1.50757 0.0875625
1.51338 0.0876172
1.51919 0.087665
1.52501 0.0877069
1.53082 0.0876185
1.53663 0.0875412
1.54245 0.0875986
1.54826 0.0876487
1.55407 0.0876927
1.55988 0.0876061
1.5657 0.0875303
1.57151 0.087589
1.57732 0.0876404
1.58314 0.0876853
1.58895 0.0875997
1.59476 0.0875247
1.60058 0.0875841
1.60639 0.0876361
1.6122 0.0876816
1.61802 0.0877214
1.62383 0.0876312
1.62964 0.0875523
1.63546 0.0876083
1.64127 0.0876572
1.64708 0.0877001
1.6529 0.0876126
1.65871 0.087536
1.66452 0.087594
1.67033 0.0876448
1.67615 0.0876892
1.68196 0.087603
1.68777 0.0875276
1.69359 0.0875867
1.6994 0.0876383
1.70521 0.0876836
1.71103 0.0877231
1.71684 0.0876327
1.72265 0.0875536
1.72847 0.0876094
1.73428 0.0876582
1.74009 0.087701
1.74591 0.0876133
1.75172 0.0875367
1.75753 0.0875946
1.76335 0.0876453
1.76916 0.0876896
1.77497 0.0876034
1.78078 0.087528
1.7866 0.087587
1.79241 0.0876386
1.79822 0.0876838
1.80404 0.0877233
1.80985 0.0876329
1.81566 0.0875538
1.82148 0.0876096
1.82729 0.0876584
1.8331 0.0877011
1.83892 0.0876134
1.84473 0.0875368
1.85054 0.0875947
1.85636 0.0876453
1.86217 0.0876897
1.86798 0.0876035
1.8738 0.087528
1.87961 0.087462
1.88542 0.0875293
1.89123 0.0875881
1.89705 0.0876396
1.90286 0.0875596
1.90867 0.0874897
1.91449 0.0875535
1.9203 0.0876093
1.92611 0.0876581
1.93193 0.0875759
1.93774 0.0875039
1.94355 0.0875659
1.94937 0.0876202
1.95518 0.0876676
1.96099 0.0875842
1.96681 0.0875112
1.97262 0.0874473
1.97843 0.0875164
1.98425 0.0875768
1.99006 0.0876297
1.99587 0.087551
2.00168 0.0874821
2.0075 0.0875469
2.01331 0.0876035
2.01912 0.0876531
2.02494 0.0875714
2.03075 0.0875
2.03656 0.0875625
2.04238 0.0876172
2.04819 0.087665
2.054 0.0877069
2.05982 0.0876185
2.06563 0.0875412
2.07144 0.0875986
2.07726 0.0876487
2.08307 0.0876927
2.08888 0.0876061
2.0947 0.0875303
2.10051 0.087589
2.10632 0.0876404
2.11213 0.0876853
2.11795 0.0875997
2.12376 0.0875247
2.12957 0.0875841
2.13539 0.0876361
2.1412 0.0876816
2.14701 0.0877214
2.15283 0.0876312
2.15864 0.0875523
2.16445 0.0876083
2.17027 0.0876572
2.17608 0.0877001
2.18189 0.0876126
2.18771 0.087536
2.19352 0.087594
2.19933 0.0876448
2.20515 0.0876892
2.21096 0.087603
2.21677 0.0875276
2.22258 0.0875867
2.2284 0.0876383
2.23421 0.0876836
2.24002 0.0877231
2.24584 0.0876327
2.25165 0.0875536
2.25746 0.0876094
2.26328 0.0876582
2.26909 0.087701
2.2749 0.0876133
2.28072 0.0875367
2.28653 0.0875946
2.29234 0.0876453
2.29816 0.0876896
2.30397 0.0876034
2.30978 0.087528
2.31559 0.087587
2.32141 0.0876386
2.32722 0.0876838
2.33303 0.0877233
2.33885 0.0876329
2.34466 0.0875538
2.35047 0.0876096
2.35629 0.0876584
2.3621 0.0877011
2.36791 0.0876134
2.37373 0.0875368
2.37954 0.0875947
2.38535 0.0876453
2.39117 0.0876897
2.39698 0.0876035
2.40279 0.087528
2.40861 0.087587
2.41442 0.0876386
2.42023 0.0876838
2.42604 0.0877233
2.43186 0.0876329
2.43767 0.0875538
2.44348 0.0876096
2.4493 0.0876584
2.45511 0.0877011
2.46092 0.0876134
2.46674 0.0875368
2.47255 0.0875947
2.47836 0.0876453
2.48418 0.0876897
2.48999 0.0876035
2.4958 0.087528
2.50162 0.087462
2.50743 0.0875293
2.51324 0.0875881
2.51906 0.0876396
2.52487 0.0875596
2.53068 0.0874897
2.53649 0.0875535
2.54231 0.0876093
2.54812 0.0876581
2.55393 0.0875759
2.55975 0.0875039
2.56556 0.0875659
2.57137 0.0876202
2.57719 0.0876676
2.583 0.0877092
2.58881 0.0876205
2.59463 0.087543
2.60044 0.0876001
2.60625 0.0876501
2.61207 0.0876938
2.61788 0.0876071
2.62369 0.0875312
2.62951 0.0875898
2.63532 0.0876411
2.64113 0.0876859
2.64694 0.0876002
2.65276 0.0875252
2.65857 0.0875845
2.66438 0.0876365
2.6702 0.0876819
2.67601 0.0877217
2.68182 0.0876315
2.68764 0.0875525
2.69345 0.0876085
2.69926 0.0876574
2.70508 0.0877002
2.71089 0.0876127
2.7167 0.0875361
2.72252 0.0875941
2.72833 0.0876448
2.73414 0.0876892
2.73996 0.0876031
2.74577 0.0875277
2.75158 0.0875867
2.75739 0.0876384
2.76321 0.0876836
2.76902 0.0877231
2.77483 0.0876327
2.78065 0.0875537
2.78646 0.0876094
2.79227 0.0876583
2.79809 0.087701
2.8039 0.0876134
2.80971 0.0875367
2.81553 0.0875946
2.82134 0.0876453
2.82715 0.0876896
2.83297 0.0876034
2.83878 0.087528
2.84459 0.087587
2.85041 0.0876386
2.85622 0.0876838
2.86203 0.0877233
2.86784 0.0876329
2.87366 0.0875538
2.87947 0.0876096
2.88528 0.0876584
2.8911 0.0877011
2.89691 0.0876134
2.90272 0.0875368
2.90854 0.0875947
2.91435 0.0876453
2.92016 0.0876897
2.92598 0.0876035
2.93179 0.087528
2.9376 0.087587
2.94342 0.0876386
2.94923 0.0876838
2.95504 0.0877233
2.96086 0.0876329
2.96667 0.0875538
2.97248 0.0876096
2.97829 0.0876584
2.98411 0.0877011
2.98992 0.0876134
2.99573 0.0875368
3.00155 0.0875947
3.00736 0.0876453
3.01317 0.0876897
3.01899 0.0876035
3.0248 0.087528
3.03061 0.087462
3.03643 0.0875293
3.04224 0.0875881
3.04805 0.0876396
3.05387 0.0875596
3.05968 0.0874897
3.06549 0.0875535
3.0713 0.0876093
3.07712 0.0876581
3.08293 0.0875759
3.08874 0.0875039
3.09456 0.0875659
3.10037 0.0876202
3.10618 0.0876676
3.112 0.0875842
3.11781 0.0875112
3.12362 0.0874473
3.12944 0.0875164
3.13525 0.0875768
3.14106 0.0876297
3.14688 0.087551
3.15269 0.0874821
3.1585 0.0875469
3.16432 0.0876035
3.17013 0.0876531
3.17594 0.0875714
3.18175 0.0875
3.18757 0.0875625
3.19338 0.0876172
3.19919 0.087665
3.20501 0.0877069
3.21082 0.0876185
3.21663 0.0875412
3.22245 0.0875986
3.22826 0.0876487
3.23407 0.0876927
3.23989 0.0876061
3.2457 0.0875303
3.25151 0.087589
3.25733 0.0876404
3.26314 0.0876853
3.26895 0.0875997
3.27477 0.0875247
3.28058 0.0875841
3.28639 0.0876361
3.2922 0.0876816
3.29802 0.0877214
3.30383 0.0876312
3.30964 0.0875523
3.31546 0.0876083
3.32127 0.0876572
3.32708 0.0877001
3.3329 0.0876126
3.33871 0.087536
3.34452 0.087594
3.35034 0.0876448
3.35615 0.0876892
3.36196 0.087603
3.36778 0.0875276
3.37359 0.0875867
3.3794 0.0876383
3.38522 0.0876836
3.39103 0.0877231
3.39684 0.0876327
3.40265 0.0875536
3.40847 0.0876094
3.41428 0.0876582
3.42009 0.087701
3.42591 0.0876133
3.43172 0.0875367
3.43753 0.0875946
3.44335 0.0876453
3.44916 0.0876896
3.45497 0.0876034
3.46079 0.087528
3.4666 0.087587
3.47241 0.0876386
3.47823 0.0876838
3.48404 0.0877233
3.48985 0.0876329
3.49567 0.0875538
3.50148 0.0876096
3.50729 0.0876584
3.5131 0.0877011
3.51892 0.0876134
3.52473 0.0875368
3.53054 0.0875947
3.53636 0.0876453
3.54217 0.0876897
3.54798 0.0876035
3.5538 0.087528
3.55961 0.087462
3.56542 0.0875293
3.57124 0.0875881
3.57705 0.0876396
3.58286 0.0875596
3.58868 0.0874897
3.59449 0.0875535
3.6003 0.0876093
3.60612 0.0876581
3.61193 0.0875759
3.61774 0.0875039
3.62355 0.0875659
3.62937 0.0876202
3.63518 0.0876676
3.64099 0.0875842
3.64681 0.0875112
3.65262 0.0874473
3.65843 0.0875164
3.66425 0.0875768
3.67006 0.0876297
3.67587 0.087551
3.68169 0.0874821
3.6875 0.0875469
3.69331 0.0876035
3.69913 0.0876531
3.70494 0.0875714
3.71075 0.0875
3.71657 0.0875625
3.72238 0.0876172
3.72819 0.087665
3.734 0.0877069
3.73982 0.0876185
3.74563 0.0875412
3.75144 0.0875986
3.75726 0.0876487
3.76307 0.0876927
3.76888 0.0876061
3.7747 0.0875303
3.78051 0.087589
3.78632 0.0876404
3.79214 0.0876853
3.79795 0.0875997
3.80376 0.0875247
3.80958 0.0875841
3.81539 0.0876361
3.8212 0.0876816
3.82701 0.0877214
3.83283 0.0876312
3.83864 0.0875523
3.84445 0.0876083
3.85027 0.0876572
3.85608 0.0877001
3.86189 0.0876126
3.86771 0.087536
3.87352 0.087594
3.87933 0.0876448
3.88515 0.0876892
3.89096 0.087603
3.89677 0.0875276
3.90259 0.0875867
3.9084 0.0876383
3.91421 0.0876836
3.92003 0.0877231
3.92584 0.0876327
3.93165 0.0875536
3.93746 0.0876094
3.94328 0.0876582
3.94909 0.087701
3.9549 0.0876133
3.96072 0.0875367
3.96653 0.0875946
3.97234 0.0876453
3.97816 0.0876896
3.98397 0.0876034
3.98978 0.087528
3.9956 0.087587
4.00141 0.0876386
4.00722 0.0876838
4.01304 0.0877233
4.01885 0.0876329
4.02466 0.0875538
4.03048 0.0876096
4.03629 0.0876584
4.0421 0.0877011
4.04791 0.0876134
4.05373 0.0875368
4.05954 0.0875947
4.06535 0.0876453
4.07117 0.0876897
4.07698 0.0876035
4.08279 0.087528
4.08861 0.087587
4.09442 0.0876386
4.10023 0.0876838
4.10605 0.0877233
4.11186 0.0876329
4.11767 0.0875538
4.12349 0.0876096
4.1293 0.0876584
4.13511 0.0877011
4.14093 0.0876134
4.14674 0.0875368
4.15255 0.0875947
4.15836 0.0876453
4.16418 0.0876897
4.16999 0.0876035
4.1758 0.087528
4.18162 0.087462
4.18743 0.0875293
4.19324 0.0875881
4.19906 0.0876396
4.20487 0.0875596
4.21068 0.0874897
4.2165 0.0875535
4.22231 0.0876093
4.22812 0.0876581
4.23394 0.0875759
4.23975 0.0875039
4.24556 0.0875659
4.25138 0.0876202
4.25719 0.0876676
4.263 0.0877092
4.26881 0.0876205
4.27463 0.087543
4.28044 0.0876001
4.28625 0.0876501
4.29207 0.0876938
4.29788 0.0876071
4.30369 0.0875312
4.30951 0.0875898
4.31532 0.0876411
4.32113 0.0876859
4.32695 0.0876002
4.33276 0.0875252
4.33857 0.0875845
4.34439 0.0876365
4.3502 0.0876819
4.35601 0.0877217
4.36183 0.0876315
4.36764 0.0875525
4.37345 0.0876085
4.37926 0.0876574
4.38508 0.0877002
4.39089 0.0876127
4.3967 0.0875361
4.40252 0.0875941
4.40833 0.0876448
4.41414 0.0876892
4.41996 0.0876031
4.42577 0.0875277
4.43158 0.0875867
4.4374 0.0876384
4.44321 0.0876836
4.44902 0.0877231
4.45484 0.0876327
4.46065 0.0875537
4.46646 0.0876094
4.47228 0.0876583
4.47809 0.087701
4.4839 0.0876134
4.48971 0.0875367
4.49553 0.0875946
4.50134 0.0876453
4.50715 0.0876896
4.51297 0.0876034
4.51878 0.087528
4.52459 0.087587
4.53041 0.0876386
4.53622 0.0876838
4.54203 0.0877233
4.54785 0.0876329
4.55366 0.0875538
4.55947 0.0876096
4.56529 0.0876584
4.5711 0.0877011
4.57691 0.0876134
4.58273 0.0875368
4.58854 0.0875947
4.59435 0.0876453
4.60016 0.0876897
4.60598 0.0876035
4.61179 0.087528
4.6176 0.087587
4.62342 0.0876386
4.62923 0.0876838
4.63504 0.0877233
4.64086 0.0876329
4.64667 0.0875538
4.65248 0.0876096
4.6583 0.0876584
4.66411 0.0877011
4.66992 0.0876134
4.67574 0.0875368
4.68155 0.0875947
4.68736 0.0876453
4.69317 0.0876897
4.69899 0.0876035
4.7048 0.087528
4.71061 0.087462
4.71643 0.0875293
4.72224 0.0875881
4.72805 0.0876396
4.73387 0.0875596
4.73968 0.0874897
4.74549 0.0875535
4.75131 0.0876093
4.75712 0.0876581
4.76293 0.0875759
4.76875 0.0875039
4.77456 0.0875659
4.78037 0.0876202
4.78619 0.0876676
4.792 0.0875842
4.79781 0.0875112
4.80362 0.0874473
4.80944 0.0875164
4.81525 0.0875768
4.82106 0.0876297
4.82688 0.087551
4.83269 0.0874821
4.8385 0.0875469
4.84432 0.0876035
4.85013 0.0876531
4.85594 0.0875714
4.86176 0.0875
4.86757 0.0875625
4.87338 0.0876172
4.8792 0.087665
4.88501 0.0877069
4.89082 0.0876185
4.89664 0.0875412
4.90245 0.0875986
4.90826 0.0876487
4.91407 0.0876927
4.91989 0.0876061
4.9257 0.0875303
4.93151 0.087589
4.93733 0.0876404
4.94314 0.0876853
4.94895 0.0875997
4.95477 0.0875247
4.96058 0.0875841
4.96639 0.0876361
4.97221 0.0876816
4.97802 0.0877214
4.98383 0.0876312
4.98965 0.0875523
4.99546 0.0876083
5.00127 0.0876572
5.00709 0.0877001
5.0129 0.0876126
5.01871 0.087536
5.02452 0.087594
5.03034 0.0876448
5.03615 0.0876892
5.04196 0.087603
5.04778 0.0875276
5.05359 0.0875867
5.0594 0.0876383
5.06522 0.0876836
5.07103 0.0877231
5.07684 0.0876327
5.08266 0.0875536
5.08847 0.0876094
5.09428 0.0876582
5.1001 0.087701
5.10591 0.0876133
5.11172 0.0875367
5.11754 0.0875946
5.12335 0.0876453
5.12916 0.0876896
5.13497 0.0876034
5.14079 0.087528
5.1466 0.087587
5.15241 0.0876386
5.15823 0.0876838
5.16404 0.0877233
5.16985 0.0876329
5.17567 0.0875538
5.18148 0.0876096
5.18729 0.0876584
5.19311 0.0877011
5.19892 0.0876134
5.20473 0.0875368
5.21055 0.0875947
5.21636 0.0876453
5.22217 0.0876897
5.22799 0.0876035
5.2338 0.087528
5.23961 0.087462
5.24542 0.0875293
5.25124 0.0875881
5.25705 0.0876396
5.26286 0.0875596
5.26868 0.0874897
5.27449 0.0875535
5.2803 0.0876093
5.28612 0.0876581
5.29193 0.0875759
5.29774 0.0875039
5.30356 0.0875659
5.30937 0.0876202
5.31518 0.0876676
5.321 0.0875842
5.32681 0.0875112
5.33262 0.0874473
5.33844 0.0875164
5.34425 0.0875768
5.35006 0.0876297
5.35587 0.087551
5.36169 0.0874821
5.3675 0.0875469
5.37331 0.0876035
5.37913 0.0876531
5.38494 0.0875714
5.39075 0.0875
5.39657 0.0875625
5.40238 0.0876172
5.40819 0.087665
5.41401 0.0877069
5.41982 0.0876185
5.42563 0.0875412
5.43145 0.0875986
5.43726 0.0876487
5.44307 0.0876927
5.44888 0.0876061
5.4547 0.0875303
5.46051 0.087589
5.46632 0.0876404
5.47214 0.0876853
5.47795 0.0875997
5.48376 0.0875247
5.48958 0.0875841
5.49539 0.0876361
5.5012 0.0876816
5.50702 0.0877214
5.51283 0.0876312
5.51864 0.0875523
5.52446 0.0876083
5.53027 0.0876572
5.53608 0.0877001
5.5419 0.0876126
5.54771 0.087536
5.55352 0.087594
5.55933 0.0876448
5.56515 0.0876892
5.57096 0.087603
5.57677 0.0875276
5.58259 0.0875867
5.5884 0.0876383
5.59421 0.0876836
5.60003 0.0877231
5.60584 0.0876327
5.61165 0.0875536
5.61747 0.0876094
5.62328 0.0876582
5.62909 0.087701
5.63491 0.0876133
5.64072 0.0875367
5.64653 0.0875946
5.65235 0.0876453
5.65816 0.0876896
5.66397 0.0876034
5.66978 0.087528
5.6756 0.087587
5.68141 0.0876386
5.68722 0.0876838
5.69304 0.0877233
5.69885 0.0876329
5.70466 0.0875538
5.71048 0.0876096
5.71629 0.0876584
5.7221 0.0877011
5.72792 0.0876134
5.73373 0.0875368
5.73954 0.0875947
5.74536 0.0876453
5.75117 0.0876897
5.75698 0.0876035
5.7628 0.087528
5.76861 0.087462
5.77442 0.0875293
5.78023 0.0875881
5.78605 0.0876396
5.79186 0.0875596
5.79767 0.0874897
5.80349 0.0875535
5.8093 0.0876093
5.81511 0.0876581
5.82093 0.0875759
5.82674 0.0875039
5.83255 0.0875659
5.83837 0.0876202
5.84418 0.0876676
5.84999 0.0875842
5.85581 0.0875112
5.86162 0.0874473
5.86743 0.0875164
5.87325 0.0875768
5.87906 0.0876297
5.88487 0.087551
5.89068 0.0874821
5.8965 0.0875469
5.90231 0.0876035
5.90812 0.0876531
5.91394 0.0875714
5.91975 0.0875
5.92556 0.0875625
5.93138 0.0876172
5.93719 0.087665
5.943 0.0877069
5.94882 0.0876185
5.95463 0.0875412
5.96044 0.0875986
5.96626 0.0876487
5.97207 0.0876927
5.97788 0.0876061
5.9837 0.0875303
5.98951 0.087589
5.99532 0.0876404
6.00113 0.0876853
6.00695 0.0875997
6.01276 0.0875247
6.01857 0.0875841
6.02439 0.0876361
6.0302 0.0876816
6.03601 0.0877214
6.04183 0.0876312
6.04764 0.0875523
6.05345 0.0876083
6.05927 0.0876572
6.06508 0.0877001
6.07089 0.0876126
6.07671 0.087536
6.08252 0.087594
6.08833 0.0876448
6.09415 0.0876892
6.09996 0.087603
6.10577 0.0875276
6.11158 0.0875867
6.1174 0.0876383
6.12321 0.0876836
6.12902 0.0877231
6.13484 0.0876327
6.14065 0.0875536
6.14646 0.0876094
6.15228 0.0876582
6.15809 0.087701
6.1639 0.0876133
6.16972 0.0875367
6.17553 0.0875946
6.18134 0.0876453
6.18716 0.0876896
6.19297 0.0876034
6.19878 0.087528
6.20459 0.087587
6.21041 0.0876386
6.21622 0.0876838
6.22203 0.0877233
6.22785 0.0876329
6.23366 0.0875538
6.23947 0.0876096
6.24529 0.0876584
6.2511 0.0877011
6.25691 0.0876134
6.26273 0.0875368
6.26854 0.0875947
6.27435 0.0876453
6.28017 0.0876897
6.28598 0.0876035
6.29179 0.087528
6.29761 0.087587
6.30342 0.0876386
6.30923 0.0876838
6.31504 0.0877233
6.32086 0.0876329
6.32667 0.0875538
6.33248 0.0876096
6.3383 0.0876584
6.34411 0.0877011
6.34992 0.0876134
6.35574 0.0875368
6.36155 0.0875947
6.36736 0.0876453
6.37318 0.0876897
6.37899 0.0876035
6.3848 0.087528
6.39062 0.087462
6.39643 0.0875293
6.40224 0.0875881
6.40806 0.0876396
6.41387 0.0875596
6.41968 0.0874897
6.42549 0.0875535
6.43131 0.0876093
6.43712 0.0876581
6.44293 0.0875759
6.44875 0.0875039
6.45456 0.0875659
6.46037 0.0876202
6.46619 0.0876676
6.472 0.0877092
6.47781 0.0876205
6.48363 0.087543
6.48944 0.0876001
6.49525 0.0876501
6.50107 0.0876938
6.50688 0.0876071
6.51269 0.0875312
6.51851 0.0875898
6.52432 0.0876411
6.53013 0.0876859
6.53594 0.0876002
6.54176 0.0875252
6.54757 0.0875845
6.55338 0.0876365
6.5592 0.0876819
6.56501 0.0877217
6.57082 0.0876315
6.57664 0.0875525
6.58245 0.0876085
6.58826 0.0876574
6.59408 0.0877002
6.59989 0.0876127
6.6057 0.0875361
6.61152 0.0875941
6.61733 0.0876448
6.62314 0.0876892
6.62896 0.0876031
6.63477 0.0875277
6.64058 0.0875867
6.64639 0.0876384
6.65221 0.0876836
6.65802 0.0877231
6.66383 0.0876327
6.66965 0.0875537
6.67546 0.0876094
6.68127 0.0876583
6.68709 0.087701
6.6929 0.0876134
6.69871 0.0875367
6.70453 0.0875946
6.71034 0.0876453
6.71615 0.0876896
6.72197 0.0876034
6.72778 0.087528
6.73359 0.087587
6.73941 0.0876386
6.74522 0.0876838
6.75103 0.0877233
6.75684 0.0876329
6.76266 0.0875538
6.76847 0.0876096
6.77428 0.0876584
6.7801 0.0877011
6.78591 0.0876134
6.79172 0.0875368
6.79754 0.0875947
6.80335 0.0876453
6.80916 0.0876897
6.81498 0.0876035
6.82079 0.087528
6.8266 0.087587
6.83242 0.0876386
6.83823 0.0876838
6.84404 0.0877233
6.84986 0.0876329
6.85567 0.0875538
6.86148 0.0876096
6.86729 0.0876584
6.87311 0.0877011
6.87892 0.0876134
6.88473 0.0875368
6.89055 0.0875947
6.89636 0.0876453
6.90217 0.0876897
6.90799 0.0876035
6.9138 0.087528
6.91961 0.087462
6.92543 0.0875293
6.93124 0.0875881
6.93705 0.0876396
6.94287 0.0875596
6.94868 0.0874897
6.95449 0.0875535
6.96031 0.0876093
6.96612 0.0876581
6.97193 0.0875759
6.97774 0.0875039
6.98356 0.0875659
6.98937 0.0876202
6.99518 0.0876676
7.001 0.0875842
7.00681 0.0875112
7.01262 0.0874473
7.01844 0.0875164
7.02425 0.0875768
7.03006 0.0876297
7.03588 0.087551
7.04169 0.0874821
7.0475 0.0875469
7.05332 0.0876035
7.05913 0.0876531
7.06494 0.0875714
7.07075 0.0875
7.07657 0.0875625
7.08238 0.0876172
7.08819 0.087665
7.09401 0.0877069
7.09982 0.0876185
7.10563 0.0875412
7.11145 0.0875986
7.11726 0.0876487
7.12307 0.0876927
7.12889 0.0876061
7.1347 0.0875303
7.14051 0.087589
7.14633 0.0876404
7.15214 0.0876853
7.15795 0.0875997
7.16377 0.0875247
7.16958 0.0875841
7.17539 0.0876361
7.1812 0.0876816
7.18702 0.0877214
7.19283 0.0876312
7.19864 0.0875523
7.20446 0.0876083
7.21027 0.0876572
7.21608 0.0877001
7.2219 0.0876126
7.22771 0.087536
7.23352 0.087594
7.23934 0.0876448
7.24515 0.0876892
7.25096 0.087603
7.25678 0.0875276
7.26259 0.0875867
7.2684 0.0876383
7.27422 0.0876836
7.28003 0.0877231
7.28584 0.0876327
7.29165 0.0875536
7.29747 0.0876094
7.30328 0.0876582
7.30909 0.087701
7.31491 0.0876133
7.32072 0.0875367
7.32653 0.0875946
7.33235 0.0876453
7.33816 0.0876896
7.34397 0.0876034
7.34979 0.087528
7.3556 0.087587
7.36141 0.0876386
7.36723 0.0876838
7.37304 0.0877233
7.37885 0.0876329
7.38467 0.0875538
7.39048 0.0876096
7.39629 0.0876584
7.4021 0.0877011
7.40792 0.0876134
7.41373 0.0875368
7.41954 0.0875947
7.42536 0.0876453
7.43117 0.0876897
7.43698 0.0876035
7.4428 0.087528
7.44861 0.087462
7.45442 0.0875293
7.46024 0.0875881
7.46605 0.0876396
7.47186 0.0875596
7.47768 0.0874897
7.48349 0.0875535
7.4893 0.0876093
7.49512 0.0876581
7.50093 0.0875759
7.50674 0.0875039
7.51255 0.0875659
7.51837 0.0876202
7.52418 0.0876676
7.52999 0.0875842
7.53581 0.0875112
7.54162 0.0874473
7.54743 0.0875164
7.55325 0.0875768
7.55906 0.0876297
7.56487 0.087551
7.57069 0.0874821
7.5765 0.0875469
7.58231 0.0876035
7.58813 0.0876531
7.59394 0.0875714
7.59975 0.0875
7.60557 0.0875625
7.61138 0.0876172
7.61719 0.087665
7.623 0.0877069
7.62882 0.0876185
7.63463 0.0875412
7.64044 0.0875986
7.64626 0.0876487
7.65207 0.0876927
7.65788 0.0876061
7.6637 0.0875303
7.66951 0.087589
7.67532 0.0876404
7.68114 0.0876853
7.68695 0.0875997
7.69276 0.0875247
7.69858 0.0875841
7.70439 0.0876361
7.7102 0.0876816
7.71602 0.0877214
7.72183 0.0876312
7.72764 0.0875523
7.73345 0.0876083
7.73927 0.0876572
7.74508 0.0877001
7.75089 0.0876126
7.75671 0.087536
7.76252 0.087594
7.76833 0.0876448
7.77415 0.0876892
7.77996 0.087603
7.78577 0.0875276
7.79159 0.0875867
7.7974 0.0876383
7.80321 0.0876836
7.80903 0.0877231
7.81484 0.0876327
7.82065 0.0875536
7.82646 0.0876094
7.83228 0.0876582
7.83809 0.087701
7.8439 0.0876133
7.84972 0.0875367
7.85553 0.0875946
7.86134 0.0876453
7.86716 0.0876896
7.87297 0.0876034
7.87878 0.087528
7.8846 0.087587
7.89041 0.0876386
7.89622 0.0876838
7.90204 0.0877233
7.90785 0.0876329
7.91366 0.0875538
7.91948 0.0876096
7.92529 0.0876584
7.9311 0.0877011
7.93691 0.0876134
7.94273 0.0875368
7.94854 0.0875947
7.95435 0.0876453
7.96017 0.0876897
7.96598 0.0876035
7.97179 0.087528
7.97761 0.087587
7.98342 0.0876386
7.98923 0.0876838
7.99505 0.0877233
8.00086 0.0876329
8.00667 0.0875538
8.01249 0.0876096
8.0183 0.0876584
8.02411 0.0877011
8.02993 0.0876134
8.03574 0.0875368
8.04155 0.0875947
8.04736 0.0876453
8.05318 0.0876897
8.05899 0.0876035
8.0648 0.087528
8.07062 0.087462
8.07643 0.0875293
8.08224 0.0875881
8.08806 0.0876396
8.09387 0.0875596
8.09968 0.0874897
8.1055 0.0875535
8.11131 0.0876093
8.11712 0.0876581
8.12294 0.0875759
8.12875 0.0875039
8.13456 0.0875659
8.14038 0.0876202
8.14619 0.0876676
8.152 0.0877092
8.15781 0.0876205
8.16363 0.087543
8.16944 0.0876001
8.17525 0.0876501
8.18107 0.0876938
8.18688 0.0876071
8.19269 0.0875312
8.19851 0.0875898
8.20432 0.0876411
8.21013 0.0876859
8.21595 0.0876002
8.22176 0.0875252
8.22757 0.0875845
8.23339 0.0876365
8.2392 0.0876819
8.24501 0.0877217
8.25083 0.0876315
8.25664 0.0875525
8.26245 0.0876085
8.26826 0.0876574
8.27408 0.0877002
8.27989 0.0876127
8.2857 0.0875361
8.29152 0.0875941
8.29733 0.0876448
8.30314 0.0876892
8.30896 0.0876031
8.31477 0.0875277
8.32058 0.0875867
8.3264 0.0876384
8.33221 0.0876836
8.33802 0.0877231
8.34384 0.0876327
8.34965 0.0875537
8.35546 0.0876094
8.36128 0.0876583
8.36709 0.087701
8.3729 0.0876134
8.37871 0.0875367
8.38453 0.0875946
8.39034 0.0876453
8.39615 0.0876896
8.40197 0.0876034
8.40778 0.087528
8.41359 0.087587
8.41941 0.0876386
8.42522 0.0876838
8.43103 0.0877233
8.43685 0.0876329
8.44266 0.0875538
8.44847 0.0876096
8.45429 0.0876584
8.4601 0.0877011
8.46591 0.0876134
8.47173 0.0875368
8.47754 0.0875947
8.48335 0.0876453
8.48916 0.0876897
8.49498 0.0876035
8.50079 0.087528
8.5066 0.087587
8.51242 0.0876386
8.51823 0.0876838
8.52404 0.0877233
8.52986 0.0876329
8.53567 0.0875538
8.54148 0.0876096
8.5473 0.0876584
8.55311 0.0877011
8.55892 0.0876134
8.56474 0.0875368
8.57055 0.0875947
8.57636 0.0876453
8.58217 0.0876897
8.58799 0.0876035
8.5938 0.087528
8.59961 0.087462
8.60543 0.0875293
8.61124 0.0875881
8.61705 0.0876396
8.62287 0.0875596
8.62868 0.0874897
8.63449 0.0875535
8.64031 0.0876093
8.64612 0.0876581
8.65193 0.0875759
8.65775 0.0875039
8.66356 0.0875659
8.66937 0.0876202
8.67519 0.0876676
8.681 0.0875842
8.68681 0.0875112
8.69262 0.0874473
8.69844 0.0875164
8.70425 0.0875768
8.71006 0.0876297
8.71588 0.087551
8.72169 0.0874821
8.7275 0.0875469
8.73332 0.0876035
8.73913 0.0876531
8.74494 0.0875714
8.75076 0.0875
8.75657 0.0875625
8.76238 0.0876172
8.7682 0.087665
8.77401 0.0877069
8.77982 0.0876185
8.78564 0.0875412
8.79145 0.0875986
8.79726 0.0876487
8.80307 0.0876927
8.80889 0.0876061
8.8147 0.0875303
8.82051 0.087589
8.82633 0.0876404
8.83214 0.0876853
8.83795 0.0875997
8.84377 0.0875247
8.84958 0.0875841
8.85539 0.0876361
8.86121 0.0876816
8.86702 0.0877214
8.87283 0.0876312
8.87865 0.0875523
8.88446 0.0876083
8.89027 0.0876572
8.89609 0.0877001
8.9019 0.0876126
8.90771 0.087536
8.91352 0.087594
8.91934 0.0876448
8.92515 0.0876892
8.93096 0.087603
8.93678 0.0875276
8.94259 0.0875867
8.9484 0.0876383
8.95422 0.0876836
8.96003 0.0877231
8.96584 0.0876327
8.97166 0.0875536
8.97747 0.0876094
8.98328 0.0876582
8.9891 0.087701
8.99491 0.0876133
9.00072 0.0875367
9.00654 0.0875946
9.01235 0.0876453
9.01816 0.0876896
9.02397 0.0876034
9.02979 0.087528
9.0356 0.087587
9.04141 0.0876386
9.04723 0.0876838
9.05304 0.0877233
9.05885 0.0876329
9.06467 0.0875538
9.07048 0.0876096
9.07629 0.0876584
9.08211 0.0877011
9.08792 0.0876134
9.09373 0.0875368
9.09955 0.0875947
9.10536 0.0876453
9.11117 0.0876897
9.11699 0.0876035
9.1228 0.087528
9.12861 0.087462
9.13442 0.0875293
9.14024 0.0875881
9.14605 0.0876396
9.15186 0.0875596
9.15768 0.0874897
9.16349 0.0875535
9.1693 0.0876093
9.17512 0.0876581
9.18093 0.0875759
9.18674 0.0875039
9.19256 0.0875659
9.19837 0.0876202
9.20418 0.0876676
9.21 0.0875842
9.21581 0.0875112
9.22162 0.0874473
9.22744 0.0875164
9.23325 0.0875768
9.23906 0.0876297
9.24487 0.087551
9.25069 0.0874821
9.2565 0.0875469
9.26231 0.0876035
9.26813 0.0876531
9.27394 0.0875714
9.27975 0.0875
9.28557 0.0875625
9.29138 0.0876172
9.29719 0.087665
9.30301 0.0877069
9.30882 0.0876185
9.31463 0.0875412
9.32045 0.0875986
9.32626 0.0876487
9.33207 0.0876927
9.33788 0.0876061
9.3437 0.0875303
9.34951 0.087589
9.35532 0.0876404
9.36114 0.0876853
9.36695 0.0875997
9.37276 0.0875247
9.37858 0.0875841
9.38439 0.0876361
9.3902 0.0876816
9.39602 0.0877214
9.40183 0.0876312
9.40764 0.0875523
9.41346 0.0876083
9.41927 0.0876572
9.42508 0.0877001
9.4309 0.0876126
9.43671 0.087536
9.44252 0.087594
9.44833 0.0876448
9.45415 0.0876892
9.45996 0.087603
9.46577 0.0875276
9.47159 0.0875867
9.4774 0.0876383
9.48321 0.0876836
9.48903 0.0877231
9.49484 0.0876327
9.50065 0.0875536
9.50647 0.0876094
9.51228 0.0876582
9.51809 0.087701
9.52391 0.0876133
9.52972 0.0875367
9.53553 0.0875946
9.54135 0.0876453
9.54716 0.0876896
9.55297 0.0876034
9.55878 0.087528
9.5646 0.087587
9.57041 0.0876386
9.57622 0.0876838
9.58204 0.0877233
9.58785 0.0876329
9.59366 0.0875538
9.59948 0.0876096
9.60529 0.0876584
9.6111 0.0877011
9.61692 0.0876134
9.62273 0.0875368
9.62854 0.0875947
9.63436 0.0876453
9.64017 0.0876897
9.64598 0.0876035
9.6518 0.087528
9.65761 0.087462
9.66342 0.0875293
9.66923 0.0875881
9.67505 0.0876396
9.68086 0.0875596
9.68667 0.0874897
9.69249 0.0875535
9.6983 0.0876093
9.70411 0.0876581
9.70993 0.0875759
9.71574 0.0875039
9.72155 0.0875659
9.72737 0.0876202
9.73318 0.0876676
9.73899 0.0875842
9.74481 0.0875112
9.75062 0.0874473
9.75643 0.0875164
9.76225 0.0875768
9.76806 0.0876297
9.77387 0.087551
9.77968 0.0874821
9.7855 0.0875469
9.79131 0.0876035
9.79712 0.0876531
9.80294 0.0875714
9.80875 0.0875
9.81456 0.0875625
9.82038 0.0876172
9.82619 0.087665
9.832 0.0877069
9.83782 0.0876185
9.84363 0.0875412
9.84944 0.0875986
9.85526 0.0876487
9.86107 0.0876927
9.86688 0.0876061
9.8727 0.0875303
9.87851 0.087589
9.88432 0.0876404
9.89013 0.0876853
9.89595 0.0875997
9.90176 0.0875247
9.90757 0.0875841
9.91339 0.0876361
9.9192 0.0876816
9.92501 0.0877214
9.93083 0.0876312
9.93664 0.0875523
9.94245 0.0876083
9.94827 0.0876572
9.95408 0.0877001
9.95989 0.0876126
9.96571 0.087536
9.97152 0.087594
9.97733 0.0876448
9.98315 0.0876892
9.98896 0.087603
9.99477 0.0875276
10.0006 0.0875867
10.0064 0.0876383
10.0122 0.0876836
10.018 0.0877231
10.0238 0.0876327
10.0297 0.0875536
10.0355 0.0876094
10.0413 0.0876582
10.0471 0.087701
10.0529 0.0876133
10.0587 0.0875367
10.0645 0.0875946
10.0703 0.0876453
10.0762 0.0876896
10.082 0.0876034
10.0878 0.087528
10.0936 0.087587
10.0994 0.0876386
10.1052 0.0876838
10.111 0.0877233
10.1168 0.0876329
10.1227 0.0875538
10.1285 0.0876096
10.1343 0.0876584
10.1401 0.0877011
10.1459 0.0876134
10.1517 0.0875368
10.1575 0.0875947
10.1634 0.0876453
10.1692 0.0876897
10.175 0.0876035
10.1808 0.087528
10.1866 0.087587
10.1924 0.0876386
10.1982 0.0876838
10.204 0.0877233
10.2099 0.0876329
10.2157 0.0875538
10.2215 0.0876096
10.2273 0.0876584
10.2331 0.0877011
10.2389 0.0876134
10.2447 0.0875368
10.2506 0.0875947
10.2564 0.0876453
10.2622 0.0876897
10.3411 0.0968535
10.3498 0.0956218
10.4287 0.0945441
10.4374 0.093726
10.5163 0.0930103
10.525 0.092259
10.6039 0.0916016
10.6126 0.0911514
10.6915 0.0907575
10.7002 0.0904128
10.7791 0.0901112
10.7878 0.0897223
10.8667 0.089382
10.8754 0.0892093
10.9543 0.0890581
10.963 0.0889258
11.0419 0.0886851
11.0506 0.0884745
11.1295 0.0884152
11.1383 0.0883633
11.2171 0.0883179
11.2259 0.0881531
11.3047 0.088009
11.3135 0.0880079
11.3924 0.0880069
11.4011 0.088006
11.48 0.0878803
11.4887 0.0877702
11.5676 0.087799
11.5763 0.0878241
11.6552 0.0878461
11.6639 0.0877403
11.7428 0.0876478
11.7515 0.0876918
11.8304 0.0877303
11.8391 0.087764
11.918 0.0876685
11.9267 0.087585
12.0056 0.0876368
12.0143 0.0876822
12.0932 0.087722
12.1019 0.0876317
12.1808 0.0875527
12.1895 0.0876087
12.2684 0.0876576
12.2771 0.0877004
12.356 0.0877378
12.3648 0.0876456
12.4436 0.0875649
12.4524 0.0876193
12.5312 0.0876669
12.54 0.0875835
12.6189 0.0875106
12.6276 0.0875718
12.7065 0.0876253
12.7152 0.0876721
12.7941 0.0877131
12.8028 0.087624
12.8817 0.087546
12.8904 0.0876027
12.9693 0.0876524
12.978 0.0876958
13.0569 0.0876089
13.0656 0.0875327
13.1445 0.0875912
13.1532 0.0876423
13.2321 0.087687
13.2408 0.0876011
13.3197 0.087526
13.3284 0.0875852
13.4073 0.0876371
13.416 0.0876824
13.4949 0.0875971
13.5036 0.0875225
13.5825 0.0875822
13.5913 0.0876344
13.6701 0.0876801
13.6789 0.0875951
13.7578 0.0875207
13.7665 0.0875806
13.8454 0.087633
13.8541 0.0876789
13.933 0.087594
13.9417 0.0875198
14.0206 0.0875798
14.0293 0.0876323
14.1082 0.0876783
14.1169 0.0875935
14.1958 0.0875193
14.2045 0.0875794
14.2834 0.087632
14.2921 0.087678
14.371 0.0877182
14.3797 0.0876285
14.4586 0.0875499
14.4673 0.0876062
14.5462 0.0876554
14.5549 0.0875735
14.6338 0.0875018
14.6425 0.0875641
14.7214 0.0876186
14.7302 0.0876662
14.809 0.087708
14.8178 0.0876195
14.8966 0.087542
14.9054 0.0875993
14.9843 0.0876494
14.993 0.0875682
15.0719 0.0874972
15.0806 0.08756
15.1595 0.087615
15.1682 0.0876631
15.2471 0.0877052
15.2558 0.0876171
15.3347 0.08754
15.3434 0.0875975
15.4223 0.0876478
15.431 0.0876918
15.5099 0.0876053
15.5186 0.0875297
15.5975 0.0875885
15.6062 0.0876399
15.6851 0.0876849
15.6938 0.0875993
15.7727 0.0875244
15.7814 0.0875838
15.8603 0.0876359
15.869 0.0876814
15.9479 0.0875962
15.9567 0.0875217
16.0355 0.0875815
16.0443 0.0876338
16.1232 0.0876796
16.1319 0.0875946
16.2108 0.0875203
16.2195 0.0875802
16.2984 0.0876327
16.3071 0.0876786
16.386 0.0875938
16.3947 0.0875196
16.4736 0.0875796
16.4823 0.0876322
16.5612 0.0876782
16.5699 0.0875934
16.6488 0.0875192
16.6575 0.0875793
16.7364 0.0876319
16.7451 0.0876779
16.824 0.0877182
16.8327 0.0876284
16.9116 0.0875498
16.9203 0.0876061
16.9992 0.0876554
17.0079 0.0875734
17.0868 0.0875018
17.0956 0.087564
17.1744 0.0876185
17.1832 0.0876662
17.262 0.0877079
17.2708 0.0876194
17.3497 0.087542
17.3584 0.0875993
17.4373 0.0876494
17.446 0.0875682
17.5249 0.0874972
17.5336 0.08756
17.6125 0.087615
17.6212 0.0876631
17.7001 0.0877052
17.7088 0.0876171
17.7877 0.08754
17.7964 0.0875975
17.8753 0.0876478
17.884 0.0876918
17.9629 0.0876053
17.9716 0.0875297
18.0505 0.0875885
18.0592 0.0876399
18.1381 0.0876849
18.1468 0.0875993
18.2257 0.0875244
18.2344 0.0875838
18.3133 0.0876359
18.3221 0.0876814
18.4009 0.0875962
18.4097 0.0875217
18.4885 0.0875815
18.4973 0.0876338
18.5762 0.0876796
18.5849 0.0875946
18.6638 0.0875203
18.6725 0.0875802
18.7514 0.0876327
18.7601 0.0876786
18.839 0.0875938
18.8477 0.0875196
18.9266 0.0875796
18.9353 0.0876322
19.0142 0.0876782
19.0229 0.0875934
19.1018 0.0875192
19.1105 0.0875793
19.1894 0.0876319
19.1981 0.0876779
19.277 0.0877182
19.2857 0.0876284
19.3646 0.0875498
19.3733 0.0876061
19.4522 0.0876554
19.461 0.0875734
19.5398 0.0875018
19.5486 0.087564
19.6274 0.0876185
19.6362 0.0876662
19.7151 0.0877079
19.7238 0.0876194
19.8027 0.087542
19.8114 0.0875993
19.8903 0.0876494
19.899 0.0875682
19.9779 0.0874972
19.9866 0.08756
20.0655 0.087615
20.0742 0.0876631
20.1531 0.0877052
20.1618 0.0876171
20.2407 0.08754
20.2494 0.0875975
20.3283 0.0876478
20.337 0.0876918
20.4161 0.0877303
20.425 0.087639
20.5039 0.0875592
20.513 0.0876143
20.5944 0.0880375
20.6058 0.0886578
20.7148 0.0925756
20.7267 0.0961286
20.8352 0.0992375
20.8471 0.101958
20.9556 0.104213
20.9675 0.106186
21.0761 0.108038
21.0867 0.109408
21.1642 0.106732
21.1757 0.104516
21.2537 0.102576
21.2656 0.101004
21.361 0.101754
21.3767 0.10291
21.4526 0.101546
21.4691 0.100478
21.548 0.0997929
21.5692 0.0998188
21.6582 0.101216
21.6752 0.101814
21.7536 0.100963
21.7714 0.100342
21.8622 0.101424
21.8855 0.102996
21.9635 0.102747
21.9843 0.102279
22.0627 0.101869
22.0877 0.10201
22.1823 0.104259
22.2018 0.105476
22.2836 0.104917
22.304 0.104552
22.3972 0.105733
22.4235 0.107517
22.4998 0.106827
22.524 0.106099
22.6012 0.105586
22.6304 0.105638
22.7199 0.107183
22.7428 0.107785
22.8212 0.107062
22.845 0.106429
22.9357 0.107376
22.9654 0.109079
23.0375 0.108194
23.0659 0.10717
23.1388 0.106398
23.174 0.106724
23.2571 0.108258
23.2842 0.108476
23.3584 0.107541
23.3864 0.106849
23.4734 0.107868
23.5073 0.109509
23.5747 0.108446
23.6078 0.10739
23.676 0.106716
23.7176 0.107127
23.7935 0.108361
23.8257 0.108316
23.8948 0.107401
23.9279 0.106726
24.0101 0.107885
24.0483 0.109525
24.111 0.108459
24.1488 0.107402
24.2124 0.106601
24.2599 0.107151
24.3298 0.108382
24.3659 0.108085
24.4312 0.107324
24.4681 0.106784
24.5469 0.107811
24.588 0.109334
24.6478 0.108292
24.6894 0.107381
24.75 0.106833
24.8026 0.107604
24.8666 0.108654
24.9069 0.108072
24.968 0.107188
25.0091 0.106664
25.0841 0.107956
25.1278 0.109212
25.185 0.108185
25.2291 0.107412
25.2881 0.106861
25.3436 0.107753
25.4038 0.108659
25.4462 0.107952
25.5052 0.107208
25.5484 0.106557
25.6218 0.107737
25.6663 0.10902
25.7227 0.108017
25.768 0.107265
25.8261 0.106857
25.8838 0.107875
25.941 0.108766
25.9851 0.10792
26.0424 0.107055
26.0873 0.106423
26.1594 0.107745
26.2043 0.108902
26.2603 0.107914
26.3057 0.10705
26.3646 0.106669
26.4218 0.107835
26.4787 0.108606
26.5228 0.107655
26.58 0.106823
26.6258 0.106345
26.6979 0.107802
26.7415 0.108827
26.7988 0.107848
26.8429 0.106992
26.9039 0.106743
26.9599 0.108025
27.0167 0.108647
27.0608 0.107691
27.1181 0.10698
27.1651 0.106732
27.2372 0.108266
27.2796 0.108983
27.3377 0.10786
27.3809 0.107002
27.4441 0.107002
27.4988 0.108377
27.5556 0.108705
27.5997 0.107742
27.657 0.106899
27.7049 0.106662
27.777 0.108329
27.8181 0.109038
27.8774 0.108033
27.9194 0.107154
27.9851 0.10726
28.0381 0.108727
28.095 0.108761
28.139 0.107791
28.1963 0.107067
28.2455 0.106934
28.3171 0.108692
28.357 0.108981
28.4176 0.107858
28.4583 0.107126
28.527 0.107485
28.5783 0.109049
28.6347 0.108793
28.6788 0.107694
28.736 0.106982
28.7865 0.10711
28.8565 0.108721
28.8963 0.108881
28.9569 0.107771
28.9976 0.106924
29.0672 0.107434
29.1185 0.10913
29.1736 0.108738
29.219 0.107646
29.2749 0.106815
29.3284 0.107213
29.3954 0.108937
29.4361 0.10882
29.4958 0.107717
29.5374 0.106878
29.6074 0.107518
29.6578 0.109078
29.7121 0.108568
29.7583 0.107622
29.8134 0.106795
29.8685 0.107195
29.933 0.108671
29.9754 0.108462
30.0343 0.107654
30.0772 0.106947
30.1475 0.107704
30.1976 0.109241
30.251 0.108461
30.2852 0.105903
30.3386 0.103665
30.3728 0.101582
30.4262 0.0998844
30.4604 0.0983989
30.5138 0.096974
30.548 0.0957272
30.6014 0.0947613
30.6361 0.0940412
30.6904 0.093411
30.7255 0.0928596
30.7802 0.0925022
30.8154 0.0921894
30.8706 0.0919157
30.9053 0.0916763
30.9604 0.0914667
30.9952 0.0912834
31.0503 0.091123
31.0851 0.0909826
31.1402 0.0908598
31.175 0.0906273
31.2301 0.0905489
31.2649 0.0904803
31.3191 0.0902952
31.3539 0.0901333
31.4082 0.0899917
31.443 0.0898677
31.4972 0.0897592
31.532 0.0896643
31.5863 0.0895813
31.621 0.0896336
31.6753 0.0895544
31.7101 0.0894851
31.7643 0.0894245
31.7991 0.0893714
31.8534 0.089325
31.8882 0.0892844
31.9424 0.0892488
31.9772 0.0892177
32.0315 0.0891905
32.0662 0.0891667
32.1205 0.0891459
32.1553 0.0891276
32.2095 0.0891117
32.2443 0.0890977
32.2986 0.0890855
32.3334 0.0890748
32.3876 0.0890655
32.4224 0.0890573
32.4767 0.0890501
32.5114 0.0890438
32.5657 0.0890384
32.6005 0.0890336
32.6547 0.0890294
32.6895 0.0890257
32.7438 0.0890225
32.7786 0.0890197
32.8328 0.0890172
32.8676 0.0890151
32.9219 0.0890132
32.9566 0.0890115
33.0109 0.0890101
33.0457 0.0890088
33.0999 0.0890077
33.1347 0.0890068
33.189 0.0890059
33.2238 0.0890052
33.278 0.0891295
33.3128 0.0891133
33.3671 0.0890992
33.4018 0.0890868
33.4561 0.0890759
33.4909 0.0890664
33.5451 0.0890581
33.5799 0.0890509
33.6342 0.0890445
33.669 0.0890389
33.7232 0.0890341
33.758 0.0890298
33.8123 0.0890261
33.847 0.0891478
33.9013 0.0891293
33.9361 0.0891132
33.9903 0.089099
34.0251 0.0890867
34.0794 0.0890758
34.1142 0.0890663
34.1684 0.089058
34.2032 0.0890508
34.2575 0.0890444
34.2922 0.0890389
34.3465 0.089034
34.3813 0.0890298
34.4355 0.089026
34.4703 0.0890228
34.5246 0.0890199
34.5594 0.0890174
34.6136 0.0890153
34.6484 0.0890134
34.7027 0.0890117
34.7374 0.0890102
34.7917 0.0890089
34.8265 0.0890078
34.8807 0.0890068
34.9155 0.089006
34.9698 0.0890052
35.0046 0.0890046
35.0588 0.089004
35.0936 0.0890035
35.1479 0.0890031
35.1826 0.0890027
35.2369 0.0890024
35.2717 0.0890021
35.3259 0.0890018
35.3607 0.0890016
35.415 0.0890014
35.4498 0.0890012
35.504 0.0891261
35.5388 0.0891103
35.5931 0.0890965
35.6278 0.0890844
35.6821 0.0890739
35.7169 0.0890647
35.7711 0.0890566
35.8059 0.0890495
35.8602 0.0890433
35.895 0.0890379
35.9492 0.0890332
35.984 0.089029
36.0383 0.0890254
36.073 0.0891472
36.1273 0.0891288
36.1621 0.0891127
36.2163 0.0890986
36.2511 0.0890863
36.3054 0.0890755
36.3402 0.0890661
36.3944 0.0890578
36.4292 0.0890506
36.4835 0.0890443
36.5182 0.0890387
36.5725 0.0890339
36.6073 0.0890296
36.6615 0.0890259
36.6963 0.0890227
36.7506 0.0890199
36.7854 0.0890174
36.8396 0.0890152
36.8744 0.0890133
36.9287 0.0890116
36.9634 0.0890102
37.0177 0.0890089
37.0525 0.0890078
37.1067 0.0890068
37.1415 0.089006
37.1958 0.0890052
37.2306 0.0890046
37.2848 0.089004
37.3196 0.0890035
37.3739 0.0890031
37.4086 0.0890027
37.4629 0.0890023
37.4977 0.089002
37.5519 0.0890018
37.5867 0.0890016
37.641 0.0890014
37.6758 0.0890012
37.73 0.089126
37.7648 0.0891103
37.8191 0.0890965
37.8538 0.0890844
37.9081 0.0890739
37.9429 0.0890646
37.9971 0.0890566
38.0319 0.0890495
38.0862 0.0890433
38.121 0.0890379
38.1752 0.0890332
38.21 0.089029
38.2643 0.0890254
38.299 0.0891472
38.3533 0.0891288
38.3881 0.0891127
38.4423 0.0890986
38.4771 0.0890863
38.5314 0.0890755
38.5662 0.0890661
38.6204 0.0890578
38.6552 0.0890506
38.7095 0.0890443
38.7442 0.0890387
38.7985 0.0890339
38.8333 0.0890296
38.8875 0.0890259
38.9223 0.0890227
38.9766 0.0890199
39.0114 0.0890174
39.0656 0.0890152
39.1004 0.0890133
39.1547 0.0890116
39.1894 0.0890102
39.2437 0.0890089
39.2785 0.0890078
39.3327 0.0890068
39.3675 0.089006
39.4218 0.0890052
39.4566 0.0890046
39.5108 0.089004
39.5456 0.0890035
39.5999 0.0890031
39.6346 0.0890027
39.6889 0.0890023
39.7237 0.089002
39.7779 0.0890018
39.8127 0.0890016
39.867 0.0890014
39.9018 0.0890012
39.956 0.089126
39.9908 0.0891103
40.0451 0.0890965
40.0798 0.0890844
40.1341 0.0890739
40.1689 0.0890646
40.2275 0.0895566
40.2622 0.090112
40.3233 0.090848
40.3589 0.091492
40.4217 0.0923055
40.4632 0.0938923
40.5323 0.0960308
40.5802 0.0986519
40.6655 0.102945
40.724 0.107952
40.8219 0.113958
40.8592 0.116713
40.9436 0.117374
40.9809 0.117827
41.0657 0.118349
41.103 0.11893
41.2213 0.123564
41.2955 0.132119
41.4583 0.145229
41.5325 0.1567
41.6954 0.166738
41.7662 0.175145
41.9027 0.179127
42.0032 0.186361
42.138 0.192566
42.2381 0.19787
42.3729 0.202387
42.4734 0.206463
42.6082 0.210155
42.7087 0.213261
42.8028 0.210853
42.8915 0.207372
42.9864 0.20445
43.0755 0.201894
43.1671 0.199282
43.2591 0.197372
43.3511 0.1957
43.4431 0.194238
43.5347 0.192833
43.6267 0.191604
43.7191 0.190778
43.8103 0.189931
43.9031 0.18919
43.9939 0.188416
44.0871 0.187864
44.1775 0.187381
44.2712 0.186958
44.3598 0.186339
44.4539 0.185796
44.5421 0.185447
44.6362 0.185141
44.7244 0.184748
44.8185 0.184405
44.8851 0.181479
44.9831 0.179419
45.0484 0.177367
45.1476 0.175696
45.198 0.172484
45.2964 0.169548
45.3494 0.16723
45.4609 0.166826
45.5075 0.165723
45.611 0.163883
45.661 0.162647
45.7755 0.162816
45.823 0.162714
45.926 0.16125
45.9773 0.160344
46.0905 0.160801
46.1402 0.161076
46.2398 0.159566
46.2928 0.15862
46.4026 0.159168
46.456 0.159772
46.5502 0.1583
46.607 0.157263
46.7028 0.156605
46.763 0.156654
46.8385 0.154073
46.9025 0.152189
46.9822 0.151165
47.059 0.151769
47.126 0.150673
47.1989 0.149339
47.2697 0.148672
47.3553 0.149713
47.4189 0.149624
47.4944 0.148296
47.5627 0.147759
47.6466 0.148289
47.7153 0.148878
47.7853 0.147643
47.8574 0.146938
47.9332 0.14707
48.0134 0.148187
48.0744 0.147288
48.155 0.146627
48.2186 0.146299
48.3081 0.147137
48.3623 0.146744
48.4425 0.145151
48.5014 0.144382
48.593 0.145085
48.6498 0.145449
48.7278 0.144143
48.7889 0.1435
48.8745 0.143938
48.9407 0.144945
49.0098 0.143702
49.0785 0.142989
49.1522 0.142991
49.2311 0.144242
49.2922 0.143712
49.3672 0.142748
49.4321 0.142404
49.5199 0.143604
49.5788 0.143903
49.6551 0.142915
49.7179 0.142426
49.8031 0.143123
49.8663 0.143857
49.9358 0.142375
50.0002 0.141328
50.0753 0.141162
50.1503 0.142267
50.2131 0.141734
50.2831 0.140642
50.3242 0.136937
50.3709 0.130695
50.4118 0.125233
50.4586 0.120579
50.4994 0.116506
50.5462 0.112943
50.587 0.109825
50.6338 0.106972
50.6759 0.104601
50.7297 0.103525
50.7759 0.103085
50.8306 0.102824
50.8769 0.102596
50.9316 0.102397
50.9782 0.102347
51.0325 0.102179
51.0791 0.102031
51.1334 0.101902
51.18 0.10179
51.2343 0.101691
51.2814 0.101605
51.3352 0.101529
51.3755 0.100588
51.4293 0.0997644
51.47 0.0991688
51.5235 0.0985227
51.5642 0.0979574
51.6176 0.0974627
51.6587 0.0970299
51.7117 0.0966511
51.752 0.0961947
51.805 0.0957954
51.8457 0.095571
51.8987 0.0953746
51.939 0.0950778
51.9924 0.0949431
52.0323 0.0948252
52.0857 0.094597
52.1251 0.0943974
52.1785 0.0942227
52.2184 0.0940699
52.2718 0.0939361
52.3117 0.0938191
52.3638 0.0935917
52.4037 0.0933928
52.4563 0.0933437
52.4957 0.0931757
52.5483 0.0930287
52.5877 0.0929002
52.6403 0.0927876
52.6797 0.0926892
52.7323 0.092603
52.7713 0.0925277
52.8243 0.0924617
52.8629 0.092279
52.9159 0.0921191
52.9549 0.0921042
53.0075 0.0920912
53.0469 0.0920798
53.0995 0.0920698
53.1385 0.0920611
53.1915 0.0920535
53.2301 0.0920468
53.2835 0.0920409
53.3221 0.0920358
53.3755 0.0920313
53.4141 0.0920274
53.4671 0.092024
53.5057 0.091896
53.5587 0.091784
53.5972 0.091811
53.6502 0.0918346
53.6888 0.0917303
53.7418 0.091639
53.7804 0.0916841
53.8334 0.0917236
53.872 0.0916332
53.925 0.091554
53.9636 0.0916098
54.017 0.0917835
54.0552 0.0918106
54.1086 0.0917093
54.1472 0.0917456
54.2006 0.0917774
54.2392 0.0918052
54.2926 0.0918296
54.3308 0.0917259
54.3842 0.0917601
54.4228 0.0917901
54.4758 0.0916914
54.5148 0.0917299
54.5678 0.0917637
54.6064 0.0917932
54.6598 0.0918191
54.6979 0.0917167
54.7514 0.0917521
54.79 0.0917831
54.843 0.0916852
54.8815 0.0917246
54.9345 0.091759
54.9731 0.0917891
55.0261 0.0918155
55.0647 0.0917135
55.1177 0.0916243
55.1563 0.0916713
55.2093 0.0917124
55.2483 0.0917483
55.3009 0.0916548
55.3399 0.0915729
55.3929 0.0916263
55.4315 0.091673
55.4849 0.0917139
55.5231 0.0917497
55.5765 0.091781
55.6146 0.0916833
55.6685 0.0917229
55.7062 0.0917576
55.7605 0.0917879
55.7978 0.0916894
55.8521 0.0917282
55.8894 0.0917622
55.9437 0.0916669
55.981 0.0915835
56.0357 0.0916356
56.0726 0.0916811
56.1273 0.091721
56.1641 0.0917559
56.2188 0.0916614
56.2557 0.0915787
56.3104 0.0916314
56.3477 0.0916775
56.402 0.0917178
56.4397 0.0917531
56.494 0.0917839
56.5313 0.0918109
56.5856 0.0917096
56.6229 0.0916209
56.6772 0.0916683
56.7145 0.0917097
56.7688 0.091621
56.8061 0.0916684
56.8603 0.0917098
56.8977 0.0916211
56.9519 0.0915435
56.9892 0.0916005
57.0435 0.0916505
57.0808 0.0915692
57.1351 0.091623
57.1728 0.0916701
57.2267 0.0915864
57.2648 0.0916381
57.3183 0.0916833
57.3564 0.0917229
57.4099 0.0916325
57.4484 0.0916785
57.5014 0.0917187
57.5404 0.0917538
57.5934 0.0917846
57.632 0.0918115
57.6855 0.0918351
57.7236 0.0917307
57.777 0.0917644
57.8156 0.0917938
57.8686 0.0916946
57.9072 0.0917328
57.9602 0.0917662
57.9988 0.0916704
58.0518 0.0915866
58.0904 0.0916383
58.1434 0.0916835
58.182 0.0915981
58.235 0.0915233
58.274 0.0915829
58.3265 0.091635
58.3655 0.0916806
58.4185 0.0917206
58.4571 0.0917555
58.5106 0.0917861
58.5487 0.0916878
58.6021 0.0917268
58.6403 0.091761
58.6941 0.0917908
58.7319 0.091692
58.7862 0.0917305
58.8235 0.0917642
58.8777 0.0916687
58.9151 0.0917101
58.9693 0.0917463
59.0066 0.091653
59.0613 0.0916964
59.0982 0.0917343
59.1529 0.0916426
59.1898 0.0915622
59.2445 0.091617
59.2814 0.0916648
59.3361 0.0917067
59.3734 0.0917434
59.4277 0.0916505
59.4654 0.0916942
59.5197 0.0917324
59.557 0.0916408
59.6113 0.0916857
59.6486 0.091725
59.7028 0.0916344
59.7402 0.0916801
59.7944 0.0917201
59.8317 0.0916301
59.886 0.0916763
59.9233 0.0917168
59.9776 0.0916272
60.0149 0.0915488
60.0692 0.0916052
60.1065 0.0916545
60.1608 0.0915727
60.2003 0.0918761
60.2567 0.0923916
60.297 0.0928427
60.3559 0.0936123
60.3966 0.0944108
60.4602 0.0957344
60.5056 0.0973926
60.5764 0.0997186
60.6323 0.103129
60.7205 0.108238
60.7807 0.113208
60.8694 0.117682
60.9228 0.120722
60.9927 0.121006
61.0462 0.121381
61.1182 0.121958
61.1874 0.124338
61.3031 0.131921
61.421 0.144556
61.5499 0.157236
61.6673 0.168457
61.7958 0.17815
61.9132 0.186631
62.0375 0.193552
62.1426 0.197983
62.2715 0.202485
62.3839 0.2073
62.509 0.211012
62.6154 0.213636
62.7087 0.211931
62.8007 0.208565
62.9029 0.206744
62.9944 0.205151
63.092 0.203132
63.1882 0.201991
63.2862 0.201117
63.382 0.200102
63.4791 0.199214
63.5762 0.198688
63.6737 0.198102
63.7699 0.197464
63.867 0.197031
63.9573 0.195902
64.0549 0.194789
64.1452 0.193941
64.2431 0.193323
64.333 0.192658
64.4314 0.192075
64.5208 0.191441
64.6188 0.190886
64.7087 0.190525
64.8003 0.18946
64.8715 0.186152
64.9559 0.182258
65.0233 0.178476
65.1187 0.176541
65.1793 0.173974
65.2662 0.170727
65.3303 0.168261
65.4282 0.167478
65.4969 0.167294
65.5821 0.165632
65.6529 0.164428
65.7471 0.164499
65.8234 0.165312
65.9035 0.164148
65.9781 0.163005
66.0651 0.162879
66.1469 0.163519
66.2194 0.162329
66.2999 0.161163
66.3788 0.160893
66.4687 0.161906
66.5382 0.161668
66.6222 0.160709
66.6926 0.159871
66.7859 0.160262
66.8465 0.159479
66.9309 0.157669
66.9957 0.156586
67.092 0.157137
67.1547 0.15737
67.2374 0.155949
67.3036 0.15508
67.3947 0.15532
67.4647 0.15603
67.541 0.154776
67.6127 0.153929
67.6949 0.153938
67.7742 0.154946
67.842 0.154078
67.9201 0.153068
67.9926 0.152684
68.0824 0.153849
68.146 0.153868
68.2258 0.152509
68.2936 0.151821
68.3826 0.152468
68.4484 0.152785
68.5238 0.151312
68.5934 0.150523
68.6765 0.150832
68.7511 0.151728
68.8198 0.150637
68.8948 0.149683
68.969 0.149722
69.0534 0.150882
69.1166 0.150397
69.1946 0.149222
69.2629 0.148819
69.3523 0.149967
69.4159 0.150346
69.4931 0.149178
69.5622 0.148906
69.6466 0.149417
69.7165 0.14999
69.7852 0.148616
69.8586 0.147789
69.9311 0.147566
70.0155 0.148745
70.074 0.147902
70.1558 0.146914
70.2173 0.14655
70.3127 0.147856
70.3496 0.145874
70.4003 0.13864
70.4372 0.13231
70.4879 0.126646
70.5248 0.12169
70.5755 0.117479
70.6125 0.113794
70.6631 0.11057
70.7026 0.107999
70.7616 0.106749
70.8065 0.106405
70.8663 0.10623
70.9117 0.106076
70.9723 0.106066
71.0168 0.105933
71.0779 0.105816
71.122 0.105714
71.183 0.10575
71.2275 0.105781
71.2882 0.105684
71.3331 0.105723
71.3937 0.105633
71.4306 0.104554
71.4908 0.103609
71.5282 0.102908
71.5879 0.10217
71.6253 0.101524
71.6855 0.101083
71.7232 0.100698
71.7838 0.10036
71.8211 0.100065
71.8813 0.0998073
71.9182 0.0994563
71.9784 0.0991493
72.0158 0.0988806
72.076 0.0986456
72.1141 0.0986899
72.1743 0.0987286
72.2121 0.0986376
72.2702 0.0983079
72.3075 0.0978944
72.3656 0.0975326
72.4033 0.097341
72.461 0.0970484
72.4991 0.0969173
72.5572 0.0969277
72.5958 0.0968117
72.6539 0.0967102
72.6925 0.0967465
72.7501 0.0967782
72.7883 0.0966809
72.8464 0.0965958
72.8841 0.0965213
72.9426 0.0964561
72.9808 0.0963991
73.0389 0.0963492
73.0779 0.0964306
73.1364 0.0966268
73.1758 0.0967984
73.2339 0.0968236
73.2738 0.0969707
73.3297 0.0968493
73.3696 0.0967432
73.426 0.0966503
73.4654 0.096569
73.5218 0.0964979
73.5617 0.0964356
73.6189 0.0965062
73.6579 0.0964429
73.7151 0.0965125
73.7546 0.0965735
73.811 0.0963768
73.8508 0.0963297
73.9076 0.0964135
73.9479 0.0964868
74.0052 0.0966759
74.045 0.0968414
74.1018 0.0967363
74.1413 0.0966442
74.1985 0.0966887
74.2375 0.0966026
74.2948 0.0965273
74.3338 0.0964614
74.3906 0.0964037
74.43 0.0964782
74.4864 0.0964185
74.5258 0.0962412
74.5818 0.096086
74.6212 0.0960753
74.6776 0.0960658
74.7179 0.0960576
74.7743 0.0961754
74.815 0.0964035
74.871 0.0963531
74.9108 0.0961839
74.9668 0.0961609
75.0067 0.0961408
75.0622 0.0961232
75.1021 0.0961078
75.1576 0.0959693
75.1975 0.0958482
75.2534 0.0958671
75.2929 0.0957588
75.3497 0.0957889
75.3891 0.0959403
75.4463 0.0960728
75.4853 0.0960637
75.5426 0.0960557
75.5816 0.0960487
75.6388 0.0960426
75.6774 0.0960373
75.7351 0.0961577
75.7737 0.0961379
75.8309 0.0959957
75.8691 0.0959962
75.9267 0.0959967
75.964 0.0958721
76.0226 0.0958881
76.0594 0.0957771
76.118 0.09568
76.1548 0.095595
76.2138 0.0956456
76.2507 0.0956899
76.3105 0.0958537
76.3469 0.0958719
76.4067 0.095888
76.4432 0.096027
76.5025 0.0960236
76.539 0.0958956
76.5983 0.0959087
76.6348 0.0959201
76.6946 0.0959301
76.7306 0.0959388
76.79 0.0958215
76.8265 0.0958438
76.8862 0.0959883
76.9223 0.0959898
76.9816 0.0958661
77.0177 0.0957578
77.0775 0.0957881
77.1135 0.0958146
77.1737 0.0958377
77.2102 0.095983
77.2691 0.0959851
77.3056 0.095862
77.3645 0.0957542
77.401 0.09566
77.4599 0.0955775
77.4968 0.0956303
77.5557 0.0956765
77.5926 0.0957169
77.6516 0.0957523
77.6885 0.0957833
77.7478 0.0958104
77.7843 0.0958341
77.8436 0.0958548
77.8805 0.095873
77.9395 0.0958888
77.9763 0.0959027
78.0349 0.0957899
78.0717 0.0956912
78.1303 0.0957298
78.1671 0.0957635
78.2265 0.0957931
78.263 0.095694
78.3223 0.0957322
78.3588 0.0957657
78.4182 0.095795
78.4538 0.0956956
78.5136 0.0956087
78.55 0.0957826
78.6094 0.0958097
78.6458 0.0957085
78.7052 0.095745
78.7421 0.0959018
78.801 0.0959141
78.8383 0.0959248
78.8973 0.0959342
78.9342 0.0959425
78.9931 0.0959497
79.0296 0.0958309
79.0885 0.0957271
79.125 0.0956362
79.1843 0.0956817
79.2208 0.0957215
79.2801 0.0957563
79.3158 0.0956617
79.376 0.095579
79.4112 0.0956316
79.4709 0.0955527
79.5061 0.0954836
79.5663 0.0955482
79.602 0.0954796
79.6617 0.0954197
79.6969 0.0953672
79.7571 0.0954463
79.7928 0.0955155
79.853 0.0954511
79.8886 0.0955197
79.9488 0.0955797
79.9844 0.0956323
80.045 0.0958032
80.0811 0.0959528
80.1409 0.0958337
80.177 0.0957295
80.241 0.0963883
80.2766 0.0968398
80.3428 0.0973598
80.3792 0.0980648
80.4471 0.0989317
80.4886 0.10019
80.5637 0.102166
80.6099 0.104521
80.7023 0.108831
80.7592 0.113977
80.8762 0.12148
80.9186 0.12617
81.0008 0.125898
81.0432 0.125786
81.1263 0.125813
81.1687 0.125711
81.2701 0.127997
81.3532 0.135123
81.5224 0.149732
81.6059 0.162516
81.7746 0.173701
81.8586 0.183614
82.0138 0.190537
82.0731 0.193595
82.1974 0.192395
82.2754 0.193596
82.4094 0.195897
82.4878 0.197909
82.6209 0.199546
82.6985 0.200978
82.8329 0.202355
82.9105 0.203561
83.0449 0.204616
83.1225 0.205539
83.2569 0.206346
83.332 0.206678
83.4609 0.206343
83.5359 0.20605
83.6648 0.205794
83.7403 0.205695
83.8594 0.204358
83.9358 0.203188
84.0549 0.202165
84.1316 0.201394
84.2292 0.198095
84.3161 0.196458
84.4106 0.194526
84.498 0.192835
84.5925 0.191481
84.6795 0.190296
84.774 0.189259
84.8609 0.188226
84.947 0.186198
85.0293 0.184048
85.1213 0.182917
85.2107 0.182678
85.296 0.181593
85.3778 0.179769
85.4694 0.179048
85.5563 0.179042
85.6407 0.178036
85.717 0.175782
85.8086 0.174809
85.8896 0.174583
85.9777 0.173885
86.0464 0.171775
86.1414 0.170803
86.2118 0.170077
86.308 0.169693
86.3632 0.167481
86.4641 0.166046
86.5222 0.165165
86.6307 0.16527
86.6782 0.164111
86.7846 0.162847
86.8355 0.162116
86.9538 0.162977
86.9983 0.16298
87.1081 0.161982
87.1569 0.161484
87.2773 0.162424
87.3206 0.162621
87.4282 0.161168
87.4757 0.160397
87.5957 0.161223
87.6419 0.16182
87.7454 0.160342
87.7942 0.159424
87.9069 0.159621
87.9587 0.160169
88.0545 0.158648
88.105 0.157067
88.2101 0.156933
88.2695 0.157942
88.3627 0.157199
88.4166 0.155924
88.5162 0.155684
88.5781 0.156473
88.6731 0.156539
88.7248 0.155222
88.8253 0.154819
88.8821 0.155217
88.9848 0.155689
89.031 0.154728
89.134 0.154012
89.1819 0.153636
89.2977 0.154931
89.3384 0.15519
89.4439 0.154041
89.4885 0.153536
89.6055 0.154594
89.647 0.155145
89.7484 0.153627
89.7937 0.152673
89.9057 0.153214
89.9544 0.154187
90.0486 0.152789
90.099 0.151815
90.2012 0.151963
90.2601 0.153093
90.3445 0.151831
90.3589 0.145102
90.4321 0.137965
90.4466 0.131719
90.5201 0.126254
90.5342 0.121472
90.6078 0.117163
90.6218 0.113393
90.6979 0.110469
90.7153 0.10841
90.8069 0.108484
90.8264 0.108798
90.9188 0.109199
90.9388 0.109549
91.0312 0.10998
91.0515 0.110358
91.1435 0.110563
91.1643 0.110868
91.2559 0.111009
91.2767 0.111133
91.3687 0.111366
91.389 0.111571
91.4705 0.110374
91.4908 0.109202
91.5709 0.108052
91.593 0.107296
91.6727 0.106634
91.6952 0.106179
91.7745 0.105657
91.7969 0.105075
91.8741 0.104441
91.8966 0.103885
91.9729 0.10315
91.9958 0.102631
92.0713 0.102177
92.0942 0.10178
92.1701 0.101433
92.1925 0.101003
92.2688 0.100628
92.2909 0.1003
92.3672 0.100137
92.3893 0.0999949
92.4652 0.0997456
92.4876 0.0995274
92.5614 0.0990865
92.5839 0.0987007
92.6572 0.0983631
92.6805 0.0981927
92.7539 0.0979186
92.7768 0.0976788
92.8501 0.0975939
92.8735 0.0975197
92.9472 0.0974547
92.9706 0.0973979
93.0443 0.0973481
93.0672 0.0973046
93.1406 0.0971416
93.1635 0.0969989
93.2373 0.096999
93.2597 0.0968741
93.3335 0.0967649
93.356 0.0966692
93.4302 0.0967106
93.4522 0.0967468
93.5264 0.0966534
93.5489 0.0965717
93.6218 0.0963753
93.6447 0.0963284
93.7172 0.0962873
93.7401 0.0962514
93.8131 0.09622
93.8359 0.0960675
93.9089 0.095934
93.9318 0.0959423
94.0047 0.0959495
94.028 0.0960808
94.1005 0.0960707
94.1238 0.0959369
94.1959 0.0958198
94.2192 0.0958423
94.2917 0.095862
94.3151 0.0958793
94.3871 0.0958943
94.4105 0.0957826
94.483 0.0956847
94.5063 0.0957241
94.5796 0.0958836
94.6021 0.0958982
94.6755 0.0959109
94.6979 0.095797
94.7717 0.0958224
94.7938 0.0958446
94.8671 0.095864
94.8892 0.095881
94.9625 0.0957709
94.985 0.0956745
95.0579 0.0955902
95.0804 0.0956414
95.1537 0.0956863
95.1758 0.0956005
95.2487 0.0955254
95.2712 0.0955847
95.3441 0.0956366
95.3662 0.0955571
95.4399 0.0954874
95.4616 0.0954265
95.5353 0.0954982
95.5578 0.0955609
95.6312 0.0956158
95.6541 0.0957888
95.727 0.0956902
95.7503 0.0957289
95.8228 0.0957628
95.8461 0.0957925
95.9186 0.0958184
95.9424 0.0958411
96.0149 0.095861
96.0386 0.0958783
96.1111 0.0960186
96.1349 0.0960162
96.207 0.0958892
96.2311 0.0960281
96.3032 0.0961495
96.3274 0.0961309
96.3995 0.0961145
96.4232 0.0961002
96.4953 0.0960877
96.519 0.0960767
96.5898 0.0958171
96.6136 0.09559
96.6844 0.0955162
96.7081 0.0954517
96.7794 0.0953952
96.8035 0.0953458
96.8748 0.0953026
96.8993 0.0953898
96.9706 0.0954661
96.9952 0.0955328
97.0664 0.0955912
97.091 0.0955173
97.1622 0.0955776
97.1872 0.0957554
97.2581 0.095786
97.2835 0.0958128
97.3539 0.0957112
97.3797 0.0957473
97.4497 0.0957789
97.476 0.0958065
97.5455 0.0958307
97.5718 0.0958518
97.6413 0.0958704
97.6676 0.0958866
97.7372 0.0959007
97.7635 0.0959132
97.833 0.095799
97.8597 0.0958241
97.9284 0.0958461
97.9547 0.0957404
98.0238 0.0956478
98.0505 0.0956918
98.1192 0.0957304
98.1463 0.0957641
98.2146 0.0956686
98.2422 0.09571
98.3108 0.0957462
98.3376 0.095653
98.4067 0.0956963
98.433 0.0956093
98.5025 0.0956581
98.5284 0.0957009
98.5979 0.0956133
98.6238 0.0955366
98.6933 0.0955945
98.7192 0.0956452
98.7887 0.0955646
98.815 0.095494
98.8841 0.0955572
98.91 0.0954876
98.9791 0.0954266
99.0054 0.0954983
99.074 0.095436
99.1003 0.0953815
99.1694 0.0953338
99.1957 0.0952921
99.2644 0.0952556
99.2907 0.0952236
99.3594 0.0951957
99.3857 0.0951712
99.4544 0.0951498
99.4807 0.0951311
99.5498 0.0951147
99.5761 0.0952254
99.6447 0.0951972
99.6715 0.0951725
99.7397 0.095151
99.7664 0.0951321
99.8347 0.0951156
99.8614 0.0951011
99.9297 0.0950885
99.956 0.0949524
100.024 0.0949584
100.051 0.0949636
100.12 0.0950931
100.146 0.0950815
100.216 0.0950713
100.241 0.0951874
100.311 0.095289
100.337 0.0953778
100.407 0.0953306
100.433 0.0952893
100.503 0.0953781
100.528 0.0954559
100.598 0.0953989
100.623 0.095349
100.694 0.0955554
100.719 0.095611
100.782 0.0946596
100.807 0.0937021
100.87 0.0928644
100.894 0.0922563
100.957 0.0917243
100.982 0.0911338
101.045 0.090617
101.07 0.0902899
101.133 0.0901287
101.158 0.0898626
101.221 0.0896298
101.246 0.089426
101.31 0.0893728
101.333 0.0892012
101.399 0.089051
101.423 0.0890447
101.487 0.0890391
101.512 0.0890342
101.575 0.0889049
101.6 0.0887918
101.663 0.0886928
101.688 0.0886062
101.753 0.0887804
101.778 0.0890579
101.845 0.0894257
101.87 0.0897474
101.937 0.090029
101.964 0.0904004
102.031 0.0907253
102.057 0.0911347
102.124 0.0914928
102.151 0.0916812
102.218 0.0918461
102.244 0.0921153
102.311 0.0923509
102.338 0.092557
102.404 0.0926124
102.432 0.0926609
102.498 0.0927032
102.525 0.0928653
102.592 0.0930072
102.618 0.0930063
102.685 0.0930055
102.712 0.0931298
102.778 0.0932386
102.805 0.0932088
102.87 0.0929327
102.897 0.0926911
102.961 0.0924797
102.988 0.0924197
103.053 0.0924923
103.081 0.0924307
103.145 0.0923769
103.173 0.0923298
103.238 0.0922886
103.265 0.0923775
103.331 0.0925803
103.359 0.0926328
103.424 0.0925537
103.452 0.0926095
103.516 0.0926583
103.545 0.092701
103.609 0.0927384
103.637 0.0926461
103.702 0.0925653
103.728 0.0924946
103.794 0.0924328
103.821 0.0923787
103.886 0.0924564
103.913 0.0925243
103.98 0.0925838
104.006 0.0926358
104.073 0.0926813
104.099 0.0925962
104.165 0.0925216
104.191 0.0924564
104.257 0.0923994
104.283 0.0923495
104.349 0.0924308
104.375 0.0925019
104.442 0.0925642
104.468 0.0926187
104.535 0.0926663
104.561 0.092708
104.628 0.0927445
104.653 0.0926515
104.72 0.09257
104.745 0.0924988
104.812 0.0924364
104.838 0.0923819
104.905 0.0923341
104.93 0.0924174
104.997 0.0924902
105.022 0.0924289
105.089 0.0923753
105.114 0.0923284
105.181 0.0922873
105.206 0.0922514
105.273 0.09222
105.299 0.0921925
105.366 0.0921684
105.392 0.0923974
105.459 0.0925977
105.485 0.092648
105.552 0.092692
105.579 0.0928555
105.645 0.0928736
105.672 0.0928894
105.738 0.0929032
105.765 0.0929153
105.831 0.0929259
105.858 0.0929351
105.924 0.0928183
105.951 0.092841
106.017 0.0928608
106.045 0.0928782
106.109 0.0927685
106.136 0.0926724
106.201 0.0925884
106.228 0.0923898
106.292 0.0923411
106.32 0.0924234
106.384 0.0923705
106.412 0.0923242
106.476 0.0922837
106.505 0.0922482
106.569 0.0923422
106.598 0.0925494
106.662 0.0924807
106.691 0.0924206
106.754 0.0924931
106.783 0.0924314
106.847 0.0923775
106.875 0.0924553
106.939 0.0925234
106.968 0.092458
107.032 0.0924007
107.06 0.0924756
107.123 0.0924162
107.152 0.0922392
107.215 0.0920843
107.243 0.0920737
107.307 0.0921895
107.336 0.0921658
107.401 0.0922701
107.43 0.0924863
107.494 0.0925505
107.523 0.0926067
107.587 0.0927809
107.616 0.0929333
107.68 0.0929416
107.709 0.0929489
107.773 0.0928303
107.802 0.0928515
107.866 0.0928701
107.895 0.0928863
107.959 0.0929005
107.988 0.092913
108.052 0.0929238
108.08 0.0928084
108.144 0.0927073
108.172 0.0924939
108.236 0.0924322
108.264 0.0923781
108.328 0.0923309
108.356 0.0922895
108.42 0.0923783
108.449 0.092456
108.513 0.092399
108.541 0.0924741
108.605 0.0925399
108.634 0.0925974
108.698 0.0926477
108.727 0.0925668
108.791 0.0924959
108.819 0.0924339
108.883 0.0925047
108.912 0.0926916
108.975 0.0926051
109.005 0.0926545
109.067 0.0925727
109.097 0.0923761
109.159 0.0922041
109.188 0.0921786
109.25 0.0921563
109.28 0.0921367
109.342 0.0921196
109.372 0.0921047
109.435 0.0920916
109.465 0.0920801
109.527 0.0921951
109.557 0.0921707
109.62 0.0921494
109.649 0.0922557
109.712 0.0923488
109.742 0.0923052
109.805 0.092267
109.834 0.0923586
109.897 0.0924388
109.926 0.092384
109.99 0.092461
110.019 0.0924033
110.082 0.0923529
110.111 0.0923088
110.175 0.0922702
110.203 0.0922364
110.267 0.0922069
110.295 0.092181
110.358 0.0921584
110.386 0.0921386
110.45 0.0919963
110.478 0.0918717
110.542 0.0918878
110.569 0.0919018
110.634 0.0920391
110.661 0.0920342
110.727 0.0920299
110.753 0.0920262
110.819 0.0920229
110.845 0.09202
110.911 0.0920175
110.938 0.0920153
111.003 0.0920134
111.03 0.0921367
111.095 0.0922447
111.123 0.0922141
111.187 0.0921873
111.215 0.0922889
111.279 0.0922528
111.306 0.0920962
111.369 0.0918342
111.394 0.0913549
111.457 0.0909355
111.482 0.0905686
111.545 0.0902475
111.57 0.0898416
111.633 0.0894864
111.658 0.0893006
111.722 0.089388
111.751 0.0898395
111.82 0.0908596
111.851 0.0920021
111.92 0.0928769
111.95 0.0937672
112.019 0.0944213
112.049 0.0949937
112.118 0.0956195
112.149 0.096167
112.218 0.0965212
112.248 0.096831
112.317 0.0971021
112.348 0.0973394
112.413 0.0972969
112.444 0.0972598
112.51 0.0971023
112.54 0.0969646
112.607 0.096969
112.637 0.0968479
112.703 0.0967419
112.733 0.0967741
112.798 0.0965524
112.828 0.0962333
112.891 0.0958292
112.921 0.0956005
112.984 0.0952754
113.014 0.094991
113.077 0.0947421
113.107 0.0943994
113.17 0.0943495
113.2 0.0941808
113.263 0.0939082
113.293 0.0937946
113.356 0.0938203
113.385 0.0937178
113.449 0.0936281
113.478 0.0935495
113.542 0.0933559
113.571 0.0931864
113.634 0.0931631
113.664 0.0931427
113.727 0.0929999
113.756 0.0929999
113.819 0.0929999
113.848 0.0928749
113.911 0.0927655
113.94 0.0926698
114.003 0.0924611
114.032 0.0922785
114.094 0.0922437
114.124 0.0922132
114.186 0.0920616
114.215 0.0920539
114.278 0.0920471
114.307 0.0919162
114.37 0.0920517
114.399 0.0920452
114.462 0.0920396
114.49 0.0920346
114.554 0.0919053
114.582 0.0919171
114.645 0.0919275
114.674 0.0918116
114.737 0.0917101
114.765 0.0917464
114.828 0.0917781
114.856 0.0916808
114.92 0.0915957
114.947 0.0915212
115.011 0.0915811
115.039 0.0915084
115.102 0.0914449
115.13 0.0913893
115.194 0.0913406
115.221 0.091298
115.285 0.0912608
115.312 0.0913532
115.377 0.091434
115.403 0.0913798
115.468 0.0913323
115.494 0.0912908
115.559 0.0913794
115.586 0.091457
115.65 0.0913999
115.678 0.0913499
115.742 0.0914312
115.77 0.0915023
115.835 0.0915645
115.861 0.0916189
115.927 0.0916665
115.953 0.0915832
116.019 0.0916353
116.044 0.0916809
116.11 0.0917208
116.136 0.0916307
116.201 0.0915519
116.226 0.0914829
116.292 0.0914225
116.317 0.0913697
116.384 0.0913235
116.409 0.0914081
116.475 0.091357
116.5 0.0913124
116.566 0.0912734
116.591 0.0912392
116.657 0.0913343
116.683 0.0912925
116.748 0.0911309
116.774 0.0912396
116.839 0.0912096
116.866 0.0911834
116.93 0.0912855
116.957 0.0912498
117.021 0.0912186
117.048 0.0911913
117.113 0.0911673
117.139 0.0912714
117.204 0.0913625
117.23 0.0913172
117.295 0.0912775
117.321 0.0912428
117.386 0.0912125
117.413 0.0911859
117.478 0.0911627
117.504 0.0911424
117.569 0.0912496
117.595 0.0912184
117.66 0.0911911
117.686 0.0912922
117.751 0.0912557
117.777 0.0912237
117.843 0.0911957
117.869 0.0911713
117.934 0.0911499
117.96 0.0912561
118.025 0.0912241
118.052 0.0911961
118.116 0.0912966
118.143 0.0912595
118.207 0.0912271
118.234 0.0911987
118.299 0.0911739
118.325 0.0912771
118.39 0.0913675
118.416 0.0913215
118.482 0.0912814
118.508 0.0912462
118.573 0.0912154
118.599 0.0913135
118.664 0.0912743
118.691 0.09124
118.755 0.091335
118.783 0.0914181
118.846 0.0913659
118.874 0.0913201
118.938 0.0912801
118.965 0.0913701
119.029 0.0913238
119.056 0.0912834
119.12 0.0913729
119.148 0.0914513
119.211 0.0913949
119.239 0.0913455
119.302 0.0913023
119.33 0.0912646
119.394 0.0912315
119.422 0.0912025
119.485 0.0911772
119.513 0.0911551
119.576 0.0911357
119.604 0.0911187
119.667 0.0912289
119.695 0.0913253
119.759 0.0912846
119.786 0.091249
119.85 0.0912179
119.877 0.0911907
119.941 0.0911668
119.969 0.091146
120.032 0.0912527
120.06 0.0912211
120.123 0.0911935
120.151 0.0911693
120.215 0.0911481
120.242 0.0911296
120.306 0.0912384
120.333 0.0913336
120.397 0.0912919
120.424 0.0912554
120.488 0.0912235
120.516 0.0911956
120.579 0.0911711
120.607 0.0912747
120.671 0.0912404
120.698 0.0912103
120.762 0.091309
120.789 0.0912704
120.854 0.0912366
120.881 0.091207
120.945 0.0911812
120.972 0.0912835
121.037 0.0913731
121.063 0.0913264
121.128 0.0914106
121.154 0.0913593
121.22 0.0913144
121.246 0.0912751
121.311 0.0912407
121.337 0.0912106
121.402 0.0913093
121.428 0.0912706
121.494 0.0912368
121.519 0.0913322
121.585 0.0912907
121.61 0.0912543
121.676 0.0912225
121.698 0.0906947
121.764 0.0903579
121.786 0.0900631
121.851 0.0898053
121.873 0.0895796
121.939 0.0892571
121.961 0.088975
122.026 0.0888531
122.049 0.0887465
122.114 0.0886532
122.137 0.0885715
122.203 0.0885001
122.227 0.0888126
122.294 0.089211
122.32 0.0895596
122.387 0.0899897
122.413 0.090491
122.481 0.0909296
122.506 0.0911884
122.575 0.0914148
122.6 0.091613
122.668 0.0919114
122.693 0.0921724
122.762 0.0922759
122.787 0.0924914
122.855 0.09268
122.88 0.09272
122.949 0.09288
122.973 0.09277
123.042 0.0926737
123.065 0.0927145
123.134 0.0927502
123.158 0.0926564
123.227 0.0926994
123.251 0.0927369
123.32 0.0926448
123.343 0.0926892
123.412 0.0926031
123.435 0.0925277
123.503 0.0924617
123.527 0.092279
123.594 0.0921191
123.618 0.0921042
123.686 0.0920912
123.709 0.0919548
123.778 0.0918355
123.801 0.091731
123.869 0.0917646
123.892 0.0917941
123.96 0.0915698
123.983 0.0914986
124.051 0.0915613
124.074 0.0914911
124.142 0.0914297
124.166 0.091376
124.233 0.091329
124.256 0.0912879
124.325 0.0913769
124.348 0.0913298
124.417 0.0912886
124.439 0.0912525
124.508 0.0913459
124.53 0.0913027
124.599 0.0912648
124.621 0.0912317
124.691 0.0912028
124.712 0.0913024
124.782 0.0913896
124.803 0.0913409
124.874 0.0912983
124.894 0.091261
124.964 0.0912284
124.986 0.0911998
125.055 0.0911749
125.076 0.091153
125.146 0.0910089
125.167 0.0910078
125.237 0.0911318
125.258 0.0909903
125.328 0.0909915
125.349 0.0909926
125.419 0.0909935
125.439 0.0909943
125.511 0.090995
125.53 0.0909957
125.602 0.0909962
125.621 0.0908717
125.692 0.0908877
125.712 0.0909017
125.783 0.090914
125.803 0.0909248
125.874 0.0908092
125.893 0.090833
125.965 0.0908539
125.984 0.0908722
126.055 0.0908881
126.075 0.0907771
126.147 0.090805
126.166 0.0908294
126.237 0.0908507
126.256 0.0908694
126.328 0.0908857
126.347 0.0909
126.419 0.0909125
126.438 0.0907984
126.51 0.0906986
126.529 0.0907363
126.601 0.0907692
126.62 0.0907981
126.691 0.0908233
126.711 0.0908454
126.782 0.0908647
126.802 0.0910066
126.873 0.0908808
126.893 0.0907707
126.964 0.0907994
126.984 0.0908245
127.054 0.0908464
127.075 0.0908656
127.145 0.0908824
127.165 0.0908971
127.236 0.09091
127.256 0.0909212
127.327 0.0909311
127.347 0.0908147
127.419 0.0908378
127.438 0.0908581
127.509 0.0908758
127.528 0.0908914
127.6 0.0909049
127.619 0.0909168
127.691 0.0909272
127.71 0.0908113
127.782 0.0907099
127.801 0.0907462
127.873 0.0907779
127.892 0.0908057
127.963 0.09083
127.982 0.0908512
128.054 0.0908698
128.073 0.0908861
128.145 0.0907753
128.164 0.0906784
128.236 0.0907186
128.255 0.0907538
128.326 0.0907846
128.345 0.0908115
128.417 0.090835
128.436 0.0908557
128.508 0.0908737
128.527 0.0907645
128.599 0.0906689
128.618 0.0907103
128.69 0.0907465
128.708 0.0907782
128.78 0.0908059
128.8 0.0908302
128.871 0.0908514
128.89 0.09087
128.962 0.0907612
128.981 0.0906661
129.053 0.0907078
129.072 0.0907443
129.143 0.0907763
129.162 0.0908043
129.234 0.0908287
129.253 0.0908501
129.325 0.0907439
129.344 0.0906509
129.416 0.0906945
129.435 0.0907327
129.507 0.0907661
129.526 0.0907954
129.597 0.0908209
129.617 0.0908433
129.688 0.0908629
129.708 0.09088
129.779 0.09077
129.799 0.0907988
129.87 0.0908239
129.89 0.0908459
129.96 0.0908652
129.98 0.090882
130.051 0.0908968
130.072 0.0909097
130.142 0.090921
130.162 0.0909309
130.233 0.0909395
130.253 0.0908221
130.324 0.0908443
130.344 0.0908638
130.415 0.0908808
130.434 0.0908957
130.506 0.0909087
130.525 0.0909201
130.597 0.0908051
130.616 0.0907045
130.688 0.0907414
130.707 0.0907737
130.779 0.090802
130.797 0.0908268
130.869 0.0908484
130.889 0.0908674
130.96 0.0908839
130.979 0.0908985
131.051 0.0907861
131.07 0.0908129
131.142 0.0908363
131.161 0.0907317
131.232 0.0907653
131.251 0.0907946
131.323 0.0908203
131.342 0.0908427
131.414 0.0907374
131.433 0.0906452
131.505 0.0908146
131.524 0.0908377
131.596 0.090733
131.614 0.0907664
131.687 0.0907956
131.705 0.0908212
131.777 0.0908435
131.796 0.0908631
131.868 0.0907552
131.887 0.0907858
131.959 0.0908126
131.978 0.090711
132.049 0.0907471
132.069 0.0907787
132.14 0.0908064
132.156 0.0904556
132.228 0.0900236
132.244 0.0896457
132.315 0.08944
132.331 0.08926
132.403 0.0891025
132.419 0.0888397
132.491 0.0886097
132.507 0.0885335
132.578 0.0884668
132.595 0.0884085
132.668 0.0884824
132.685 0.0886721
132.76 0.0890881
132.777 0.0895771
132.854 0.0901299
132.871 0.0906137
132.947 0.090912
132.965 0.091173
133.041 0.0915264
133.058 0.0918356
133.134 0.0919811
133.152 0.0922335
133.228 0.0924543
133.246 0.0925225
133.321 0.0925822
133.339 0.0927594
133.415 0.0929145
133.433 0.0929252
133.508 0.0930595
133.526 0.0931771
133.602 0.09328
133.62 0.093245
133.695 0.0932143
133.713 0.0931875
133.786 0.0929141
133.803 0.0926748
133.877 0.0924655
133.895 0.0922823
133.968 0.092122
133.985 0.0919818
134.06 0.091859
134.077 0.0917517
134.152 0.0917827
134.168 0.0918099
134.243 0.0918336
134.259 0.0917294
134.334 0.0916382
134.35 0.0915585
134.426 0.0914887
134.442 0.0914276
134.517 0.0914991
134.534 0.0915617
134.608 0.0914915
134.625 0.0915551
134.699 0.0914857
134.716 0.091425
134.791 0.0913719
134.808 0.0913254
134.882 0.0912847
134.899 0.0913741
134.973 0.0913274
134.991 0.0912864
135.064 0.0912506
135.082 0.0912193
135.155 0.0913169
135.173 0.0912773
135.246 0.0911176
135.263 0.0911029
135.337 0.091215
135.354 0.0910632
135.428 0.0909303
135.445 0.090939
135.519 0.0909466
135.536 0.0909533
135.609 0.0909591
135.627 0.0909642
135.7 0.0908437
135.718 0.0908632
135.791 0.0910053
135.809 0.0910047
135.882 0.0910041
135.9 0.0910036
135.973 0.0910031
135.99 0.0910027
136.065 0.0910024
136.082 0.0910021
136.156 0.0910018
136.172 0.0910016
136.247 0.0910014
136.263 0.0910012
136.338 0.0910011
136.355 0.0910009
136.429 0.0910008
136.445 0.0910007
136.519 0.0910006
136.536 0.0910005
136.61 0.0910005
136.627 0.0910004
136.701 0.0910004
136.718 0.0910003
136.792 0.0908753
136.809 0.0908909
136.883 0.0909045
136.9 0.0909164
136.974 0.0909269
136.991 0.090936
137.065 0.090944
137.082 0.090951
137.156 0.0909571
137.173 0.0908375
137.247 0.0908578
137.264 0.0910006
137.337 0.0910005
137.355 0.0908754
137.428 0.090891
137.446 0.0909046
137.519 0.0907916
137.537 0.0908176
137.61 0.0909654
137.627 0.0909697
137.701 0.0908485
137.718 0.0908675
137.792 0.090884
137.809 0.0907735
137.883 0.0908018
137.9 0.0909516
137.974 0.0909576
137.991 0.0909629
138.065 0.0910926
138.082 0.091081
138.156 0.0909459
138.173 0.0909526
138.247 0.0909586
138.264 0.0909637
138.338 0.0910933
138.355 0.0910816
138.429 0.0909464
138.446 0.0909531
138.52 0.091084
138.537 0.0909485
138.611 0.0909549
138.628 0.0910855
138.702 0.0910749
138.719 0.0909405
138.793 0.0909479
138.81 0.0909544
138.884 0.0909601
138.901 0.0909651
138.975 0.0909695
138.992 0.0909733
139.066 0.0909766
139.083 0.0909796
139.157 0.0908571
139.174 0.090875
139.248 0.0908906
139.265 0.0909043
139.338 0.0909162
139.355 0.0909267
139.429 0.0909359
139.446 0.0909439
139.52 0.0909509
139.537 0.090832
139.611 0.090853
139.628 0.0908714
139.702 0.0908875
139.719 0.0909015
139.793 0.0909138
139.809 0.0909246
139.884 0.090934
139.9 0.0909423
139.975 0.0908245
139.991 0.0907214
140.065 0.0907563
140.082 0.0907867
140.157 0.0908134
140.172 0.0908367
140.248 0.0908571
140.263 0.090875
140.339 0.0908906
140.354 0.0907793
140.429 0.0908069
140.445 0.090831
140.52 0.0908521
140.535 0.0908706
140.611 0.0907618
140.626 0.0907916
140.701 0.0908176
140.717 0.0907154
140.792 0.090751
140.807 0.0907821
140.883 0.0906843
140.898 0.0907238
140.974 0.0907583
140.989 0.0907885
141.064 0.090815
141.081 0.0908381
141.155 0.0908583
141.171 0.090876
141.246 0.0907665
141.262 0.0907957
141.337 0.0908213
141.354 0.0908436
141.427 0.0908631
141.445 0.0908803
141.518 0.0908952
141.536 0.0909083
141.609 0.0909198
141.627 0.0910548
141.7 0.091048
141.718 0.090917
141.791 0.0909273
141.809 0.0909364
141.882 0.0909444
141.9 0.0910763
141.973 0.0910668
141.991 0.0909334
142.065 0.0909418
142.082 0.090949
142.156 0.0909554
142.172 0.090961
142.247 0.0909659
142.263 0.0909701
142.338 0.0910989
142.354 0.0910865
142.429 0.0910757
142.445 0.0910662
142.52 0.0910579
142.537 0.0910507
142.611 0.0909194
142.625 0.0905544
142.699 0.0902351
142.712 0.0899557
142.786 0.0897113
142.8 0.0893724
142.874 0.0890758
142.887 0.0889413
142.962 0.0888237
142.975 0.0885957
143.05 0.0885212
143.064 0.0885811
143.139 0.0887585
143.154 0.0889136
143.232 0.0892994
143.246 0.089762
143.325 0.0901668
143.339 0.0905209
143.418 0.0908308
143.433 0.0911019
143.511 0.0914642
143.526 0.0917812
143.604 0.0919335
143.619 0.0920668
143.698 0.0921835
143.712 0.0922855
143.791 0.0923749
143.805 0.092453
143.883 0.0925214
143.898 0.0925812
143.977 0.0926335
143.992 0.0926794
144.07 0.0928444
144.085 0.0928639
144.163 0.0928809
144.178 0.0928958
144.256 0.0927838
144.27 0.0928108
144.347 0.0927095
144.362 0.0924958
144.439 0.0923088
144.453 0.0922702
144.53 0.0922364
144.545 0.0920819
144.622 0.0919466
144.636 0.0919533
144.713 0.0918342
144.727 0.0917299
144.804 0.0917636
144.818 0.0916682
144.896 0.0915847
144.91 0.0915116
144.987 0.0915726
145.002 0.0916261
145.079 0.0915478
145.093 0.0916043
145.17 0.0915288
145.184 0.0914627
145.261 0.0915298
145.275 0.0914636
145.352 0.0912807
145.366 0.0912456
145.443 0.0912149
145.458 0.091188
145.535 0.0912895
145.549 0.0913783
145.626 0.091331
145.641 0.0912897
145.717 0.0912534
145.733 0.0913468
145.808 0.0914284
145.824 0.0913749
145.9 0.091328
145.915 0.091287
145.991 0.0913761
146.006 0.0914541
146.083 0.0913973
146.097 0.0913477
146.174 0.0914292
146.189 0.0913756
146.266 0.0913286
146.28 0.0912875
146.357 0.0913766
146.371 0.0914545
146.448 0.0913977
146.462 0.091348
146.539 0.0911795
146.553 0.0910321
146.63 0.091153
146.644 0.0911339
146.721 0.0909922
146.734 0.0909932
146.812 0.091119
146.825 0.0911041
146.903 0.0909661
146.916 0.0908454
146.994 0.0908647
147.007 0.0910066
147.084 0.0910058
147.098 0.091005
147.175 0.0908794
147.189 0.0907695
147.266 0.0907983
147.28 0.0908235
147.356 0.0908456
147.371 0.0908649
147.447 0.0908818
147.462 0.0908965
147.538 0.0909095
147.552 0.0909208
147.629 0.0909307
147.643 0.0909394
147.72 0.0908219
147.734 0.0907192
147.811 0.0907543
147.825 0.090785
147.902 0.0908119
147.916 0.0909604
147.992 0.0909653
148.007 0.0908447
148.084 0.0908641
148.098 0.0908811
148.174 0.0908959
148.188 0.090909
148.265 0.0909203
148.279 0.0909303
148.356 0.090939
148.37 0.0908216
148.447 0.0907189
148.461 0.0907541
148.538 0.0907848
148.551 0.0908117
148.628 0.0908352
148.642 0.0908558
148.719 0.0908739
148.733 0.0907646
148.81 0.090669
148.823 0.0907104
148.901 0.0907466
148.914 0.0907783
148.991 0.090806
149.005 0.0907052
149.082 0.0907421
149.096 0.0907743
149.173 0.0906775
149.187 0.0907178
149.264 0.0907531
149.278 0.090784
149.354 0.090811
149.369 0.0908346
149.445 0.0908553
149.459 0.0908734
149.536 0.0907642
149.55 0.0907937
149.627 0.0908195
149.641 0.090717
149.718 0.0907524
149.732 0.0907833
149.809 0.0908104
149.822 0.0908341
149.9 0.0908549
149.913 0.090873
149.99 0.0908889
150.004 0.0907778
150.081 0.0908055
150.095 0.0909549
150.172 0.0908355
150.186 0.0907311
150.263 0.0907647
150.277 0.0907941
150.35 0.0904448
150.364 0.0901392
150.438 0.0898718
150.452 0.0896378
150.526 0.0894331
150.54 0.089129
150.614 0.0889879
150.628 0.0888644
150.702 0.0887563
150.716 0.0886618
150.79 0.0885791
150.804 0.0885067
150.878 0.0884433
150.892 0.0883879
150.966 0.0883394
150.98 0.088422
151.054 0.0883693
151.068 0.0883231
151.142 0.0881577
151.157 0.088138
151.229 0.0881207
151.245 0.0881056
151.317 0.0879674
151.333 0.0879715
151.405 0.0881001
151.421 0.0882126
151.493 0.088061
151.509 0.0880534
151.581 0.0881717
151.597 0.0881502
151.669 0.0880065
151.685 0.0880056
151.757 0.0880049
151.773 0.0880043
151.845 0.0881288
151.862 0.0881127
151.934 0.0880986
151.95 0.0880863
152.024 0.0883255
152.039 0.0885348
152.113 0.088718
152.129 0.0887532
152.203 0.0889091
152.219 0.0890454
152.293 0.0890397
152.308 0.0891598
152.383 0.0892648
152.398 0.0892317
152.473 0.0893277
152.488 0.0894118
152.562 0.0894853
152.577 0.0895496
152.652 0.0894809
152.667 0.0894208
152.741 0.0894932
152.757 0.0895566
152.831 0.089612
152.846 0.0896605
152.921 0.0897029
152.936 0.0897401
153.011 0.0896476
153.025 0.0895666
153.1 0.0896208
153.115 0.0895432
153.19 0.0894753
153.204 0.0895409
153.279 0.0895983
153.294 0.0896485
153.369 0.0895674
153.384 0.0896215
153.459 0.0896688
153.474 0.0895852
153.549 0.0896371
153.564 0.0896824
153.638 0.0897221
153.653 0.0896319
153.728 0.0895529
153.742 0.0896088
153.817 0.0896577
153.832 0.0895755
153.907 0.0895035
153.921 0.0895656
153.996 0.0896199
154.011 0.0896674
154.086 0.089709
154.101 0.0897454
154.176 0.0897772
154.191 0.089805
154.266 0.0897044
154.281 0.0896164
154.356 0.0896643
154.37 0.0895813
154.445 0.0896336
154.459 0.0896794
154.534 0.0895945
154.549 0.0895202
154.624 0.0895801
154.639 0.0896326
154.714 0.0896786
154.729 0.0897187
154.804 0.0897539
154.819 0.0897847
154.894 0.0896866
154.908 0.0897257
154.983 0.08976
154.998 0.089665
155.073 0.0895819
155.087 0.0896342
155.162 0.0896799
155.177 0.0897199
155.252 0.0896299
155.267 0.0896762
155.342 0.0897167
155.357 0.0897521
155.432 0.0897831
155.447 0.0896852
155.522 0.0897245
155.536 0.089759
155.611 0.0897891
155.626 0.0896905
155.7 0.0896041
155.716 0.0896536
155.79 0.0896969
155.805 0.0897348
155.88 0.089768
155.895 0.089797
155.97 0.0898223
155.985 0.0897195
156.06 0.0896296
156.074 0.0896759
156.15 0.0897164
156.164 0.0896269
156.239 0.0895485
156.254 0.0896049
156.328 0.0896543
156.344 0.0896975
156.418 0.0896103
156.433 0.089659
156.507 0.0897017
156.523 0.089739
156.597 0.0897716
156.613 0.0896751
156.687 0.0895907
156.702 0.0895169
156.777 0.0895773
156.791 0.0896301
156.866 0.0896764
156.881 0.0895918
156.956 0.0895178
156.97 0.0895781
157.046 0.0896308
157.06 0.089552
157.136 0.089608
157.149 0.089657
157.225 0.0896999
157.239 0.0896124
157.315 0.0896608
157.328 0.0897032
157.405 0.0896153
157.418 0.0895384
157.494 0.0895961
157.507 0.0896466
157.583 0.0895658
157.597 0.089495
157.673 0.0894332
157.686 0.089504
157.762 0.089566
157.776 0.0894953
157.852 0.0894334
157.865 0.0895042
157.941 0.0895662
157.954 0.0894954
158.031 0.0894335
158.044 0.0895043
158.12 0.0895662
158.134 0.0896205
158.21 0.0895429
158.224 0.0896
158.299 0.08965
158.314 0.0895688
158.389 0.0894977
158.403 0.0895605
158.478 0.0896154
158.493 0.0895385
158.568 0.0894712
158.582 0.0894123
158.657 0.0894857
158.672 0.08955
158.747 0.0896063
158.762 0.0896555
158.837 0.0896986
158.852 0.0897362
158.927 0.0896442
158.942 0.0896887
159.016 0.0897276
159.031 0.0897616
159.106 0.0896664
159.12 0.0895831
159.195 0.0896352
159.21 0.0896808
159.285 0.0895957
159.3 0.0896463
159.375 0.0896905
159.39 0.0896042
159.465 0.0896536
159.479 0.0896969
159.554 0.0897348
159.569 0.089643
159.644 0.0895626
159.658 0.0896173
159.733 0.0896651
159.748 0.089582
159.823 0.0896342
159.837 0.0896799
159.913 0.089595
159.926 0.0895206
160.002 0.0895805
160.016 0.0895079
160.092 0.0895695
160.105 0.0896233
160.182 0.0895454
160.195 0.0894772
160.271 0.0895425
160.284 0.0895997
160.361 0.0895248
160.374 0.0894592
160.45 0.0895268
160.463 0.0895859
160.54 0.0895127
160.553 0.0894486
160.629 0.0895175
160.642 0.0895778
160.719 0.0895056
160.732 0.0894424
160.808 0.0893871
160.821 0.0894637
160.897 0.0895307
160.911 0.0894644
160.987 0.0894064
161 0.0894806
161.076 0.0895455
161.09 0.0894773
161.166 0.0894176
161.179 0.0893654
161.255 0.0894448
161.268 0.0895142
161.345 0.0894499
161.358 0.0893937
161.434 0.0894694
161.447 0.0895358
161.524 0.0894688
161.537 0.0894102
161.611 0.0892339
161.624 0.0890797
161.699 0.0888197
161.712 0.0887173
161.787 0.0886276
161.8 0.0884241
161.874 0.0883711
161.888 0.0883247
161.963 0.0882841
161.977 0.0883736
162.051 0.0884519
162.066 0.0886454
162.141 0.0886898
162.156 0.0887285
162.231 0.0888875
162.245 0.0890265
162.32 0.0891482
162.335 0.0891297
162.41 0.0891135
162.425 0.0892243
162.499 0.0893213
162.514 0.0894061
162.589 0.0893553
162.604 0.0893109
162.679 0.0893971
162.694 0.0894724
162.769 0.0895384
162.783 0.0895961
162.858 0.0896466
162.873 0.0895657
162.948 0.08962
162.962 0.0896675
163.038 0.0895841
163.051 0.0895111
163.127 0.0895722
163.141 0.0895007
163.217 0.0894381
163.23 0.0895083
163.307 0.0895698
163.32 0.0894986
163.396 0.0895612
163.409 0.0896161
163.486 0.0895391
163.499 0.0894717
163.575 0.0895377
163.588 0.0895955
163.665 0.0895211
163.678 0.0895809
163.754 0.0896333
163.768 0.0895542
163.844 0.0894849
163.857 0.0895493
163.933 0.0894806
163.947 0.0894205
164.022 0.089493
164.036 0.0894313
164.112 0.0893774
164.125 0.0894552
164.201 0.0895233
164.215 0.0894579
164.291 0.0895257
164.305 0.089585
164.381 0.0895119
164.394 0.0895729
164.47 0.0896263
164.484 0.089548
164.56 0.0894795
164.573 0.0895445
164.649 0.0896015
164.663 0.0895263
164.739 0.0894605
164.752 0.0895279
164.828 0.0895869
164.842 0.0895136
164.918 0.0894494
164.931 0.0895182
165.007 0.0895784
165.021 0.0895061
165.097 0.0894429
165.11 0.0895125
165.186 0.0895734
165.2 0.0895018
165.276 0.089439
165.289 0.0895092
165.365 0.0895705
165.379 0.0894992
165.455 0.0894368
165.468 0.0895072
165.545 0.0895688
165.558 0.0894977
165.634 0.0895605
165.647 0.0896154
165.724 0.0895385
165.737 0.0894712
165.813 0.0894123
165.826 0.0894858
165.902 0.08955
165.916 0.0894813
165.992 0.0894211
166.005 0.0894935
166.081 0.0895568
166.095 0.0894872
166.171 0.0894263
166.184 0.089373
166.26 0.0894514
166.273 0.08952
166.35 0.089455
166.363 0.0893981
166.439 0.0894733
166.452 0.0895392
166.529 0.0894718
166.542 0.0894128
166.618 0.0894862
166.631 0.0895504
166.708 0.0894816
166.721 0.0894214
166.797 0.0894937
166.811 0.089557
166.887 0.0894874
166.9 0.0895515
166.976 0.0896075
166.99 0.0895316
167.065 0.0894651
167.079 0.089532
167.155 0.0894655
167.169 0.0894073
167.244 0.0894814
167.258 0.0895462
167.334 0.0894779
167.348 0.0894182
167.424 0.0894909
167.437 0.0895546
167.513 0.0896102
167.527 0.089534
167.603 0.0894672
167.616 0.0895338
167.693 0.0895921
167.706 0.0895181
167.782 0.0895783
167.795 0.089631
167.872 0.0895521
167.885 0.0894831
167.961 0.0894227
167.974 0.0894949
168.05 0.089558
168.064 0.0894883
168.14 0.0894272
168.153 0.0894988
168.229 0.0895615
168.243 0.0894913
168.319 0.0894299
168.332 0.0895011
168.408 0.0895635
168.422 0.0894931
168.498 0.0894314
168.511 0.0895025
168.587 0.0895647
168.601 0.0894941
168.677 0.0895573
168.691 0.0896127
168.767 0.0895361
168.78 0.0895941
168.856 0.0896448
168.87 0.0895642
168.945 0.0894937
168.959 0.089557
169.035 0.0894874
169.049 0.0894264
169.124 0.0894981
169.138 0.0894359
169.214 0.0893814
169.227 0.0894587
169.304 0.0895264
169.317 0.0895856
169.393 0.0896374
169.407 0.0895577
169.483 0.089488
169.496 0.089552
169.572 0.089608
169.586 0.089532
169.662 0.0894655
169.675 0.0895323
169.751 0.0895908
169.765 0.0895169
169.841 0.0894523
169.854 0.0895208
169.93 0.0895807
169.944 0.0895081
170.02 0.0894446
170.033 0.089514
170.109 0.0895748
170.123 0.0895029
170.199 0.08944
170.212 0.089385
170.288 0.0894619
170.301 0.0895292
170.378 0.089463
170.391 0.0894051
170.467 0.0894795
170.48 0.0895446
170.557 0.0894765
170.57 0.0894169
170.646 0.0894898
170.659 0.0895536
170.736 0.0894844
170.749 0.0894238
170.825 0.0894959
170.838 0.0895589
170.915 0.089489
170.928 0.0894279
171.004 0.0894994
171.017 0.089562
171.093 0.0894917
171.107 0.0894303
171.183 0.0893765
171.197 0.0894544
171.272 0.0895226
171.286 0.0894573
171.362 0.0894001
171.375 0.0894751
171.451 0.0895407
171.465 0.0895981
171.541 0.0895234
171.555 0.0894579
171.63 0.0895257
171.644 0.089585
171.72 0.0895119
171.734 0.0894479
171.81 0.0895169
171.823 0.0895773
171.899 0.0896301
171.913 0.0895514
171.989 0.0894824
172.002 0.0895471
172.076 0.0893537
172.09 0.0890595
172.164 0.0888021
172.178 0.0887018
172.251 0.0886141
172.265 0.0885373
172.339 0.0883452
172.353 0.088177
172.427 0.0882799
172.442 0.0883699
172.516 0.0883237
172.532 0.0885332
172.607 0.0888416
172.622 0.0891114
172.697 0.0893474
172.713 0.089554
172.789 0.0897348
172.804 0.0898929
172.88 0.0900313
172.895 0.0900274
172.97 0.090149
172.986 0.0903803
173.062 0.0904578
173.077 0.0905256
173.153 0.0905849
173.168 0.0906368
173.243 0.0906822
173.259 0.0907219
173.335 0.0907567
173.35 0.0906621
173.426 0.0907043
173.441 0.0908663
173.517 0.090883
173.532 0.0908976
173.607 0.0909104
173.623 0.0907966
173.698 0.090697
173.713 0.0906099
173.787 0.0905337
173.803 0.090467
173.877 0.0904086
173.893 0.0904825
173.967 0.0904222
173.983 0.0903694
174.058 0.0903232
174.073 0.0902828
174.148 0.0902475
174.163 0.0902165
174.238 0.0903145
174.253 0.0902752
174.328 0.0902408
174.343 0.0900857
174.419 0.090075
174.433 0.0900656
174.509 0.0901824
174.523 0.0901596
174.599 0.0901396
174.613 0.0901222
174.69 0.0901069
174.702 0.0900935
174.78 0.0902069
174.792 0.090181
174.87 0.0901584
174.882 0.0901386
174.961 0.0901213
174.972 0.0901061
175.051 0.0900928
175.062 0.0900812
175.141 0.0901961
175.152 0.0901716
175.232 0.0901501
175.243 0.0901314
175.322 0.0901149
175.333 0.0901006
175.412 0.090213
175.422 0.0901864
175.502 0.0901631
175.512 0.0901427
175.592 0.0901249
175.602 0.0901092
175.683 0.0900956
175.692 0.0900836
175.773 0.0901982
175.782 0.0900484
175.863 0.0900424
175.872 0.0900371
175.954 0.0900324
175.962 0.0900284
176.044 0.0900248
176.052 0.0900217
176.134 0.090019
176.142 0.0900166
176.224 0.0901396
176.231 0.0901221
176.315 0.0901068
176.321 0.0900935
176.405 0.0900818
176.411 0.0900716
176.495 0.0901876
176.501 0.0901642
176.585 0.0901437
176.591 0.0901257
176.675 0.089985
176.682 0.0899869
176.765 0.0899885
176.772 0.0899899
176.855 0.0901162
176.861 0.0901017
176.945 0.090089
176.951 0.0900778
177.035 0.0900681
177.041 0.0900596
177.125 0.0900521
177.131 0.0900456
177.215 0.0900399
177.221 0.0900349
177.305 0.0899056
177.311 0.0897924
177.395 0.0898183
177.401 0.089841
177.485 0.0898609
177.491 0.0898783
177.575 0.0898935
177.581 0.0899068
177.665 0.0899185
177.67 0.0899287
177.754 0.0899376
177.761 0.0899454
177.844 0.0899522
177.851 0.0900832
177.934 0.0900728
177.941 0.0900637
178.025 0.0900557
178.032 0.0900488
178.115 0.0900427
178.122 0.0901623
178.205 0.090267
178.212 0.0902337
178.295 0.0902044
178.303 0.0901789
178.386 0.0901565
178.393 0.090137
178.476 0.0902448
178.483 0.0903392
178.566 0.0902968
178.574 0.0902597
178.657 0.0902273
178.664 0.0901989
178.747 0.090174
178.754 0.0902772
178.837 0.0903676
178.845 0.0903216
178.928 0.0902814
178.935 0.0902463
179.018 0.0902155
179.025 0.0903135
179.108 0.0903993
179.115 0.0903494
179.199 0.0903057
179.205 0.0902675
179.289 0.0902341
179.296 0.0902048
179.379 0.0903042
179.386 0.0902662
179.469 0.0902329
179.476 0.0903288
179.559 0.0902877
179.567 0.0902517
179.65 0.0902203
179.657 0.0901927
179.74 0.0902936
179.747 0.0903819
179.83 0.0903342
179.837 0.0902924
179.921 0.0902559
179.927 0.0902239
180.011 0.0901959
180.018 0.0901714
180.101 0.09015
180.108 0.0902562
180.191 0.0903492
180.198 0.0903056
180.281 0.0902674
180.288 0.0902339
180.372 0.0902047
180.379 0.0901791
180.462 0.0902817
180.468 0.0902465
180.552 0.0900907
180.559 0.0900794
180.642 0.0901944
180.649 0.0902951
180.732 0.0902582
180.739 0.090226
180.822 0.0901977
180.83 0.090173
180.913 0.0901514
180.92 0.0901325
181.003 0.0902409
181.01 0.0903358
181.093 0.0902938
181.101 0.0902571
181.184 0.0902249
181.191 0.0901968
181.274 0.0902972
181.281 0.0903851
181.364 0.0903369
181.372 0.0902948
181.455 0.090258
181.461 0.0902257
181.545 0.0901975
181.552 0.0901728
181.635 0.0902762
181.642 0.0902417
181.725 0.0902115
181.732 0.090185
181.815 0.0901619
181.822 0.0902667
181.905 0.0902333
181.913 0.0902042
181.996 0.0901786
182.003 0.0901563
182.086 0.0901368
182.093 0.0902447
182.176 0.0903391
182.184 0.0902967
182.267 0.0902596
182.274 0.0902272
182.357 0.0901988
182.364 0.0902989
182.445 0.0900116
182.452 0.0896351
182.532 0.0894307
182.539 0.0892519
182.62 0.0889704
182.627 0.0887241
182.707 0.0886336
182.715 0.0885544
182.795 0.0883601
182.803 0.0883151
182.883 0.0884007
182.892 0.0884756
182.973 0.0885412
182.982 0.0887235
183.063 0.0888831
183.072 0.0891477
183.154 0.0893792
183.163 0.0895818
183.244 0.0897591
183.254 0.0897892
183.335 0.0898156
183.345 0.0899636
183.425 0.0900932
183.435 0.0902065
183.516 0.0901807
183.526 0.0901581
183.606 0.0902633
183.616 0.0903554
183.697 0.090311
183.707 0.0903971
183.788 0.0904725
183.797 0.0904134
183.878 0.0903617
183.888 0.0903165
183.968 0.090277
183.978 0.0902423
184.057 0.090212
184.067 0.0900605
184.147 0.089928
184.157 0.089937
184.236 0.0899449
184.246 0.0899517
184.326 0.0898328
184.336 0.0897287
184.416 0.0897626
184.425 0.0897923
184.505 0.0898182
184.515 0.089716
184.595 0.0896265
184.604 0.0896732
184.684 0.089714
184.694 0.0896248
184.774 0.0896717
184.783 0.0897127
184.864 0.0896236
184.873 0.0895457
184.954 0.0896025
184.962 0.0896521
185.043 0.0896956
185.052 0.0897337
185.133 0.089642
185.142 0.0895617
185.222 0.0896165
185.231 0.0896644
185.312 0.0895814
185.321 0.0895087
185.402 0.0895701
185.41 0.0896239
185.492 0.0896709
185.5 0.089587
185.581 0.0896386
185.589 0.0896838
185.671 0.0895983
185.679 0.0896485
185.76 0.0896925
185.769 0.0896059
185.849 0.0895302
185.858 0.0895889
185.939 0.0895153
185.948 0.0895759
186.028 0.0896289
186.038 0.0895503
186.118 0.0894815
186.127 0.0895463
186.207 0.089603
186.217 0.0895276
186.297 0.0895867
186.307 0.0896383
186.387 0.0895586
186.396 0.0896137
186.477 0.089662
186.485 0.0895793
186.566 0.0896319
186.575 0.0895529
186.656 0.0894838
186.664 0.0895483
186.745 0.0894798
186.754 0.0895448
186.835 0.0896017
186.844 0.0895265
186.924 0.0895857
186.934 0.0896375
187.014 0.0895578
187.023 0.0896131
187.103 0.0896614
187.113 0.0895787
187.193 0.0895064
187.202 0.0895681
187.283 0.0896221
187.292 0.0895443
187.372 0.0896013
187.381 0.0896511
187.462 0.0895697
187.471 0.0896235
187.551 0.0896706
187.561 0.0895868
187.641 0.0895134
187.651 0.0895742
187.73 0.0896275
187.741 0.089674
187.82 0.0897148
187.83 0.0896254
187.91 0.0896722
187.92 0.0897132
188 0.0896241
188.009 0.0896711
188.089 0.0897122
188.099 0.0897481
188.179 0.0896546
188.189 0.0896978
188.269 0.0897356
188.279 0.0896436
188.359 0.0896882
188.368 0.0897272
188.448 0.0897613
188.458 0.0896661
188.538 0.0897078
188.548 0.0897444
188.628 0.0896513
188.638 0.0896949
188.717 0.089733
188.727 0.0897664
188.807 0.0897956
188.817 0.0896962
188.897 0.0896091
188.906 0.089658
188.987 0.0897007
188.996 0.0896131
189.076 0.0896615
189.085 0.0897038
189.166 0.0897408
189.175 0.0896482
189.256 0.0895672
189.264 0.0896213
189.345 0.0896686
189.354 0.0895851
189.435 0.0895119
189.444 0.0895729
189.524 0.0896263
189.533 0.089673
189.614 0.0895889
189.623 0.0896403
189.704 0.0896853
189.713 0.0895996
189.793 0.0896496
189.802 0.0896934
189.883 0.0896068
189.891 0.0895309
189.972 0.0895895
189.981 0.0895159
190.062 0.0894514
190.07 0.08952
190.151 0.08958
190.16 0.0895075
190.241 0.089569
190.25 0.0896229
190.331 0.089545
190.339 0.0896019
190.42 0.0896517
190.429 0.0896952
190.51 0.0896083
190.519 0.0895323
190.599 0.0895907
190.608 0.0896419
190.689 0.0896867
190.698 0.0896008
190.779 0.0895257
190.787 0.089585
190.868 0.0896369
190.877 0.0896823
190.958 0.089597
190.967 0.0895224
191.047 0.0895821
191.057 0.0896343
191.137 0.089555
191.146 0.0896106
191.226 0.0896593
191.236 0.0895769
191.316 0.0895048
191.326 0.0895667
191.406 0.0896208
191.415 0.0896682
191.495 0.0897097
191.505 0.089746
191.585 0.0896527
191.595 0.0895712
191.675 0.0896248
191.685 0.0896717
191.764 0.0897127
191.774 0.0897486
191.854 0.08978
191.864 0.0896825
191.944 0.0897222
191.954 0.0897569
192.034 0.0896623
192.043 0.0897045
192.123 0.0897415
192.133 0.0897738
192.213 0.0896771
192.223 0.0895924
192.303 0.0896434
192.313 0.0896879
192.393 0.089727
192.402 0.0896361
192.482 0.0896816
192.492 0.0897214
192.572 0.0896312
192.581 0.0896773
192.661 0.0897176
192.671 0.0896279
192.751 0.0896744
192.76 0.0897151
192.839 0.0893757
192.848 0.0890788
192.927 0.0889439
192.935 0.0888259
193.014 0.0887227
193.023 0.0886324
193.102 0.0884283
193.111 0.0882498
193.19 0.0882186
193.199 0.0881912
193.278 0.0882923
193.288 0.0883808
193.368 0.0885832
193.378 0.0887603
193.458 0.0889153
193.468 0.0891758
193.549 0.0892789
193.559 0.089494
193.639 0.0895573
193.65 0.0896126
193.729 0.089786
193.74 0.0898128
193.82 0.0898362
193.83 0.0899817
193.91 0.0899839
193.92 0.089986
194 0.0899877
194.01 0.0899892
194.09 0.0899906
194.101 0.0899918
194.18 0.0899928
194.191 0.0899937
194.27 0.0899945
194.281 0.0899952
194.36 0.0899958
194.371 0.0901213
194.45 0.0901061
194.462 0.0900929
194.54 0.0900813
194.551 0.0900711
194.63 0.0900622
194.642 0.0900544
194.72 0.0900476
194.732 0.0900417
194.81 0.0901615
194.821 0.0901413
194.9 0.0899986
194.911 0.0899988
194.99 0.0899989
195.001 0.0899991
195.08 0.0899992
195.092 0.0899993
195.17 0.0901244
195.181 0.0901088
195.26 0.0899702
195.272 0.0899739
195.35 0.0899772
195.362 0.0901051
195.44 0.0902169
195.452 0.0900648
195.53 0.0899317
195.542 0.0900652
195.62 0.0901821
195.632 0.0901593
195.711 0.0901394
195.722 0.090122
195.8 0.0901067
195.812 0.0900934
195.89 0.0900817
195.902 0.0900715
195.981 0.0900626
195.993 0.0900547
196.071 0.0901729
196.083 0.0901513
196.161 0.0900074
196.173 0.0900065
196.251 0.0900056
196.263 0.0900049
196.341 0.0901293
196.353 0.0901132
196.431 0.090099
196.442 0.0900866
196.521 0.0900758
196.532 0.0900663
196.611 0.090058
196.622 0.0900508
196.701 0.0900444
196.713 0.0900389
196.791 0.089909
196.802 0.0899204
196.881 0.0899303
196.892 0.089939
196.971 0.0899467
196.982 0.0899533
197.061 0.0900842
197.072 0.0900736
197.151 0.0899394
197.162 0.089822
197.241 0.0898443
197.252 0.0898637
197.331 0.0898808
197.342 0.0900207
197.421 0.0900181
197.432 0.0900158
197.51 0.0900138
197.522 0.0898871
197.6 0.0899012
197.612 0.0899136
197.691 0.0899244
197.702 0.0900588
197.781 0.0900515
197.792 0.090045
197.87 0.0900394
197.882 0.0899095
197.96 0.0899208
197.972 0.0900557
198.051 0.0900487
198.062 0.0900426
198.141 0.0900373
198.152 0.0900326
198.23 0.0900286
198.243 0.090025
198.321 0.0900219
198.333 0.0900191
198.411 0.0900167
198.423 0.0900147
198.501 0.0900128
198.513 0.0900112
198.591 0.0901348
198.603 0.090243
198.681 0.0902126
198.693 0.090186
198.771 0.0901628
198.783 0.0900174
198.861 0.0900152
198.873 0.0901383
198.952 0.090121
198.964 0.0901059
199.042 0.0900927
199.053 0.0900811
199.131 0.090071
199.143 0.0900621
199.222 0.0900543
199.232 0.0897975
199.309 0.0895728
199.32 0.0893762
199.397 0.0890792
199.407 0.0889443
199.485 0.0888263
199.495 0.088598
199.572 0.0885232
199.582 0.0884578
199.66 0.0882756
199.67 0.0881161
199.747 0.0881016
199.758 0.0880889
199.835 0.0880778
199.845 0.0880681
199.923 0.0879346
199.933 0.0878177
200.01 0.0878405
200.02 0.0878605
200.098 0.0877529
200.108 0.0877838
200.185 0.0878108
200.196 0.0877095
200.273 0.0877458
200.283 0.0877776
200.361 0.0876804
200.371 0.0875953
200.448 0.0876459
200.458 0.0876902
200.536 0.0876039
200.546 0.0876534
200.623 0.0876967
200.634 0.0876096
200.711 0.0876584
200.721 0.0877011
200.799 0.0876135
200.809 0.0875368
200.886 0.0875947
200.896 0.0876454
200.974 0.0875647
200.984 0.0876191
