0.0 0
0.0941392 0.084
0.184653 0.084375
0.190466 0.0848281
0.196279 0.0852246
0.202093 0.0855715
0.263552 0.0927501
0.269365 0.0921563
0.275178 0.0916368
0.280991 0.0910572
0.286804 0.09055
0.292617 0.0901063
0.298431 0.089843
0.304244 0.0896126
0.310057 0.089411
0.31587 0.0891097
0.351159 0.088971
0.356972 0.0887246
0.362785 0.088509
0.368598 0.0884454
0.374412 0.0883897
0.380225 0.088341
0.386038 0.0882984
0.391851 0.0881361
0.397664 0.0879941
0.403477 0.0879948
0.438766 0.0878705
0.444579 0.0878866
0.450393 0.0879008
0.456206 0.0879132
0.462019 0.0879241
0.467832 0.0878086
0.473645 0.0877075
0.479458 0.087744
0.485272 0.087776
0.491085 0.087804
0.526374 0.0878285
0.532187 0.08785
0.538 0.0878687
0.543813 0.0877601
0.549626 0.0876651
0.555439 0.087707
0.561253 0.0877436
0.567066 0.0877756
0.572879 0.0876787
0.578692 0.0875939
0.613981 0.0875196
0.619794 0.0874547
0.625607 0.0873978
0.631421 0.0874731
0.637234 0.087539
0.643047 0.0875966
0.64886 0.087522
0.654673 0.0874568
0.660486 0.0875247
0.666299 0.0875841
0.701588 0.0876361
0.707402 0.0876816
0.713215 0.0877214
0.719028 0.0877562
0.724841 0.0876617
0.730654 0.087579
0.736467 0.0876316
0.742281 0.0876776
0.748094 0.0877179
0.753907 0.0876282
0.789196 0.0876747
0.795009 0.0877153
0.800822 0.0876259
0.806635 0.0875477
0.812448 0.0876042
0.818262 0.0876537
0.824075 0.087697
0.829888 0.0876099
0.835701 0.0875336
0.841514 0.0875919
0.876803 0.0875179
0.882616 0.0874532
0.88843 0.0875215
0.894243 0.0875813
0.900056 0.0876337
0.905869 0.0875545
0.911682 0.0874852
0.917495 0.0875495
0.923308 0.0876058
0.929122 0.0876551
0.964411 0.0876982
0.970224 0.0877359
0.976037 0.0877689
0.98185 0.0876728
0.987663 0.0875887
0.993476 0.0876401
0.99929 0.0876851
1.0051 0.0877245
1.01092 0.0876339
1.01673 0.0875547
1.05202 0.0876103
1.05783 0.087534
1.06364 0.0874673
1.06946 0.0875339
1.07527 0.0875921
1.08108 0.0876431
1.0869 0.0875627
1.09271 0.0874924
1.09852 0.0875558
1.10434 0.0876114
1.13963 0.0875349
1.14544 0.0875931
1.15125 0.0876439
1.15706 0.0876884
1.16288 0.0876024
1.16869 0.0875271
1.1745 0.0875862
1.18032 0.0876379
1.18613 0.0876832
1.19194 0.0875978
1.22723 0.0876481
1.23305 0.0876921
1.23886 0.0876055
1.24467 0.0875299
1.25049 0.0875886
1.2563 0.08764
1.26211 0.087685
1.26792 0.0875994
1.27374 0.0875245
1.27955 0.0875839
1.31484 0.0875109
1.32065 0.0874471
1.32647 0.0875162
1.33228 0.0875767
1.33809 0.0876296
1.34391 0.0875509
1.34972 0.087482
1.35553 0.0875468
1.36135 0.0876034
1.36716 0.087653
1.40245 0.0876964
1.40826 0.0877343
1.41407 0.0877675
1.41989 0.0876716
1.4257 0.0875876
1.43151 0.0876392
1.43733 0.0876843
1.44314 0.0877238
1.44895 0.0876333
1.45477 0.0875541
1.49005 0.0876099
1.49587 0.0875336
1.50168 0.0874669
1.50749 0.0875336
1.51331 0.0875919
1.51912 0.0876429
1.52493 0.0875625
1.53075 0.0874922
1.53656 0.0875557
1.54237 0.0876112
1.57766 0.0875348
1.58348 0.087593
1.58929 0.0876438
1.5951 0.0876884
1.60091 0.0876023
1.60673 0.087527
1.61254 0.0875861
1.61835 0.0876379
1.62417 0.0876831
1.62998 0.0875977
1.66527 0.087648
1.67108 0.087692
1.6769 0.0876055
1.68271 0.0875298
1.68852 0.0875886
1.69434 0.08764
1.70015 0.087685
1.70596 0.0875994
1.71177 0.0875245
1.71759 0.0875839
1.75288 0.0875109
1.75869 0.0874471
1.7645 0.0875162
1.77032 0.0875767
1.77613 0.0876296
1.78194 0.0875509
1.78776 0.087482
1.79357 0.0875468
1.79938 0.0876034
1.8052 0.087653
1.84048 0.0876964
1.8463 0.0877343
1.85211 0.0877675
1.85792 0.0876716
1.86374 0.0875876
1.86955 0.0876392
1.87536 0.0876843
1.88118 0.0877237
1.88699 0.0876333
1.8928 0.0875541
1.92809 0.0876099
1.9339 0.0875336
1.93972 0.0874669
1.94553 0.0875336
1.95134 0.0875919
1.95716 0.0876429
1.96297 0.0875625
1.96878 0.0874922
1.9746 0.0875557
1.98041 0.0876112
2.0157 0.0875348
2.02151 0.087593
2.02733 0.0876438
2.03314 0.0876884
2.03895 0.0876023
2.04476 0.087527
2.05058 0.0875861
2.05639 0.0876379
2.0622 0.0876831
2.06802 0.0877227
2.10331 0.0877574
2.10912 0.0877877
2.11493 0.0876893
2.12075 0.0876031
2.12656 0.0876527
2.13237 0.0876961
2.13819 0.0877341
2.144 0.0876423
2.14981 0.0875621
2.15562 0.0874918
2.19091 0.0874303
2.19673 0.0873765
2.20254 0.0874545
2.20835 0.0875227
2.21417 0.0875823
2.21998 0.0875095
2.22579 0.0874458
2.23161 0.0875151
2.23742 0.0875757
2.24323 0.0876288
2.27852 0.0876752
2.28433 0.0877158
2.29015 0.0877513
2.29596 0.0876574
2.30177 0.0875752
2.30759 0.0876283
2.3134 0.0876748
2.31921 0.0877154
2.32503 0.087751
2.33084 0.0876571
2.36613 0.0877
2.37194 0.0876125
2.37775 0.0875359
2.38357 0.0875939
2.38938 0.0876447
2.39519 0.0876891
2.40101 0.087728
2.40682 0.087637
2.41263 0.0875573
2.41845 0.0876127
2.45374 0.0875361
2.45955 0.0875941
2.46536 0.0876448
2.47118 0.0876892
2.47699 0.0876031
2.4828 0.0875277
2.48861 0.0874617
2.49443 0.087529
2.50024 0.0875879
2.50605 0.0876394
2.54134 0.0876845
2.54716 0.0877239
2.55297 0.0876334
2.55878 0.0875542
2.5646 0.08761
2.57041 0.0876587
2.57622 0.0877014
2.58204 0.0877387
2.58785 0.0876464
2.59366 0.0875656
2.62895 0.0874949
2.63476 0.087433
2.64058 0.0875039
2.64639 0.0875659
2.6522 0.0876202
2.65802 0.0876676
2.66383 0.0875842
2.66964 0.0875112
2.67546 0.0875723
2.68127 0.0876257
2.71656 0.0876725
2.72237 0.0877134
2.72818 0.0877493
2.734 0.0876556
2.73981 0.0875737
2.74562 0.0875019
2.75144 0.0875642
2.75725 0.0876187
2.76306 0.0876663
2.76888 0.0875831
2.80417 0.0876352
2.80998 0.0875558
2.81579 0.0874863
2.8216 0.0875505
2.82742 0.0876067
2.83323 0.0876559
2.83904 0.0876989
2.84486 0.0876115
2.85067 0.0875351
2.85648 0.0875932
2.89177 0.087519
2.89759 0.0875792
2.9034 0.0876318
2.90921 0.0876778
2.91503 0.0877181
2.92084 0.0876283
2.92665 0.0875498
2.93246 0.0876061
2.93828 0.0876553
2.94409 0.0876984
2.97938 0.0877361
2.98519 0.0877691
2.99101 0.0877979
2.99682 0.0876982
3.00263 0.0876109
3.00845 0.0876596
3.01426 0.0877021
3.02007 0.0877393
3.02589 0.0876469
3.0317 0.0875661
3.06699 0.0874953
3.0728 0.0874334
3.07861 0.0873792
3.08443 0.0874568
3.09024 0.0875247
3.09605 0.0875841
3.10187 0.0875111
3.10768 0.0874472
3.11349 0.0875163
3.11931 0.0875768
3.15459 0.0876297
3.16041 0.087676
3.16622 0.0877165
3.17203 0.0877519
3.17785 0.0876579
3.18366 0.0875757
3.18947 0.0876287
3.19529 0.0876751
3.2011 0.0877157
3.20691 0.0876263
3.2422 0.087673
3.24802 0.0877139
3.25383 0.0876246
3.25964 0.0875466
3.26545 0.0876032
3.27127 0.0876528
3.27708 0.0876962
3.28289 0.0876092
3.28871 0.087533
3.29452 0.0875914
3.32981 0.0875175
3.33562 0.0874528
3.34144 0.0875212
3.34725 0.087581
3.35306 0.0876334
3.35888 0.0875542
3.36469 0.087485
3.3705 0.0875493
3.37631 0.0876057
3.38213 0.087655
3.41742 0.0876981
3.42323 0.0877358
3.42904 0.0877689
3.43486 0.0876727
3.44067 0.0875887
3.44648 0.0876401
3.4523 0.0876851
3.45811 0.0877244
3.46392 0.0876339
3.46974 0.0875546
3.50502 0.0876103
3.51084 0.087534
3.51665 0.0874673
3.52246 0.0875339
3.52828 0.0875921
3.53409 0.0876431
3.5399 0.0875627
3.54572 0.0874924
3.55153 0.0875558
3.55734 0.0876114
3.59263 0.0875349
3.59844 0.0875931
3.60426 0.0876439
3.61007 0.0876884
3.61588 0.0876024
3.6217 0.0875271
3.62751 0.0875862
3.63332 0.0876379
3.63914 0.0876832
3.64495 0.0875978
3.68024 0.0876481
3.68605 0.0876921
3.69187 0.0876055
3.69768 0.0875299
3.70349 0.0875886
3.7093 0.08764
3.71512 0.087685
3.72093 0.0875994
3.72674 0.0875245
3.73256 0.0875839
3.76785 0.0875109
3.77366 0.0874471
3.77947 0.0875162
3.78529 0.0875767
3.7911 0.0876296
3.79691 0.0875509
3.80273 0.087482
3.80854 0.0875468
3.81435 0.0876034
3.82016 0.087653
3.85545 0.0876964
3.86127 0.0877343
3.86708 0.0877675
3.87289 0.0876716
3.87871 0.0875876
3.88452 0.0876392
3.89033 0.0876843
3.89615 0.0877238
3.90196 0.0876333
3.90777 0.0875541
3.94306 0.0876099
3.94887 0.0875336
3.95469 0.0874669
3.9605 0.0875336
3.96631 0.0875919
3.97213 0.0876429
3.97794 0.0875625
3.98375 0.0874922
3.98957 0.0875557
3.99538 0.0876112
4.03067 0.0875348
4.03648 0.087593
4.0423 0.0876438
4.04811 0.0876884
4.05392 0.0876023
4.05973 0.087527
4.06555 0.0875861
4.07136 0.0876379
4.07717 0.0876831
4.08299 0.0875977
4.11828 0.087648
4.12409 0.087692
4.1299 0.0876055
4.13572 0.0875298
4.14153 0.0875886
4.14734 0.08764
4.15316 0.087685
4.15897 0.0875994
4.16478 0.0875245
4.17059 0.0875839
4.20588 0.0875109
4.2117 0.0874471
4.21751 0.0875162
4.22332 0.0875767
4.22914 0.0876296
4.23495 0.0875509
4.24076 0.087482
4.24658 0.0875468
4.25239 0.0876034
4.2582 0.087653
4.29349 0.0876964
4.2993 0.0877343
4.30512 0.0877675
4.31093 0.0876716
4.31674 0.0875876
4.32256 0.0876392
4.32837 0.0876843
4.33418 0.0877237
4.34 0.0876333
4.34581 0.0875541
4.3811 0.0876099
4.38691 0.0875336
4.39272 0.0874669
4.39854 0.0875336
4.40435 0.0875919
4.41016 0.0876429
4.41598 0.0875625
4.42179 0.0874922
4.4276 0.0875557
4.43342 0.0876112
4.46871 0.0875348
4.47452 0.087593
4.48033 0.0876438
4.48615 0.0876884
4.49196 0.0876023
4.49777 0.087527
4.50358 0.0875861
4.5094 0.0876379
4.51521 0.0876831
4.52102 0.0877227
4.55631 0.0877574
4.56213 0.0877877
4.56794 0.0876893
4.57375 0.0876031
4.57957 0.0876527
4.58538 0.0876961
4.59119 0.0877341
4.59701 0.0877673
4.60282 0.0876714
4.60863 0.0875875
4.64392 0.0875141
4.64973 0.0874498
4.65555 0.0875186
4.66136 0.0875788
4.66717 0.0876314
4.67299 0.0875525
4.6788 0.0874834
4.68461 0.087423
4.69043 0.0874951
4.69624 0.0875582
4.73153 0.0876134
4.73734 0.0876618
4.74315 0.087704
4.74897 0.087616
4.75478 0.087539
4.76059 0.0875967
4.76641 0.0876471
4.77222 0.0876912
4.77803 0.0877298
4.78385 0.0876386
4.81914 0.0876837
4.82495 0.0875983
4.83076 0.0875235
4.83657 0.0875831
4.84239 0.0876352
4.8482 0.0876808
4.85401 0.0877207
4.85983 0.0876306
4.86564 0.0875518
4.87145 0.0876078
4.90674 0.0875318
4.91256 0.0875903
4.91837 0.0876416
4.92418 0.0876864
4.93 0.0876006
4.93581 0.0875255
4.94162 0.0874598
4.94743 0.0875273
4.95325 0.0875864
4.95906 0.0876381
4.99435 0.0876833
5.00016 0.0877229
5.00598 0.0876326
5.01179 0.0875535
5.0176 0.0876093
5.02342 0.0876581
5.02923 0.0877009
5.03504 0.0877383
5.04086 0.087646
5.04667 0.0875652
5.08196 0.0874946
5.08777 0.0874328
5.09358 0.0875037
5.0994 0.0875657
5.10521 0.08762
5.11102 0.0876675
5.11684 0.0875841
5.12265 0.087511
5.12846 0.0875722
5.13428 0.0876256
5.16956 0.0876724
5.17538 0.0877134
5.18119 0.0877492
5.187 0.0877806
5.19282 0.087683
5.19863 0.0875976
5.20444 0.0876479
5.21026 0.0876919
5.21607 0.0877304
5.22188 0.0876391
5.25717 0.0876842
5.26299 0.0875987
5.2688 0.0875239
5.27461 0.0874584
5.28042 0.0875261
5.28624 0.0875853
5.29205 0.0876372
5.29786 0.0875575
5.30368 0.0874878
5.30949 0.0875518
5.34478 0.0874829
5.35059 0.0875475
5.35641 0.0876041
5.36222 0.0876536
5.36803 0.0876969
5.37385 0.0876098
5.37966 0.0875335
5.38547 0.0875918
5.39128 0.0876429
5.3971 0.0876875
5.43239 0.0877266
5.4382 0.0877607
5.44401 0.0877907
5.44983 0.0876918
5.45564 0.0876053
5.46145 0.0876547
5.46727 0.0876978
5.47308 0.0877356
5.47889 0.0876437
5.48471 0.0875632
5.51999 0.0874928
5.52581 0.0874312
5.53162 0.0873773
5.53743 0.0874551
5.54325 0.0875232
5.54906 0.0875828
5.55487 0.08751
5.56069 0.0874462
5.5665 0.0875155
5.57231 0.087576
5.6076 0.087629
5.61341 0.0876754
5.61923 0.087716
5.62504 0.0877515
5.63085 0.0876575
5.63667 0.0875753
5.64248 0.0876284
5.64829 0.0876749
5.65411 0.0877155
5.65992 0.0876261
5.69521 0.0876728
5.70102 0.0877137
5.70684 0.0876245
5.71265 0.0875464
5.71846 0.0876031
5.72427 0.0876527
5.73009 0.0876961
5.7359 0.0876091
5.74171 0.087533
5.74753 0.0875914
5.78282 0.0875174
5.78863 0.0874528
5.79444 0.0875212
5.80026 0.087581
5.80607 0.0876334
5.81188 0.0875542
5.8177 0.0874849
5.82351 0.0875493
5.82932 0.0876057
5.83513 0.0876549
5.87042 0.0876981
5.87624 0.0877358
5.88205 0.0877688
5.88786 0.0876727
5.89368 0.0875886
5.89949 0.0876401
5.9053 0.0876851
5.91112 0.0877244
5.91693 0.0876339
5.92274 0.0875546
5.95803 0.0876103
5.96384 0.087534
5.96966 0.0874673
5.97547 0.0875339
5.98128 0.0875921
5.9871 0.0876431
5.99291 0.0875627
5.99872 0.0874924
6.00454 0.0875558
6.01035 0.0876114
6.04564 0.0875349
6.05145 0.0875931
6.05726 0.0876439
6.06308 0.0876884
6.06889 0.0876024
6.0747 0.0875271
6.08052 0.0875862
6.08633 0.0876379
6.09214 0.0876832
6.09796 0.0875978
6.13325 0.0876481
6.13906 0.0876921
6.14487 0.0876055
6.15069 0.0875299
6.1565 0.0875886
6.16231 0.08764
6.16812 0.087685
6.17394 0.0875994
6.17975 0.0875245
6.18556 0.0875839
6.22085 0.0875109
6.22667 0.0874471
6.23248 0.0875162
6.23829 0.0875767
6.24411 0.0876296
6.24992 0.0875509
6.25573 0.087482
6.26155 0.0875468
6.26736 0.0876034
6.27317 0.087653
6.30846 0.0876964
6.31427 0.0877343
6.32009 0.0877675
6.3259 0.0876716
6.33171 0.0875876
6.33753 0.0876392
6.34334 0.0876843
6.34915 0.0877238
6.35497 0.0876333
6.36078 0.0875541
6.39607 0.0876099
6.40188 0.0875336
6.40769 0.0874669
6.41351 0.0875336
6.41932 0.0875919
6.42513 0.0876429
6.43095 0.0875625
6.43676 0.0874922
6.44257 0.0875557
6.44839 0.0876112
6.48368 0.0875348
6.48949 0.087593
6.4953 0.0876438
6.50111 0.0876884
6.50693 0.0876023
6.51274 0.087527
6.51855 0.0875861
6.52437 0.0876379
6.53018 0.0876831
6.53599 0.0875977
6.57128 0.087648
6.5771 0.087692
6.58291 0.0876055
6.58872 0.0875298
6.59454 0.0875886
6.60035 0.08764
6.60616 0.087685
6.61197 0.0875994
6.61779 0.0875245
6.6236 0.0875839
6.65889 0.0875109
6.6647 0.0874471
6.67052 0.0875162
6.67633 0.0875767
6.68214 0.0876296
6.68796 0.0875509
6.69377 0.087482
6.69958 0.0875468
6.7054 0.0876034
6.71121 0.087653
6.7465 0.0876964
6.75231 0.0877343
6.75812 0.0877675
6.76394 0.0876716
6.76975 0.0875876
6.77556 0.0876392
6.78138 0.0876843
6.78719 0.0877237
6.793 0.0877583
6.79882 0.0876635
6.8341 0.0877056
6.83992 0.0876174
6.84573 0.0875402
6.85154 0.0875977
6.85736 0.087648
6.86317 0.087692
6.86898 0.0876055
6.8748 0.0875298
6.88061 0.0874636
6.88642 0.0875306
6.92171 0.0874643
6.92753 0.0875313
6.93334 0.0875898
6.93915 0.0876411
6.94496 0.087561
6.95078 0.0874909
6.95659 0.0875545
6.9624 0.0876102
6.96822 0.0876589
6.97403 0.0877015
7.00932 0.0877389
7.01513 0.0877715
7.02095 0.0876751
7.02676 0.0875907
7.03257 0.0876418
7.03839 0.0876866
7.0442 0.0877258
7.05001 0.0877601
7.05582 0.0876651
7.06164 0.0875819
7.09693 0.0875092
7.10274 0.0874455
7.10855 0.0875148
7.11437 0.0875755
7.12018 0.0876285
7.12599 0.08755
7.13181 0.0874812
7.13762 0.0874211
7.14343 0.0874934
7.14925 0.0875568
7.18453 0.0876122
7.19035 0.0876606
7.19616 0.0877031
7.20197 0.0876152
7.20779 0.0875383
7.2136 0.087596
7.21941 0.0876465
7.22523 0.0876907
7.23104 0.0877293
7.23685 0.0876382
7.27214 0.0876834
7.27795 0.087598
7.28377 0.0875232
7.28958 0.0875828
7.29539 0.087635
7.30121 0.0876806
7.30702 0.0877205
7.31283 0.0876305
7.31865 0.0875517
7.32446 0.0876077
7.35975 0.0875317
7.36556 0.0875903
7.37138 0.0876415
7.37719 0.0876863
7.383 0.0877255
7.38881 0.0876348
7.39463 0.0875555
7.40044 0.087611
7.40625 0.0876597
7.41207 0.0877022
7.44736 0.0877394
7.45317 0.087772
7.45898 0.0876755
7.4648 0.0875911
7.47061 0.0875172
7.47642 0.0875775
7.48224 0.0876303
7.48805 0.0876765
7.49386 0.087592
7.49967 0.087518
7.53496 0.0874532
7.54078 0.0873966
7.54659 0.087472
7.5524 0.087538
7.55822 0.0875958
7.56403 0.0876463
7.56984 0.0875655
7.57566 0.0874948
7.58147 0.087558
7.58728 0.0876132
7.62257 0.0876616
7.62838 0.0877039
7.6342 0.0877409
7.64001 0.0877733
7.64582 0.0876766
7.65164 0.087592
7.65745 0.087643
7.66326 0.0876877
7.66908 0.0877267
7.67489 0.0876359
7.71018 0.0876814
7.71599 0.0875962
7.7218 0.0875217
7.72762 0.0874565
7.73343 0.0875244
7.73924 0.0875839
7.74506 0.0876359
7.75087 0.0875564
7.75668 0.0874868
7.7625 0.087551
7.79779 0.0874821
7.8036 0.0875468
7.80941 0.0876035
7.81523 0.0876531
7.82104 0.0876964
7.82685 0.0876094
7.83266 0.0875332
7.83848 0.0875915
7.84429 0.0876426
7.8501 0.0876873
7.88539 0.0877264
7.89121 0.0877606
7.89702 0.0877905
7.90283 0.0876917
7.90865 0.0876052
7.91446 0.0876546
7.92027 0.0876977
7.92609 0.0877355
7.9319 0.0876436
7.93771 0.0875631
7.973 0.0876177
7.97881 0.0875405
7.98463 0.087473
7.99044 0.0875388
7.99625 0.0875965
8.00207 0.0876469
8.00788 0.0875661
8.01369 0.0874953
8.01951 0.0875584
8.02532 0.0876136
8.06061 0.0875369
8.06642 0.0875948
8.07223 0.0876454
8.07805 0.0876897
8.08386 0.0876035
8.08967 0.0875281
8.09549 0.0875871
8.1013 0.0876387
8.10711 0.0876839
8.11293 0.0875984
8.14822 0.0876486
8.15403 0.0876925
8.15984 0.0876059
8.16565 0.0875302
8.17147 0.0875889
8.17728 0.0876403
8.18309 0.0876853
8.18891 0.0875996
8.19472 0.0875247
8.20053 0.0875841
8.23582 0.0875111
8.24164 0.0874472
8.24745 0.0875163
8.25326 0.0875767
8.25908 0.0876297
8.26489 0.0875509
8.2707 0.0874821
8.27651 0.0875468
8.28233 0.0876035
8.28814 0.087653
8.32343 0.0876964
8.32924 0.0877344
8.33506 0.0877676
8.34087 0.0876716
8.34668 0.0875877
8.3525 0.0876392
8.35831 0.0876843
8.36412 0.0877238
8.36994 0.0876333
8.37575 0.0875541
8.41104 0.0876099
8.41685 0.0875336
8.42266 0.0874669
8.42848 0.0875336
8.43429 0.0875919
8.4401 0.0876429
8.44592 0.0875625
8.45173 0.0874922
8.45754 0.0875557
8.46336 0.0876112
8.49864 0.0875348
8.50446 0.087593
8.51027 0.0876438
8.51608 0.0876884
8.5219 0.0876023
8.52771 0.087527
8.53352 0.0875861
8.53934 0.0876379
8.54515 0.0876831
8.55096 0.0875978
8.58625 0.087648
8.59207 0.087692
8.59788 0.0876055
8.60369 0.0875298
8.6095 0.0875886
8.61532 0.08764
8.62113 0.087685
8.62694 0.0875994
8.63276 0.0875245
8.63857 0.0875839
8.67386 0.0875109
8.67967 0.0874471
8.68549 0.0875162
8.6913 0.0875767
8.69711 0.0876296
8.70293 0.0875509
8.70874 0.087482
8.71455 0.0875468
8.72036 0.0876034
8.72618 0.087653
8.76147 0.0876964
8.76728 0.0877343
8.77309 0.0877675
8.77891 0.0876716
8.78472 0.0875876
8.79053 0.0876392
8.79635 0.0876843
8.80216 0.0877237
8.80797 0.0876333
8.81379 0.0875541
8.84907 0.0876099
8.85489 0.0875336
8.8607 0.0874669
8.86651 0.0875336
8.87233 0.0875919
8.87814 0.0876429
8.88395 0.0875625
8.88977 0.0874922
8.89558 0.0875557
8.90139 0.0876112
8.93668 0.0875348
8.94249 0.087593
8.94831 0.0876438
8.95412 0.0876884
8.95993 0.0876023
8.96575 0.087527
8.97156 0.0875861
8.97737 0.0876379
8.98319 0.0876831
8.989 0.0877227
9.02429 0.0877574
9.0301 0.0877877
9.03592 0.0876893
9.04173 0.0876031
9.04754 0.0876527
9.05335 0.0876961
9.05917 0.0877341
9.06498 0.0876423
9.07079 0.0875621
9.07661 0.0874918
9.1119 0.0874303
9.11771 0.0873765
9.12352 0.0874545
9.12934 0.0875227
9.13515 0.0875823
9.14096 0.0875095
9.14678 0.0874458
9.15259 0.0875151
9.1584 0.0875757
9.16421 0.0876288
9.1995 0.0876752
9.20532 0.0877158
9.21113 0.0877513
9.21694 0.0876574
9.22276 0.0875752
9.22857 0.0876283
9.23438 0.0876748
9.2402 0.0877154
9.24601 0.087751
9.25182 0.0876571
9.28711 0.0877
9.29292 0.0876125
9.29874 0.0875359
9.30455 0.0875939
9.31036 0.0876447
9.31618 0.0876891
9.32199 0.087603
9.3278 0.0875276
9.33362 0.0874616
9.33943 0.0875289
9.37472 0.0874628
9.38053 0.08753
9.38634 0.0875887
9.39216 0.0876401
9.39797 0.0875601
9.40378 0.0874901
9.4096 0.0875538
9.41541 0.0876096
9.42122 0.0876584
9.42704 0.0877011
9.46233 0.0877385
9.46814 0.0877712
9.47395 0.0876748
9.47977 0.0875904
9.48558 0.0876416
9.49139 0.0876864
9.4972 0.0877256
9.50302 0.0877599
9.50883 0.0876649
9.51464 0.0875818
9.54993 0.0875091
9.55575 0.0874454
9.56156 0.0875148
9.56737 0.0875754
9.57319 0.0876285
9.579 0.0875499
9.58481 0.0874812
9.59063 0.087421
9.59644 0.0874934
9.60225 0.0875567
9.63754 0.0876121
9.64335 0.0876606
9.64917 0.087703
9.65498 0.0876152
9.66079 0.0875383
9.66661 0.087596
9.67242 0.0876465
9.67823 0.0876907
9.68405 0.0877293
9.68986 0.0876382
9.72515 0.0876834
9.73096 0.087598
9.73677 0.0875232
9.74259 0.0875828
9.7484 0.087635
9.75421 0.0876806
9.76003 0.0877205
9.76584 0.0876305
9.77165 0.0875516
9.77747 0.0876077
9.81276 0.0875317
9.81857 0.0875903
9.82438 0.0876415
9.83019 0.0876863
9.83601 0.0877255
9.84182 0.0876348
9.84763 0.0875555
9.85345 0.087611
9.85926 0.0876597
9.86507 0.0877022
9.90036 0.0877394
9.90618 0.087772
9.91199 0.0876755
9.9178 0.0875911
9.92362 0.0875172
9.92943 0.0875775
9.93524 0.0876303
9.94105 0.0876765
9.94687 0.087592
9.95268 0.087518
9.98797 0.0874532
9.99378 0.0873966
9.9996 0.087472
10.0054 0.087538
10.0112 0.0875958
10.017 0.0876463
10.0228 0.0875655
10.0287 0.0874948
10.0345 0.087558
10.0403 0.0876132
10.0756 0.0876616
10.0814 0.0877039
10.0872 0.0877409
10.093 0.0877733
10.0988 0.0876766
10.1046 0.087592
10.1105 0.087643
10.1163 0.0876877
10.1221 0.0877267
10.1279 0.0876359
10.1632 0.0876814
10.169 0.0875962
10.1748 0.0875217
10.1806 0.0874565
10.1864 0.0875244
10.1923 0.0875839
10.1981 0.0876359
10.2039 0.0875564
10.2097 0.0874868
10.2155 0.087551
10.2508 0.0874821
10.2566 0.0875468
10.2624 0.0876035
10.3442 0.0876531
10.35 0.0876964
10.4318 0.0876094
10.4376 0.0875332
10.5194 0.0875915
10.5252 0.0876426
10.607 0.0876873
10.6128 0.0876014
10.6946 0.0875262
10.7005 0.0875854
10.7822 0.0876372
10.7881 0.0876826
10.8699 0.0875973
10.8757 0.0875226
10.9575 0.0875823
10.9633 0.0876345
11.0451 0.0876802
11.0509 0.0875952
11.1327 0.0875208
11.1385 0.0875807
11.2203 0.0876331
11.2261 0.0876789
11.3079 0.0875941
11.3137 0.0875198
11.3955 0.0875798
11.4013 0.0876324
11.4831 0.0876783
11.4889 0.0875935
11.5707 0.0875193
11.5765 0.0875794
11.6583 0.087632
11.6641 0.087678
11.7459 0.0875932
11.7517 0.0875191
11.8335 0.0875792
11.8394 0.0876318
11.9211 0.0876778
11.927 0.0875931
12.0088 0.087519
12.0146 0.0875791
12.0964 0.0876317
12.1022 0.0876777
12.184 0.087593
12.1898 0.0875189
12.2716 0.087579
12.2774 0.0876317
12.3592 0.0876777
12.365 0.087593
12.4468 0.0875189
12.4526 0.087579
12.5344 0.0876316
12.5402 0.0876777
12.622 0.087718
12.6278 0.0876282
12.7096 0.0875497
12.7154 0.087606
12.7972 0.0876552
12.803 0.0876983
12.8848 0.087611
12.8906 0.0875347
12.9724 0.0875928
12.9782 0.0876437
13.06 0.0876883
13.0659 0.0876022
13.1476 0.0875269
13.1535 0.0875861
13.2353 0.0876378
13.2411 0.0876831
13.3229 0.0875977
13.3287 0.087523
13.4105 0.0875826
13.4163 0.0876348
13.4981 0.0876804
13.5039 0.0875954
13.5857 0.087521
13.5915 0.0875808
13.6733 0.0876332
13.6791 0.0876791
13.7609 0.0875942
13.7667 0.0875199
13.8485 0.0875799
13.8543 0.0876324
13.9361 0.0876784
13.9419 0.0875936
14.0237 0.0875194
14.0295 0.0875795
14.1113 0.087632
14.1171 0.087678
14.1989 0.0875933
14.2048 0.0875191
14.2865 0.0875792
14.2924 0.0876318
14.3742 0.0876778
14.38 0.0875931
14.4618 0.087519
14.4676 0.0875791
14.5494 0.0876317
14.5552 0.0876777
14.637 0.087593
14.6428 0.0875189
14.7246 0.087579
14.7304 0.0876317
14.8122 0.0876777
14.818 0.087718
14.8998 0.0876282
14.9056 0.0875497
14.9874 0.087606
14.9932 0.0876552
15.075 0.0876983
15.0808 0.087611
15.1626 0.0875347
15.1684 0.0875928
15.2502 0.0876437
15.256 0.0876883
15.3378 0.0876022
15.3436 0.0875269
15.4254 0.0875861
15.4313 0.0876378
15.513 0.0876831
15.5189 0.0875977
15.6007 0.087523
15.6065 0.0875826
15.6883 0.0876348
15.6941 0.0876804
15.7759 0.0875954
15.7817 0.087521
15.8635 0.0875808
15.8693 0.0876332
15.9511 0.0876791
15.9569 0.0875942
16.0387 0.0875199
16.0445 0.0875799
16.1263 0.0876324
16.1321 0.0876784
16.2139 0.0875936
16.2197 0.0875194
16.3015 0.0875795
16.3073 0.087632
16.3891 0.087678
16.3949 0.0875933
16.4767 0.0875191
16.4825 0.0875792
16.5643 0.0876318
16.5701 0.0876778
16.6519 0.0875931
16.6578 0.087519
16.7396 0.0875791
16.7454 0.0876317
16.8272 0.0876777
16.833 0.087593
16.9148 0.0875189
16.9206 0.087579
17.0024 0.0876317
17.0082 0.0876777
17.09 0.087593
17.0958 0.0875189
17.1776 0.087579
17.1834 0.0876316
17.2652 0.0876777
17.271 0.087718
17.3528 0.0876282
17.3586 0.0875497
17.4404 0.087606
17.4462 0.0876552
17.528 0.0876983
17.5338 0.087611
17.6156 0.0875347
17.6214 0.0875928
17.7032 0.0876437
17.709 0.0876883
17.7908 0.0876022
17.7967 0.0875269
17.8784 0.0875861
17.8843 0.0876378
17.9661 0.0876831
17.9719 0.0875977
18.0537 0.087523
18.0595 0.0875826
18.1413 0.0876348
18.1471 0.0876804
18.2289 0.0875954
18.2347 0.087521
18.3165 0.0875808
18.3223 0.0876332
18.4041 0.0876791
18.4099 0.0875942
18.4917 0.0875199
18.4975 0.0875799
18.5793 0.0876324
18.5851 0.0876784
18.6669 0.0875936
18.6727 0.0875194
18.7545 0.0875795
18.7603 0.087632
18.8421 0.087678
18.8479 0.0875933
18.9297 0.0875191
18.9355 0.0875792
19.0173 0.0876318
19.0232 0.0876778
19.105 0.0875931
19.1108 0.087519
19.1926 0.0875791
19.1984 0.0876317
19.2802 0.0876777
19.286 0.087593
19.3678 0.0875189
19.3736 0.087579
19.4554 0.0876317
19.4612 0.0876777
19.543 0.087593
19.5488 0.0875189
19.6306 0.087579
19.6364 0.0876316
19.7182 0.0876777
19.724 0.087718
19.8058 0.0876282
19.8116 0.0875497
19.8934 0.087606
19.8992 0.0876552
19.981 0.0876983
19.9868 0.087611
20.0686 0.0875347
20.0744 0.0875928
20.1562 0.0876437
20.1621 0.0876883
20.2438 0.0876022
20.2497 0.0875269
20.3315 0.0875861
20.3373 0.0876378
20.4193 0.0876831
20.4249 0.0875977
20.507 0.087523
20.5129 0.0874576
20.5947 0.0875254
20.6006 0.0875847
20.7062 0.0906366
20.7164 0.0938071
20.8266 0.0970812
20.8368 0.099946
20.947 0.102578
20.9572 0.104881
21.0675 0.10677
21.0776 0.108424
21.1879 0.109871
21.1947 0.110762
21.2761 0.108042
21.2837 0.105662
21.3651 0.103579
21.3736 0.101882
21.455 0.100396
21.4639 0.0990969
21.5648 0.100335
21.5759 0.101793
21.6543 0.100319
21.6662 0.099154
21.745 0.0981347
21.7577 0.0972429
21.837 0.0965875
21.8506 0.0961391
21.9303 0.0957467
21.9447 0.0955284
22.0249 0.0953373
22.0401 0.0954201
22.1211 0.0956176
22.1368 0.0956654
22.2331 0.0977072
22.2534 0.100119
22.3314 0.099854
22.3475 0.0991222
22.4209 0.097857
22.4378 0.0968748
22.5116 0.0961405
22.5294 0.0956229
22.6041 0.0952951
22.6223 0.0950082
22.6978 0.0947572
22.7168 0.0946625
22.7927 0.0947047
22.8127 0.0948666
22.8915 0.0953833
22.917 0.0964604
23.0043 0.0985278
23.0242 0.0997118
23.0942 0.0984979
23.115 0.0974356
23.1854 0.0966312
23.207 0.0960523
23.2778 0.0955457
23.3003 0.0953525
23.3715 0.0951835
23.3948 0.0950355
23.4665 0.0950311
23.4906 0.0951522
23.5627 0.0952582
23.5877 0.0954759
23.6768 0.0977914
23.706 0.100442
23.7734 0.100012
23.7959 0.0986357
23.8629 0.0974312
23.8862 0.0966273
23.9536 0.0959239
23.9778 0.0953084
24.0461 0.0950198
24.0707 0.0947674
24.1398 0.0945464
24.1652 0.0946031
24.2348 0.0946527
24.261 0.0948212
24.3348 0.0954685
24.3687 0.0969099
24.4459 0.0986712
24.4718 0.0992123
24.5358 0.0980608
24.5621 0.0971782
24.627 0.0964059
24.6541 0.0958552
24.7194 0.0954983
24.7474 0.095186
24.8131 0.0950377
24.8419 0.094908
24.9081 0.0949195
24.9377 0.0950546
25.0043 0.0951728
25.0361 0.0956512
25.1196 0.0980698
25.151 0.100186
25.2142 0.0995378
25.2409 0.0982206
25.3045 0.097193
25.3321 0.0965439
25.3965 0.0959759
25.4245 0.0954789
25.4898 0.095169
25.5182 0.0950229
25.5843 0.09502
25.6136 0.0950175
25.6802 0.0951403
25.7103 0.0953728
25.7849 0.0964512
25.8231 0.0985198
25.8917 0.0995798
25.9214 0.0993823
25.9816 0.0982096
26.0117 0.0971834
26.0728 0.0964104
26.1033 0.0958591
26.1652 0.0955017
26.1966 0.095189
26.2589 0.0949154
26.2912 0.094926
26.3539 0.0949352
26.387 0.0949433
26.4502 0.0952004
26.4887 0.0960504
26.568 0.0987941
26.5994 0.10032
26.6596 0.0991548
26.6893 0.0980105
26.7499 0.0970092
26.7805 0.096258
26.8415 0.0957258
26.8729 0.09526
26.9344 0.0949775
26.9666 0.0948553
27.0289 0.0947484
27.0616 0.0947799
27.1247 0.0949324
27.1582 0.0951908
27.2312 0.096667
27.274 0.0989586
27.3359 0.0995888
27.369 0.0990152
27.4254 0.0978883
27.4593 0.0970273
27.5165 0.0962738
27.5509 0.0956146
27.6089 0.0951628
27.6441 0.0950174
27.7027 0.0948903
27.7387 0.094779
27.7976 0.0948066
27.8345 0.0949558
27.8939 0.0950863
27.9388 0.0962005
28.0117 0.0989255
28.0461 0.10006
28.1016 0.0988023
28.136 0.097577
28.1919 0.0966299
28.2271 0.0960511
28.284 0.0955448
28.3196 0.0951017
28.3772 0.094964
28.4133 0.0948435
28.4718 0.094738
28.5087 0.0947708
28.5676 0.0949244
28.6053 0.0951839
28.6757 0.0967859
28.7236 0.0994377
28.7783 0.0998829
28.8152 0.0988976
28.8682 0.0977854
28.9055 0.0968122
28.9594 0.0960857
28.9971 0.095575
29.0518 0.0951281
29.0904 0.0948621
29.1455 0.0947543
29.185 0.09466
29.2405 0.0947025
29.2808 0.0948647
29.3372 0.0951316
29.3876 0.0966152
29.4538 0.0990383
29.4924 0.0997835
29.5432 0.0985606
29.5827 0.0974905
29.634 0.0965542
29.6743 0.0959849
29.7264 0.0956118
29.7671 0.0952853
29.8201 0.0951246
29.8612 0.0949841
29.9151 0.0949861
29.9566 0.0949878
30.0113 0.0951143
30.0533 0.09535
30.122 0.0971813
30.1699 0.0995336
30.2221 0.0997169
30.2589 0.0983773
30.3097 0.0969551
30.3466 0.0958357
30.3973 0.0948563
30.4343 0.0939992
30.4849 0.0931243
30.5219 0.0923588
30.5725 0.0918139
30.6101 0.0914622
30.6614 0.0911544
30.6995 0.0908851
30.7517 0.0907745
30.7924 0.0910527
30.8581 0.0930461
30.9026 0.0951653
30.9522 0.0950197
30.9942 0.0946422
31.0442 0.0943119
31.0871 0.0941479
31.1379 0.0940044
31.1812 0.0940039
31.2329 0.0941284
31.2766 0.0942373
31.3292 0.0945827
31.3733 0.0948848
31.4267 0.0951492
31.4716 0.0955056
31.5344 0.0970674
31.5912 0.099934
31.6412 0.100817
31.6845 0.0998401
31.7328 0.0987351
31.7765 0.0978932
31.8257 0.0972815
31.8698 0.0967463
31.9198 0.096403
31.9647 0.0962277
32.0152 0.0961992
32.061 0.0961743
32.1119 0.0961525
32.1585 0.0963835
32.2098 0.0965855
32.2666 0.0980123
32.3298 0.100761
32.373 0.101541
32.421 0.100223
32.4646 0.0990702
32.513 0.0981864
32.5575 0.0975381
32.6062 0.0970959
32.6516 0.0967089
32.7012 0.0964953
32.747 0.0964334
32.7975 0.0963792
32.8437 0.0963318
32.895 0.0964153
32.9416 0.0966134
33.0048 0.0982867
33.0612 0.101001
33.1095 0.101501
33.1524 0.100188
33.2007 0.0990397
33.2444 0.0981597
33.2931 0.0975147
33.3376 0.0969504
33.3873 0.0965816
33.4322 0.0963839
33.4827 0.0962109
33.528 0.0961845
33.5793 0.0962865
33.6251 0.0963757
33.6773 0.0965787
33.7345 0.0981314
33.7956 0.100615
33.8392 0.101163
33.8872 0.100018
33.9317 0.0990155
33.98 0.0982635
34.0254 0.0977306
34.0741 0.0972643
34.1204 0.0969812
34.17 0.0967336
34.2166 0.0966419
34.2671 0.0968116
34.3141 0.0969602
34.3654 0.0970902
34.4142 0.0974539
34.4791 0.0995222
34.5308 0.101582
34.58 0.101384
34.6224 0.100211
34.672 0.0991847
34.7152 0.0984116
34.7657 0.0978602
34.8094 0.0973777
34.8607 0.0970805
34.9048 0.0968204
34.9569 0.0967178
35.0018 0.0967531
35.0544 0.096909
35.1002 0.0971704
35.1575 0.0978991
35.2151 0.100037
35.2707 0.101657
35.3143 0.101325
35.3622 0.100159
35.4063 0.0991394
35.4551 0.098372
35.4996 0.0977005
35.5492 0.0972379
35.5946 0.0969582
35.6446 0.0967134
35.6908 0.0966242
35.7413 0.0966712
35.7884 0.0968373
35.8392 0.0969826
35.8922 0.0978598
35.9563 0.100252
36.0042 0.101721
36.0529 0.101006
36.0958 0.099755
36.145 0.0987856
36.1886 0.0980624
36.2382 0.0975546
36.2828 0.0971103
36.3332 0.0968465
36.3782 0.0967407
36.4295 0.0966481
36.4748 0.0965671
36.527 0.0966212
36.5732 0.0969185
36.633 0.0980537
36.6915 0.100547
36.7424 0.101729
36.7869 0.100888
36.834 0.0996516
36.8789 0.0986952
36.9268 0.0979833
36.9722 0.0974854
37.0209 0.0970497
37.0672 0.0967935
37.1163 0.0966943
37.1634 0.0966075
37.213 0.0966566
37.2609 0.0966995
37.3114 0.0968621
37.3682 0.0982543
37.4318 0.100973
37.4759 0.101726
37.5242 0.100635
37.5675 0.0995558
37.6162 0.0986113
37.6603 0.0979099
37.7095 0.0972962
37.7545 0.0968841
37.8045 0.0966486
37.8499 0.0964426
37.9007 0.0963872
37.9465 0.0964638
37.9983 0.0966558
38.0449 0.0968239
38.1072 0.0983459
38.1649 0.101053
38.2124 0.101546
38.2565 0.100353
38.304 0.0991837
38.3485 0.0982857
38.3968 0.097625
38.4418 0.0970469
38.4909 0.096666
38.5367 0.0964578
38.5863 0.0964006
38.633 0.0963505
38.683 0.0964317
38.7305 0.0966277
38.7814 0.0967993
38.8403 0.0984493
38.9005 0.101018
38.9455 0.101516
38.9913 0.100201
39.0366 0.0990512
39.0833 0.0981698
39.1295 0.0975236
39.1766 0.0969582
39.2236 0.0965884
39.2711 0.0963898
39.319 0.0963411
39.3674 0.0962985
39.4157 0.0962612
39.4649 0.0963535
39.5136 0.0965593
39.5751 0.0983644
39.6324 0.100944
39.679 0.101201
39.7231 0.0999258
39.7706 0.098935
39.8151 0.0980682
39.8634 0.0974346
39.9088 0.0968803
39.9576 0.0965203
40.0038 0.0963302
40.053 0.096164
40.1 0.0962685
40.1497 0.0963599
40.1976 0.0964399
40.2523 0.0972599
40.3164 0.0999774
40.3753 0.102855
40.4317 0.104373
40.4775 0.104077
40.5402 0.104692
40.5864 0.105231
40.6577 0.106702
40.7043 0.108114
40.7794 0.10985
40.7919 0.106994
40.867 0.104494
40.8795 0.102433
40.9546 0.100628
40.9671 0.0990499
41.0422 0.0976687
41.0547 0.0963351
41.1305 0.0952932
41.1437 0.0945066
41.2289 0.0949432
41.2429 0.0954503
41.3374 0.097144
41.3523 0.098751
41.457 0.101282
41.4727 0.103622
41.5872 0.107044
41.602 0.109789
41.6974 0.109815
41.7093 0.109588
41.8013 0.10889
41.814 0.108278
41.9145 0.108869
41.9281 0.109635
42.037 0.111306
42.0523 0.112892
42.1651 0.114781
42.1803 0.116433
42.2927 0.117754
42.3084 0.119035
42.4131 0.119281
42.4271 0.119245
42.5094 0.11634
42.5212 0.113547
42.6026 0.110979
42.6145 0.108732
42.6968 0.10689
42.7086 0.105279
42.7917 0.103994
42.804 0.102995
42.888 0.10212
42.9003 0.101355
42.9851 0.100936
42.9974 0.100444
43.0898 0.100888
43.1059 0.101777
43.1975 0.102555
43.2107 0.102861
43.2899 0.101503
43.3044 0.100565
43.3853 0.0999946
43.4015 0.0996203
43.4841 0.0995428
43.5011 0.0995999
43.5855 0.0997749
43.6033 0.100053
43.6893 0.100546
43.7084 0.101103
43.7975 0.101965
43.8225 0.10347
43.9175 0.105536
43.937 0.106594
44.0107 0.104895
44.0307 0.103533
44.1061 0.102591
44.1273 0.101892
44.2041 0.101406
44.2266 0.101105
44.3046 0.100967
44.3283 0.101096
44.4085 0.101459
44.4326 0.101777
44.5145 0.102305
44.5399 0.102892
44.6408 0.10578
44.6637 0.108058
44.7404 0.10705
44.7595 0.105669
44.8346 0.10421
44.8553 0.103184
44.9325 0.102536
44.955 0.102094
45.0334 0.101957
45.0572 0.102088
45.1369 0.102202
45.1619 0.102426
45.2429 0.102873
45.2692 0.103514
45.3637 0.1057
45.3959 0.108237
45.4714 0.108208
45.496 0.107307
45.566 0.105643
45.5923 0.104438
45.6639 0.103633
45.6915 0.103054
45.7648 0.102797
45.7937 0.102698
45.8687 0.10286
45.8984 0.103128
45.976 0.103612
46.0061 0.10416
46.0922 0.105765
46.1303 0.108045
46.2062 0.108789
46.2359 0.108315
46.3008 0.106526
46.3317 0.10521
46.3987 0.104309
46.4305 0.103645
46.4996 0.103315
46.5327 0.10315
46.6035 0.103257
46.6387 0.103599
46.7112 0.10415
46.7472 0.104756
46.8227 0.105536
46.8685 0.107469
46.9427 0.109036
46.9779 0.109031
47.0364 0.107152
47.0724 0.105633
47.1331 0.104554
47.1712 0.10386
47.2331 0.103377
47.2726 0.10308
47.3357 0.102945
47.3765 0.103077
47.4413 0.103442
47.4825 0.103762
47.549 0.104292
47.5957 0.10538
47.6749 0.107833
47.7114 0.108854
47.7725 0.107497
47.8055 0.10581
47.8679 0.104459
47.9026 0.103526
47.9671 0.103086
48.0027 0.1027
48.0688 0.102487
48.1053 0.102551
48.1736 0.102857
48.2113 0.10325
48.2804 0.103719
48.3199 0.104254
48.4055 0.106847
48.4424 0.108866
48.5085 0.108133
48.5374 0.106492
48.6031 0.105055
48.6332 0.103923
48.7006 0.103058
48.732 0.102426
48.8011 0.102247
48.8346 0.102341
48.9041 0.102424
48.9393 0.102746
49.0097 0.103028
49.0466 0.103524
49.1276 0.105334
49.1729 0.107917
49.2382 0.108302
49.273 0.10739
49.3324 0.105716
49.3688 0.104376
49.4295 0.103454
49.4676 0.102898
49.5295 0.102535
49.5694 0.102468
49.6334 0.10266
49.6737 0.102827
49.7398 0.103224
49.7805 0.103696
49.8522 0.104859
49.9039 0.107127
49.9696 0.108361
50.0099 0.108066
50.0646 0.106432
50.1062 0.105253
50.1626 0.104347
50.2058 0.103678
50.2647 0.103469
50.3084 0.10341
50.3695 0.103609
50.4148 0.103908
50.4772 0.104419
50.5238 0.104992
50.5878 0.105618
50.6472 0.107916
50.7082 0.109551
50.7545 0.109232
50.8024 0.107328
50.8494 0.105787
50.8995 0.104689
50.9487 0.103978
51.0004 0.103605
51.0508 0.103405
51.1043 0.103479
51.1556 0.103669
51.2107 0.103961
51.2476 0.102466
51.2983 0.100657
51.3352 0.0990752
51.3859 0.0975658
51.4228 0.0962451
51.4735 0.0952144
51.5104 0.0943126
51.5611 0.0935235
51.5997 0.0929581
51.6535 0.0928383
51.6942 0.0931085
51.751 0.09372
51.7938 0.09438
51.8528 0.0952075
51.8986 0.0964315
51.9592 0.0977526
52.0075 0.0991585
52.0741 0.101139
52.1364 0.104621
52.1933 0.106419
52.2416 0.106241
52.2887 0.104836
52.3391 0.103982
52.387 0.103359
52.4392 0.102939
52.4879 0.102572
52.5414 0.1025
52.5918 0.102688
52.6457 0.102852
52.6978 0.103245
52.7529 0.103715
52.8055 0.10425
52.8717 0.106094
52.9319 0.108582
52.9832 0.109009
53.0294 0.107633
53.0798 0.106179
53.1261 0.105032
53.1786 0.104278
53.2253 0.103618
53.2795 0.103291
53.3275 0.103129
53.3826 0.103113
53.4318 0.103224
53.4886 0.103571
53.5382 0.104
53.5997 0.104875
53.6611 0.10714
53.7192 0.108748
53.7659 0.108154
53.8146 0.10651
53.863 0.105321
53.913 0.104406
53.9626 0.103855
54.0148 0.103623
54.0648 0.103421
54.1191 0.103618
54.1695 0.103791
54.2259 0.104067
54.2776 0.104559
54.3349 0.105114
54.3972 0.106974
54.46 0.109228
54.5083 0.109449
54.5566 0.107893
54.6041 0.106406
54.6537 0.105231
54.7025 0.104327
54.7542 0.103911
54.8047 0.103672
54.8572 0.103588
54.909 0.10364
54.9624 0.10381
55.0154 0.104208
55.0697 0.104557
55.1273 0.105488
55.196 0.108177
55.2456 0.109405
55.2991 0.108604
55.3423 0.107154
55.3974 0.106009
55.4424 0.105258
55.4988 0.104726
55.5458 0.10451
55.6035 0.104571
55.6522 0.104875
55.712 0.105391
55.7625 0.105967
55.8235 0.106596
55.8765 0.107521
55.9512 0.110081
55.9974 0.111446
56.0546 0.11039
56.0924 0.108467
56.1517 0.107033
56.1912 0.106029
56.2522 0.1054
56.2929 0.10485
56.3561 0.104744
56.3989 0.104901
56.4625 0.105038
56.507 0.105534
56.5723 0.106092
56.6177 0.10658
56.6957 0.108633
56.744 0.110929
56.8043 0.110688
56.8416 0.108977
56.9001 0.107355
56.9395 0.106185
56.9993 0.105287
57.0408 0.104751
57.1023 0.104532
57.1452 0.104591
57.2083 0.104767
57.2524 0.105046
57.3173 0.10554
57.3631 0.106223
57.4356 0.107695
57.4903 0.110108
57.5496 0.110595
57.5925 0.10952
57.6459 0.10783
57.6896 0.106476
57.7451 0.105667
57.7901 0.105084
57.8477 0.104698
57.8944 0.104611
57.9529 0.104659
58.0012 0.104952
58.061 0.105333
58.1106 0.105791
58.1738 0.106692
58.2361 0.109106
58.2942 0.110593
58.3417 0.109894
58.39 0.108157
58.4392 0.106887
58.4892 0.105901
58.5397 0.105164
58.5914 0.104768
58.6431 0.104672
58.6961 0.104713
58.7496 0.104874
58.8047 0.105265
58.8594 0.105857
58.9158 0.1065
58.9823 0.108562
59.0409 0.110617
59.0922 0.11054
59.138 0.108847
59.1884 0.107241
59.2359 0.106086
59.2876 0.1052
59.3377 0.1048
59.3911 0.1047
59.4424 0.104738
59.4971 0.104896
59.5501 0.105284
59.606 0.105748
59.6603 0.10628
59.7239 0.10762
59.7875 0.110042
59.8384 0.110662
59.8884 0.109454
59.9346 0.107772
59.986 0.106426
60.0339 0.105498
60.0869 0.104935
60.1365 0.104694
60.1903 0.104607
60.2416 0.104656
60.2972 0.104949
60.3489 0.105205
60.4061 0.10568
60.4604 0.10647
60.5321 0.108911
60.5817 0.110422
60.6364 0.109619
60.6766 0.107792
60.7322 0.106318
60.7746 0.105278
60.8318 0.104493
60.8751 0.104057
60.934 0.103925
60.979 0.103809
61.0387 0.103833
61.0854 0.104229
61.1456 0.104575
61.1939 0.105003
61.2639 0.106628
61.3216 0.109299
61.3758 0.109637
61.4199 0.108182
61.4716 0.10666
61.5174 0.105577
61.5709 0.104755
61.6179 0.104161
61.6726 0.103891
61.7055 0.101904
61.7602 0.100166
61.7937 0.0986454
61.8478 0.0971897
61.8813 0.096041
61.9354 0.0950359
61.9689 0.0940314
62.0231 0.0932775
62.0586 0.0928678
62.1155 0.0927593
62.154 0.0931644
62.2138 0.0937689
62.2545 0.0945477
62.3173 0.0957293
62.3682 0.0980131
62.4402 0.101136
62.4801 0.102494
62.5361 0.101683
62.5759 0.100847
62.6344 0.100491
62.6751 0.10043
62.7353 0.100501
62.7765 0.100564
62.8392 0.100993
62.8804 0.101369
62.9452 0.101948
62.9859 0.102329
63.0529 0.102913
63.0962 0.103924
63.1805 0.106934
63.2149 0.108317
63.2806 0.107277
63.3099 0.105743
63.3781 0.104775
63.4078 0.103928
63.4782 0.103437
63.5087 0.103132
63.5808 0.102991
63.6122 0.103117
63.686 0.103352
63.7178 0.103558
63.7932 0.104113
63.8254 0.104599
63.9183 0.107149
63.951 0.109381
64.0213 0.108583
64.048 0.10726
64.1163 0.105728
64.1451 0.104637
64.2151 0.103932
64.2456 0.103441
64.3169 0.103136
64.3491 0.103244
64.4212 0.103463
64.4551 0.10378
64.528 0.104183
64.5632 0.10466
64.6472 0.106452
64.6908 0.109021
64.7578 0.109143
64.7922 0.10825
64.8528 0.106594
64.8888 0.10527
64.9512 0.104486
64.9885 0.103925
65.0525 0.10356
65.0911 0.10349
65.1577 0.103678
65.1975 0.103969
65.2654 0.104473
65.3065 0.105039
65.3798 0.106159
65.432 0.108514
65.4973 0.1097
65.5376 0.109237
65.5927 0.107458
65.6351 0.106275
65.6923 0.105491
65.7356 0.104805
65.7949 0.104454
65.839 0.104397
65.9001 0.104598
65.9463 0.104898
66.0082 0.105286
66.0561 0.105875
66.1193 0.106516
66.1799 0.108576
66.241 0.110129
66.288 0.109988
66.3364 0.108239
66.3834 0.106585
66.4343 0.105511
66.4822 0.104698
66.5352 0.104235
66.5848 0.103956
66.6391 0.103961
66.69 0.104091
66.7455 0.10433
66.7973 0.104789
66.8549 0.105315
66.913 0.106651
66.9821 0.109319
67.0275 0.109904
67.0813 0.108541
67.1233 0.106974
67.1784 0.105727
67.2221 0.104886
67.2794 0.1044
67.3243 0.1041
67.3832 0.104088
67.429 0.104202
67.4897 0.104427
67.5363 0.104748
67.5986 0.10528
67.6487 0.10612
67.7258 0.10873
67.7691 0.110264
67.8289 0.109356
67.8649 0.107561
67.9264 0.106366
67.9637 0.105445
68.0269 0.104765
68.0659 0.104419
68.1303 0.104367
68.1714 0.104571
68.2367 0.104749
68.2796 0.105156
68.3466 0.105761
68.3902 0.106416
68.4725 0.108864
68.5145 0.110756
68.5776 0.110037
68.6111 0.108407
68.6739 0.106856
68.7099 0.105749
68.7744 0.105155
68.8117 0.104761
68.8778 0.104541
68.9168 0.104598
68.9843 0.104899
69.025 0.105286
69.0936 0.10575
69.1365 0.106532
69.2166 0.10859
69.2637 0.110891
69.3256 0.110655
69.3625 0.109198
69.4214 0.107548
69.4596 0.10623
69.5206 0.105326
69.56 0.104785
69.6232 0.104562
69.6648 0.104492
69.7284 0.104555
69.7716 0.104861
69.8365 0.105253
69.8806 0.105722
69.9527 0.107006
70.0078 0.109506
70.0672 0.110192
70.1104 0.109293
70.1617 0.107382
70.2066 0.105959
70.2592 0.104964
70.3059 0.104219
70.3606 0.103816
70.4076 0.103589
70.4644 0.103641
70.5124 0.103811
70.5709 0.104084
70.62 0.104574
70.6798 0.105127
70.7417 0.107111
70.8024 0.109097
70.8507 0.109085
70.8986 0.107449
70.9457 0.105893
70.9961 0.104907
71.0445 0.104168
71.0962 0.103647
71.1462 0.103441
71.1988 0.103261
71.2501 0.103354
71.304 0.103559
71.3561 0.103864
71.4121 0.104506
71.4693 0.105568
71.5393 0.108247
71.5859 0.109216
71.6398 0.108064
71.6817 0.106556
71.7369 0.105362
71.7805 0.104566
71.8369 0.103996
71.8823 0.103746
71.9404 0.103778
71.9866 0.103806
72.0468 0.10408
72.0943 0.10457
72.1554 0.105124
72.1819 0.102858
72.243 0.100876
72.2695 0.0992665
72.3306 0.0978582
72.3571 0.0966259
72.4182 0.0955477
72.4447 0.0944792
72.5066 0.0936693
72.5367 0.0934606
72.6011 0.0936531
72.6329 0.0939464
72.7016 0.0947031
72.7423 0.0966152
72.822 0.0996633
72.8538 0.10108
72.9183 0.100445
72.9514 0.10014
73.0183 0.100122
73.0535 0.100357
73.1227 0.100812
73.1583 0.101336
73.2291 0.102044
73.2651 0.102663
73.338 0.103455
73.3737 0.104023
73.4487 0.104771
73.4907 0.106299
73.5751 0.108887
73.6073 0.109901
73.6726 0.108288
73.7031 0.106752
73.7709 0.105658
73.8019 0.104701
73.8714 0.104238
73.9024 0.103834
73.9736 0.103604
74.005 0.103404
74.0775 0.103478
74.1101 0.103794
74.1839 0.104069
74.2166 0.104311
74.3073 0.106772
74.3412 0.10905
74.4108 0.108294
74.4371 0.106757
74.5062 0.105413
74.5341 0.104361
74.6037 0.103441
74.6334 0.102886
74.7046 0.10265
74.7347 0.102444
74.8072 0.102513
74.839 0.102824
74.9119 0.102971
74.945 0.10335
75.0268 0.104806
75.0688 0.10708
75.1396 0.10782
75.1727 0.107343
75.2359 0.105925
75.2702 0.104934
75.3351 0.104317
75.3707 0.103778
75.4368 0.103431
75.4737 0.103377
75.5411 0.10358
75.5793 0.103882
75.648 0.104147
75.6874 0.104629
75.7604 0.105675
75.8095 0.107716
75.8803 0.109251
75.9177 0.109095
75.9762 0.107458
76.0148 0.106151
76.075 0.105132
76.1148 0.10449
76.1763 0.104179
76.2174 0.104032
76.281 0.104153
76.3226 0.104259
76.3883 0.104601
76.4307 0.105026
76.4977 0.105523
76.5486 0.107083
76.6228 0.109322
76.6622 0.109907
76.7199 0.108294
76.7576 0.106632
76.8178 0.105553
76.856 0.104609
76.9187 0.104158
76.9582 0.104013
77.0226 0.104011
77.0633 0.104135
77.129 0.104493
77.171 0.104931
77.238 0.105315
77.2825 0.106026
77.3652 0.108772
77.4029 0.110176
77.4674 0.109154
77.4992 0.107635
77.5653 0.10643
77.5984 0.105502
77.6662 0.104939
77.7006 0.104571
77.7697 0.104375
77.8057 0.104453
77.877 0.104772
77.9134 0.105175
77.9864 0.105778
78.0245 0.106431
78.1131 0.109002
78.1496 0.111002
78.2174 0.110127
78.2467 0.108486
78.3145 0.10705
78.3446 0.105919
78.4146 0.105179
78.4464 0.104782
78.5172 0.104559
78.5507 0.104489
78.6224 0.104553
78.6575 0.104859
78.7301 0.105251
78.7665 0.10572
78.8505 0.107505
78.8941 0.110067
78.9611 0.110184
78.9955 0.109036
79.057 0.107281
79.0926 0.105996
79.1557 0.105121
79.1926 0.104481
79.2571 0.104171
79.2952 0.104025
79.3618 0.104022
79.4008 0.104144
79.4682 0.104501
79.5085 0.104938
79.5806 0.105821
79.6315 0.107968
79.6985 0.109222
79.7375 0.10882
79.7939 0.107092
79.835 0.105831
79.8931 0.105102
79.9351 0.104589
79.9948 0.10414
80.0381 0.103998
80.0991 0.104123
80.1432 0.104233
80.206 0.104454
80.2509 0.104772
80.3154 0.105425
80.3714 0.107372
80.4388 0.109326
80.4829 0.109535
80.5354 0.107968
80.5791 0.106597
80.6338 0.105522
80.6788 0.104707
80.7351 0.104369
80.7809 0.104073
80.8395 0.104064
80.8869 0.104306
80.9463 0.104642
80.9955 0.105187
81.0565 0.105789
81.1121 0.10719
81.1837 0.109666
81.2278 0.110333
81.2838 0.109041
81.3232 0.107411
81.3813 0.106235
81.4229 0.10533
81.4827 0.104789
81.5255 0.104566
81.587 0.104495
81.6302 0.104558
81.693 0.104738
81.7371 0.105021
81.8011 0.105518
81.846 0.105954
81.927 0.108459
81.9694 0.110277
82.0317 0.109492
82.0648 0.107681
82.128 0.106221
82.1623 0.105193
82.2268 0.104419
82.2628 0.103867
82.3285 0.103633
82.3659 0.103554
82.4337 0.103735
82.4719 0.104018
82.541 0.104391
82.5804 0.104967
82.6338 0.103471
82.668 0.101537
82.7214 0.099845
82.7556 0.0982394
82.809 0.0969595
82.8432 0.0958395
82.8966 0.0947346
82.9308 0.0937678
82.9881 0.0935468
83.0237 0.0934784
83.0847 0.0937936
83.1208 0.0941944
83.1861 0.0951701
83.2225 0.0960239
83.2912 0.0971459
83.3285 0.0982526
83.3998 0.0994711
83.4384 0.100787
83.5266 0.104064
83.5656 0.106931
83.6338 0.106939
83.6648 0.105947
83.7339 0.105204
83.7648 0.104553
83.8361 0.104359
83.8674 0.104189
83.9404 0.104166
83.9722 0.10427
84.0468 0.104486
84.0786 0.104675
84.1549 0.105091
84.1871 0.10558
84.2753 0.107507
84.3143 0.109944
84.3868 0.110076
84.4165 0.109066
84.4844 0.107683
84.5149 0.106473
84.5853 0.105789
84.6162 0.105315
84.69 0.105276
84.7214 0.105241
84.7973 0.105461
84.8295 0.105778
84.9075 0.106306
84.9402 0.106893
85.0258 0.108281
85.0674 0.110621
85.142 0.111293
85.1746 0.110757
85.2387 0.109037
85.2726 0.107658
85.3383 0.1067
85.3735 0.105988
85.4401 0.105489
85.4765 0.105178
85.5448 0.105031
85.5813 0.105027
85.6512 0.105274
85.6885 0.105489
85.7589 0.105678
85.8047 0.106968
85.8836 0.109222
85.9188 0.10982
85.9798 0.108092
86.0163 0.106831
86.0782 0.105852
86.1159 0.104995
86.1782 0.104371
86.2173 0.104075
86.2804 0.103815
86.3207 0.103713
86.3843 0.103749
86.4267 0.104031
86.4907 0.104277
86.5348 0.104742
86.6145 0.107149
86.6569 0.109006
86.7176 0.108255
86.754 0.106973
86.8151 0.105851
86.8541 0.10512
86.916 0.104605
86.9563 0.104279
87.0195 0.104119
87.061 0.10423
87.125 0.104451
87.1679 0.104644
87.2327 0.104939
87.2768 0.105447
87.3536 0.107391
87.4032 0.109842
87.4613 0.109612
87.5007 0.108035
87.5588 0.106656
87.5995 0.105699
87.6589 0.104986
87.7008 0.104488
87.761 0.104302
87.8043 0.104264
87.8658 0.104231
87.9107 0.104452
87.9735 0.104896
88.0193 0.105409
88.0888 0.106608
88.146 0.109157
88.2041 0.110012
88.2482 0.109011
88.3008 0.107384
88.3462 0.106211
88.4004 0.105435
88.4466 0.104756
88.5026 0.104411
88.5501 0.10436
88.6082 0.104565
88.6565 0.104744
88.7159 0.105026
88.7655 0.105523
88.827 0.106207
88.8889 0.108307
88.9478 0.109893
88.9953 0.109532
89.0445 0.107965
89.0932 0.106719
89.1441 0.10588
89.1946 0.10527
89.2472 0.104986
89.2985 0.104863
89.3523 0.10488
89.4045 0.10502
89.4596 0.105267
89.5122 0.105609
89.5686 0.106033
89.6309 0.107529
89.6941 0.109838
89.7424 0.110108
89.7907 0.108344
89.8399 0.106926
89.8904 0.106061
89.9404 0.105428
89.9926 0.105
90.0434 0.10475
90.0973 0.104781
90.1494 0.104933
90.2046 0.105192
90.2584 0.105668
90.3144 0.106209
90.3742 0.107433
90.4407 0.109754
90.4908 0.110535
90.5425 0.109468
90.5883 0.108034
90.6417 0.106905
90.6883 0.106042
90.7435 0.105537
90.7914 0.10522
90.8482 0.105192
90.8978 0.105293
90.9555 0.105506
91.0068 0.105943
91.0657 0.10645
91.1191 0.107269
91.192 0.109735
91.2395 0.111018
91.2959 0.110016
91.3366 0.108389
91.3947 0.107215
91.4367 0.106314
91.4969 0.105774
91.5397 0.105428
91.6016 0.105374
91.6457 0.105452
91.7089 0.105646
91.7538 0.10594
91.8179 0.106323
91.8641 0.106907
91.9417 0.109044
91.9887 0.110913
92.0481 0.110424
92.085 0.108621
92.1452 0.107169
92.1838 0.106147
92.2448 0.105254
92.2851 0.104847
92.347 0.104616
92.3886 0.104414
92.4518 0.104363
92.4942 0.104567
92.5582 0.104871
92.6018 0.105137
92.6739 0.10637
92.7282 0.108949
92.7888 0.109705
92.8308 0.108742
92.8859 0.107274
92.9296 0.10624
92.986 0.10546
93.0309 0.104903
93.0886 0.104665
93.1191 0.102707
93.1762 0.100868
93.2067 0.0991348
93.2639 0.0976179
93.2943 0.0964157
93.3515 0.0953637
93.3819 0.0943183
93.4392 0.0935285
93.4712 0.0930874
93.5314 0.0929515
93.5661 0.0932076
93.6285 0.0936816
93.6671 0.0945964
93.7315 0.0956469
93.7735 0.096941
93.8388 0.0981984
93.8829 0.0995486
93.9494 0.10098
93.9957 0.102483
94.0749 0.105297
94.1224 0.10801
94.1831 0.108134
94.2216 0.106992
94.2768 0.105243
94.3187 0.104213
94.373 0.103311
94.418 0.102772
94.4718 0.102176
94.5197 0.102154
94.574 0.102135
94.6236 0.102368
94.6783 0.102697
94.73 0.103235
94.7877 0.103955
94.8526 0.106211
94.9085 0.10806
94.959 0.107802
95.0048 0.106327
95.0573 0.105411
95.1048 0.104735
95.1595 0.104393
95.2083 0.104344
95.2651 0.104551
95.316 0.104857
95.3745 0.105375
95.4267 0.106078
95.4873 0.106943
95.5407 0.107825
95.6158 0.110347
95.6632 0.111929
95.7213 0.111188
95.7599 0.109289
95.8184 0.107753
95.8591 0.106784
95.9193 0.106061
95.9617 0.105553
96.0236 0.105359
96.0677 0.105439
96.1309 0.105634
96.1771 0.10618
96.2407 0.106658
96.2891 0.107325
96.3641 0.10941
96.4163 0.111608
96.4739 0.111282
96.5151 0.109747
96.5698 0.108029
96.613 0.106775
96.669 0.105803
96.7139 0.105078
96.7716 0.104818
96.8169 0.104591
96.8763 0.104642
96.9229 0.104812
96.9832 0.105085
97.0311 0.105575
97.0972 0.106628
97.1578 0.109049
97.213 0.109793
97.26 0.108944
97.3071 0.107201
97.3563 0.105801
97.4042 0.104701
97.4546 0.103863
97.5034 0.103255
97.5551 0.102973
97.6043 0.102727
97.6573 0.102636
97.7073 0.102681
97.762 0.102971
97.8129 0.103225
97.8786 0.104822
97.9384 0.107469
97.9893 0.10791
98.0351 0.106547
98.0851 0.105228
98.1322 0.1042
98.1839 0.103425
98.2323 0.102997
98.2857 0.102872
98.3349 0.102763
98.39 0.102918
98.44 0.103303
98.4968 0.103765
98.5486 0.104294
98.6109 0.105508
98.6753 0.108194
98.7262 0.10917
98.7763 0.108149
98.8208 0.10638
98.8725 0.105083
98.9183 0.104197
98.9717 0.103548
99.0188 0.103104
99.0735 0.102966
99.1218 0.10297
99.1778 0.103099
99.227 0.103337
99.2842 0.103795
99.3338 0.104195
99.405 0.106296
99.4572 0.108509
99.5119 0.108195
99.5526 0.106546
99.6077 0.105228
99.6501 0.104324
99.7065 0.103659
99.7502 0.103201
99.8078 0.102926
99.8528 0.10281
99.9117 0.102959
99.9579 0.103214
100.018 0.103687
100.066 0.104226
100.135 0.105698
100.192 0.108361
100.249 0.109066
100.293 0.108058
100.344 0.10655
100.39 0.105232
100.443 0.104328
100.489 0.103787
100.543 0.103438
100.591 0.103259
100.647 0.103351
100.697 0.103557
100.753 0.103863
100.805 0.104505
100.864 0.105317
100.929 0.107652
100.984 0.109196
101.034 0.108671
101.08 0.106962
101.132 0.105717
101.178 0.104877
101.232 0.104268
101.279 0.103859
101.334 0.103752
101.383 0.103658
101.439 0.103826
101.489 0.104097
101.547 0.10446
101.598 0.105028
101.668 0.107024
101.723 0.109271
101.777 0.109362
101.819 0.107817
101.873 0.106215
101.916 0.104938
101.971 0.104196
102.016 0.103671
102.072 0.103337
102.119 0.103295
102.177 0.103508
102.224 0.10382
102.284 0.104217
102.332 0.10469
102.399 0.105979
102.459 0.108607
102.515 0.109406
102.56 0.108355
102.61 0.106686
102.657 0.105475
102.708 0.104541
102.757 0.103848
102.809 0.103492
102.859 0.10343
102.913 0.103502
102.964 0.103689
103.019 0.103978
103.071 0.104231
103.127 0.104827
103.193 0.107098
103.249 0.108961
103.3 0.108716
103.344 0.106876
103.397 0.105517
103.442 0.104702
103.496 0.104115
103.544 0.10385
103.584 0.101744
103.632 0.0999009
103.671 0.0984133
103.719 0.0971117
103.759 0.0959727
103.807 0.0948511
103.847 0.0938697
103.895 0.093136
103.938 0.092869
103.987 0.0928854
104.033 0.0932747
104.085 0.0937404
104.135 0.0946478
104.187 0.0956918
104.252 0.0983554
104.313 0.101811
104.365 0.10321
104.411 0.102558
104.46 0.101739
104.508 0.101021
104.558 0.100644
104.608 0.100688
104.661 0.100852
104.711 0.101121
104.765 0.101606
104.817 0.102155
104.873 0.10276
104.926 0.10354
104.984 0.104598
105.052 0.107148
105.105 0.108755
105.158 0.10841
105.2 0.106859
105.256 0.105752
105.3 0.105033
105.356 0.104529
105.402 0.104088
105.459 0.103952
105.506 0.103958
105.565 0.104088
105.612 0.104327
105.672 0.104661
105.719 0.105078
105.792 0.106944
105.847 0.109451
105.901 0.109519
105.944 0.108079
105.997 0.106569
106.041 0.105373
106.096 0.104452
106.14 0.10377
106.196 0.103424
106.242 0.103121
106.299 0.102981
106.345 0.103108
106.404 0.10347
106.45 0.103661
106.515 0.104453
106.572 0.106647
106.633 0.108066
106.677 0.107683
106.728 0.106222
106.774 0.104944
106.827 0.104076
106.873 0.103567
106.929 0.103496
106.977 0.103434
107.035 0.10363
107.083 0.104051
107.143 0.104545
107.192 0.105102
107.253 0.105839
107.315 0.107984
107.376 0.109736
107.423 0.109519
107.472 0.107829
107.519 0.106225
107.57 0.105322
107.618 0.104657
107.671 0.1042
107.721 0.10405
107.776 0.104044
107.826 0.104163
107.882 0.104518
107.933 0.104828
107.991 0.105225
108.048 0.106321
108.117 0.108906
108.163 0.109793
108.217 0.108569
108.259 0.106998
108.315 0.105748
108.358 0.10478
108.415 0.104307
108.46 0.104019
108.518 0.103891
108.564 0.103905
108.625 0.104167
108.672 0.104646
108.734 0.10519
108.783 0.105916
108.86 0.108552
108.904 0.110108
108.963 0.109219
108.999 0.107442
109.06 0.106012
109.097 0.10501
109.159 0.104259
109.197 0.103852
109.261 0.103745
109.301 0.103777
109.367 0.10393
109.408 0.104189
109.474 0.10454
109.516 0.105098
109.593 0.10696
109.643 0.109465
109.702 0.109282
109.741 0.107747
109.798 0.106279
109.838 0.105244
109.897 0.104463
109.938 0.103905
109.998 0.103542
110.041 0.103349
110.102 0.103431
110.146 0.103627
110.208 0.103924
110.254 0.104558
110.321 0.105613
110.379 0.108037
110.438 0.109282
110.483 0.108622
110.533 0.106919
110.58 0.105679
110.632 0.104719
110.679 0.104004
110.733 0.103629
110.781 0.103425
110.836 0.103497
110.886 0.103685
110.942 0.103974
110.994 0.104353
111.051 0.104933
111.114 0.106817
111.176 0.108965
111.224 0.109094
111.272 0.107582
111.319 0.106135
111.369 0.104993
111.418 0.104119
111.47 0.103604
111.519 0.103403
111.572 0.103353
111.623 0.103309
111.677 0.103395
111.728 0.103721
111.784 0.104131
111.839 0.104864
111.908 0.107381
111.957 0.108709
112.011 0.10787
112.052 0.106386
112.108 0.105213
112.151 0.104311
112.207 0.103772
112.251 0.103426
112.309 0.103248
112.354 0.103217
112.413 0.103315
112.459 0.103525
112.52 0.103835
112.567 0.104355
112.639 0.106311
112.693 0.108772
112.749 0.108801
112.79 0.107325
112.845 0.10591
112.887 0.104796
112.943 0.104072
112.988 0.103563
113.045 0.103242
113.091 0.103337
113.15 0.103545
113.197 0.103852
113.257 0.104245
113.305 0.104715
113.371 0.106
113.432 0.1085
113.487 0.109438
113.535 0.108633
113.582 0.106804
113.632 0.105578
113.68 0.104631
113.731 0.104052
113.781 0.103671
113.834 0.103462
113.885 0.103654
113.939 0.103947
113.992 0.104204
114.032 0.102678
114.079 0.100844
114.119 0.0992382
114.167 0.0977084
114.207 0.0964949
114.254 0.095433
114.295 0.0943789
114.343 0.0935815
114.384 0.0931338
114.434 0.0928671
114.478 0.0930087
114.529 0.0933826
114.577 0.0939598
114.629 0.0947148
114.679 0.0957505
114.733 0.0967817
114.786 0.0979339
114.844 0.0994422
114.911 0.102762
114.966 0.105292
115.019 0.10563
115.062 0.104426
115.116 0.103373
115.162 0.102951
115.217 0.102708
115.266 0.102869
115.321 0.103135
115.374 0.103619
115.429 0.104166
115.485 0.10502
115.542 0.105893
115.599 0.106906
115.668 0.109418
115.725 0.111491
115.778 0.111179
115.823 0.109657
115.873 0.10795
115.921 0.106706
115.972 0.105743
116.023 0.105275
116.074 0.104741
116.128 0.104648
116.179 0.104692
116.235 0.104981
116.286 0.105358
116.344 0.105813
116.4 0.106837
116.471 0.109482
116.518 0.110422
116.572 0.109119
116.613 0.107479
116.668 0.106044
116.711 0.104914
116.766 0.10405
116.811 0.103543
116.867 0.103225
116.913 0.103197
116.97 0.103298
117.019 0.103635
117.076 0.103806
117.127 0.104205
117.196 0.10618
117.252 0.108657
117.305 0.1087
117.349 0.107237
117.399 0.105708
117.447 0.104619
117.497 0.103792
117.547 0.103443
117.599 0.103263
117.651 0.10323
117.704 0.103326
117.758 0.103785
117.812 0.104312
117.867 0.105023
117.926 0.10627
117.995 0.108986
118.043 0.109988
118.097 0.108865
118.138 0.107007
118.193 0.105756
118.236 0.104911
118.293 0.104172
118.338 0.103776
118.395 0.103679
118.442 0.103844
118.501 0.104113
118.549 0.104349
118.61 0.104806
118.659 0.10558
118.734 0.107882
118.783 0.109897
118.841 0.109535
118.88 0.107843
118.936 0.106363
118.977 0.105192
119.035 0.104418
119.078 0.103991
119.137 0.103617
119.181 0.103665
119.241 0.103832
119.287 0.104103
119.348 0.104465
119.396 0.104907
119.465 0.106419
119.522 0.108991
119.579 0.109617
119.624 0.108665
119.675 0.106957
119.721 0.105712
119.773 0.104748
119.821 0.104155
119.874 0.103885
119.924 0.103775
119.979 0.103928
120.031 0.104187
120.086 0.104539
120.14 0.105096
120.198 0.105959
120.266 0.108464
120.318 0.109906
120.37 0.109293
120.412 0.107381
120.467 0.106084
120.51 0.104948
120.567 0.104205
120.611 0.103929
120.669 0.103688
120.715 0.103727
120.774 0.103886
120.821 0.10415
120.882 0.104632
120.93 0.105178
121.002 0.107155
121.056 0.109511
121.112 0.109572
121.155 0.108126
121.208 0.106485
121.252 0.105424
121.307 0.104621
121.353 0.104044
121.409 0.103913
121.457 0.104049
121.515 0.104168
121.564 0.104397
121.623 0.104847
121.674 0.105491
121.739 0.10693
121.801 0.109439
121.854 0.110009
121.902 0.108883
121.949 0.107272
121.999 0.105988
122.048 0.105115
122.099 0.1046
122.15 0.10415
122.202 0.104007
122.254 0.104131
122.308 0.104239
122.361 0.104584
122.417 0.105136
122.472 0.105869
122.542 0.108386
122.593 0.109962
122.647 0.109342
122.688 0.107424
122.742 0.105871
122.784 0.104762
122.841 0.104042
122.884 0.103412
122.942 0.10311
122.986 0.103097
123.046 0.10321
123.092 0.103433
123.153 0.103754
123.2 0.104285
123.269 0.105874
123.327 0.10864
123.382 0.109185
123.427 0.107912
123.477 0.106298
123.522 0.104886
123.575 0.1039
123.621 0.103412
123.675 0.103111
123.723 0.102972
123.778 0.102976
123.828 0.103229
123.884 0.103575
123.935 0.103878
123.994 0.104643
124.058 0.107063
124.116 0.108805
124.165 0.108579
124.211 0.106882
124.261 0.105397
124.308 0.104472
124.36 0.103788
124.409 0.10344
124.463 0.103385
124.514 0.103587
124.55 0.101638
124.602 0.0998085
124.638 0.0983324
124.689 0.0970409
124.726 0.0957858
124.777 0.0946875
124.813 0.0938516
124.866 0.0932451
124.903 0.0928395
124.958 0.0928596
124.998 0.0931271
125.057 0.0938612
125.099 0.0946286
125.161 0.0958
125.203 0.096825
125.269 0.0980969
125.311 0.0993348
125.38 0.100793
125.424 0.102319
125.508 0.105654
125.545 0.107697
125.61 0.106985
125.639 0.105362
125.706 0.104067
125.736 0.103058
125.805 0.102551
125.835 0.102107
125.905 0.101969
125.935 0.101848
126.008 0.101992
126.038 0.101993
126.113 0.102369
126.143 0.102698
126.231 0.10461
126.268 0.107159
126.34 0.107389
126.368 0.106591
126.435 0.105017
126.463 0.10364
126.531 0.10281
126.561 0.102208
126.631 0.101807
126.661 0.101581
126.733 0.101759
126.764 0.102039
126.837 0.102284
126.87 0.102749
126.948 0.103655
126.99 0.105573
127.065 0.107126
127.098 0.107361
127.16 0.105816
127.195 0.104589
127.258 0.10364
127.294 0.103185
127.359 0.103037
127.397 0.103032
127.463 0.103153
127.502 0.103384
127.57 0.103836
127.611 0.104482
127.68 0.105171
127.731 0.107025
127.804 0.109022
127.843 0.109394
127.899 0.10772
127.938 0.106005
127.996 0.104879
128.036 0.104019
128.096 0.103392
128.137 0.103218
128.199 0.103316
128.242 0.103401
128.305 0.103726
128.349 0.104135
128.414 0.104743
128.462 0.1059
128.542 0.108538
128.58 0.109596
128.642 0.108396
128.675 0.106722
128.739 0.105506
128.773 0.104568
128.838 0.103997
128.874 0.103623
128.941 0.10342
128.978 0.103492
129.047 0.103806
129.084 0.104205
129.155 0.104804
129.194 0.105329
129.282 0.107913
129.318 0.109924
129.385 0.109183
129.414 0.10766
129.48 0.106078
129.511 0.104818
129.579 0.103966
129.61 0.10347
129.681 0.103286
129.714 0.103251
129.785 0.103469
129.82 0.103786
129.892 0.104062
129.928 0.10468
130.011 0.106595
130.056 0.109145
130.122 0.109252
130.156 0.108221
130.217 0.106568
130.253 0.105247
130.315 0.104466
130.352 0.103908
130.416 0.103544
130.455 0.103351
130.521 0.103432
130.561 0.103878
130.628 0.104394
130.67 0.104969
130.744 0.106348
130.797 0.10893
130.86 0.109688
130.901 0.108852
130.954 0.107121
130.997 0.105856
131.052 0.104874
131.097 0.10414
131.154 0.103872
131.199 0.103763
131.258 0.103793
131.305 0.103944
131.365 0.104326
131.413 0.10491
131.475 0.105421
131.535 0.107494
131.596 0.109307
131.643 0.109144
131.691 0.107251
131.738 0.105719
131.788 0.104754
131.837 0.10391
131.889 0.103421
131.939 0.103244
131.992 0.103338
132.044 0.103671
132.099 0.103962
132.152 0.104467
132.208 0.105158
132.27 0.106639
132.336 0.109184
132.383 0.109661
132.435 0.108328
132.478 0.106662
132.531 0.105329
132.576 0.104538
132.63 0.103971
132.678 0.1036
132.734 0.103525
132.782 0.103584
132.84 0.103886
132.889 0.104275
132.948 0.104866
133.001 0.105883
133.076 0.108522
133.121 0.109832
133.179 0.108978
133.216 0.107231
133.276 0.105952
133.314 0.104958
133.376 0.104338
133.415 0.104046
133.479 0.103915
133.52 0.104051
133.585 0.104294
133.627 0.104633
133.693 0.105179
133.737 0.105656
133.819 0.108074
133.861 0.110065
133.923 0.109432
133.956 0.107753
134.018 0.106159
134.054 0.105014
134.117 0.104262
134.154 0.103854
134.22 0.103623
134.258 0.103545
134.324 0.103727
134.364 0.104011
134.432 0.104509
134.473 0.105071
134.552 0.106937
134.6 0.109445
134.663 0.109514
134.7 0.10845
134.758 0.106894
134.797 0.105532
134.856 0.10459
134.896 0.104017
134.958 0.10364
134.999 0.10356
135.045 0.101615
135.087 0.0997879
135.133 0.0983144
135.175 0.0970251
135.221 0.0957719
135.262 0.0948004
135.308 0.0939504
135.354 0.0935816
135.401 0.0933839
135.45 0.0937109
135.499 0.094247
135.551 0.0952162
135.602 0.0961891
135.665 0.0984155
135.728 0.101989
135.784 0.10399
135.831 0.103866
135.88 0.103008
135.928 0.102132
135.979 0.10174
136.028 0.101523
136.081 0.101583
136.13 0.10176
136.186 0.10204
136.235 0.10241
136.292 0.102984
136.342 0.103361
136.4 0.103941
136.458 0.105448
136.527 0.108017
136.57 0.10864
136.624 0.10731
136.666 0.105771
136.722 0.1048
136.764 0.104075
136.822 0.10344
136.864 0.102885
136.923 0.10265
136.964 0.102443
137.025 0.102513
137.068 0.102574
137.129 0.102752
137.173 0.103033
137.248 0.105029
137.298 0.10765
137.356 0.107569
137.395 0.106248
137.452 0.104967
137.494 0.104096
137.551 0.103584
137.595 0.103386
137.653 0.103088
137.699 0.103202
137.758 0.103427
137.806 0.103873
137.866 0.104389
137.916 0.10509
137.982 0.106454
138.043 0.108897
138.096 0.10966
138.144 0.108578
138.193 0.107005
138.242 0.10588
138.292 0.10502
138.343 0.104517
138.395 0.104328
138.447 0.104412
138.5 0.104485
138.554 0.104675
138.607 0.10509
138.663 0.105579
138.717 0.106132
138.788 0.10849
138.839 0.110179
138.894 0.109782
138.936 0.108184
138.993 0.106911
139.036 0.106047
139.094 0.105541
139.139 0.105223
139.198 0.105071
139.245 0.105062
139.305 0.105304
139.353 0.105641
139.415 0.106061
139.464 0.106678
139.536 0.108593
139.59 0.110769
139.645 0.110423
139.687 0.10887
139.742 0.107511
139.786 0.106323
139.842 0.105532
139.887 0.105091
139.945 0.104704
139.992 0.104616
140.05 0.104664
140.099 0.104956
140.157 0.105337
140.208 0.105795
140.272 0.10682
140.334 0.109218
140.388 0.110191
140.436 0.109167
140.485 0.107646
140.534 0.106565
140.585 0.105619
140.636 0.105042
140.687 0.104787
140.74 0.104688
140.792 0.104602
140.846 0.104902
140.9 0.105289
140.955 0.105628
141.01 0.1063
141.079 0.108637
141.132 0.110308
141.186 0.109769
141.229 0.108048
141.284 0.106792
141.328 0.105818
141.384 0.105216
141.43 0.104814
141.487 0.104587
141.535 0.104639
141.593 0.104684
141.642 0.104973
141.701 0.105477
141.751 0.106042
141.82 0.107662
141.878 0.110079
141.932 0.110194
141.976 0.10867
142.029 0.107211
142.075 0.10606
142.128 0.105302
142.176 0.10489
142.23 0.104528
142.28 0.104462
142.336 0.10453
142.386 0.104713
142.443 0.104999
142.494 0.105374
142.556 0.106327
142.621 0.108787
142.674 0.109938
142.724 0.109196
142.77 0.107546
142.822 0.106353
142.869 0.105434
142.923 0.104755
142.971 0.10441
143.025 0.104234
143.076 0.10433
143.131 0.104539
143.182 0.104846
143.24 0.10524
143.291 0.105585
143.361 0.107512
143.416 0.109698
143.47 0.109611
143.513 0.10816
143.567 0.106765
143.612 0.105794
143.667 0.105195
143.714 0.104795
143.77 0.104571
143.818 0.1045
143.876 0.104687
143.925 0.104976
143.984 0.105354
144.035 0.105935
144.1 0.107193
144.162 0.109544
144.215 0.110101
144.263 0.108963
144.311 0.107468
144.361 0.106284
144.411 0.105499
144.461 0.104937
144.513 0.104569
144.565 0.104498
144.618 0.104561
144.671 0.104741
144.725 0.105023
144.78 0.105395
144.835 0.105846
144.903 0.108115
144.958 0.109976
145.01 0.109479
145.055 0.107919
145.109 0.106804
145.155 0.105954
145.21 0.105459
145.257 0.105152
145.315 0.105008
145.363 0.105007
145.421 0.105256
145.47 0.105599
145.509 0.103399
145.558 0.101349
145.597 0.0995556
145.645 0.0981112
145.684 0.0968473
145.733 0.0957414
145.772 0.0946487
145.821 0.0938176
145.863 0.0935904
145.916 0.0937666
145.959 0.0940458
146.017 0.0947901
146.06 0.0954413
146.12 0.0963861
146.164 0.0974629
146.234 0.099655
146.289 0.102823
146.35 0.10447
146.393 0.104286
146.447 0.103376
146.491 0.102704
146.548 0.102491
146.591 0.102304
146.651 0.102391
146.694 0.102467
146.756 0.102659
146.799 0.102952
146.862 0.103458
146.905 0.103775
146.972 0.104554
147.026 0.106484
147.093 0.108299
147.132 0.108136
147.189 0.106494
147.228 0.105183
147.288 0.10441
147.328 0.103734
147.389 0.103392
147.429 0.103093
147.491 0.103081
147.532 0.103071
147.596 0.103187
147.637 0.103539
147.702 0.103971
147.751 0.1051
147.828 0.107713
147.866 0.108623
147.925 0.107046
147.962 0.105665
148.021 0.104582
148.06 0.103884
148.12 0.103274
148.161 0.102864
148.222 0.102631
148.263 0.102677
148.325 0.102843
148.368 0.103112
148.431 0.103348
148.475 0.103805
148.553 0.106079
148.599 0.108194
148.658 0.10792
148.694 0.106305
148.754 0.104892
148.791 0.10403
148.852 0.103402
148.891 0.102851
148.953 0.10262
148.994 0.102667
149.056 0.102709
149.099 0.102995
149.162 0.103246
149.206 0.10384
149.277 0.10536
149.333 0.108065
149.39 0.108682
149.434 0.107597
149.486 0.106147
149.531 0.105004
149.585 0.104128
149.631 0.103737
149.686 0.10352
149.735 0.103455
149.791 0.103523
149.84 0.103833
149.898 0.104354
149.948 0.104809
150.01 0.105708
150.073 0.107995
150.129 0.10937
150.178 0.108824
150.225 0.107221
150.276 0.106068
150.325 0.10531
150.376 0.104771
150.428 0.104425
150.48 0.104247
150.533 0.104341
150.586 0.104548
150.641 0.10498
150.695 0.105607
150.751 0.106156
150.819 0.108387
150.873 0.110213
150.926 0.109812
150.97 0.108085
151.023 0.1067
151.069 0.105737
151.123 0.10502
151.171 0.104768
151.227 0.104547
151.277 0.104728
151.334 0.105137
151.386 0.10562
151.445 0.106168
151.498 0.106772
151.568 0.1088
151.624 0.111075
151.678 0.110941
151.723 0.109323
151.774 0.107658
151.821 0.106576
151.874 0.105879
151.924 0.105394
151.978 0.10522
152.028 0.105192
152.084 0.105293
152.136 0.105631
152.192 0.105928
152.246 0.106312
152.309 0.107523
152.372 0.109957
152.422 0.110338
152.471 0.10892
152.518 0.10743
152.569 0.106127
152.617 0.105111
152.669 0.104597
152.718 0.104272
152.772 0.104113
152.822 0.104099
152.878 0.104212
152.929 0.104435
152.985 0.104881
153.04 0.105646
153.11 0.108065
153.16 0.109682
153.215 0.108972
153.256 0.107225
153.312 0.106072
153.355 0.105188
153.412 0.10454
153.456 0.104222
153.515 0.103944
153.56 0.103826
153.62 0.104098
153.666 0.104336
153.728 0.104794
153.775 0.10532
153.85 0.10728
153.9 0.10962
153.958 0.109542
153.997 0.107974
154.054 0.106478
154.095 0.105418
154.153 0.104616
154.197 0.104289
154.256 0.104003
154.301 0.104002
154.362 0.104252
154.409 0.104596
154.47 0.105146
154.519 0.105753
154.588 0.107284
154.645 0.109623
154.701 0.10992
154.745 0.10868
154.797 0.10722
154.843 0.106193
154.896 0.105294
154.945 0.104757
154.999 0.104537
155.049 0.10447
155.105 0.104536
155.155 0.104719
155.212 0.105129
155.263 0.105488
155.325 0.106302
155.389 0.108889
155.443 0.110028
155.492 0.10915
155.539 0.107631
155.591 0.106427
155.64 0.105624
155.692 0.105171
155.743 0.105024
155.797 0.105021
155.849 0.105144
155.905 0.105501
155.958 0.105938
155.993 0.103696
156.046 0.101734
156.081 0.0998922
156.134 0.0982806
156.168 0.0969956
156.221 0.0958711
156.257 0.0948872
156.311 0.0941513
156.349 0.0940074
156.405 0.0941315
156.447 0.09449
156.506 0.0951788
156.549 0.0961564
156.611 0.0972619
156.657 0.0984791
156.721 0.0999193
156.77 0.101679
156.849 0.105094
156.894 0.107333
156.954 0.107041
156.991 0.105911
157.053 0.104922
157.092 0.104307
157.155 0.104143
157.197 0.104251
157.262 0.104594
157.305 0.105145
157.373 0.105877
157.418 0.106767
157.488 0.107671
157.535 0.108712
157.615 0.110998
157.658 0.112499
157.718 0.111436
157.752 0.109382
157.813 0.107459
157.848 0.106027
157.911 0.105023
157.947 0.104145
158.011 0.103627
158.048 0.103424
158.113 0.103246
158.152 0.103215
158.217 0.103313
158.257 0.103524
158.33 0.104834
158.38 0.107104
158.445 0.108091
158.483 0.10758
158.541 0.106007
158.579 0.104631
158.639 0.103803
158.677 0.103202
158.739 0.102927
158.778 0.102686
158.842 0.1026
158.882 0.10265
158.948 0.103069
158.987 0.103435
159.056 0.104006
159.105 0.10563
159.179 0.107801
159.216 0.108201
159.274 0.106551
159.311 0.105232
159.371 0.104328
159.41 0.103537
159.472 0.103095
159.512 0.102958
159.576 0.103213
159.616 0.103437
159.683 0.103882
159.724 0.104272
159.792 0.104738
159.837 0.105771
159.918 0.108424
159.955 0.109621
160.018 0.108419
160.05 0.106866
160.115 0.105633
160.149 0.104679
160.215 0.103969
160.25 0.103598
160.317 0.103398
160.354 0.103473
160.422 0.103789
160.46 0.104191
160.531 0.104667
160.569 0.105083
160.654 0.107448
160.695 0.109767
160.76 0.109171
160.792 0.10765
160.855 0.106068
160.889 0.104935
160.954 0.104318
160.989 0.103778
161.056 0.103431
161.092 0.103502
161.161 0.103689
161.199 0.103978
161.268 0.104356
161.307 0.104936
161.385 0.106569
161.434 0.108998
161.497 0.109373
161.535 0.108452
161.593 0.106895
161.633 0.105658
161.692 0.104701
161.733 0.104113
161.793 0.103849
161.836 0.103743
161.897 0.103775
161.941 0.103928
162.003 0.104187
162.048 0.104664
162.114 0.105331
162.171 0.107415
162.234 0.109113
162.278 0.108849
162.33 0.107243
162.375 0.105962
162.429 0.104967
162.475 0.104471
162.531 0.104162
162.578 0.104017
162.635 0.10414
162.684 0.104372
162.744 0.104826
162.793 0.105348
162.855 0.106054
162.914 0.107922
162.98 0.110182
163.026 0.110284
163.077 0.108624
163.121 0.107046
163.175 0.10579
163.22 0.104941
163.276 0.104449
163.322 0.104018
163.38 0.10414
163.427 0.104373
163.487 0.104701
163.535 0.105114
163.597 0.105599
163.65 0.106649
163.723 0.109193
163.767 0.110169
163.824 0.108898
163.862 0.107286
163.922 0.106125
163.961 0.105109
164.023 0.104596
164.063 0.104271
164.126 0.104237
164.168 0.104333
164.232 0.104416
164.275 0.104739
164.339 0.105147
164.383 0.105628
164.464 0.10805
164.507 0.109919
164.569 0.109304
164.603 0.107766
164.665 0.106295
164.701 0.105133
164.764 0.104242
164.801 0.103836
164.865 0.103607
164.904 0.103531
164.97 0.10359
165.009 0.103766
165.077 0.10417
165.117 0.104649
165.194 0.106318
165.244 0.108778
165.306 0.109056
165.344 0.108049
165.401 0.106543
165.441 0.105225
165.499 0.104322
165.541 0.103782
165.6 0.103309
165.643 0.103145
165.704 0.103252
165.748 0.103471
165.81 0.103912
165.856 0.104423
165.921 0.105245
165.979 0.107464
166.04 0.108906
166.085 0.108543
166.135 0.10685
166.181 0.105619
166.233 0.104666
166.281 0.103958
166.335 0.103588
166.383 0.103515
166.429 0.102326
166.471 0.10041
166.517 0.0988586
166.558 0.0975013
166.604 0.0963136
166.646 0.0951494
166.692 0.0942557
166.733 0.0934738
166.783 0.0930395
166.825 0.0929096
166.877 0.0931709
166.921 0.0935245
166.977 0.094209
167.022 0.0949328
167.081 0.0961912
167.127 0.0972923
167.189 0.0985058
167.235 0.0998176
167.299 0.101215
167.351 0.103063
167.427 0.106181
167.467 0.107283
167.526 0.106248
167.561 0.104842
167.623 0.103861
167.658 0.103004
167.722 0.102503
167.757 0.10194
167.822 0.101698
167.857 0.101611
167.924 0.101534
167.958 0.101467
168.026 0.101534
168.061 0.101592
168.141 0.103268
168.184 0.10586
168.247 0.106002
168.281 0.104752
168.343 0.103533
168.377 0.102716
168.44 0.102127
168.477 0.101736
168.541 0.101519
168.58 0.101704
168.644 0.101866
168.685 0.102258
168.75 0.102726
168.792 0.10326
168.864 0.104727
168.917 0.107386
168.978 0.108213
169.02 0.107562
169.073 0.105991
169.118 0.104867
169.172 0.104134
169.218 0.103617
169.274 0.10329
169.32 0.103254
169.377 0.103347
169.425 0.103554
169.484 0.103859
169.534 0.104377
169.593 0.104955
169.656 0.107211
169.715 0.109059
169.764 0.108802
169.81 0.107077
169.861 0.105817
169.908 0.104965
169.96 0.104344
170.01 0.103926
170.064 0.10381
170.114 0.103834
170.169 0.10398
170.22 0.104232
170.276 0.104578
170.328 0.105006
170.394 0.10663
170.454 0.109177
170.505 0.109404
170.552 0.107854
170.601 0.106372
170.649 0.105326
170.7 0.104535
170.75 0.103968
170.802 0.103722
170.854 0.103757
170.906 0.103912
170.96 0.104298
171.014 0.104636
171.069 0.105056
171.127 0.106174
171.196 0.108778
171.244 0.10968
171.297 0.108595
171.341 0.107146
171.395 0.106128
171.44 0.105362
171.496 0.104816
171.542 0.104464
171.6 0.104406
171.648 0.104481
171.707 0.104671
171.755 0.104962
171.815 0.105466
171.865 0.106158
171.942 0.108638
171.986 0.110184
172.046 0.109536
172.082 0.107844
172.144 0.106488
172.181 0.105427
172.244 0.104749
172.283 0.104405
172.347 0.10423
172.387 0.104326
172.453 0.10466
172.494 0.104828
172.562 0.105224
172.603 0.105696
172.684 0.107734
172.729 0.110142
172.791 0.10975
172.827 0.108156
172.887 0.106636
172.924 0.105557
172.985 0.104737
173.024 0.104145
173.087 0.103877
173.128 0.103892
173.192 0.104031
173.235 0.104277
173.299 0.104617
173.343 0.105165
173.416 0.10652
173.47 0.108955
173.529 0.109585
173.572 0.108637
173.625 0.106932
173.669 0.105816
173.724 0.104964
173.77 0.104343
173.826 0.104175
173.873 0.104029
173.931 0.104025
173.978 0.104272
174.038 0.104738
174.086 0.105146
174.149 0.105877
174.211 0.108143
174.269 0.1095
174.317 0.109187
174.365 0.107664
174.415 0.106331
174.464 0.105415
174.515 0.104738
174.566 0.104396
174.618 0.104221
174.671 0.104318
174.724 0.104529
174.778 0.104713
174.832 0.105124
174.887 0.105733
174.952 0.107641
175.012 0.109811
175.062 0.109835
175.109 0.10823
175.158 0.106702
175.207 0.105614
175.258 0.104912
175.308 0.104423
175.361 0.10412
175.413 0.10423
175.467 0.104451
175.52 0.10477
175.575 0.105174
175.63 0.105652
175.691 0.107071
175.756 0.109562
175.805 0.109992
175.855 0.108618
175.901 0.10704
175.952 0.105785
176 0.104937
176.053 0.104445
176.102 0.104139
176.157 0.103997
176.206 0.104122
176.263 0.104357
176.313 0.104562
176.371 0.105117
176.424 0.105852
176.498 0.108496
176.545 0.110059
176.602 0.109302
176.641 0.107764
176.7 0.106543
176.74 0.1056
176.801 0.1049
176.842 0.104538
176.888 0.102471
176.93 0.100662
176.976 0.0990791
177.018 0.0975692
177.064 0.096248
177.105 0.095217
177.151 0.0943149
177.193 0.0934005
177.24 0.0928505
177.284 0.0926192
177.334 0.0927918
177.38 0.0933178
177.434 0.0940281
177.481 0.0947746
177.545 0.0968027
177.605 0.100202
177.66 0.102052
177.707 0.102171
177.755 0.101274
177.804 0.100615
177.853 0.100288
177.903 0.100252
177.953 0.100346
178.005 0.100427
178.056 0.100624
178.11 0.101171
178.16 0.10165
178.216 0.102193
178.267 0.102794
178.336 0.10507
178.39 0.107311
178.445 0.107397
178.486 0.105973
178.54 0.104726
178.581 0.10351
178.638 0.102697
178.68 0.102109
178.738 0.101971
178.78 0.101849
178.841 0.101868
178.883 0.101885
178.945 0.102274
178.987 0.102615
179.056 0.103538
179.108 0.105596
179.172 0.107021
179.213 0.106769
179.267 0.105298
179.309 0.10426
179.365 0.103478
179.409 0.102918
179.466 0.102678
179.512 0.102719
179.57 0.102879
179.618 0.103269
179.677 0.10361
179.726 0.104284
179.786 0.104998
179.848 0.107124
179.909 0.108983
179.956 0.10886
180.004 0.107128
180.051 0.105612
180.101 0.104535
180.149 0.103593
180.201 0.103269
180.251 0.103111
180.305 0.103097
180.355 0.10321
180.41 0.103558
180.461 0.103989
180.518 0.104365
180.574 0.105444
180.645 0.108139
180.69 0.109122
180.744 0.107856
180.786 0.106249
180.841 0.105093
180.884 0.104331
180.941 0.10379
180.985 0.103441
181.043 0.103261
181.089 0.103228
181.147 0.10345
181.195 0.103894
181.256 0.104407
181.305 0.104981
181.381 0.107483
181.426 0.109298
181.485 0.108636
181.521 0.106806
181.58 0.105331
181.618 0.104289
181.678 0.103628
181.717 0.103175
181.779 0.102903
181.82 0.10279
181.884 0.102941
181.925 0.103324
181.99 0.103658
182.033 0.104076
182.108 0.105816
182.159 0.108464
182.219 0.108781
182.258 0.107559
182.313 0.105989
182.354 0.10474
182.411 0.103773
182.453 0.103176
182.511 0.102904
182.555 0.102791
182.615 0.102817
182.659 0.102965
182.72 0.103219
182.765 0.103567
182.829 0.104371
182.887 0.10645
182.949 0.108143
182.993 0.107876
183.044 0.106266
183.089 0.105108
183.143 0.104219
183.189 0.103692
183.245 0.10348
183.292 0.103295
183.349 0.103383
183.397 0.103711
183.456 0.104247
183.507 0.104841
183.566 0.105361
183.629 0.107441
183.69 0.109511
183.738 0.109447
183.786 0.107766
183.834 0.106295
183.883 0.105258
183.932 0.104476
183.984 0.104041
184.034 0.103786
184.087 0.103688
184.138 0.103727
184.194 0.104011
184.246 0.104385
184.302 0.104962
184.361 0.106216
184.429 0.108814
184.475 0.109588
184.528 0.108264
184.57 0.106481
184.624 0.105171
184.667 0.10415
184.723 0.103381
184.767 0.103083
184.824 0.102948
184.87 0.102829
184.928 0.102976
184.975 0.103229
185.034 0.103575
185.082 0.104128
185.156 0.106237
185.206 0.108333
185.263 0.108166
185.302 0.106645
185.359 0.105315
185.399 0.1044
185.457 0.103725
185.499 0.10326
185.559 0.102977
185.602 0.10298
185.663 0.103107
185.707 0.103344
185.769 0.103801
185.816 0.104326
185.886 0.105785
185.942 0.108437
185.998 0.109007
186.042 0.107881
186.093 0.106271
186.138 0.104987
186.192 0.104114
186.238 0.103475
186.293 0.103165
186.34 0.10302
186.397 0.103142
186.445 0.103499
186.503 0.103937
186.553 0.104445
186.615 0.105264
186.678 0.107731
186.734 0.109265
186.782 0.108607
186.83 0.106906
186.879 0.105543
186.928 0.1046
186.979 0.104025
187.029 0.103647
187.081 0.103566
187.134 0.103745
187.187 0.103902
187.24 0.104289
187.294 0.104753
187.35 0.105284
187.382 0.102998
187.437 0.101124
187.469 0.0994832
187.526 0.0980478
187.557 0.0967918
187.613 0.0956928
187.645 0.0946062
187.703 0.0939055
187.736 0.0936673
187.797 0.0937089
187.833 0.0939953
187.898 0.0948709
187.946 0.097137
188.015 0.0997449
188.054 0.100902
188.111 0.100289
188.153 0.100003
188.212 0.100128
188.255 0.100487
188.317 0.100926
188.361 0.10156
188.425 0.10249
188.469 0.103179
188.534 0.103906
188.579 0.104668
188.647 0.105585
188.703 0.107887
188.768 0.109526
188.811 0.109335
188.863 0.107668
188.908 0.106335
188.963 0.105543
189.008 0.10485
189.066 0.104494
189.112 0.104307
189.173 0.104644
189.219 0.104938
189.282 0.105446
189.329 0.10614
189.394 0.106873
189.451 0.108639
189.519 0.110684
189.562 0.110848
189.616 0.109117
189.658 0.107353
189.714 0.106309
189.757 0.10552
189.817 0.10508
189.86 0.10482
189.921 0.104842
189.965 0.104862
190.029 0.105129
190.073 0.105488
190.138 0.105927
190.188 0.107061
190.266 0.109679
190.306 0.110594
190.366 0.109395
190.4 0.107595
190.463 0.106146
190.498 0.105128
190.562 0.104362
190.599 0.103941
190.663 0.103699
190.702 0.103486
190.767 0.103426
190.806 0.103622
190.872 0.103795
190.913 0.104195
190.992 0.106171
191.039 0.10865
191.099 0.108568
191.136 0.107122
191.195 0.105732
191.234 0.10464
191.293 0.10381
191.333 0.103334
191.394 0.103042
191.435 0.102912
191.498 0.102923
191.539 0.102933
191.603 0.103316
191.645 0.103652
191.717 0.104945
191.77 0.107577
191.831 0.10838
191.872 0.107457
191.928 0.106025
191.968 0.104897
192.027 0.10416
192.068 0.10364
192.129 0.10356
192.172 0.10349
192.234 0.103679
192.278 0.104094
192.342 0.104582
192.388 0.105134
192.458 0.106368
192.514 0.108947
192.576 0.110078
192.618 0.109319
192.671 0.107654
192.716 0.106322
192.77 0.105282
192.816 0.104622
192.872 0.104294
192.919 0.104257
192.977 0.10435
193.025 0.104431
193.084 0.104752
193.133 0.105283
193.193 0.105748
193.255 0.107654
193.315 0.109448
193.363 0.109267
193.41 0.107483
193.458 0.106048
193.507 0.104917
193.556 0.104052
193.606 0.103546
193.658 0.103228
193.709 0.103074
193.761 0.10319
193.813 0.103291
193.867 0.103505
193.919 0.103942
193.98 0.105074
194.046 0.10769
194.095 0.108728
194.146 0.107762
194.19 0.106167
194.242 0.104896
194.289 0.104034
194.342 0.103405
194.389 0.103104
194.443 0.102841
194.493 0.102861
194.548 0.103128
194.599 0.103487
194.654 0.103926
194.707 0.104436
194.777 0.106756
194.829 0.108787
194.883 0.108313
194.924 0.106649
194.978 0.105193
195.021 0.104169
195.076 0.103398
195.121 0.102848
195.177 0.102742
195.223 0.102774
195.281 0.102803
195.328 0.102952
195.387 0.103333
195.435 0.103917
195.502 0.105302
195.562 0.107889
195.615 0.108653
195.662 0.107696
195.711 0.106109
195.759 0.104846
195.809 0.104115
195.858 0.103476
195.91 0.103041
195.96 0.102911
196.013 0.102922
196.064 0.103182
196.118 0.103534
196.171 0.103967
196.227 0.104596
196.293 0.106772
196.349 0.108675
196.4 0.108341
196.444 0.106548
196.495 0.105105
196.54 0.104092
196.593 0.103455
196.64 0.102898
196.694 0.102536
196.741 0.102469
196.797 0.102535
196.846 0.102843
196.902 0.103238
196.953 0.103583
197.016 0.104885
197.08 0.10765
197.129 0.108318
197.179 0.107154
197.225 0.105634
197.275 0.104555
197.323 0.103736
197.374 0.103144
197.424 0.102876
197.477 0.102766
197.527 0.102921
197.581 0.10318
197.633 0.103408
197.689 0.103857
197.742 0.1045
197.812 0.106937
197.849 0.106945
197.901 0.104577
197.936 0.102505
197.988 0.100692
198.024 0.0991053
198.076 0.0975921
198.112 0.0962681
198.163 0.0952346
198.202 0.0945803
198.256 0.0942577
198.297 0.0943505
198.352 0.0946817
198.398 0.0954715
198.455 0.0962876
198.51 0.0982516
198.581 0.101845
198.63 0.104115
198.684 0.103975
198.729 0.103353
198.784 0.102934
198.832 0.103067
198.888 0.103184
198.94 0.103661
198.997 0.104203
199.049 0.104928
199.107 0.105687
199.137 0.103351
199.195 0.101432
199.225 0.0997532
199.283 0.098159
199.312 0.0968891
199.37 0.095778
199.4 0.0946807
199.458 0.0937206
199.487 0.0930056
199.545 0.0923799
199.575 0.0917074
199.633 0.091244
199.663 0.0908385
199.721 0.0903587
199.75 0.0900638
199.809 0.0898058
199.838 0.0894551
199.896 0.0892732
199.925 0.0891141
199.984 0.0889748
200.013 0.088853
200.072 0.0886213
200.101 0.0884187
200.159 0.0883663
200.189 0.0883205
200.247 0.0881555
200.276 0.088136
200.334 0.088119
200.364 0.0879792
200.422 0.0879818
200.451 0.087984
200.51 0.087861
200.539 0.0878784
200.597 0.0878936
200.627 0.0877819
200.685 0.0876842
200.714 0.0877236
200.772 0.0877582
200.802 0.0876634
200.86 0.0877055
200.889 0.0877423
200.948 0.0876495
200.977 0.0876933
