0.0 0
0.0341392 4760
0.0341392 4760
0.0588508 5236
0.0605009 6188
0.0621618 7140
0.0638227 8092
0.0654836 9044
10.0627 1428
10.0643 1904
10.0643 1428
10.066 1904
10.066 1428
10.0677 1904
10.0677 1428
10.0693 1904
10.0693 1428
10.071 1904
10.071 1428
10.0726 1904
10.0726 1428
10.0743 1904
10.0743 1428
10.076 1904
10.076 1428
10.1007 1904
10.1007 1428
10.1254 1904
10.1254 1428
10.1501 1904
10.1501 1428
10.1748 1904
10.1748 1428
10.1995 1904
10.1995 1428
10.2242 1904
10.2242 1428
10.2489 1904
10.2489 1428
10.2736 1904
10.2736 1428
10.2983 1904
10.2983 1428
10.323 1904
10.323 1428
10.3477 1904
10.3477 1428
10.3724 1904
10.3724 1428
10.3971 1904
10.3971 1428
10.4218 1904
10.4218 1428
10.4465 1904
10.4465 1428
10.4712 1904
10.4712 1428
10.4959 1904
10.4959 1428
10.5206 1904
10.5206 1428
10.5453 1904
10.5453 1428
10.57 1904
10.57 1428
10.5947 1904
10.5947 1428
10.6194 1904
10.6194 1428
10.6441 1904
10.6441 1428
10.6688 1904
10.6688 1428
10.6935 1904
10.6935 1428
10.7182 1904
10.7182 1428
10.7429 1904
10.7429 1428
10.7676 1904
10.7676 1428
10.7923 1904
10.7923 1428
10.817 1904
10.817 1428
10.8417 1904
10.8417 1428
10.8664 1904
10.8664 1428
10.8911 1904
10.8911 1428
10.9158 1904
10.9158 1428
10.9405 1904
10.9405 1428
10.9652 1904
10.9652 1428
10.9899 1904
10.9899 1428
11.0146 1904
11.0146 1428
11.0393 1904
11.0393 1428
11.064 1904
11.064 1428
11.0887 1904
11.0887 1428
11.1134 1904
11.1134 1428
11.1381 1904
11.1381 1428
11.1628 1904
11.1628 1428
11.1875 1904
11.1875 1428
11.2122 1904
11.2122 1428
11.2369 1904
11.2369 1428
11.2616 1904
11.2616 1428
11.2863 1904
11.2863 1428
11.311 1904
11.311 1428
11.3357 1904
11.3357 1428
11.3604 1904
11.3604 1428
11.3851 1904
11.3851 1428
11.4098 1904
11.4098 1428
11.4345 1904
11.4345 1428
11.4592 1904
11.4592 1428
11.4839 1904
11.4839 1428
11.5086 1904
11.5086 1428
11.5333 1904
11.5333 1428
11.558 1904
11.558 1428
11.5827 1904
11.5827 1428
11.6074 1904
11.6074 1428
11.6321 1904
11.6321 1428
11.6568 1904
11.6568 1428
11.6815 1904
11.6815 1428
11.7062 1904
11.7062 1428
11.7309 1904
11.7309 1428
11.7556 1904
11.7556 1428
11.7803 1904
11.7803 1428
11.805 1904
11.805 1428
11.8297 1904
11.8297 1428
11.8544 1904
11.8544 1428
11.8791 1904
11.8791 1428
11.9038 1904
11.9038 1428
11.9285 1904
11.9285 1428
11.9532 1904
11.9532 1428
11.9779 1904
11.9779 1428
12.0026 1904
12.0026 1428
12.0273 1904
12.0273 1428
12.052 1904
12.052 1428
12.0767 1904
12.0767 1428
12.1014 1904
12.1014 1428
12.1261 1904
12.1261 1428
12.1508 1904
12.1508 1428
12.1755 1904
12.1755 1428
12.2002 1904
12.2002 1428
12.2249 1904
12.2249 1428
12.2496 1904
12.2496 1428
12.2743 1904
12.2743 1428
12.299 1904
12.299 1428
12.3237 1904
12.3237 1428
12.3484 1904
12.3484 1428
12.3731 1904
12.3731 1428
12.3978 1904
12.3978 1428
12.4225 1904
12.4225 1428
12.4472 1904
12.4472 1428
12.4719 1904
12.4719 1428
12.4966 1904
12.4966 1428
12.5213 1904
12.5213 1428
12.546 1904
12.546 1428
12.5707 1904
12.5707 1428
12.5954 1904
12.5954 1428
12.6201 1904
12.6201 1428
12.6448 1904
12.6448 1428
12.6695 1904
12.6695 1428
12.6942 1904
12.6942 1428
12.7189 1904
12.7189 1428
12.7436 1904
12.7436 1428
12.7683 1904
12.7683 1428
12.793 1904
12.793 1428
12.8177 1904
12.8177 1428
12.8425 1904
12.8425 1428
12.8672 1904
12.8672 1428
12.8919 1904
12.8919 1428
12.9166 1904
12.9166 1428
12.9413 1904
12.9413 1428
12.966 1904
12.966 1428
12.9907 1904
12.9907 1428
13.0154 1904
13.0154 1428
13.0401 1904
13.0401 1428
13.0648 1904
13.0648 1428
13.0895 1904
13.0895 1428
13.1142 1904
13.1142 1428
13.1389 1904
13.1389 1428
13.1636 1904
13.1636 1428
13.1883 1904
13.1883 1428
13.213 1904
13.213 1428
13.2377 1904
13.2377 1428
13.2624 1904
13.2624 1428
13.2871 1904
13.2871 1428
13.3118 1904
13.3118 1428
13.3365 1904
13.3365 1428
13.3612 1904
13.3612 1428
13.3859 1904
13.3859 1428
13.4106 1904
13.4106 1428
13.4353 1904
13.4353 1428
13.46 1904
13.46 1428
13.4847 1904
13.4847 1428
13.5094 1904
13.5094 1428
13.5341 1904
13.5341 1428
13.5588 1904
13.5588 1428
13.5835 1904
13.5835 1428
13.6082 1904
13.6082 1428
13.6329 1904
13.6329 1428
13.6576 1904
13.6576 1428
13.6823 1904
13.6823 1428
13.707 1904
13.707 1428
13.7317 1904
13.7317 1428
13.7564 1904
13.7564 1428
13.7811 1904
13.7811 1428
13.8058 1904
13.8058 1428
13.8305 1904
13.8305 1428
13.8552 1904
13.8552 1428
13.8799 1904
13.8799 1428
13.9046 1904
13.9046 1428
13.9293 1904
13.9293 1428
13.954 1904
13.954 1428
13.9787 1904
13.9787 1428
14.0034 1904
14.0034 1428
14.0281 1904
14.0281 1428
14.0528 1904
14.0528 1428
14.0775 1904
14.0775 1428
14.1022 1904
14.1022 1428
14.1269 1904
14.1269 1428
14.1516 1904
14.1516 1428
14.1763 1904
14.1763 1428
14.201 1904
14.201 1428
14.2257 1904
14.2257 1428
14.2504 1904
14.2504 1428
14.2751 1904
14.2751 1428
14.2998 1904
14.2998 1428
14.3245 1904
14.3245 1428
14.3492 1904
14.3492 1428
14.3739 1904
14.3739 1428
14.3986 1904
14.3986 1428
14.4233 1904
14.4233 1428
14.448 1904
14.448 1428
14.4727 1904
14.4727 1428
14.4974 1904
14.4974 1428
14.5221 1904
14.5221 1428
14.5468 1904
14.5468 1428
14.5715 1904
14.5715 1428
14.5962 1904
14.5962 1428
14.6209 1904
14.6209 1428
14.6456 1904
14.6456 1428
14.6703 1904
14.6703 1428
14.695 1904
14.695 1428
14.7197 1904
14.7197 1428
14.7444 1904
14.7444 1428
14.7691 1904
14.7691 1428
14.7938 1904
14.7938 1428
14.8185 1904
14.8185 1428
14.8432 1904
14.8432 1428
14.8679 1904
14.8679 1428
14.8926 1904
14.8926 1428
14.9173 1904
14.9173 1428
14.942 1904
14.942 1428
14.9667 1904
14.9667 1428
14.9914 1904
14.9914 1428
15.0161 1904
15.0161 1428
15.0408 1904
15.0408 1428
15.0655 1904
15.0655 1428
15.0902 1904
15.0902 1428
15.1149 1904
15.1149 1428
15.1396 1904
15.1396 1428
15.1643 1904
15.1643 1428
15.189 1904
15.189 1428
15.2137 1904
15.2137 1428
15.2384 1904
15.2384 1428
15.2631 1904
15.2631 1428
15.2878 1904
15.2878 1428
15.3125 1904
15.3125 1428
15.3372 1904
15.3372 1428
15.3619 1904
15.3619 1428
15.3866 1904
15.3866 1428
15.4113 1904
15.4113 1428
15.436 1904
15.436 1428
15.4607 1904
15.4607 1428
15.4854 1904
15.4854 1428
15.5101 1904
15.5101 1428
15.5348 1904
15.5348 1428
15.5595 1904
15.5595 1428
15.5842 1904
15.5842 1428
15.6089 1904
15.6089 1428
15.6336 1904
15.6336 1428
15.6583 1904
15.6583 1428
15.683 1904
15.683 1428
15.7077 1904
15.7077 1428
15.7324 1904
15.7324 1428
15.7571 1904
15.7571 1428
15.7818 1904
15.7818 1428
15.8065 1904
15.8065 1428
15.8312 1904
15.8312 1428
15.8559 1904
15.8559 1428
15.8806 1904
15.8806 1428
15.9053 1904
15.9053 1428
15.9301 1904
15.9301 1428
15.9548 1904
15.9548 1428
15.9795 1904
15.9795 1428
16.0042 1904
16.0042 1428
16.0289 1904
16.0289 1428
16.0536 1904
16.0536 1428
16.0783 1904
16.0783 1428
16.103 1904
16.103 1428
16.1277 1904
16.1277 1428
16.1524 1904
16.1524 1428
16.1771 1904
16.1771 1428
16.2018 1904
16.2018 1428
16.2265 1904
16.2265 1428
16.2512 1904
16.2512 1428
16.2759 1904
16.2759 1428
16.3006 1904
16.3006 1428
16.3253 1904
16.3253 1428
16.35 1904
16.35 1428
16.3747 1904
16.3747 1428
16.3994 1904
16.3994 1428
16.4241 1904
16.4241 1428
16.4488 1904
16.4488 1428
16.4735 1904
16.4735 1428
16.4982 1904
16.4982 1428
16.5229 1904
16.5229 1428
16.5476 1904
16.5476 1428
16.5723 1904
16.5723 1428
16.597 1904
16.597 1428
16.6217 1904
16.6217 1428
16.6464 1904
16.6464 1428
16.6711 1904
16.6711 1428
16.6958 1904
16.6958 1428
16.7205 1904
16.7205 1428
16.7452 1904
16.7452 1428
16.7699 1904
16.7699 1428
16.7946 1904
16.7946 1428
16.8193 1904
16.8193 1428
16.844 1904
16.844 1428
16.8687 1904
16.8687 1428
16.8934 1904
16.8934 1428
16.9181 1904
16.9181 1428
16.9428 1904
16.9428 1428
16.9675 1904
16.9675 1428
16.9922 1904
16.9922 1428
17.0169 1904
17.0169 1428
17.0416 1904
17.0416 1428
17.0663 1904
17.0663 1428
17.091 1904
17.091 1428
17.1157 1904
17.1157 1428
17.1404 1904
17.1404 1428
17.1651 1904
17.1651 1428
17.1898 1904
17.1898 1428
17.2145 1904
17.2145 1428
17.2392 1904
17.2392 1428
17.2639 1904
17.2639 1428
17.2886 1904
17.2886 1428
17.3133 1904
17.3133 1428
17.338 1904
17.338 1428
17.3627 1904
17.3627 1428
17.3874 1904
17.3874 1428
17.4121 1904
17.4121 1428
17.4368 1904
17.4368 1428
17.4615 1904
17.4615 1428
17.4862 1904
17.4862 1428
17.5109 1904
17.5109 1428
17.5356 1904
17.5356 1428
17.5603 1904
17.5603 1428
17.585 1904
17.585 1428
17.6097 1904
17.6097 1428
17.6344 1904
17.6344 1428
17.6591 1904
17.6591 1428
17.6838 1904
17.6838 1428
17.7085 1904
17.7085 1428
17.7332 1904
17.7332 1428
17.7579 1904
17.7579 1428
17.7826 1904
17.7826 1428
17.8073 1904
17.8073 1428
17.832 1904
17.832 1428
17.8567 1904
17.8567 1428
17.8814 1904
17.8814 1428
17.9061 1904
17.9061 1428
17.9308 1904
17.9308 1428
17.9555 1904
17.9555 1428
17.9802 1904
17.9802 1428
18.0049 1904
18.0049 1428
18.0296 1904
18.0296 1428
18.0543 1904
18.0543 1428
18.079 1904
18.079 1428
18.1037 1904
18.1037 1428
18.1284 1904
18.1284 1428
18.1531 1904
18.1531 1428
18.1778 1904
18.1778 1428
18.2025 1904
18.2025 1428
18.2272 1904
18.2272 1428
18.2519 1904
18.2519 1428
18.2766 1904
18.2766 1428
18.3013 1904
18.3013 1428
18.326 1904
18.326 1428
18.3507 1904
18.3507 1428
18.3754 1904
18.3754 1428
18.4001 1904
18.4001 1428
18.4248 1904
18.4248 1428
18.4495 1904
18.4495 1428
18.4742 1904
18.4742 1428
18.4989 1904
18.4989 1428
18.5236 1904
18.5236 1428
18.5483 1904
18.5483 1428
18.573 1904
18.573 1428
18.5977 1904
18.5977 1428
18.6224 1904
18.6224 1428
18.6471 1904
18.6471 1428
18.6718 1904
18.6718 1428
18.6965 1904
18.6965 1428
18.7212 1904
18.7212 1428
18.7459 1904
18.7459 1428
18.7706 1904
18.7706 1428
18.7953 1904
18.7953 1428
18.82 1904
18.82 1428
18.8447 1904
18.8447 1428
18.8694 1904
18.8694 1428
18.8941 1904
18.8941 1428
18.9188 1904
18.9188 1428
18.9435 1904
18.9435 1428
18.9682 1904
18.9682 1428
18.9929 1904
18.9929 1428
19.0177 1904
19.0177 1428
19.0424 1904
19.0424 1428
19.0671 1904
19.0671 1428
19.0918 1904
19.0918 1428
19.1165 1904
19.1165 1428
19.1412 1904
19.1412 1428
19.1659 1904
19.1659 1428
19.1906 1904
19.1906 1428
19.2153 1904
19.2153 1428
19.24 1904
19.24 1428
19.2647 1904
19.2647 1428
19.2894 1904
19.2894 1428
19.3141 1904
19.3141 1428
19.3388 1904
19.3388 1428
19.3635 1904
19.3635 1428
19.3882 1904
19.3882 1428
19.4129 1904
19.4129 1428
19.4376 1904
19.4376 1428
19.4623 1904
19.4623 1428
19.487 1904
19.487 1428
19.5117 1904
19.5117 1428
19.5364 1904
19.5364 1428
19.5611 1904
19.5611 1428
19.5858 1904
19.5858 1428
19.6105 1904
19.6105 1428
19.6352 1904
19.6352 1428
19.6599 1904
19.6599 1428
19.6846 1904
19.6846 1428
19.7093 1904
19.7093 1428
19.734 1904
19.734 1428
19.7587 1904
19.7587 1428
19.7834 1904
19.7834 1428
19.8081 1904
19.8081 1428
19.8328 1904
19.8328 1428
19.8575 1904
19.8575 1428
19.8822 1904
19.8822 1428
19.9069 1904
19.9069 1428
19.9316 1904
19.9316 1428
19.9563 1904
19.9563 1428
19.981 1904
19.981 1428
20.0057 1904
20.0057 1428
20.0304 1904
20.0304 1428
20.0551 1904
20.0551 1428
20.0798 1904
20.0798 1428
20.1045 1904
20.1045 1428
20.1292 1904
20.1292 1428
20.1539 1904
20.1539 1428
20.1786 1904
20.1786 1428
20.2033 1904
20.2033 1428
20.228 1904
20.228 1428
20.2527 1904
20.2527 1428
20.2774 1904
20.2774 1428
20.3021 1904
20.3021 1428
20.3268 1904
20.3268 1428
20.3515 1904
20.3515 1428
20.3762 1904
20.3762 1428
20.4009 1904
20.4009 1428
20.4256 1904
20.4256 1428
20.4503 1904
20.4503 1428
20.475 1904
20.475 1428
20.4997 1904
20.4997 1428
20.5244 1904
20.5244 1428
20.5491 1904
20.5491 1428
20.5738 1904
20.5738 1428
20.5985 1904
20.5985 1428
20.6232 1904
20.6232 1428
20.6479 1904
20.6479 1428
20.6726 1904
20.6726 1428
20.6973 1904
20.6973 1428
20.722 1904
20.722 1428
20.7467 1904
20.7467 1428
20.7714 1904
20.7714 1428
20.7961 1904
20.7961 1428
20.8208 1904
20.8208 1428
20.8455 1904
20.8455 1428
20.8702 1904
20.8702 1428
20.8949 1904
20.8949 1428
20.9196 1904
20.9196 1428
20.9443 1904
20.9443 1428
20.969 1904
20.969 1428
20.9937 1904
20.9937 1428
21.0184 1904
21.0184 1428
21.0431 1904
21.0431 1428
21.0678 1904
21.0678 1428
21.0925 1904
21.0925 1428
21.1172 1904
21.1172 1428
21.1419 1904
21.1419 1428
21.1666 1904
21.1666 1428
21.1913 1904
21.1913 1428
21.216 1904
21.216 1428
21.2407 1904
21.2407 1428
21.2654 1904
21.2654 1428
21.2901 1904
21.2901 1428
21.3148 1904
21.3148 1428
21.3395 1904
21.3395 1428
21.3642 1904
21.3642 1428
21.3889 1904
21.3889 1428
21.4136 1904
21.4136 1428
21.4383 1904
21.4383 1428
21.463 1904
21.463 1428
21.4877 1904
21.4877 1428
21.5124 1904
21.5124 1428
21.5371 1904
21.5371 1428
21.5618 1904
21.5618 1428
21.5865 1904
21.5865 1428
21.6112 1904
21.6112 1428
21.6359 1904
21.6359 1428
21.6606 1904
21.6606 1428
21.6853 1904
21.6853 1428
21.71 1904
21.71 1428
21.7347 1904
21.7347 1428
21.7594 1904
21.7594 1428
21.7841 1904
21.7841 1428
21.8088 1904
21.8088 1428
21.8335 1904
21.8335 1428
21.8582 1904
21.8582 1428
21.8829 1904
21.8829 1428
21.9076 1904
21.9076 1428
21.9323 1904
21.9323 1428
21.957 1904
21.957 1428
21.9817 1904
21.9817 1428
22.0064 1904
22.0064 1428
22.0311 1904
22.0311 1428
22.0558 1904
22.0558 1428
22.0805 1904
22.0805 1428
22.1052 1904
22.1052 1428
22.13 1904
22.13 1428
22.1547 1904
22.1547 1428
22.1794 1904
22.1794 1428
22.2041 1904
22.2041 1428
22.2288 1904
22.2288 1428
22.2535 1904
22.2535 1428
22.2782 1904
22.2782 1428
22.3029 1904
22.3029 1428
22.3276 1904
22.3276 1428
22.3523 1904
22.3523 1428
22.377 1904
22.377 1428
22.4017 1904
22.4017 1428
22.4264 1904
22.4264 1428
22.4511 1904
22.4511 1428
22.4758 1904
22.4758 1428
22.5005 1904
22.5005 1428
22.5252 1904
22.5252 1428
22.5499 1904
22.5499 1428
22.5746 1904
22.5746 1428
22.5993 1904
22.5993 1428
22.624 1904
22.624 1428
22.6487 1904
22.6487 1428
22.6734 1904
22.6734 1428
22.6981 1904
22.6981 1428
22.7228 1904
22.7228 1428
22.7475 1904
22.7475 1428
22.7722 1904
22.7722 1428
22.7969 1904
22.7969 1428
22.8216 1904
22.8216 1428
22.8463 1904
22.8463 1428
22.871 1904
22.871 1428
22.8957 1904
22.8957 1428
22.9204 1904
22.9204 1428
22.9451 1904
22.9451 1428
22.9698 1904
22.9698 1428
22.9945 1904
22.9945 1428
23.0192 1904
23.0192 1428
23.0439 1904
23.0439 1428
23.0686 1904
23.0686 1428
23.0933 1904
23.0933 1428
23.118 1904
23.118 1428
23.1427 1904
23.1427 1428
23.1674 1904
23.1674 1428
23.1921 1904
23.1921 1428
23.2168 1904
23.2168 1428
23.2415 1904
23.2415 1428
23.2662 1904
23.2662 1428
23.2909 1904
23.2909 1428
23.3156 1904
23.3156 1428
23.3403 1904
23.3403 1428
23.365 1904
23.365 1428
23.3897 1904
23.3897 1428
23.4144 1904
23.4144 1428
23.4391 1904
23.4391 1428
23.4638 1904
23.4638 1428
23.4885 1904
23.4885 1428
23.5132 1904
23.5132 1428
23.5379 1904
23.5379 1428
23.5626 1904
23.5626 1428
23.5873 1904
23.5873 1428
23.612 1904
23.612 1428
23.6367 1904
23.6367 1428
23.6614 1904
23.6614 1428
23.6861 1904
23.6861 1428
23.7108 1904
23.7108 1428
23.7355 1904
23.7355 1428
23.7602 1904
23.7602 1428
23.7849 1904
23.7849 1428
23.8096 1904
23.8096 1428
23.8343 1904
23.8343 1428
23.859 1904
23.859 1428
23.8837 1904
23.8837 1428
23.9084 1904
23.9084 1428
23.9331 1904
23.9331 1428
23.9578 1904
23.9578 1428
23.9825 1904
23.9825 1428
24.0072 1904
24.0072 1428
24.0319 1904
24.0319 1428
24.0566 1904
24.0566 1428
24.0813 1904
24.0813 1428
24.106 1904
24.106 1428
24.1307 1904
24.1307 1428
24.1554 1904
24.1554 1428
24.1801 1904
24.1801 1428
24.2048 1904
24.2048 1428
24.2295 1904
24.2295 1428
24.2542 1904
24.2542 1428
24.2789 1904
24.2789 1428
24.3036 1904
24.3036 1428
24.3283 1904
24.3283 1428
24.353 1904
24.353 1428
24.3777 1904
24.3777 1428
24.4024 1904
24.4024 1428
24.4271 1904
24.4271 1428
24.4518 1904
24.4518 1428
24.4765 1904
24.4765 1428
24.5012 1904
24.5012 1428
24.5259 1904
24.5259 1428
24.5506 1904
24.5506 1428
24.5753 1904
24.5753 1428
24.6 1904
24.6 1428
24.6247 1904
24.6247 1428
24.6494 1904
24.6494 1428
24.6741 1904
24.6741 1428
24.6988 1904
24.6988 1428
24.7235 1904
24.7235 1428
24.7482 1904
24.7482 1428
24.7729 1904
24.7729 1428
24.7976 1904
24.7976 1428
24.8223 1904
24.8223 1428
24.847 1904
24.847 1428
24.8717 1904
24.8717 1428
24.8964 1904
24.8964 1428
24.9211 1904
24.9211 1428
24.9458 1904
24.9458 1428
24.9705 1904
24.9705 1428
24.9952 1904
24.9952 1428
25.0199 1904
25.0199 1428
25.0446 1904
25.0446 1428
25.0693 1904
25.0693 1428
25.094 1904
25.094 1428
25.1187 1904
25.1187 1428
25.1434 1904
25.1434 1428
25.1681 1904
25.1681 1428
25.1928 1904
25.1928 1428
25.2176 1904
25.2176 1428
25.2423 1904
25.2423 1428
25.267 1904
25.267 1428
25.2917 1904
25.2917 1428
25.3164 1904
25.3164 1428
25.3411 1904
25.3411 1428
25.3658 1904
25.3658 1428
25.3905 1904
25.3905 1428
25.4152 1904
25.4152 1428
25.4399 1904
25.4399 1428
25.4646 1904
25.4646 1428
25.4893 1904
25.4893 1428
25.514 1904
25.514 1428
25.5387 1904
25.5387 1428
25.5634 1904
25.5634 1428
25.5881 1904
25.5881 1428
25.6128 1904
25.6128 1428
25.6375 1904
25.6375 1428
25.6622 1904
25.6622 1428
25.6869 1904
25.6869 1428
25.7116 1904
25.7116 1428
25.7363 1904
25.7363 1428
25.761 1904
25.761 1428
25.7857 1904
25.7857 1428
25.8104 1904
25.8104 1428
25.8351 1904
25.8351 1428
25.8598 1904
25.8598 1428
25.8845 1904
25.8845 1428
25.9092 1904
25.9092 1428
25.9339 1904
25.9339 1428
25.9586 1904
25.9586 1428
25.9833 1904
25.9833 1428
26.008 1904
26.008 1428
26.0327 1904
26.0327 1428
26.0574 1904
26.0574 1428
26.0821 1904
26.0821 1428
26.1068 1904
26.1068 1428
26.1315 1904
26.1315 1428
26.1562 1904
26.1562 1428
26.1809 1904
26.1809 1428
26.2056 1904
26.2056 1428
26.2303 1904
26.2303 1428
26.255 1904
26.255 1428
26.2797 1904
26.2797 1428
26.3044 1904
26.3044 1428
26.3291 1904
26.3291 1428
26.3538 1904
26.3538 1428
26.3785 1904
26.3785 1428
26.4032 1904
26.4032 1428
26.4279 1904
26.4279 1428
26.4526 1904
26.4526 1428
26.4773 1904
26.4773 1428
26.502 1904
26.502 1428
26.5267 1904
26.5267 1428
26.5514 1904
26.5514 1428
26.5761 1904
26.5761 1428
26.6008 1904
26.6008 1428
26.6255 1904
26.6255 1428
26.6502 1904
26.6502 1428
26.6749 1904
26.6749 1428
26.6996 1904
26.6996 1428
26.7243 1904
26.7243 1428
26.749 1904
26.749 1428
26.7737 1904
26.7737 1428
26.7984 1904
26.7984 1428
26.8231 1904
26.8231 1428
26.8478 1904
26.8478 1428
26.8725 1904
26.8725 1428
26.8972 1904
26.8972 1428
26.9219 1904
26.9219 1428
26.9466 1904
26.9466 1428
26.9713 1904
26.9713 1428
26.996 1904
26.996 1428
27.0207 1904
27.0207 1428
27.0454 1904
27.0454 1428
27.0701 1904
27.0701 1428
27.0948 1904
27.0948 1428
27.1195 1904
27.1195 1428
27.1442 1904
27.1442 1428
27.1689 1904
27.1689 1428
27.1936 1904
27.1936 1428
27.2183 1904
27.2183 1428
27.243 1904
27.243 1428
27.2677 1904
27.2677 1428
27.2924 1904
27.2924 1428
27.3171 1904
27.3171 1428
27.3418 1904
27.3418 1428
27.3665 1904
27.3665 1428
27.3912 1904
27.3912 1428
27.4159 1904
27.4159 1428
27.4406 1904
27.4406 1428
27.4653 1904
27.4653 1428
27.49 1904
27.49 1428
27.5147 1904
27.5147 1428
27.5394 1904
27.5394 1428
27.5641 1904
27.5641 1428
27.5888 1904
27.5888 1428
27.6135 1904
27.6135 1428
27.6382 1904
27.6382 1428
27.6629 1904
27.6629 1428
27.6876 1904
27.6876 1428
27.7123 1904
27.7123 1428
27.737 1904
27.737 1428
27.7617 1904
27.7617 1428
27.7864 1904
27.7864 1428
27.8111 1904
27.8111 1428
27.8358 1904
27.8358 1428
27.8605 1904
27.8605 1428
27.8852 1904
27.8852 1428
27.9099 1904
27.9099 1428
27.9346 1904
27.9346 1428
27.9593 1904
27.9593 1428
27.984 1904
27.984 1428
28.0087 1904
28.0087 1428
28.0334 1904
28.0334 1428
28.0581 1904
28.0581 1428
28.0828 1904
28.0828 1428
28.1075 1904
28.1075 1428
28.1322 1904
28.1322 1428
28.1569 1904
28.1569 1428
28.1816 1904
28.1816 1428
28.2063 1904
28.2063 1428
28.231 1904
28.231 1428
28.2557 1904
28.2557 1428
28.2804 1904
28.2804 1428
28.3052 1904
28.3052 1428
28.3299 1904
28.3299 1428
28.3546 1904
28.3546 1428
28.3793 1904
28.3793 1428
28.404 1904
28.404 1428
28.4287 1904
28.4287 1428
28.4534 1904
28.4534 1428
28.4781 1904
28.4781 1428
28.5028 1904
28.5028 1428
28.5275 1904
28.5275 1428
28.5522 1904
28.5522 1428
28.5769 1904
28.5769 1428
28.6016 1904
28.6016 1428
28.6263 1904
28.6263 1428
28.651 1904
28.651 1428
28.6757 1904
28.6757 1428
28.7004 1904
28.7004 1428
28.7251 1904
28.7251 1428
28.7498 1904
28.7498 1428
28.7745 1904
28.7745 1428
28.7992 1904
28.7992 1428
28.8239 1904
28.8239 1428
28.8486 1904
28.8486 1428
28.8733 1904
28.8733 1428
28.898 1904
28.898 1428
28.9227 1904
28.9227 1428
28.9474 1904
28.9474 1428
28.9721 1904
28.9721 1428
28.9968 1904
28.9968 1428
29.0215 1904
29.0215 1428
29.0462 1904
29.0462 1428
29.0709 1904
29.0709 1428
29.0956 1904
29.0956 1428
29.1203 1904
29.1203 1428
29.145 1904
29.145 1428
29.1697 1904
29.1697 1428
29.1944 1904
29.1944 1428
29.2191 1904
29.2191 1428
29.2438 1904
29.2438 1428
29.2685 1904
29.2685 1428
29.2932 1904
29.2932 1428
29.3179 1904
29.3179 1428
29.3426 1904
29.3426 1428
29.3673 1904
29.3673 1428
29.392 1904
29.392 1428
29.4167 1904
29.4167 1428
29.4414 1904
29.4414 1428
29.4661 1904
29.4661 1428
29.4908 1904
29.4908 1428
29.5155 1904
29.5155 1428
29.5402 1904
29.5402 1428
29.5649 1904
29.5649 1428
29.5896 1904
29.5896 1428
29.6143 1904
29.6143 1428
29.639 1904
29.639 1428
29.6637 1904
29.6637 1428
29.6884 1904
29.6884 1428
29.7131 1904
29.7131 1428
29.7378 1904
29.7378 1428
29.7625 1904
29.7625 1428
29.7872 1904
29.7872 1428
29.8119 1904
29.8119 1428
29.8366 1904
29.8366 1428
29.8613 1904
29.8613 1428
29.886 1904
29.886 1428
29.9107 1904
29.9107 1428
29.9354 1904
29.9354 1428
29.9601 1904
29.9601 1428
29.9848 1904
29.9848 1428
30.0095 1904
30.0095 1428
30.0342 1904
30.0342 1428
30.0589 1904
30.0589 1428
30.0836 1904
30.0836 1428
30.1083 1904
30.1083 1428
30.133 1904
30.133 1428
30.1577 1904
30.1577 1428
30.1824 1904
30.1824 1428
30.2071 1904
30.2071 1428
30.2318 1904
30.2318 1428
30.2565 1904
30.2565 1428
30.2812 1904
30.2812 1428
30.3059 1904
30.3059 1428
30.3306 1904
30.3306 1428
30.3553 1904
30.3553 1428
30.38 1904
30.38 1428
30.4047 1904
30.4047 1428
30.4294 1904
30.4294 1428
30.4541 1904
30.4541 1428
30.4788 1904
30.4788 1428
30.5035 1904
30.5035 1428
30.5282 1904
30.5282 1428
30.5529 1904
30.5529 1428
30.5776 1904
30.5776 1428
30.6023 1904
30.6023 1428
30.627 1904
30.627 1428
30.6517 1904
30.6517 1428
30.6764 1904
30.6764 1428
30.7011 1904
30.7011 1428
30.7258 1904
30.7258 1428
30.7505 1904
30.7505 1428
30.7752 1904
30.7752 1428
30.7999 1904
30.7999 1428
30.8246 1904
30.8246 1428
30.8493 1904
30.8493 1428
30.874 1904
30.874 1428
30.8987 1904
30.8987 1428
30.9234 1904
30.9234 1428
30.9481 1904
30.9481 1428
30.9728 1904
30.9728 1428
30.9975 1904
30.9975 1428
31.0222 1904
31.0222 1428
31.0469 1904
31.0469 1428
31.0716 1904
31.0716 1428
31.0963 1904
31.0963 1428
31.121 1904
31.121 1428
31.1457 1904
31.1457 1428
31.1704 1904
31.1704 1428
31.1951 1904
31.1951 1428
31.2198 1904
31.2198 1428
31.2445 1904
31.2445 1428
31.2692 1904
31.2692 1428
31.2939 1904
31.2939 1428
31.3186 1904
31.3186 1428
31.3433 1904
31.3433 1428
31.368 1904
31.368 1428
31.3927 1904
31.3927 1428
31.4175 1904
31.4175 1428
31.4422 1904
31.4422 1428
31.4669 1904
31.4669 1428
31.4916 1904
31.4916 1428
31.5163 1904
31.5163 1428
31.541 1904
31.541 1428
31.5657 1904
31.5657 1428
31.5904 1904
31.5904 1428
31.6151 1904
31.6151 1428
31.6398 1904
31.6398 1428
31.6645 1904
31.6645 1428
31.6892 1904
31.6892 1428
31.7139 1904
31.7139 1428
31.7386 1904
31.7386 1428
31.7633 1904
31.7633 1428
31.788 1904
31.788 1428
31.8127 1904
31.8127 1428
31.8374 1904
31.8374 1428
31.8621 1904
31.8621 1428
31.8868 1904
31.8868 1428
31.9115 1904
31.9115 1428
31.9362 1904
31.9362 1428
31.9609 1904
31.9609 1428
31.9856 1904
31.9856 1428
32.0103 1904
32.0103 1428
32.035 1904
32.035 1428
32.0597 1904
32.0597 1428
32.0844 1904
32.0844 1428
32.1091 1904
32.1091 1428
32.1338 1904
32.1338 1428
32.1585 1904
32.1585 1428
32.1832 1904
32.1832 1428
32.2079 1904
32.2079 1428
32.2326 1904
32.2326 1428
32.2573 1904
32.2573 1428
32.282 1904
32.282 1428
32.3067 1904
32.3067 1428
32.3314 1904
32.3314 1428
32.3561 1904
32.3561 1428
32.3808 1904
32.3808 1428
32.4055 1904
32.4055 1428
32.4302 1904
32.4302 1428
32.4549 1904
32.4549 1428
32.4796 1904
32.4796 1428
32.5043 1904
32.5043 1428
32.529 1904
32.529 1428
32.5537 1904
32.5537 1428
32.5784 1904
32.5784 1428
32.6031 1904
32.6031 1428
32.6278 1904
32.6278 1428
32.6525 1904
32.6525 1428
32.6772 1904
32.6772 1428
32.7019 1904
32.7019 1428
32.7266 1904
32.7266 1428
32.7513 1904
32.7513 1428
32.776 1904
32.776 1428
32.8007 1904
32.8007 1428
32.8254 1904
32.8254 1428
32.8501 1904
32.8501 1428
32.8748 1904
32.8748 1428
32.8995 1904
32.8995 1428
32.9242 1904
32.9242 1428
32.9489 1904
32.9489 1428
32.9736 1904
32.9736 1428
32.9983 1904
32.9983 1428
33.023 1904
33.023 1428
33.0477 1904
33.0477 1428
33.0724 1904
33.0724 1428
33.0971 1904
33.0971 1428
33.1218 1904
33.1218 1428
33.1465 1904
33.1465 1428
33.1712 1904
33.1712 1428
33.1959 1904
33.1959 1428
33.2206 1904
33.2206 1428
33.2453 1904
33.2453 1428
33.27 1904
33.27 1428
33.2947 1904
33.2947 1428
33.3194 1904
33.3194 1428
33.3441 1904
33.3441 1428
33.3688 1904
33.3688 1428
33.3935 1904
33.3935 1428
33.4182 1904
33.4182 1428
33.4429 1904
33.4429 1428
33.4676 1904
33.4676 1428
33.4923 1904
33.4923 1428
33.517 1904
33.517 1428
33.5417 1904
33.5417 1428
33.5664 1904
33.5664 1428
33.5911 1904
33.5911 1428
33.6158 1904
33.6158 1428
33.6405 1904
33.6405 1428
33.6652 1904
33.6652 1428
33.6899 1904
33.6899 1428
33.7146 1904
33.7146 1428
33.7393 1904
33.7393 1428
33.764 1904
33.764 1428
33.7887 1904
33.7887 1428
33.8134 1904
33.8134 1428
33.8381 1904
33.8381 1428
33.8628 1904
33.8628 1428
33.8875 1904
33.8875 1428
33.9122 1904
33.9122 1428
33.9369 1904
33.9369 1428
33.9616 1904
33.9616 1428
33.9863 1904
33.9863 1428
34.011 1904
34.011 1428
34.0357 1904
34.0357 1428
34.0604 1904
34.0604 1428
34.0851 1904
34.0851 1428
34.1098 1904
34.1098 1428
34.1345 1904
34.1345 1428
34.1592 1904
34.1592 1428
34.1839 1904
34.1839 1428
34.2086 1904
34.2086 1428
34.2333 1904
34.2333 1428
34.258 1904
34.258 1428
34.2827 1904
34.2827 1428
34.3074 1904
34.3074 1428
34.3321 1904
34.3321 1428
34.3568 1904
34.3568 1428
34.3815 1904
34.3815 1428
34.4062 1904
34.4062 1428
34.4309 1904
34.4309 1428
34.4556 1904
34.4556 1428
34.4803 1904
34.4803 1428
34.5051 1904
34.5051 1428
34.5298 1904
34.5298 1428
34.5545 1904
34.5545 1428
34.5792 1904
34.5792 1428
34.6039 1904
34.6039 1428
34.6286 1904
34.6286 1428
34.6533 1904
34.6533 1428
34.678 1904
34.678 1428
34.7027 1904
34.7027 1428
34.7274 1904
34.7274 1428
34.7521 1904
34.7521 1428
34.7768 1904
34.7768 1428
34.8015 1904
34.8015 1428
34.8262 1904
34.8262 1428
34.8509 1904
34.8509 1428
34.8756 1904
34.8756 1428
34.9003 1904
34.9003 1428
34.925 1904
34.925 1428
34.9497 1904
34.9497 1428
34.9744 1904
34.9744 1428
34.9991 1904
34.9991 1428
35.0238 1904
35.0238 1428
35.0485 1904
35.0485 1428
35.0732 1904
35.0732 1428
35.0979 1904
35.0979 1428
35.1226 1904
35.1226 1428
35.1473 1904
35.1473 1428
35.172 1904
35.172 1428
35.1967 1904
35.1967 1428
35.2214 1904
35.2214 1428
35.2461 1904
35.2461 1428
35.2708 1904
35.2708 1428
35.2955 1904
35.2955 1428
35.3202 1904
35.3202 1428
35.3449 1904
35.3449 1428
35.3696 1904
35.3696 1428
35.3943 1904
35.3943 1428
35.419 1904
35.419 1428
35.4437 1904
35.4437 1428
35.4684 1904
35.4684 1428
35.4931 1904
35.4931 1428
35.5178 1904
35.5178 1428
35.5425 1904
35.5425 1428
35.5672 1904
35.5672 1428
35.5919 1904
35.5919 1428
35.6166 1904
35.6166 1428
35.6413 1904
35.6413 1428
35.666 1904
35.666 1428
35.6907 1904
35.6907 1428
35.7154 1904
35.7154 1428
35.7401 1904
35.7401 1428
35.7648 1904
35.7648 1428
35.7895 1904
35.7895 1428
35.8142 1904
35.8142 1428
35.8389 1904
35.8389 1428
35.8636 1904
35.8636 1428
35.8883 1904
35.8883 1428
35.913 1904
35.913 1428
35.9377 1904
35.9377 1428
35.9624 1904
35.9624 1428
35.9871 1904
35.9871 1428
36.0118 1904
36.0118 1428
36.0365 1904
36.0365 1428
36.0612 1904
36.0612 1428
36.0859 1904
36.0859 1428
36.1106 1904
36.1106 1428
36.1353 1904
36.1353 1428
36.16 1904
36.16 1428
36.1847 1904
36.1847 1428
36.2094 1904
36.2094 1428
36.2341 1904
36.2341 1428
36.2588 1904
36.2588 1428
36.2835 1904
36.2835 1428
36.3082 1904
36.3082 1428
36.3329 1904
36.3329 1428
36.3576 1904
36.3576 1428
36.3823 1904
36.3823 1428
36.407 1904
36.407 1428
36.4317 1904
36.4317 1428
36.4564 1904
36.4564 1428
36.4811 1904
36.4811 1428
36.5058 1904
36.5058 1428
36.5305 1904
36.5305 1428
36.5552 1904
36.5552 1428
36.5799 1904
36.5799 1428
36.6046 1904
36.6046 1428
36.6293 1904
36.6293 1428
36.654 1904
36.654 1428
36.6787 1904
36.6787 1428
36.7034 1904
36.7034 1428
36.7281 1904
36.7281 1428
36.7528 1904
36.7528 1428
36.7775 1904
36.7775 1428
36.8022 1904
36.8022 1428
36.8269 1904
36.8269 1428
36.8516 1904
36.8516 1428
36.8763 1904
36.8763 1428
36.901 1904
36.901 1428
36.9257 1904
36.9257 1428
36.9504 1904
36.9504 1428
36.9751 1904
36.9751 1428
36.9998 1904
36.9998 1428
37.0245 1904
37.0245 1428
37.0492 1904
37.0492 1428
37.0739 1904
37.0739 1428
37.0986 1904
37.0986 1428
37.1233 1904
37.1233 1428
37.148 1904
37.148 1428
37.1727 1904
37.1727 1428
37.1974 1904
37.1974 1428
37.2221 1904
37.2221 1428
37.2468 1904
37.2468 1428
37.2715 1904
37.2715 1428
37.2962 1904
37.2962 1428
37.3209 1904
37.3209 1428
37.3456 1904
37.3456 1428
37.3703 1904
37.3703 1428
37.395 1904
37.395 1428
37.4197 1904
37.4197 1428
37.4444 1904
37.4444 1428
37.4691 1904
37.4691 1428
37.4938 1904
37.4938 1428
37.5185 1904
37.5185 1428
37.5432 1904
37.5432 1428
37.5679 1904
37.5679 1428
37.5927 1904
37.5927 1428
37.6174 1904
37.6174 1428
37.6421 1904
37.6421 1428
37.6668 1904
37.6668 1428
37.6915 1904
37.6915 1428
37.7162 1904
37.7162 1428
37.7409 1904
37.7409 1428
37.7656 1904
37.7656 1428
37.7903 1904
37.7903 1428
37.815 1904
37.815 1428
37.8397 1904
37.8397 1428
37.8644 1904
37.8644 1428
37.8891 1904
37.8891 1428
37.9138 1904
37.9138 1428
37.9385 1904
37.9385 1428
37.9632 1904
37.9632 1428
37.9879 1904
37.9879 1428
38.0126 1904
38.0126 1428
38.0373 1904
38.0373 1428
38.062 1904
38.062 1428
38.0867 1904
38.0867 1428
38.1114 1904
38.1114 1428
38.1361 1904
38.1361 1428
38.1608 1904
38.1608 1428
38.1855 1904
38.1855 1428
38.2102 1904
38.2102 1428
38.2349 1904
38.2349 1428
38.2596 1904
38.2596 1428
38.2843 1904
38.2843 1428
38.309 1904
38.309 1428
38.3337 1904
38.3337 1428
38.3584 1904
38.3584 1428
38.3831 1904
38.3831 1428
38.4078 1904
38.4078 1428
38.4325 1904
38.4325 1428
38.4572 1904
38.4572 1428
38.4819 1904
38.4819 1428
38.5066 1904
38.5066 1428
38.5313 1904
38.5313 1428
38.556 1904
38.556 1428
38.5807 1904
38.5807 1428
38.6054 1904
38.6054 1428
38.6301 1904
38.6301 1428
38.6548 1904
38.6548 1428
38.6795 1904
38.6795 1428
38.7042 1904
38.7042 1428
38.7289 1904
38.7289 1428
38.7536 1904
38.7536 1428
38.7783 1904
38.7783 1428
38.803 1904
38.803 1428
38.8277 1904
38.8277 1428
38.8524 1904
38.8524 1428
38.8771 1904
38.8771 1428
38.9018 1904
38.9018 1428
38.9265 1904
38.9265 1428
38.9512 1904
38.9512 1428
38.9759 1904
38.9759 1428
39.0006 1904
39.0006 1428
39.0253 1904
39.0253 1428
39.05 1904
39.05 1428
39.0747 1904
39.0747 1428
39.0994 1904
39.0994 1428
39.1241 1904
39.1241 1428
39.1488 1904
39.1488 1428
39.1735 1904
39.1735 1428
39.1982 1904
39.1982 1428
39.2229 1904
39.2229 1428
39.2476 1904
39.2476 1428
39.2723 1904
39.2723 1428
39.297 1904
39.297 1428
39.3217 1904
39.3217 1428
39.3464 1904
39.3464 1428
39.3711 1904
39.3711 1428
39.3958 1904
39.3958 1428
39.4205 1904
39.4205 1428
39.4452 1904
39.4452 1428
39.4699 1904
39.4699 1428
39.4946 1904
39.4946 1428
39.5193 1904
39.5193 1428
39.544 1904
39.544 1428
39.5687 1904
39.5687 1428
39.5934 1904
39.5934 1428
39.6181 1904
39.6181 1428
39.6428 1904
39.6428 1428
39.6675 1904
39.6675 1428
39.6922 1904
39.6922 1428
39.7169 1904
39.7169 1428
39.7416 1904
39.7416 1428
39.7663 1904
39.7663 1428
39.791 1904
39.791 1428
39.8157 1904
39.8157 1428
39.8404 1904
39.8404 1428
39.8651 1904
39.8651 1428
39.8898 1904
39.8898 1428
39.9145 1904
39.9145 1428
39.9392 1904
39.9392 1428
39.9639 1904
39.9639 1428
39.9886 1904
39.9886 1428
40.0133 1904
40.0133 1428
40.038 1904
40.038 1428
40.0627 1904
40.0627 1428
40.0874 1904
40.0874 1428
40.1121 1904
40.1121 1428
40.137 1904
40.137 1428
40.1654 1904
40.1654 1428
40.2231 1904
40.2231 1428
40.2981 1904
40.2981 1428
40.3727 1904
40.3727 1428
40.4444 1904
40.4444 1428
40.4711 1904
40.4711 1428
40.4995 1904
40.4995 1428
40.5296 1904
40.5296 1428
40.5623 1904
40.5623 1428
40.5966 1904
40.5966 1428
40.6318 1904
40.6318 1428
40.6687 1904
40.6687 1428
40.7073 1904
40.7073 1428
40.7467 1904
40.7467 1428
40.7895 1904
40.7895 1428
40.8306 1904
40.8306 1428
40.8726 1904
40.8726 1428
40.9154 1904
40.9154 1428
40.9591 1904
40.9591 1428
41.0058 1904
41.0058 1428
41.0516 1904
41.0516 1428
41.0982 1904
41.0982 1428
41.1457 1904
41.1457 1428
41.1957 1904
41.1957 1428
41.2449 1904
41.2449 1428
41.2949 1904
41.2949 1428
41.3458 1904
41.3458 1428
41.3975 1904
41.3975 1428
41.4467 1904
41.4467 1428
41.4968 1904
41.4968 1428
41.5476 1904
41.5476 1428
41.5994 1904
41.5994 1428
41.6485 1904
41.6485 1428
41.6986 1904
41.6986 1428
41.7495 1904
41.7495 1428
41.8012 1904
41.8012 1428
41.8504 1904
41.8504 1428
41.9004 1904
41.9004 1428
41.9513 1904
41.9513 1428
42.003 1904
42.003 1428
42.0522 1904
42.0522 1428
42.1022 1904
42.1022 1428
42.1531 1904
42.1531 1428
42.2048 1904
42.2048 1428
42.254 1904
42.254 1428
42.304 1904
42.304 1428
42.3549 1904
42.3549 1428
42.4067 1904
42.4067 1428
42.4558 1904
42.4558 1428
42.5059 1904
42.5059 1428
42.5568 1904
42.5568 1428
42.6085 1904
42.6085 1428
42.6577 1904
42.6577 1428
42.7077 1904
42.7077 1428
42.7586 1904
42.7586 1428
42.8099 1904
42.8099 1428
42.8591 1904
42.8591 1428
42.9091 1904
42.9091 1428
42.96 1904
42.96 1428
43.0113 1904
43.0113 1428
43.0605 1904
43.0605 1428
43.1105 1904
43.1105 1428
43.1614 1904
43.1614 1428
43.2127 1904
43.2127 1428
43.2619 1904
43.2619 1428
43.3119 1904
43.3119 1428
43.3628 1904
43.3628 1428
43.4141 1904
43.4141 1428
43.4633 1904
43.4633 1428
43.5129 1904
43.5129 1428
43.5633 1904
43.5633 1428
43.6146 1904
43.6146 1428
43.6638 1904
43.6638 1428
43.7134 1904
43.7134 1428
43.7639 1904
43.7639 1428
43.8152 1904
43.8152 1428
43.8644 1904
43.8644 1428
43.914 1904
43.914 1428
43.9644 1904
43.9644 1428
44.0157 1904
44.0157 1428
44.0653 1904
44.0653 1428
44.115 1904
44.115 1428
44.1654 1904
44.1654 1428
44.2167 1904
44.2167 1428
44.2663 1904
44.2663 1428
44.3159 1904
44.3159 1428
44.3664 1904
44.3664 1428
44.4177 1904
44.4177 1428
44.4673 1904
44.4673 1428
44.5169 1904
44.5169 1428
44.5674 1904
44.5674 1428
44.6187 1904
44.6187 1428
44.6683 1904
44.6683 1428
44.7179 1904
44.7179 1428
44.7683 1904
44.7683 1428
44.8196 1904
44.8196 1428
44.8697 1904
44.8697 1428
44.9193 1904
44.9193 1428
44.9697 1904
44.9697 1428
45.021 1904
45.021 1428
45.0711 1904
45.0711 1428
45.1207 1904
45.1207 1428
45.1711 1904
45.1711 1428
45.2224 1904
45.2224 1428
45.2725 1904
45.2725 1428
45.3221 1904
45.3221 1428
45.3725 1904
45.3725 1428
45.4238 1904
45.4238 1428
45.4739 1904
45.4739 1428
45.5235 1904
45.5235 1428
45.5744 1904
45.5744 1428
45.6257 1904
45.6257 1428
45.6757 1904
45.6757 1428
45.7253 1904
45.7253 1428
45.7762 1904
45.7762 1428
45.8275 1904
45.8275 1428
45.8775 1904
45.8775 1428
45.9271 1904
45.9271 1428
45.978 1904
45.978 1428
46.0293 1904
46.0293 1428
46.0793 1904
46.0793 1428
46.129 1904
46.129 1428
46.1798 1904
46.1798 1428
46.2311 1904
46.2311 1428
46.2812 1904
46.2812 1428
46.3308 1904
46.3308 1428
46.3817 1904
46.3817 1428
46.433 1904
46.433 1428
46.483 1904
46.483 1428
46.5326 1904
46.5326 1428
46.5835 1904
46.5835 1428
46.6348 1904
46.6348 1428
46.6848 1904
46.6848 1428
46.7344 1904
46.7344 1428
46.7853 1904
46.7853 1428
46.8366 1904
46.8366 1428
46.8866 1904
46.8866 1428
46.9362 1904
46.9362 1428
46.9871 1904
46.9871 1428
47.0384 1904
47.0384 1428
47.0885 1904
47.0885 1428
47.1381 1904
47.1381 1428
47.189 1904
47.189 1428
47.2403 1904
47.2403 1428
47.2903 1904
47.2903 1428
47.3399 1904
47.3399 1428
47.3908 1904
47.3908 1428
47.4421 1904
47.4421 1428
47.4921 1904
47.4921 1428
47.5417 1904
47.5417 1428
47.5926 1904
47.5926 1428
47.6439 1904
47.6439 1428
47.6939 1904
47.6939 1428
47.7435 1904
47.7435 1428
47.7944 1904
47.7944 1428
47.8457 1904
47.8457 1428
47.8958 1904
47.8958 1428
47.9454 1904
47.9454 1428
47.9962 1904
47.9962 1428
48.0476 1904
48.0476 1428
48.0976 1904
48.0976 1428
48.1472 1904
48.1472 1428
48.1981 1904
48.1981 1428
48.2494 1904
48.2494 1428
48.2994 1904
48.2994 1428
48.349 1904
48.349 1428
48.3999 1904
48.3999 1428
48.4512 1904
48.4512 1428
48.5012 1904
48.5012 1428
48.5508 1904
48.5508 1428
48.6017 1904
48.6017 1428
48.653 1904
48.653 1428
48.7031 1904
48.7031 1428
48.7527 1904
48.7527 1428
48.8035 1904
48.8035 1428
48.8548 1904
48.8548 1428
48.9049 1904
48.9049 1428
48.9545 1904
48.9545 1428
49.0054 1904
49.0054 1428
49.0567 1904
49.0567 1428
49.1067 1904
49.1067 1428
49.1563 1904
49.1563 1428
49.2072 1904
49.2072 1428
49.2585 1904
49.2585 1428
49.3085 1904
49.3085 1428
49.3581 1904
49.3581 1428
49.409 1904
49.409 1428
49.4603 1904
49.4603 1428
49.5104 1904
49.5104 1428
49.56 1904
49.56 1428
49.6108 1904
49.6108 1428
49.6621 1904
49.6621 1428
49.7122 1904
49.7122 1428
49.7618 1904
49.7618 1428
49.8127 1904
49.8127 1428
49.864 1904
49.864 1428
49.914 1904
49.914 1428
49.9636 1904
49.9636 1428
50.0145 1904
50.0145 1428
50.0658 1904
50.0658 1428
50.1103 1904
50.1103 1428
50.1506 1904
50.1506 1428
50.1828 1904
50.1828 1428
50.2095 1904
50.2095 1428
50.2342 1904
50.2342 1428
50.2589 1904
50.2589 1428
50.2836 1904
50.2836 1428
50.3094 1904
50.3094 1428
50.3361 1904
50.3361 1428
50.3641 1904
50.3641 1428
50.3933 1904
50.3933 1428
50.4239 1904
50.4239 1428
50.4552 1904
50.4552 1428
50.49 1904
50.49 1428
50.5235 1904
50.5235 1428
50.5579 1904
50.5579 1428
50.593 1904
50.593 1428
50.6291 1904
50.6291 1428
50.666 1904
50.666 1428
50.7054 1904
50.7054 1428
50.744 1904
50.744 1428
50.7834 1904
50.7834 1428
50.8237 1904
50.8237 1428
50.8648 1904
50.8648 1428
50.9093 1904
50.9093 1428
50.9522 1904
50.9522 1428
50.9958 1904
50.9958 1428
51.0408 1904
51.0408 1428
51.0866 1904
51.0866 1428
51.1336 1904
51.1336 1428
51.1811 1904
51.1811 1428
51.2295 1904
51.2295 1428
51.2787 1904
51.2787 1428
51.3291 1904
51.3291 1428
51.3791 1904
51.3791 1428
51.43 1904
51.43 1428
51.4817 1904
51.4817 1428
51.5326 1904
51.5326 1428
51.5827 1904
51.5827 1428
51.6335 1904
51.6335 1428
51.6853 1904
51.6853 1428
51.7361 1904
51.7361 1428
51.7862 1904
51.7862 1428
51.8371 1904
51.8371 1428
51.8888 1904
51.8888 1428
51.9397 1904
51.9397 1428
51.9897 1904
51.9897 1428
52.0406 1904
52.0406 1428
52.0923 1904
52.0923 1428
52.1432 1904
52.1432 1428
52.1932 1904
52.1932 1428
52.2441 1904
52.2441 1428
52.2958 1904
52.2958 1428
52.3467 1904
52.3467 1428
52.3967 1904
52.3967 1428
52.4476 1904
52.4476 1428
52.4993 1904
52.4993 1428
52.5502 1904
52.5502 1428
52.6003 1904
52.6003 1428
52.6511 1904
52.6511 1428
52.7029 1904
52.7029 1428
52.7537 1904
52.7537 1428
52.8038 1904
52.8038 1428
52.8547 1904
52.8547 1428
52.9064 1904
52.9064 1428
52.9573 1904
52.9573 1428
53.0073 1904
53.0073 1428
53.0582 1904
53.0582 1428
53.1099 1904
53.1099 1428
53.1608 1904
53.1608 1428
53.2108 1904
53.2108 1428
53.2617 1904
53.2617 1428
53.3134 1904
53.3134 1428
53.3643 1904
53.3643 1428
53.4143 1904
53.4143 1428
53.4652 1904
53.4652 1428
53.5169 1904
53.5169 1428
53.5678 1904
53.5678 1428
53.6179 1904
53.6179 1428
53.6687 1904
53.6687 1428
53.7205 1904
53.7205 1428
53.7713 1904
53.7713 1428
53.8214 1904
53.8214 1428
53.8723 1904
53.8723 1428
53.924 1904
53.924 1428
53.9749 1904
53.9749 1428
54.0249 1904
54.0249 1428
54.0758 1904
54.0758 1428
54.1275 1904
54.1275 1428
54.1784 1904
54.1784 1428
54.2284 1904
54.2284 1428
54.2793 1904
54.2793 1428
54.331 1904
54.331 1428
54.3819 1904
54.3819 1428
54.4319 1904
54.4319 1428
54.4828 1904
54.4828 1428
54.5345 1904
54.5345 1428
54.5854 1904
54.5854 1428
54.6355 1904
54.6355 1428
54.6863 1904
54.6863 1428
54.7381 1904
54.7381 1428
54.7889 1904
54.7889 1428
54.839 1904
54.839 1428
54.8899 1904
54.8899 1428
54.9416 1904
54.9416 1428
54.9925 1904
54.9925 1428
55.0425 1904
55.0425 1428
55.0934 1904
55.0934 1428
55.1451 1904
55.1451 1428
55.196 1904
55.196 1428
55.246 1904
55.246 1428
55.2969 1904
55.2969 1428
55.3486 1904
55.3486 1428
55.3995 1904
55.3995 1428
55.4495 1904
55.4495 1428
55.5004 1904
55.5004 1428
55.5521 1904
55.5521 1428
55.603 1904
55.603 1428
55.6531 1904
55.6531 1428
55.7039 1904
55.7039 1428
55.7557 1904
55.7557 1428
55.8065 1904
55.8065 1428
55.8566 1904
55.8566 1428
55.9075 1904
55.9075 1428
55.9592 1904
55.9592 1428
56.0101 1904
56.0101 1428
56.0601 1904
56.0601 1428
56.111 1904
56.111 1428
56.1627 1904
56.1627 1428
56.2136 1904
56.2136 1428
56.2636 1904
56.2636 1428
56.3145 1904
56.3145 1428
56.3662 1904
56.3662 1428
56.4171 1904
56.4171 1428
56.4671 1904
56.4671 1428
56.518 1904
56.518 1428
56.5697 1904
56.5697 1428
56.6206 1904
56.6206 1428
56.6707 1904
56.6707 1428
56.7215 1904
56.7215 1428
56.7733 1904
56.7733 1428
56.8241 1904
56.8241 1428
56.8742 1904
56.8742 1428
56.9251 1904
56.9251 1428
56.9768 1904
56.9768 1428
57.0277 1904
57.0277 1428
57.0777 1904
57.0777 1428
57.1286 1904
57.1286 1428
57.1803 1904
57.1803 1428
57.2312 1904
57.2312 1428
57.2812 1904
57.2812 1428
57.3321 1904
57.3321 1428
57.3838 1904
57.3838 1428
57.4347 1904
57.4347 1428
57.4847 1904
57.4847 1428
57.5356 1904
57.5356 1428
57.5873 1904
57.5873 1428
57.6382 1904
57.6382 1428
57.6883 1904
57.6883 1428
57.7391 1904
57.7391 1428
57.7909 1904
57.7909 1428
57.8417 1904
57.8417 1428
57.8918 1904
57.8918 1428
57.9427 1904
57.9427 1428
57.9944 1904
57.9944 1428
58.0453 1904
58.0453 1428
58.0953 1904
58.0953 1428
58.1462 1904
58.1462 1428
58.1979 1904
58.1979 1428
58.2488 1904
58.2488 1428
58.2988 1904
58.2988 1428
58.3497 1904
58.3497 1428
58.4014 1904
58.4014 1428
58.4523 1904
58.4523 1428
58.5023 1904
58.5023 1428
58.5532 1904
58.5532 1428
58.6049 1904
58.6049 1428
58.6558 1904
58.6558 1428
58.7059 1904
58.7059 1428
58.7567 1904
58.7567 1428
58.8085 1904
58.8085 1428
58.8593 1904
58.8593 1428
58.9094 1904
58.9094 1428
58.9603 1904
58.9603 1428
59.012 1904
59.012 1428
59.0629 1904
59.0629 1428
59.1129 1904
59.1129 1428
59.1638 1904
59.1638 1428
59.2155 1904
59.2155 1428
59.2664 1904
59.2664 1428
59.3164 1904
59.3164 1428
59.3673 1904
59.3673 1428
59.419 1904
59.419 1428
59.4699 1904
59.4699 1428
59.5199 1904
59.5199 1428
59.5708 1904
59.5708 1428
59.6225 1904
59.6225 1428
59.6734 1904
59.6734 1428
59.7235 1904
59.7235 1428
59.7743 1904
59.7743 1428
59.8261 1904
59.8261 1428
59.8769 1904
59.8769 1428
59.927 1904
59.927 1428
59.9779 1904
59.9779 1428
60.0296 1904
60.0296 1428
60.0805 1904
60.0805 1428
60.1348 1904
60.1348 1428
60.1921 1904
60.1921 1428
60.2523 1904
60.2523 1428
60.3235 1904
60.3235 1428
60.4151 1904
60.4151 1428
60.5143 1904
60.5143 1428
60.6144 1904
60.6144 1428
60.6754 1904
60.6754 1428
60.6767 1904
60.6767 1428
60.7002 1904
60.7002 1428
60.7014 952
60.7014 3808
60.7014 1428
60.7249 952
60.7249 1904
60.7249 1428
60.7249 9044
60.7261 1428
60.7496 1904
60.7496 1428
60.7749 1904
60.7749 1428
60.7999 1904
60.7999 1428
60.8255 1904
60.8255 1428
60.8511 1904
60.8511 1428
60.8771 1904
60.8771 1428
60.9098 1904
60.9098 1428
60.95 1904
60.95 1428
61.0014 1904
61.0014 1428
61.0633 1904
61.0633 1428
61.1362 1904
61.1362 1428
61.2163 1904
61.2163 1428
61.299 1904
61.299 1428
61.3817 1904
61.3817 1428
61.4652 1904
61.4652 1428
61.5492 1904
61.5492 1428
61.6335 1904
61.6335 1428
61.7183 1904
61.7183 1428
61.7959 1904
61.7959 1428
61.8701 1904
61.8701 1428
61.9452 1904
61.9452 1428
62.0202 1904
62.0202 1428
62.0915 1904
62.0915 1428
62.1606 1904
62.1606 1428
62.2305 1904
62.2305 1428
62.3013 1904
62.3013 1428
62.3726 1904
62.3726 1428
62.4442 1904
62.4442 1428
62.5159 1904
62.5159 1428
62.5858 1904
62.5858 1428
62.6562 1904
62.6562 1428
62.7275 1904
62.7275 1428
62.7995 1904
62.7995 1428
62.8699 1904
62.8699 1428
62.9395 1904
62.9395 1428
63.0111 1904
63.0111 1428
63.084 1904
63.084 1428
63.1574 1904
63.1574 1428
63.2307 1904
63.2307 1428
63.3049 1904
63.3049 1428
63.3787 1904
63.3787 1428
63.4529 1904
63.4529 1428
63.5284 1904
63.5284 1428
63.603 1904
63.603 1428
63.6759 1904
63.6759 1428
63.748 1904
63.748 1428
63.8205 1904
63.8205 1428
63.8952 1904
63.8952 1428
63.9672 1904
63.9672 1428
64.0419 1904
64.0419 1428
64.1173 1904
64.1173 1428
64.1915 1904
64.1915 1428
64.2666 1904
64.2666 1428
64.3408 1904
64.3408 1428
64.4162 1904
64.4162 1428
64.4904 1904
64.4904 1428
64.5642 1904
64.5642 1428
64.638 1904
64.638 1428
64.7135 1904
64.7135 1428
64.7902 1904
64.7902 1428
64.8674 1904
64.8674 1428
64.9471 1904
64.9471 1428
65.0226 1904
65.0226 1428
65.0989 1904
65.0989 1428
65.1761 1904
65.1761 1428
65.2536 1904
65.2536 1428
65.3308 1904
65.3308 1428
65.4063 1904
65.4063 1428
65.4835 1904
65.4835 1428
65.5619 1904
65.5619 1428
65.6429 1904
65.6429 1428
65.7217 1904
65.7217 1428
65.8019 1904
65.8019 1428
65.8816 1904
65.8816 1428
65.9609 1904
65.9609 1428
66.041 1904
66.041 1428
66.1216 1904
66.1216 1428
66.1987 1904
66.1987 1428
66.2755 1904
66.2755 1428
66.3556 1904
66.3556 1428
66.4328 1904
66.4328 1428
66.5121 1904
66.5121 1428
66.5922 1904
66.5922 1428
66.6736 1904
66.6736 1428
66.7529 1904
66.7529 1428
66.833 1904
66.833 1428
66.914 1904
66.914 1428
66.9954 1904
66.9954 1428
67.0764 1904
67.0764 1428
67.1557 1904
67.1557 1428
67.2367 1904
67.2367 1428
67.3185 1904
67.3185 1428
67.4046 1904
67.4046 1428
67.4877 1904
67.4877 1428
67.5721 1904
67.5721 1428
67.656 1904
67.656 1428
67.7421 1904
67.7421 1428
67.8252 1904
67.8252 1428
67.91 1904
67.91 1428
67.9935 1904
67.9935 1428
68.0775 1904
68.0775 1428
68.1593 1904
68.1593 1428
68.2424 1904
68.2424 1428
68.3272 1904
68.3272 1428
68.4133 1904
68.4133 1428
68.4981 1904
68.4981 1428
68.5829 1904
68.5829 1428
68.6681 1904
68.6681 1428
68.7533 1904
68.7533 1428
68.8381 1904
68.8381 1428
68.9217 1904
68.9217 1428
69.0048 1904
69.0048 1428
69.0879 1904
69.0879 1428
69.1727 1904
69.1727 1428
69.2562 1904
69.2562 1428
69.3414 1904
69.3414 1428
69.4275 1904
69.4275 1428
69.5144 1904
69.5144 1428
69.5988 1904
69.5988 1428
69.6836 1904
69.6836 1428
69.7688 1904
69.7688 1428
69.8557 1904
69.8557 1428
69.938 1904
69.938 1428
70.0203 1904
70.0203 1428
70.1025 1904
70.1025 1428
70.1886 1904
70.1886 1428
70.2721 1904
70.2721 1428
70.3569 1904
70.3569 1428
70.4426 1904
70.4426 1428
70.5299 1904
70.5299 1428
70.6147 1904
70.6147 1428
70.7012 1904
70.7012 1428
70.7894 1904
70.7894 1428
70.8763 1904
70.8763 1428
70.9607 1904
70.9607 1428
71.0391 1904
71.0391 1428
71.1053 1904
71.1053 1428
71.16 1904
71.16 1428
71.2062 1904
71.2062 1428
71.2499 1904
71.2499 1428
71.2969 1904
71.2969 1428
71.3482 1904
71.3482 1428
71.4042 1904
71.4042 1428
71.4652 1904
71.4652 1428
71.5335 1904
71.5335 1428
71.6035 1904
71.6035 1428
71.6768 1904
71.6768 1428
71.7536 1904
71.7536 1428
71.8346 1904
71.8346 1428
71.9236 1904
71.9236 1428
72.0135 1904
72.0135 1428
72.1059 1904
72.1059 1428
72.1988 1904
72.1988 1428
72.2925 1904
72.2925 1428
72.3853 1904
72.3853 1428
72.4803 1904
72.4803 1428
72.574 1904
72.574 1428
72.666 1904
72.666 1428
72.7589 1904
72.7589 1428
72.8538 1904
72.8538 1428
72.9492 1904
72.9492 1428
73.0451 1904
73.0451 1428
73.1405 1904
73.1405 1428
73.2342 1904
73.2342 1428
73.327 1904
73.327 1428
73.4203 1904
73.4203 1428
73.5157 1904
73.5157 1428
73.6073 1904
73.6073 1428
73.698 1904
73.698 1428
73.79 1904
73.79 1428
73.8833 1904
73.8833 1428
73.9758 1904
73.9758 1428
74.0678 1904
74.0678 1428
74.1598 1904
74.1598 1428
74.2522 1904
74.2522 1428
74.3451 1904
74.3451 1428
74.4379 1904
74.4379 1428
74.5316 1904
74.5316 1428
74.624 1904
74.624 1428
74.7173 1904
74.7173 1428
74.8093 1904
74.8093 1428
74.9026 1904
74.9026 1428
74.9963 1904
74.9963 1428
75.0909 1904
75.0909 1428
75.1833 1904
75.1833 1428
75.2774 1904
75.2774 1428
75.3724 1904
75.3724 1428
75.4661 1904
75.4661 1428
75.559 1904
75.559 1428
75.6527 1904
75.6527 1428
75.7464 1904
75.7464 1428
75.8405 1904
75.8405 1428
75.9355 1904
75.9355 1428
76.0313 1904
76.0313 1428
76.128 1904
76.128 1428
76.223 1904
76.223 1428
76.3192 1904
76.3192 1428
76.4142 1904
76.4142 1428
76.5092 1904
76.5092 1428
76.6058 1904
76.6058 1428
76.7 1904
76.7 1428
76.792 1904
76.792 1428
76.8852 1904
76.8852 1428
76.9789 1904
76.9789 1428
77.0752 1904
77.0752 1428
77.1689 1904
77.1689 1428
77.2634 1904
77.2634 1428
77.3588 1904
77.3588 1428
77.4555 1904
77.4555 1428
77.5496 1904
77.5496 1428
77.6459 1904
77.6459 1428
77.7404 1904
77.7404 1428
77.8346 1904
77.8346 1428
77.9279 1904
77.9279 1428
78.0224 1904
78.0224 1428
78.1178 1904
78.1178 1428
78.2136 1904
78.2136 1428
78.3078 1904
78.3078 1428
78.4006 1904
78.4006 1428
78.4943 1904
78.4943 1428
78.588 1904
78.588 1428
78.6838 1904
78.6838 1428
78.7759 1904
78.7759 1428
78.8687 1904
78.8687 1428
78.9616 1904
78.9616 1428
79.0574 1904
79.0574 1428
79.1511 1904
79.1511 1428
79.2469 1904
79.2469 1428
79.3423 1904
79.3423 1428
79.4394 1904
79.4394 1428
79.5344 1904
79.5344 1428
79.6311 1904
79.6311 1428
79.7286 1904
79.7286 1428
79.8253 1904
79.8253 1428
79.9181 1904
79.9181 1428
80.0114 1904
80.0114 1428
80.1059 1904
80.1059 1428
80.2018 1904
80.2018 1428
80.2972 1904
80.2972 1428
80.3917 1904
80.3917 1428
80.4858 1904
80.4858 1428
80.58 1904
80.58 1428
80.6741 1904
80.6741 1428
80.7682 1904
80.7682 1428
80.8628 1904
80.8628 1428
80.9578 1904
80.9578 1428
81.0527 1904
81.0527 1428
81.1464 1904
81.1464 1428
81.2414 1904
81.2414 1428
81.3368 1904
81.3368 1428
81.4131 1904
81.4131 1428
81.4755 1904
81.4755 1428
81.5297 1904
81.5297 1428
81.587 1904
81.587 1428
81.6476 1904
81.6476 1428
81.7146 1904
81.7146 1428
81.7833 1904
81.7833 1428
81.8579 1904
81.8579 1428
81.9355 1904
81.9355 1428
82.0178 1904
82.0178 1428
82.1051 1904
82.1051 1428
82.2014 1904
82.2014 1428
82.3006 1904
82.3006 1428
82.3994 1904
82.3994 1428
82.4698 1904
82.4698 1428
82.524 1904
82.524 1428
82.5608 476
82.5626 9044
82.8217 9520
82.8217 9044
82.8225 8568
82.8263 8092
82.8272 7616
82.831 7140
82.8323 6664
82.8361 6188
82.8374 5712
82.842 5236
82.8429 4760
82.8662 4284
82.8679 3808
82.8747 3332
82.8755 2856
82.8793 2380
82.8802 1904
82.8844 1428
82.8844 1904
82.8853 1428
82.8853 1904
82.8891 1428
82.8891 1904
82.8891 9520
93.153 1428
93.1615 1904
93.1615 1428
93.1721 1904
93.1721 1428
93.1781 1904
93.1781 1428
93.1819 1904
93.1819 1428
93.1861 1904
93.1861 1428
93.1933 1904
93.1933 1428
93.2026 1904
93.2026 1428
93.2116 1904
93.2116 1428
93.2217 1904
93.2217 1428
93.2921 1904
93.2921 1428
93.36 1904
93.36 1428
93.4269 9520
93.8641 9996
93.8641 9520
93.8683 9044
93.8696 7616
93.8739 6188
93.8751 4760
93.8794 3332
93.8836 1904
93.8849 476
93.8849 952
93.8849 1904
93.89 476
93.89 952
93.89 1904
93.8908 476
93.8908 952
93.8908 1904
93.8938 476
93.8938 952
93.8938 1904
93.8951 476
93.8951 952
93.8951 1904
93.9031 476
93.9031 952
93.9031 1904
93.904 476
93.904 952
93.904 1904
93.9048 476
93.9048 952
93.9048 1904
93.9057 476
93.9057 952
93.9057 1904
93.9099 476
93.9099 1904
93.9116 476
93.9116 952
93.9116 1904
93.9442 476
93.9442 952
93.9442 1904
93.9447 952
93.9447 4284
93.9497 3808
93.951 3332
93.951 9996
104.112 1428
104.116 1904
104.116 1428
104.12 1904
104.12 1428
104.13 1904
104.13 1428
104.135 1904
104.135 1428
104.141 1904
104.141 1428
104.146 1904
104.146 1428
104.151 1904
104.151 1428
104.155 1904
104.155 1428
104.16 1904
104.16 1428
104.204 1904
104.204 1428
104.241 1904
104.241 1428
104.274 1904
104.274 1428
104.303 1904
104.303 1428
104.33 1904
104.33 1428
104.355 1904
104.355 1428
104.38 9996
120.712 1428
120.716 1904
120.716 1428
120.722 1904
120.722 1428
120.727 1904
120.727 1428
120.734 1904
120.734 1428
120.74 1904
120.74 1428
120.746 1904
120.746 1428
120.752 1904
120.752 1428
120.764 1904
120.764 1428
120.769 1904
120.769 1428
120.812 1904
120.812 1428
120.843 1904
120.843 1428
120.868 1904
120.868 1428
120.893 1904
120.893 1428
120.917 1904
120.917 1428
120.942 1904
120.942 1428
120.967 1904
120.967 1428
120.992 9996
131.046 1428
131.05 1904
131.05 1428
131.055 1904
131.055 1428
131.06 1904
131.06 1428
131.065 1904
131.065 1428
131.07 1904
131.07 1428
131.075 1904
131.075 1428
131.079 1904
131.079 1428
131.08 1904
131.08 1428
131.081 1904
131.081 1428
131.111 1904
131.111 1428
131.136 1904
131.136 1428
131.16 1904
131.16 1428
131.185 1904
131.185 1428
131.21 1904
131.21 1428
131.235 1904
131.235 1428
131.26 1904
131.26 1428
131.284 9996
141.353 1428
141.355 1904
141.355 1428
141.359 1904
141.359 1428
141.361 1904
141.361 1428
141.365 1904
141.365 1428
141.368 1904
141.368 1428
141.373 1904
141.373 1428
141.377 1904
141.377 1428
141.381 1904
141.381 1428
141.385 1904
141.385 1428
141.411 1904
141.411 1428
141.435 1904
141.435 1428
141.46 1904
141.46 1428
141.485 1904
141.485 1428
141.51 1904
141.51 1428
141.535 1904
141.535 1428
141.561 1904
141.561 1428
141.59 9996
151.64 1428
151.642 1904
151.642 1428
151.644 1904
151.644 1428
151.647 1904
151.647 1428
151.65 1904
151.65 1428
151.653 1904
151.653 1428
151.657 1904
151.657 1428
151.665 1904
151.665 1428
151.668 1904
151.668 1428
151.671 1904
151.671 1428
151.695 1904
151.695 1428
151.72 1904
151.72 1428
151.745 1904
151.745 1428
151.771 1904
151.771 1428
151.799 1904
151.799 1428
151.826 1904
151.826 1428
151.854 1904
151.854 1428
151.883 9996
161.883 1428
161.887 1904
161.887 1428
161.891 1904
161.891 1428
161.901 1904
161.901 1428
161.902 1904
161.902 1428
161.904 1904
161.904 1428
161.906 1904
161.906 1428
161.908 1904
161.908 1428
161.91 1904
161.91 1428
161.913 1904
161.913 1428
161.938 1904
161.938 1428
161.963 1904
161.963 1428
161.988 1904
161.988 1428
162.012 1904
162.012 1428
162.039 1904
162.039 1428
162.068 1904
162.068 1428
162.096 1904
162.096 1428
162.125 9996
172.125 1428
172.127 1904
172.127 1428
172.13 1904
172.13 1428
172.137 1904
172.137 1428
172.14 1904
172.14 1428
172.145 1904
172.145 1428
172.149 1904
172.149 1428
172.153 1904
172.153 1428
172.155 1904
172.155 1428
172.157 1904
172.157 1428
172.182 1904
172.182 1428
172.207 1904
172.207 1428
172.232 1904
172.232 1428
172.256 1904
172.256 1428
172.281 1904
172.281 1428
172.306 1904
172.306 1428
172.331 1904
172.331 1428
172.357 1904
172.357 1428
172.384 9996
182.435 1428
182.439 1904
182.439 1428
182.444 1904
182.444 1428
182.449 1904
182.449 1428
182.458 1904
182.458 1428
182.462 1904
182.462 1428
182.463 1904
182.463 1428
182.466 1904
182.466 1428
182.467 1904
182.467 1428
182.469 1904
182.469 1428
182.495 1904
182.495 1428
182.52 1904
182.52 1428
182.544 1904
182.544 1428
182.569 1904
182.569 1428
182.594 1904
182.594 1428
182.619 1904
182.619 1428
182.644 1904
182.644 1428
182.669 1904
182.669 1428
182.694 9996
192.746 1428
192.751 1904
192.751 1428
192.756 1904
192.756 1428
192.76 1904
192.76 1428
192.763 1904
192.763 1428
192.763 1904
192.763 1428
192.766 1904
192.766 1428
192.767 1904
192.767 1428
192.769 1904
192.769 1428
192.772 1904
192.772 1428
192.797 1904
192.797 1428
192.822 1904
192.822 1428
192.846 1904
192.846 1428
192.871 1904
192.871 1428
192.896 1904
192.896 1428
192.921 1904
192.921 1428
192.946 1904
192.946 1428
192.971 1904
192.971 1428
192.996 9996
