0.0 0
0.214232 0.204
0.419411 0.204125
0.433518 0.205109
0.447635 0.205971
0.461753 0.206724
0.475871 0.207384
0.624579 0.224836
0.638697 0.223231
0.652814 0.221827
0.666932 0.220599
0.68105 0.219649
0.695167 0.218818
0.709285 0.217966
0.723403 0.21722
0.737521 0.216568
0.829747 0.225747
0.843865 0.224028
0.857982 0.222525
0.8721 0.221334
0.886218 0.220292
0.900335 0.219256
0.914453 0.218349
0.928571 0.217555
0.942689 0.216861
1.03491 0.226003
1.04903 0.224378
1.06315 0.222956
1.07727 0.221586
1.09139 0.220388
1.1055 0.219339
1.11962 0.218422
1.13374 0.217619
1.14786 0.216917
1.24008 0.226177
1.2542 0.22453
1.26832 0.222964
1.28244 0.221593
1.29655 0.220394
1.31067 0.219345
1.32479 0.218427
1.33891 0.217623
1.35302 0.217046
1.44525 0.22629
1.45937 0.224504
1.47349 0.222941
1.4876 0.221573
1.50172 0.220376
1.51584 0.219329
1.52996 0.218413
1.54407 0.217737
1.55819 0.217144
1.65042 0.226251
1.66454 0.22447
1.67865 0.222911
1.69277 0.221547
1.70689 0.220354
1.72101 0.219435
1.73513 0.21863
1.74924 0.217802
1.76336 0.217076
1.85559 0.226192
1.8697 0.224418
1.88382 0.222866
1.89794 0.221507
1.91206 0.220444
1.92618 0.219513
1.94029 0.218574
1.95441 0.217753
1.96853 0.217033
2.06075 0.226154
2.07487 0.224385
2.08899 0.222837
2.10311 0.221607
2.11723 0.220531
2.13134 0.219465
2.14546 0.218532
2.15958 0.217715
2.1737 0.217001
2.26592 0.226126
2.28004 0.224485
2.29416 0.223049
2.30828 0.221668
2.32239 0.22046
2.33651 0.219402
2.35063 0.218477
2.36475 0.217667
2.37886 0.216959
2.47109 0.226214
2.48521 0.224562
2.49933 0.222992
2.51344 0.221618
2.52756 0.220416
2.54168 0.219364
2.5558 0.218443
2.56991 0.217638
2.58403 0.217058
2.67626 0.226301
2.69038 0.224513
2.70449 0.222949
2.71861 0.22158
2.73273 0.220383
2.74685 0.219335
2.76097 0.218418
2.77508 0.217741
2.7892 0.217148
2.88143 0.226255
2.89554 0.224473
2.90966 0.222914
2.92378 0.22155
2.9379 0.220356
2.95202 0.219436
2.96613 0.218632
2.98025 0.217803
2.99437 0.217078
3.08659 0.226193
3.10071 0.224419
3.11483 0.222866
3.12895 0.221508
3.14307 0.220445
3.15718 0.219514
3.1713 0.218575
3.18542 0.217753
3.19954 0.217034
3.29176 0.226155
3.30588 0.224385
3.32 0.222837
3.33412 0.221607
3.34823 0.220407
3.36235 0.219356
3.37647 0.218436
3.39059 0.217632
3.4047 0.216928
3.49693 0.226062
3.51105 0.224429
3.52517 0.223
3.53928 0.221625
3.5534 0.220422
3.56752 0.219369
3.58164 0.218448
3.59575 0.217642
3.60987 0.216937
3.7021 0.226195
3.71622 0.224545
3.73033 0.222977
3.74445 0.221605
3.75857 0.220404
3.77269 0.219354
3.78681 0.218435
3.80092 0.21763
3.81504 0.217052
3.90727 0.226295
3.92138 0.224508
3.9355 0.222945
3.94962 0.221577
3.96374 0.22038
3.97786 0.219332
3.99197 0.218416
4.00609 0.217739
4.02021 0.217146
4.11243 0.226253
4.12655 0.224471
4.14067 0.222912
4.15479 0.221548
4.16891 0.220355
4.18302 0.219435
4.19714 0.218631
4.21126 0.217802
4.22538 0.217077
4.3176 0.226192
4.33172 0.224418
4.34584 0.222866
4.35996 0.221508
4.37407 0.220444
4.38819 0.219514
4.40231 0.218575
4.41643 0.217753
4.43054 0.217034
4.52277 0.226154
4.53689 0.224385
4.55101 0.222962
4.56512 0.221717
4.57924 0.220502
4.59336 0.219439
4.60748 0.218509
4.62159 0.217696
4.63571 0.216984
4.72794 0.226111
4.74206 0.224472
4.75617 0.223038
4.77029 0.221658
4.78441 0.220451
4.79853 0.219395
4.81265 0.21847
4.82676 0.217661
4.84088 0.216954
4.93311 0.22621
4.94722 0.224558
4.96134 0.222989
4.97546 0.221615
4.98958 0.220413
5.0037 0.219361
5.01781 0.218441
5.03193 0.217636
5.04605 0.217057
5.13827 0.2263
5.15239 0.224512
5.16651 0.222948
5.18063 0.22158
5.19475 0.220382
5.20886 0.219334
5.22298 0.218418
5.2371 0.21774
5.25122 0.217148
5.34344 0.226254
5.35756 0.224473
5.37168 0.222913
5.3858 0.221549
5.39991 0.220356
5.41403 0.219436
5.42815 0.218632
5.44227 0.217803
5.45638 0.217077
5.54861 0.226193
5.56273 0.224419
5.57685 0.222866
5.59096 0.221508
5.60508 0.220444
5.6192 0.219514
5.63332 0.218575
5.64743 0.217753
5.66155 0.217034
5.75378 0.226155
5.7679 0.224385
5.78201 0.222962
5.79613 0.221717
5.81025 0.220502
5.82437 0.219439
5.83849 0.218509
5.8526 0.217696
5.86672 0.216984
5.95895 0.226111
5.97306 0.224472
5.98718 0.223038
6.0013 0.221658
6.01542 0.220451
6.02954 0.219395
6.04365 0.21847
6.05777 0.217661
6.07189 0.216954
6.16411 0.22621
6.17823 0.224433
6.19235 0.222879
6.20647 0.221519
6.22059 0.220329
6.2347 0.219288
6.24882 0.218377
6.26294 0.21758
6.27706 0.217008
6.36928 0.226257
6.3834 0.224475
6.39752 0.222915
6.41164 0.221551
6.42575 0.220357
6.43987 0.219312
6.45399 0.218398
6.46811 0.217724
6.48222 0.217133
6.57445 0.226241
6.58857 0.224461
6.60269 0.222904
6.6168 0.221541
6.63092 0.220348
6.64504 0.21943
6.65916 0.218626
6.67327 0.217798
6.68739 0.217073
6.77962 0.226189
6.79374 0.224415
6.80785 0.222863
6.82197 0.221505
6.83609 0.220442
6.85021 0.219512
6.86432 0.218573
6.87844 0.217751
6.89256 0.217032
6.98479 0.226153
6.9989 0.224384
7.01302 0.222961
7.02714 0.221716
7.04126 0.220502
7.05538 0.219439
7.06949 0.218509
7.08361 0.217695
7.09773 0.216983
7.18995 0.226111
7.20407 0.224472
7.21819 0.223038
7.23231 0.221658
7.24643 0.220451
7.26054 0.219394
7.27466 0.21847
7.28878 0.217661
7.3029 0.216954
7.39512 0.226209
7.40924 0.224433
7.42336 0.222879
7.43748 0.221519
7.45159 0.220329
7.46571 0.219288
7.47983 0.218377
7.49395 0.21758
7.50806 0.217007
7.60029 0.226257
7.61441 0.224474
7.62853 0.222915
7.64264 0.221551
7.65676 0.220357
7.67088 0.219312
7.685 0.218398
7.69911 0.217723
7.71323 0.217008
7.80546 0.226132
7.81958 0.224366
7.83369 0.22282
7.84781 0.221467
7.86193 0.220284
7.87605 0.219373
7.89016 0.218577
7.90428 0.217755
7.9184 0.217035
8.01063 0.226156
8.02474 0.224386
8.03886 0.222838
8.05298 0.221483
8.0671 0.220423
8.08122 0.219495
8.09533 0.218558
8.10945 0.217738
8.12357 0.217021
8.21579 0.226143
8.22991 0.224376
8.24403 0.222954
8.25815 0.221709
8.27227 0.220496
8.28638 0.219434
8.3005 0.218505
8.31462 0.217691
8.32874 0.21698
8.42096 0.226108
8.43508 0.224469
8.4492 0.223035
8.46332 0.221656
8.47743 0.220449
8.49155 0.219393
8.50567 0.218469
8.51979 0.21766
8.5339 0.216953
8.62613 0.226209
8.64025 0.224433
8.65437 0.222878
8.66848 0.221519
8.6826 0.220329
8.69672 0.219288
8.71084 0.218377
8.72495 0.21758
8.73907 0.217007
8.8313 0.226256
8.84542 0.224474
8.85953 0.222915
8.87365 0.221551
8.88777 0.220357
8.90189 0.219312
8.916 0.218523
8.93012 0.217833
8.94424 0.217104
9.03647 0.226216
9.05058 0.224439
9.0647 0.222884
9.07882 0.221523
9.09294 0.220333
9.10706 0.219416
9.12117 0.218614
9.13529 0.217788
9.14941 0.217064
9.24163 0.226181
9.25575 0.224408
9.26987 0.222857
9.28399 0.2215
9.29811 0.220438
9.31222 0.219508
9.32634 0.218569
9.34046 0.217748
9.35458 0.21703
9.4468 0.226151
9.46092 0.224382
9.47504 0.222959
9.48916 0.221714
9.50327 0.2205
9.51739 0.219438
9.53151 0.218508
9.54563 0.217694
9.55974 0.216983
9.65197 0.22611
9.66609 0.224471
9.68021 0.223037
9.69432 0.221658
9.70844 0.22045
9.72256 0.219394
9.73668 0.21847
9.75079 0.217661
9.76491 0.216953
9.85714 0.226209
9.87126 0.224433
9.88537 0.222879
9.89949 0.221519
9.91361 0.220329
9.92773 0.219288
9.94184 0.218377
9.95596 0.21758
9.97008 0.217007
10.0623 0.226256
10.0764 0.224474
10.0905 0.222915
10.1047 0.221551
10.1188 0.220357
10.1329 0.219312
10.147 0.218523
10.1611 0.217833
10.1752 0.217104
10.2675 0.226216
10.2816 0.224439
10.2957 0.222884
10.3098 0.221523
10.3239 0.220333
10.3381 0.219416
10.3522 0.218614
10.3663 0.217788
10.3804 0.217064
10.5715 0.238556
10.5926 0.235237
10.7837 0.232332
10.8049 0.229791
10.9959 0.227567
11.0171 0.225746
11.2081 0.224153
11.2293 0.222634
11.4204 0.221304
11.4416 0.220141
11.6326 0.219124
11.6538 0.218233
11.8448 0.217454
11.866 0.216897
12.0571 0.21641
12.0782 0.215859
12.2693 0.215376
12.2905 0.214954
12.4815 0.214585
12.5027 0.214262
12.6937 0.213979
12.7149 0.213732
12.906 0.213515
12.9271 0.213451
13.1182 0.213395
13.1394 0.21322
13.3304 0.213068
13.3516 0.212934
13.5426 0.212817
13.5638 0.212715
13.7549 0.212626
13.776 0.212673
13.9671 0.212714
13.9883 0.212624
14.1793 0.212546
14.2005 0.212478
14.3916 0.212418
14.4127 0.212366
14.6038 0.21232
14.625 0.21228
14.816 0.21237
14.8372 0.212449
15.0282 0.212393
15.0494 0.212344
15.2405 0.212301
15.2616 0.212263
15.4527 0.21223
15.4739 0.212201
15.6649 0.212176
15.6861 0.212279
15.8771 0.212369
15.8983 0.212323
16.0894 0.212283
16.1105 0.212247
16.3016 0.212217
16.3228 0.212189
16.5138 0.212166
16.535 0.212145
16.726 0.212252
16.7472 0.212345
16.9383 0.212302
16.9594 0.212264
17.1505 0.212231
17.1717 0.212202
17.3627 0.212177
17.3839 0.212155
17.575 0.212136
17.5961 0.212244
17.7872 0.212338
17.8084 0.212296
17.9994 0.212259
18.0206 0.212227
18.2116 0.212198
18.2328 0.212173
18.4239 0.212152
18.445 0.212258
18.6361 0.212351
18.6573 0.212307
18.8483 0.212268
18.8695 0.212235
19.0605 0.212206
19.0817 0.21218
19.2728 0.212157
19.2939 0.212138
19.485 0.21212
19.5062 0.21223
19.6972 0.212327
19.7184 0.212286
19.9094 0.21225
19.9306 0.212219
20.1217 0.212191
20.1429 0.212168
20.3339 0.212147
20.3551 0.212253
20.5461 0.212347
20.5673 0.212303
20.7584 0.212265
20.7795 0.212232
20.9706 0.212203
20.9918 0.212178
21.1834 0.212281
21.204 0.212245
21.3966 0.21234
21.417 0.212422
22.2743 0.218245
22.3761 0.234214
22.5169 0.235187
22.6186 0.236039
22.7306 0.233284
22.8323 0.230873
22.9604 0.230764
23.0748 0.232169
23.2029 0.233398
23.3174 0.234598
23.4454 0.235648
23.5599 0.236442
23.6879 0.237137
23.8024 0.23787
23.9305 0.238511
24.045 0.238947
24.173 0.239454
24.2875 0.239897
24.4155 0.24016
24.53 0.240515
24.6581 0.240826
24.7725 0.240972
24.9006 0.241101
25.0151 0.241338
25.1431 0.241546
25.2576 0.241603
25.3856 0.241652
25.5001 0.241821
25.6282 0.241968
25.7426 0.241972
25.8707 0.241976
25.9852 0.242104
26.1132 0.242216
26.2277 0.242189
26.3558 0.242165
26.4702 0.24227
26.5983 0.242361
26.7128 0.242316
26.8408 0.242276
26.9553 0.242367
27.0833 0.242446
27.1978 0.24239
27.3259 0.242341
27.4403 0.242424
27.5684 0.242496
27.6829 0.242434
27.8109 0.24238
27.9254 0.242457
28.0534 0.242525
28.1679 0.242459
28.296 0.242402
28.4105 0.242477
28.5385 0.242542
28.653 0.242474
28.781 0.24254
28.8955 0.242598
29.0236 0.242523
29.138 0.242582
29.2661 0.242635
29.3806 0.242555
29.5086 0.242486
29.6231 0.24255
29.7511 0.242606
29.8656 0.242531
29.9937 0.242464
30.1082 0.242531
30.2362 0.24259
30.3507 0.242516
30.4516 0.239077
30.5629 0.235692
30.6638 0.232731
30.7751 0.230264
30.8814 0.228731
31.0205 0.230765
31.124 0.232169
31.263 0.233523
31.3665 0.234708
31.5056 0.235619
31.609 0.236542
31.7481 0.237349
31.8515 0.23793
31.9906 0.238439
32.0941 0.239009
32.2331 0.239508
32.2484 0.24007
32.2645 0.240811
32.2806 0.24171
32.2959 0.242496
32.312 0.243559
32.3281 0.244739
32.3417 0.245647
32.3578 0.246691
32.4808 0.261229
32.496 0.260576
32.513 0.260129
32.5282 0.259738
32.5435 0.25927
32.5605 0.259112
32.5757 0.258723
32.5893 0.258132
32.6063 0.257991
32.7284 0.271242
32.7436 0.269337
32.7606 0.267795
32.7759 0.266195
32.7911 0.264921
32.8081 0.264056
32.8234 0.263049
32.8369 0.261918
32.8539 0.261303
32.976 0.27389
32.9913 0.271654
33.0082 0.269947
33.0235 0.268204
33.0387 0.266678
33.0557 0.265468
33.071 0.26416
33.0845 0.26289
33.1015 0.262154
33.2236 0.274759
33.2389 0.27229
33.2558 0.270378
33.2711 0.268581
33.2864 0.267008
33.3033 0.265882
33.3186 0.264647
33.3322 0.263316
33.3491 0.262527
33.4712 0.275086
33.4865 0.2727
33.5034 0.270863
33.5187 0.269005
33.534 0.267254
33.5509 0.265972
33.5662 0.264726
33.5798 0.263385
33.5967 0.262587
33.7188 0.275014
33.7341 0.272637
33.7511 0.270807
33.7663 0.268956
33.7816 0.267337
33.7986 0.266045
33.8138 0.264789
33.8274 0.26344
33.8443 0.262635
33.9665 0.275181
33.9817 0.272783
33.9987 0.27081
34.0139 0.268834
34.0292 0.26723
34.0462 0.266076
34.0614 0.264817
34.075 0.26359
34.092 0.262766
34.2141 0.275295
34.2293 0.272883
34.2463 0.271023
34.2616 0.269145
34.2768 0.267377
34.2938 0.26608
34.309 0.26482
34.3226 0.263467
34.3396 0.262659
34.4617 0.275077
34.477 0.272567
34.4939 0.270621
34.5092 0.268793
34.5244 0.267194
34.5414 0.266045
34.5567 0.264789
34.5702 0.263441
34.5872 0.262636
34.7093 0.275181
34.7246 0.272784
34.7415 0.270811
34.7568 0.268959
34.7721 0.267339
34.789 0.266172
34.8043 0.2649
34.8178 0.263538
34.8348 0.262721
34.9569 0.275131
34.9722 0.272739
34.9891 0.270897
35.0044 0.269035
35.0197 0.267405
35.0366 0.266105
35.0519 0.264717
35.0655 0.263377
35.0824 0.26258
35.2045 0.275132
35.2198 0.272741
35.2368 0.270773
35.252 0.268927
35.2673 0.267311
35.2842 0.266147
35.2995 0.264879
35.3131 0.263644
35.33 0.262813
35.4522 0.275337
35.4674 0.27292
35.4844 0.271055
35.4996 0.269173
35.5149 0.267401
35.5319 0.266101
35.5471 0.264838
35.5607 0.263484
35.5777 0.262673
35.6998 0.275089
35.715 0.272703
35.732 0.27074
35.7473 0.268898
35.7625 0.267285
35.7795 0.266125
35.7947 0.264859
35.8083 0.263502
35.8253 0.262689
35.9474 0.275228
35.9626 0.272824
35.9796 0.270846
35.9949 0.268866
36.0101 0.267257
36.0271 0.2661
36.0424 0.264838
36.0559 0.263483
36.0729 0.262673
36.195 0.275214
36.2103 0.272812
36.2272 0.27096
36.2425 0.26909
36.2578 0.267454
36.2747 0.266147
36.29 0.264754
36.3035 0.26341
36.3205 0.262608
36.4426 0.275157
36.4579 0.272638
36.4748 0.270683
36.4901 0.268848
36.5054 0.267242
36.5223 0.266086
36.5376 0.264826
36.5512 0.263472
36.5681 0.262663
36.6902 0.275205
36.7055 0.272805
36.7225 0.270954
36.7377 0.269085
36.753 0.267324
36.7699 0.266034
36.7852 0.26478
36.7988 0.263432
36.8157 0.262628
36.9378 0.27505
36.9531 0.272668
36.9701 0.270835
36.9853 0.26898
37.0006 0.267358
37.0176 0.266063
37.0328 0.26468
37.0464 0.263345
37.0634 0.262552
37.1855 0.275108
37.2007 0.27272
37.2177 0.270755
37.233 0.268785
37.2482 0.267187
37.2652 0.266039
37.2804 0.264784
37.294 0.263561
37.311 0.262616
37.4331 0.275164
37.4483 0.272768
37.4653 0.270922
37.4806 0.269057
37.4958 0.2673
37.5128 0.266012
37.5281 0.264761
37.5416 0.263416
37.5586 0.262614
37.6807 0.275037
37.696 0.272532
37.7129 0.270591
37.7282 0.268767
37.7434 0.267171
37.7604 0.266025
37.7757 0.264772
37.7892 0.263425
37.8062 0.262622
37.9283 0.275169
37.9436 0.272773
37.9605 0.270801
37.9758 0.268951
37.9911 0.267332
38.008 0.266166
38.0233 0.264895
38.0369 0.263533
38.0538 0.262717
38.1759 0.275127
38.1912 0.272736
38.2082 0.270894
38.2234 0.269032
38.2387 0.267403
38.2556 0.266103
38.2709 0.264715
38.2845 0.263376
38.3014 0.262579
38.4235 0.275131
38.4388 0.27274
38.4558 0.270772
38.471 0.268926
38.4863 0.26731
38.5033 0.266146
38.5185 0.264878
38.5321 0.263643
38.549 0.262813
38.6712 0.275336
38.6864 0.272919
38.7034 0.271054
38.7186 0.269173
38.7339 0.267401
38.7509 0.266101
38.7661 0.264838
38.7797 0.263483
38.7967 0.262673
38.9188 0.275089
38.934 0.272703
38.951 0.270865
38.9663 0.269007
38.9815 0.267381
38.9985 0.266208
39.0138 0.264932
39.0273 0.263566
39.0443 0.262745
39.1664 0.275277
39.1817 0.272867
39.1986 0.270884
39.2139 0.268898
39.2291 0.267286
39.2461 0.266125
39.2614 0.26486
39.2749 0.263502
39.2919 0.262689
39.414 0.275228
39.4293 0.272825
39.4462 0.270972
39.4615 0.2691
39.4768 0.267463
39.4937 0.266155
39.509 0.26476
39.5226 0.263415
39.5395 0.262613
39.6616 0.275162
39.6769 0.272642
39.6938 0.270686
39.7091 0.268851
39.7244 0.267244
39.7413 0.266089
39.7566 0.264828
39.7702 0.263474
39.7871 0.262665
39.9092 0.275207
39.9245 0.272806
39.9415 0.270955
39.9567 0.269086
39.972 0.267325
39.989 0.266034
40.0042 0.26478
40.0178 0.263433
40.0347 0.262629
40.1569 0.27505
40.1721 0.272669
40.1891 0.270835
40.2043 0.268981
40.2196 0.267358
40.2366 0.266063
40.2518 0.26468
40.2654 0.263345
40.2824 0.262552
40.4045 0.275108
40.4197 0.27272
40.4367 0.270755
40.452 0.268785
40.4672 0.267187
40.4842 0.266039
40.4994 0.264784
40.513 0.263561
40.53 0.262616
40.6521 0.275164
40.6674 0.272768
40.6843 0.270922
40.6996 0.269057
40.7148 0.2673
40.7318 0.266012
40.7471 0.264761
40.7606 0.263416
40.7776 0.262614
40.8997 0.275037
40.915 0.272532
40.9319 0.270591
40.9472 0.268767
40.9625 0.267171
40.9794 0.266025
40.9947 0.264772
41.0082 0.263425
41.0252 0.262622
41.1473 0.275169
41.1524 0.271523
41.1541 0.266583
41.1558 0.260385
41.1676 0.254462
41.1846 0.249529
41.1998 0.244963
41.214 0.240843
41.2304 0.237612
41.3525 0.247911
41.3666 0.243422
41.3807 0.239494
41.3948 0.236057
41.409 0.23305
41.4231 0.230544
41.4372 0.228351
41.4513 0.226307
41.4654 0.224519
41.5577 0.232704
41.5719 0.230116
41.5863 0.227976
41.6007 0.226104
41.6141 0.224466
41.6283 0.222908
41.6427 0.221545
41.6571 0.220476
41.6706 0.219417
41.7628 0.22824
41.7772 0.226335
41.7916 0.224668
41.8068 0.223209
41.8221 0.222183
41.8373 0.22141
41.8518 0.220734
41.867 0.220267
41.8823 0.219984
41.9696 0.228861
41.9849 0.227128
42.0002 0.225737
42.0163 0.22477
42.0324 0.224049
42.0485 0.223418
42.0638 0.222866
42.0799 0.222632
42.096 0.222428
42.1799 0.230875
42.1961 0.229515
42.2122 0.228451
42.2291 0.227645
42.2461 0.227064
42.263 0.226681
42.2792 0.226346
42.2961 0.226303
42.3122 0.226265
42.3936 0.234232
42.4106 0.232953
42.4267 0.231709
42.4445 0.23087
42.4623 0.230261
42.4801 0.229854
42.4971 0.229497
42.5149 0.22931
42.5319 0.229146
42.6099 0.236753
42.6277 0.235534
42.6446 0.234467
42.6625 0.233784
42.6811 0.233311
42.6998 0.232897
42.7176 0.232535
42.7362 0.232468
42.7532 0.232409
42.8287 0.239608
42.8473 0.238532
42.8651 0.237591
42.8838 0.236892
42.9024 0.236405
42.9219 0.23598
42.9406 0.235732
42.9593 0.235641
42.9771 0.235436
43.05 0.242131
43.0729 0.24149
43.0958 0.241429
43.1195 0.242125
43.1424 0.243359
43.167 0.245189
43.1891 0.247166
43.2077 0.24877
43.2247 0.249924
43.2976 0.257808
43.3213 0.258582
43.3434 0.259259
43.3671 0.259977
43.3909 0.26048
43.4146 0.261045
43.4367 0.261164
43.4553 0.260894
43.4723 0.260532
43.5452 0.267216
43.569 0.266814
43.591 0.266337
43.6148 0.266045
43.6385 0.265789
43.6622 0.265691
43.6843 0.265354
43.7029 0.26456
43.7199 0.263615
43.7928 0.269788
43.8166 0.269065
43.8386 0.268181
43.8624 0.267659
43.8861 0.267326
43.9099 0.266911
43.9319 0.266297
43.9506 0.265385
43.9675 0.264337
44.0405 0.270545
44.0642 0.269851
44.0862 0.268995
44.11 0.268371
44.1337 0.267824
44.1575 0.267346
44.1795 0.266803
44.1982 0.265953
44.2151 0.264959
44.2881 0.271089
44.3118 0.270203
44.3339 0.269177
44.3576 0.26853
44.3813 0.267964
44.4051 0.267593
44.4271 0.267019
44.4458 0.266017
44.4628 0.26489
44.5357 0.270903
44.5594 0.270041
44.5815 0.26916
44.6052 0.26864
44.629 0.26806
44.6527 0.267553
44.6748 0.266859
44.6934 0.265876
44.7104 0.264892
44.7833 0.27103
44.807 0.270277
44.8291 0.269367
44.8528 0.268696
44.8766 0.268109
44.9003 0.267595
44.9224 0.267021
44.941 0.266143
44.958 0.265
45.0309 0.271
45.0547 0.270125
45.0767 0.26911
45.1005 0.268471
45.1242 0.268037
45.1479 0.267532
45.17 0.266841
45.1886 0.265861
45.2056 0.264753
45.2785 0.270784
45.3023 0.270061
45.3243 0.269178
45.3481 0.268656
45.3718 0.268074
45.3956 0.267565
45.4176 0.266994
45.4363 0.265995
45.4532 0.264996
45.5261 0.271121
45.5499 0.270231
45.5719 0.269202
45.5957 0.268552
45.6194 0.267983
45.6432 0.26761
45.6652 0.267034
45.6839 0.26603
45.7008 0.264901
45.7738 0.270913
45.7975 0.270049
45.8196 0.269168
45.8433 0.268647
45.867 0.268191
45.8908 0.267667
45.9128 0.266959
45.9315 0.265964
45.9485 0.264968
46.0214 0.271097
46.0451 0.270335
46.0672 0.269418
46.0909 0.268741
46.1147 0.268148
46.1384 0.26763
46.1605 0.267051
46.1791 0.26617
46.1961 0.265149
46.269 0.27113
46.2927 0.270239
46.3148 0.269209
46.3385 0.268558
46.3623 0.268113
46.386 0.267724
46.4081 0.267133
46.4267 0.266117
46.4437 0.264977
46.5166 0.27098
46.5404 0.270108
46.5624 0.269219
46.5861 0.268692
46.6099 0.268105
46.6336 0.267592
46.6557 0.266893
46.6743 0.265906
46.6913 0.264918
46.7642 0.271053
46.788 0.270172
46.81 0.269275
46.8338 0.268616
46.8575 0.268039
46.8813 0.267659
46.9033 0.267077
46.922 0.266067
46.9389 0.264934
47.0118 0.270942
47.0356 0.270074
47.0576 0.269065
47.0814 0.268432
47.1051 0.268003
47.1289 0.267502
47.1509 0.266815
47.1696 0.265838
47.1865 0.264733
47.2595 0.270891
47.2832 0.270155
47.3053 0.269261
47.329 0.268603
47.3527 0.268028
47.3765 0.267524
47.3985 0.266959
47.4172 0.266089
47.4341 0.265078
47.5071 0.271193
47.5308 0.270294
47.5529 0.269257
47.5766 0.2686
47.6004 0.268025
47.6241 0.267647
47.6461 0.267066
47.6648 0.266058
47.6818 0.264926
47.7547 0.270935
47.7784 0.270068
47.8005 0.269184
47.8242 0.268661
47.848 0.268079
47.8717 0.267569
47.8938 0.266873
47.9124 0.265889
47.9294 0.264903
48.0023 0.27104
48.0261 0.270285
48.0481 0.269374
48.0718 0.268702
48.0956 0.268115
48.1193 0.2676
48.1414 0.267025
48.16 0.266147
48.177 0.265004
48.2499 0.271003
48.2737 0.270128
48.2957 0.269112
48.3195 0.268473
48.3432 0.268039
48.3669 0.267534
48.389 0.266842
48.4077 0.265862
48.4246 0.264754
48.4975 0.270785
48.5213 0.270062
48.5433 0.269179
48.5671 0.268657
48.5908 0.268075
48.6146 0.267565
48.6366 0.26687
48.6553 0.265886
48.6722 0.2649
48.7452 0.271038
48.7689 0.270158
48.7909 0.269138
48.8147 0.268496
48.8384 0.267934
48.8622 0.267567
48.8842 0.266996
48.9029 0.265997
48.9198 0.264872
48.9928 0.270888
49.0165 0.270027
49.0386 0.269149
49.0623 0.268505
49.0861 0.268067
49.1098 0.267559
49.1318 0.266864
49.1505 0.265881
49.1675 0.264896
49.2404 0.271034
49.2641 0.27028
49.2862 0.26937
49.3099 0.268698
49.3337 0.268111
49.3574 0.267597
49.3795 0.267023
49.3981 0.266145
49.4151 0.265127
49.488 0.271236
49.5117 0.270331
49.5338 0.26929
49.5575 0.268629
49.5813 0.268175
49.605 0.267778
49.6271 0.267181
49.6457 0.266158
49.6627 0.265014
49.7356 0.271012
49.7594 0.270135
49.7814 0.269243
49.8052 0.268713
49.8289 0.268124
49.8526 0.267608
49.8747 0.266907
49.8933 0.265919
49.9103 0.264929
49.9832 0.271063
50.007 0.27018
50.029 0.269283
50.0528 0.268622
50.0765 0.268044
50.1003 0.267664
50.1223 0.267081
50.141 0.266071
50.1579 0.264937
50.2309 0.270945
50.2546 0.270077
50.2766 0.269067
50.3004 0.268434
50.3241 0.268005
50.3479 0.267504
50.3699 0.266816
50.3886 0.265839
50.4055 0.264734
50.4785 0.270892
50.5022 0.270156
50.5243 0.269261
50.548 0.268729
50.5717 0.268138
50.5955 0.26762
50.6175 0.267043
50.6362 0.266162
50.6532 0.265142
50.7261 0.271249
50.7498 0.270343
50.7719 0.2693
50.7956 0.268638
50.8194 0.268058
50.8431 0.267676
50.8652 0.267091
50.8838 0.26608
50.9008 0.264945
50.9737 0.270952
50.9974 0.270083
51.0195 0.269197
51.0432 0.268673
51.067 0.268089
51.0907 0.267578
51.1128 0.26688
51.1314 0.265895
51.1484 0.264908
51.2213 0.271045
51.2451 0.270289
51.2671 0.269378
51.2909 0.268706
51.3146 0.268118
51.3383 0.267603
51.3604 0.267028
51.379 0.266149
51.396 0.26513
51.4689 0.271114
51.4927 0.270225
51.5147 0.269197
51.5385 0.268547
51.5622 0.268104
51.586 0.267591
51.608 0.267017
51.6267 0.266015
51.6436 0.264888
51.7165 0.270902
51.7403 0.270164
51.7623 0.269269
51.7861 0.268735
51.8098 0.268143
51.8336 0.267625
51.8556 0.266922
51.8743 0.265932
51.8912 0.26494
52.0794 0.285448
52.1035 0.276267
52.2917 0.268234
52.3157 0.261204
52.3298 0.255054
52.3439 0.249672
52.358 0.245088
52.3722 0.241077
52.3863 0.237442
52.4004 0.234262
52.4145 0.231479
52.4969 0.237544
52.5215 0.235726
52.5368 0.233011
52.5512 0.230759
52.5665 0.228914
52.5817 0.2273
52.5962 0.226013
52.6114 0.225011
52.6267 0.22426
52.7157 0.232977
52.7471 0.23423
52.7666 0.234701
52.7853 0.235614
52.8048 0.236912
52.8243 0.238673
52.8429 0.240589
52.859 0.242515
52.8743 0.244201
52.9642 0.255051
52.9947 0.257169
53.0151 0.257648
53.0337 0.257942
53.0524 0.258199
53.0727 0.258549
53.0914 0.258731
53.1067 0.258514
53.1219 0.258075
53.2118 0.267066
53.2423 0.267558
53.2627 0.266738
53.2813 0.265771
53.3 0.264924
53.3204 0.264434
53.339 0.26388
53.3543 0.262895
53.3695 0.262033
53.4594 0.270654
53.49 0.270697
53.5103 0.269485
53.529 0.268174
53.5476 0.267027
53.568 0.266149
53.5866 0.265255
53.6019 0.263973
53.6172 0.262977
53.707 0.27148
53.7376 0.27142
53.7579 0.269992
53.7766 0.268618
53.7952 0.267416
53.8156 0.266614
53.8342 0.265662
53.8495 0.264454
53.8648 0.263398
53.9547 0.271723
53.9852 0.271633
54.0055 0.270303
54.0242 0.269016
54.0428 0.267764
54.0632 0.266918
54.0819 0.265928
54.0971 0.264687
54.1124 0.263601
54.2023 0.272026
54.2328 0.271898
54.2532 0.270536
54.2718 0.269094
54.2905 0.267832
54.3108 0.266978
54.3295 0.265981
54.3447 0.264733
54.36 0.263517
54.4499 0.271827
54.4804 0.271724
54.5008 0.270383
54.5194 0.26896
54.5381 0.26784
54.5584 0.266985
54.5771 0.266112
54.5924 0.264848
54.6076 0.263742
54.6975 0.272024
54.728 0.272021
54.7484 0.270644
54.767 0.269313
54.7857 0.268024
54.806 0.267146
54.8247 0.266128
54.84 0.264737
54.8552 0.263645
54.9451 0.272064
54.9756 0.271931
54.996 0.27044
55.0147 0.26901
55.0333 0.267759
55.0537 0.266914
55.0723 0.265924
55.0876 0.264684
55.1028 0.263473
55.1927 0.271789
55.2233 0.271691
55.2436 0.270354
55.2623 0.268935
55.2809 0.267693
55.3013 0.266856
55.3199 0.265874
55.3352 0.26464
55.3505 0.26356
55.4404 0.27199
55.4709 0.271866
55.4912 0.270508
55.5099 0.26907
55.5285 0.267811
55.5489 0.266959
55.5676 0.265965
55.5828 0.264719
55.5981 0.263629
55.688 0.271925
55.7185 0.27181
55.7388 0.270459
55.7575 0.269026
55.7762 0.267898
55.7965 0.267036
55.8152 0.266156
55.8304 0.264887
55.8457 0.263776
55.9356 0.272054
55.9661 0.271922
55.9865 0.270557
56.0051 0.269237
56.0238 0.267958
56.0441 0.267088
56.0628 0.266077
56.078 0.264817
56.0933 0.263715
56.1832 0.272126
56.2137 0.271985
56.2341 0.270612
56.2527 0.26916
56.2714 0.26789
56.2917 0.267029
56.3104 0.266025
56.3257 0.264772
56.3409 0.263551
56.4308 0.271857
56.4613 0.27175
56.4817 0.270406
56.5004 0.26898
56.519 0.267858
56.5394 0.267001
56.558 0.266125
56.5733 0.26486
56.5885 0.263752
56.6784 0.272158
56.709 0.272013
56.7293 0.270637
56.748 0.269182
56.7666 0.267909
56.787 0.266921
56.8056 0.265931
56.8209 0.264564
56.8362 0.263494
56.926 0.271932
56.9566 0.271816
56.9769 0.270339
56.9956 0.268921
57.0142 0.267681
57.0346 0.266846
57.0532 0.265865
57.0685 0.264632
57.0838 0.263553
57.1737 0.271859
57.2042 0.271752
57.2245 0.270408
57.2432 0.269107
57.2619 0.267843
57.2822 0.266988
57.3009 0.265989
57.3161 0.264741
57.3314 0.263648
57.4213 0.272067
57.4518 0.271934
57.4722 0.270567
57.4908 0.269121
57.5095 0.267856
57.5298 0.266999
57.5485 0.265999
57.5637 0.264749
57.579 0.263656
57.6689 0.271949
57.6994 0.27183
57.7198 0.270476
57.7384 0.269042
57.7571 0.267912
57.7774 0.267048
57.7961 0.266167
57.8114 0.264896
57.8266 0.263784
57.9165 0.272061
57.947 0.272053
57.9674 0.270672
57.986 0.269338
58.0047 0.268045
58.0251 0.267165
58.0437 0.266144
58.059 0.264751
58.0742 0.263657
58.1641 0.272075
58.1947 0.271941
58.215 0.270573
58.2337 0.269126
58.2523 0.267861
58.2727 0.267003
58.2913 0.266003
58.3066 0.264752
58.3219 0.263533
58.4117 0.271842
58.4423 0.271736
58.4626 0.270394
58.4813 0.26897
58.4999 0.267724
58.5203 0.266883
58.5389 0.265898
58.5542 0.264661
58.5695 0.263578
58.6594 0.272006
58.6899 0.27188
58.7102 0.27052
58.7289 0.26908
58.7476 0.26782
58.7679 0.266968
58.7866 0.265972
58.8018 0.2646
58.8171 0.263525
58.907 0.271834
58.9375 0.27173
58.9579 0.270389
58.9765 0.268965
58.9952 0.267845
59.0155 0.266989
59.0342 0.266115
59.0494 0.264851
59.0647 0.263745
59.1546 0.272027
59.1851 0.271898
59.2055 0.270536
59.2241 0.269219
59.2428 0.267942
59.2631 0.267074
59.2818 0.266065
59.2971 0.264807
59.3123 0.263706
59.4022 0.272118
59.4327 0.271978
59.4531 0.270606
59.4717 0.269155
59.4904 0.267886
59.5108 0.267025
59.5294 0.266022
59.5447 0.264769
59.5599 0.263548
59.6498 0.271854
59.6804 0.271748
59.7007 0.270404
59.7194 0.268979
59.738 0.267856
59.7584 0.266999
59.777 0.266124
59.7923 0.264859
59.8076 0.263751
59.8974 0.272158
59.928 0.272013
59.9483 0.270636
59.967 0.269182
59.9856 0.267909
60.006 0.26692
60.0246 0.26593
60.0399 0.264564
60.0552 0.263494
60.1451 0.271932
60.1756 0.271815
60.1959 0.270338
60.2146 0.268921
60.2332 0.267681
60.2536 0.266846
60.2723 0.265865
60.2875 0.264632
60.3028 0.263553
60.3927 0.271859
60.4232 0.271752
60.4436 0.270408
60.4622 0.269107
60.4809 0.267843
60.5012 0.266988
60.5199 0.265989
60.5351 0.264741
60.5504 0.263648
60.6403 0.272067
60.6708 0.271934
60.6912 0.270567
60.7098 0.269121
60.7285 0.267856
60.7488 0.266999
60.7675 0.265999
60.7828 0.264749
60.798 0.263656
60.8879 0.271949
60.9184 0.27183
60.9388 0.270476
60.9574 0.269042
60.9761 0.267912
60.9964 0.267048
61.0151 0.266167
61.0304 0.264896
61.0456 0.263784
61.1355 0.272061
61.166 0.272053
61.1864 0.270672
61.2051 0.269338
61.2237 0.268045
61.2441 0.267165
61.2627 0.266144
61.278 0.264751
61.2932 0.263657
61.3831 0.272075
61.4137 0.271941
61.434 0.270573
61.4527 0.269126
61.4713 0.267861
61.4917 0.267003
61.5103 0.266003
61.5256 0.264752
61.5409 0.263533
61.6308 0.271842
61.6613 0.271736
61.6816 0.270394
61.7003 0.26897
61.7189 0.267724
61.7393 0.266883
61.758 0.265898
61.7732 0.264661
61.7885 0.263578
61.8784 0.272006
61.9089 0.27188
61.9292 0.27052
61.9479 0.26908
61.9666 0.26782
61.9869 0.266843
62.0056 0.265862
62.0208 0.264504
62.0361 0.263441
62.126 0.271761
62.1565 0.271666
62.1769 0.270333
62.1955 0.268916
62.2142 0.267802
62.2345 0.266951
62.2532 0.266083
62.2684 0.264822
62.2837 0.263719
62.3736 0.272005
62.4041 0.271879
62.4245 0.270519
62.4431 0.269204
62.4618 0.267929
62.4821 0.267063
62.5008 0.266055
62.5161 0.264798
62.5313 0.263698
62.6212 0.272111
62.6517 0.271972
62.6721 0.270601
62.6908 0.26915
62.7094 0.267882
62.7298 0.267021
62.745 0.265644
62.7467 0.262313
62.7484 0.257649
62.8264 0.261443
62.9536 0.269388
63.0386 0.262214
63.1666 0.256062
63.2513 0.25068
63.2666 0.246095
63.2819 0.242208
63.2963 0.238932
63.3115 0.236065
63.3268 0.233682
63.3412 0.231722
63.3565 0.230132
63.3794 0.229865
63.4608 0.237007
63.4769 0.234631
63.493 0.232802
63.5083 0.231202
63.5244 0.229927
63.5405 0.228936
63.5558 0.228069
63.5719 0.227435
63.5948 0.227881
63.6728 0.235146
63.6898 0.233503
63.7067 0.23219
63.7228 0.230916
63.7398 0.230052
63.7567 0.22942
63.7729 0.228868
63.7898 0.228634
63.8127 0.229305
63.8882 0.236517
63.906 0.235202
63.9238 0.234177
63.9399 0.233155
63.9577 0.23251
63.9755 0.232072
63.9925 0.231688
64.0103 0.231602
64.0332 0.232276
64.1061 0.239117
64.1248 0.237852
64.1434 0.236871
64.1604 0.236012
64.1782 0.23551
64.1969 0.235072
64.2147 0.234688
64.2342 0.234727
64.263 0.236136
64.3503 0.245369
64.3732 0.247198
64.3919 0.248798
64.4089 0.249948
64.4258 0.250955
64.4445 0.25196
64.4631 0.252965
64.4818 0.253845
64.5106 0.255739
64.5988 0.264772
64.6209 0.26455
64.6395 0.263856
64.6565 0.263124
64.6734 0.262484
64.6921 0.262173
64.7107 0.261777
64.7294 0.26143
64.7582 0.262501
64.8464 0.270813
64.8685 0.269837
64.8871 0.268607
64.9041 0.267281
64.921 0.266121
64.9397 0.265231
64.9584 0.264452
64.977 0.263896
65.0058 0.264534
65.094 0.272592
65.1161 0.271393
65.1347 0.269844
65.1517 0.268238
65.1687 0.266834
65.1873 0.265854
65.206 0.264998
65.2246 0.264248
65.2535 0.264842
65.3417 0.272862
65.3637 0.271504
65.3824 0.269941
65.3993 0.268448
65.4163 0.267142
65.4349 0.266124
65.4536 0.265234
65.4722 0.264455
65.5011 0.265148
65.5893 0.273129
65.6113 0.271863
65.63 0.270255
65.6469 0.268598
65.6639 0.267149
65.6826 0.26613
65.7012 0.265364
65.7199 0.264568
65.7487 0.265122
65.8369 0.272982
65.8589 0.271609
65.8776 0.270033
65.8946 0.268404
65.9115 0.267103
65.9302 0.266216
65.9488 0.265314
65.9675 0.264524
65.9963 0.265209
66.0845 0.273183
66.1066 0.27191
66.1252 0.270421
66.1422 0.268869
66.1591 0.26751
66.1778 0.266446
66.1964 0.265515
66.2151 0.264826
66.2439 0.265348
66.3321 0.273304
66.3542 0.272016
66.3728 0.270389
66.3898 0.268716
66.4067 0.267251
66.4254 0.26622
66.4441 0.265442
66.4627 0.264637
66.4915 0.265182
66.5797 0.27316
66.6018 0.271765
66.6204 0.270169
66.6374 0.268648
66.6544 0.267317
66.673 0.266402
66.6917 0.265477
66.7103 0.264667
66.7392 0.265334
66.8274 0.273292
66.8494 0.272006
66.8681 0.270505
66.885 0.268942
66.902 0.267449
66.9206 0.266393
66.9393 0.265469
66.9579 0.26466
66.9868 0.265203
67.075 0.273052
67.097 0.271796
67.1157 0.270196
67.1326 0.268547
67.1496 0.267103
67.1682 0.266091
67.1869 0.265204
67.2056 0.264429
67.2344 0.265
67.3226 0.273
67.3446 0.271625
67.3633 0.270047
67.3802 0.268541
67.3972 0.267223
67.4159 0.266196
67.4345 0.265296
67.4532 0.264634
67.482 0.265305
67.5702 0.273267
67.5922 0.271983
67.6109 0.27036
67.6279 0.26869
67.6448 0.267229
67.6635 0.2662
67.6821 0.265425
67.7008 0.264622
67.7296 0.265169
67.8178 0.273023
67.8399 0.271645
67.8585 0.270065
67.8755 0.268557
67.8924 0.267237
67.9111 0.266332
67.9298 0.265416
67.9484 0.264614
67.9772 0.265287
68.0654 0.273251
68.0875 0.27197
68.1061 0.270474
68.1231 0.268914
68.1401 0.26755
68.1587 0.266481
68.1774 0.265546
68.196 0.264853
68.2249 0.265371
68.313 0.273325
68.3351 0.272034
68.3538 0.270405
68.3707 0.268729
68.3877 0.267263
68.4063 0.26623
68.425 0.265327
68.4436 0.264536
68.4725 0.265094
68.5607 0.273082
68.5827 0.271697
68.6014 0.27011
68.6183 0.268596
68.6353 0.267271
68.6539 0.266238
68.6726 0.265333
68.6913 0.264541
68.7201 0.265224
68.8083 0.273196
68.8303 0.271921
68.849 0.270306
68.8659 0.268643
68.8829 0.267187
68.9016 0.266164
68.9202 0.265268
68.9389 0.264485
68.9677 0.265049
69.0559 0.272918
69.0779 0.271553
69.0966 0.269984
69.1136 0.268361
69.1305 0.266941
69.1492 0.266073
69.1678 0.265189
69.1865 0.264416
69.2153 0.265114
69.3035 0.273099
69.3256 0.271837
69.3442 0.270232
69.3612 0.268703
69.3781 0.267365
69.3968 0.26632
69.4154 0.265405
69.4341 0.264729
69.4629 0.265263
69.5511 0.27323
69.5732 0.271951
69.5918 0.270332
69.6088 0.268666
69.6258 0.267208
69.6444 0.266182
69.6631 0.265409
69.6817 0.264608
69.7106 0.265157
69.7987 0.273137
69.8208 0.271745
69.8394 0.270152
69.8564 0.268633
69.8734 0.267304
69.892 0.266391
69.9107 0.265467
69.9293 0.264659
69.9582 0.265326
70.0464 0.273286
70.0684 0.272
70.0871 0.2705
70.104 0.268937
70.121 0.267445
70.1396 0.26639
70.1583 0.265466
70.177 0.264658
70.2058 0.2652
70.294 0.27305
70.316 0.271794
70.3347 0.270195
70.3516 0.268545
70.3686 0.267102
70.3873 0.266089
70.4059 0.265203
70.4246 0.264428
70.4534 0.264999
70.5416 0.272999
70.5636 0.271625
70.5823 0.270046
70.5993 0.268541
70.6162 0.267223
70.6349 0.266195
70.6535 0.265296
70.6722 0.264634
70.701 0.265305
70.7892 0.273267
70.8113 0.271983
70.8299 0.27036
70.8469 0.26869
70.8638 0.267229
70.8825 0.2662
70.9011 0.265425
70.9198 0.264622
70.9486 0.265169
71.0368 0.273023
71.0589 0.271645
71.0775 0.270065
71.0945 0.268557
71.1114 0.267237
71.1301 0.266332
71.1488 0.265416
71.1674 0.264614
71.1962 0.265287
71.2844 0.273251
71.3065 0.27197
71.3251 0.270474
71.3421 0.268914
71.3591 0.26755
71.3777 0.266481
71.3964 0.265546
71.415 0.264853
71.4439 0.265371
71.5321 0.273325
71.5541 0.272034
71.5728 0.270405
71.5897 0.268729
71.6067 0.267263
71.6253 0.26623
71.644 0.265327
71.6626 0.264536
71.6915 0.265094
71.7797 0.273082
71.8017 0.271697
71.8204 0.27011
71.8373 0.268596
71.8543 0.267271
71.873 0.266238
71.8916 0.265333
71.9103 0.264541
71.9391 0.265224
72.0273 0.273196
72.0493 0.271921
72.068 0.270306
72.085 0.268643
72.1019 0.267187
72.1206 0.266164
72.1392 0.265268
72.1579 0.264485
72.1867 0.265049
72.2749 0.272918
72.297 0.271553
72.3156 0.269984
72.3326 0.268361
72.3495 0.266941
72.3682 0.266073
72.3868 0.265189
72.4055 0.264416
72.4343 0.265114
72.5225 0.273099
72.5446 0.271837
72.5632 0.270232
72.5802 0.268703
72.5971 0.267365
72.6158 0.26632
72.6345 0.265405
72.6531 0.264729
72.6819 0.265263
72.7701 0.27323
72.7922 0.271951
72.8108 0.270332
72.8278 0.268666
72.8448 0.267208
72.8634 0.266182
72.8821 0.265409
72.9007 0.264608
72.9296 0.265157
73.0178 0.273012
73.0398 0.271636
73.0585 0.270056
73.0754 0.268549
73.0924 0.267231
73.111 0.266327
73.1297 0.265411
73.1483 0.26461
73.1772 0.265283
73.2654 0.273248
73.2874 0.271967
73.3061 0.270471
73.323 0.268912
73.34 0.267423
73.3586 0.26637
73.3773 0.265449
73.396 0.264643
73.4248 0.265188
73.4875 0.269914
73.4926 0.263675
73.5112 0.25784
73.5282 0.252485
73.5452 0.2478
73.5638 0.243825
73.5825 0.240472
73.6011 0.237538
73.63 0.236095
73.6928 0.239209
73.7068 0.235807
73.7209 0.232832
73.7351 0.230353
73.7503 0.228309
73.769 0.22677
73.9556 0.246549
73.9821 0.24248
74.1773 0.23992
74.2104 0.23843
74.2282 0.237626
74.2468 0.237423
74.2647 0.237745
74.2833 0.238652
74.302 0.239946
74.3198 0.241577
74.3376 0.243505
74.4249 0.254192
74.4588 0.256668
74.4758 0.256835
74.4945 0.257105
74.5131 0.257467
74.5318 0.257784
74.5504 0.258061
74.5674 0.258053
74.586 0.258296
74.6725 0.267009
74.7065 0.268008
74.7234 0.266757
74.7421 0.265913
74.7607 0.265048
74.7794 0.264292
74.798 0.263756
74.815 0.263036
74.8337 0.262532
74.9202 0.27059
74.9541 0.271142
74.971 0.269499
74.9897 0.268187
75.0084 0.267038
75.027 0.266158
75.0457 0.265264
75.0626 0.264231
75.0813 0.263577
75.1678 0.271505
75.2017 0.271817
75.2187 0.269965
75.2373 0.268594
75.256 0.267395
75.2746 0.266345
75.2933 0.265427
75.3102 0.264499
75.3289 0.263811
75.4154 0.27171
75.4493 0.272121
75.4663 0.270356
75.4849 0.268937
75.5036 0.267695
75.5222 0.266608
75.5409 0.265657
75.5579 0.264575
75.5765 0.263878
75.663 0.271893
75.6969 0.272156
75.7139 0.270262
75.7325 0.268854
75.7512 0.267747
75.7699 0.266654
75.7885 0.265697
75.8055 0.264735
75.8241 0.264143
75.9106 0.272
75.9445 0.27225
75.9615 0.270469
75.9802 0.26916
75.9988 0.26789
76.0175 0.266779
76.0361 0.265932
76.0531 0.26494
76.0717 0.264198
76.1582 0.272048
76.1922 0.272417
76.2091 0.270615
76.2278 0.269163
76.2464 0.267893
76.2651 0.266906
76.2837 0.265918
76.3007 0.264803
76.3194 0.264078
76.4059 0.271943
76.4398 0.2722
76.4567 0.2703
76.4754 0.268888
76.494 0.267777
76.5127 0.26668
76.5314 0.26572
76.5483 0.264755
76.567 0.264035
76.6535 0.271906
76.6874 0.272293
76.7044 0.270506
76.723 0.269193
76.7417 0.267919
76.7603 0.266804
76.779 0.265828
76.7959 0.264725
76.8146 0.264009
76.9011 0.271883
76.935 0.272273
76.952 0.270364
76.9706 0.268943
76.9893 0.2677
77.0079 0.266613
77.0266 0.265661
77.0436 0.264578
77.0622 0.264006
77.1487 0.27188
77.1826 0.272145
77.1996 0.270252
77.2182 0.268846
77.2369 0.267615
77.2556 0.266538
77.2742 0.265721
77.2912 0.264756
77.3098 0.264036
77.3963 0.271907
77.4302 0.272293
77.4472 0.270507
77.4659 0.269068
77.4845 0.26781
77.5032 0.266834
77.5218 0.265854
77.5388 0.264748
77.5574 0.264029
77.6439 0.271901
77.6779 0.272163
77.6948 0.270268
77.7135 0.268859
77.7321 0.267752
77.7508 0.266658
77.7694 0.265701
77.7864 0.264738
77.8051 0.264146
77.8916 0.272003
77.9255 0.272377
77.9424 0.27058
77.9611 0.269258
77.9797 0.267975
77.9984 0.266853
78.0171 0.265997
78.034 0.264997
78.0527 0.264248
78.1392 0.272092
78.1731 0.272455
78.19 0.270648
78.2087 0.269192
78.2274 0.267918
78.246 0.266928
78.2647 0.265937
78.2816 0.26482
78.3003 0.264093
78.3868 0.271956
78.4207 0.272212
78.4377 0.27031
78.4563 0.268896
78.475 0.267659
78.4936 0.266577
78.5123 0.26563
78.5292 0.264676
78.5479 0.263967
78.6344 0.271846
78.6683 0.27224
78.6853 0.27046
78.7039 0.269028
78.7226 0.267774
78.7412 0.266677
78.7599 0.265718
78.7769 0.264628
78.7955 0.263924
78.882 0.271934
78.9159 0.272192
78.9329 0.270293
78.9516 0.268881
78.9702 0.267771
78.9889 0.266675
79.0075 0.265716
79.0245 0.264751
79.0431 0.264157
79.1296 0.272013
79.1636 0.272261
79.1805 0.270478
79.1992 0.269169
79.2178 0.267897
79.2365 0.266785
79.2551 0.265937
79.2721 0.264945
79.2908 0.264202
79.3772 0.272052
79.4112 0.27242
79.4281 0.270618
79.4468 0.269165
79.4654 0.267895
79.4841 0.266908
79.5028 0.265919
79.5197 0.264805
79.5384 0.264079
79.6249 0.271944
79.6588 0.272201
79.6757 0.270301
79.6944 0.268888
79.7131 0.267777
79.7317 0.26668
79.7504 0.26572
79.7673 0.264755
79.786 0.264036
79.8725 0.271906
79.9064 0.272293
79.9234 0.270506
79.942 0.269193
79.9607 0.267919
79.9793 0.266804
79.998 0.265829
80.0149 0.264725
80.0336 0.264009
80.1201 0.271883
80.154 0.272273
80.171 0.270364
80.1896 0.268943
80.2083 0.2677
80.2269 0.266613
80.2456 0.265661
80.2626 0.264579
80.2812 0.263881
80.3677 0.271771
80.4016 0.27205
80.4186 0.270168
80.4372 0.268772
80.4559 0.267551
80.4746 0.266482
80.4932 0.265547
80.5102 0.264603
80.5288 0.263903
80.6153 0.27179
80.6492 0.272191
80.6662 0.270417
80.6849 0.26899
80.7035 0.267741
80.7222 0.266774
80.7408 0.265802
80.7578 0.264702
80.7764 0.263989
80.8629 0.271865
80.8969 0.272132
80.9138 0.270241
80.9325 0.268836
80.9511 0.267731
80.9698 0.26664
80.9884 0.265685
81.0054 0.264724
81.0241 0.264134
81.1106 0.271992
81.1445 0.272243
81.1614 0.270463
81.1801 0.269155
81.1988 0.267885
81.2174 0.266775
81.2361 0.265928
81.253 0.264937
81.2717 0.264195
81.3582 0.272045
81.3921 0.272415
81.4091 0.270613
81.4277 0.269161
81.4464 0.267891
81.465 0.266905
81.4837 0.265917
81.5006 0.264802
81.5193 0.264077
81.6058 0.271942
81.6397 0.272199
81.6567 0.2703
81.6753 0.268887
81.694 0.267651
81.7126 0.26657
81.7313 0.265624
81.7483 0.264671
81.7669 0.263962
81.8534 0.271842
81.8873 0.272236
81.9043 0.270457
81.9229 0.269025
81.9416 0.267772
81.9603 0.266675
81.9789 0.265716
81.9959 0.264626
82.0145 0.263923
82.101 0.271933
82.1349 0.272191
82.1519 0.270292
82.1706 0.268881
82.1892 0.267646
82.2079 0.266565
82.2265 0.265619
82.2435 0.264667
82.2621 0.264083
82.3486 0.271948
82.3826 0.272205
82.3995 0.270304
82.4182 0.269016
82.4368 0.267764
82.4555 0.266668
82.4741 0.265835
82.4911 0.264856
82.5098 0.264124
82.5963 0.271983
82.6302 0.27236
82.6471 0.270565
82.6658 0.26912
82.6844 0.267855
82.7031 0.266873
82.7218 0.265889
82.7387 0.264778
82.7574 0.264055
82.8439 0.271923
82.8778 0.272183
82.8948 0.270285
82.9134 0.268875
82.9321 0.267765
82.9507 0.26667
82.9694 0.265711
82.9863 0.264747
83.005 0.264029
83.0915 0.2719
83.1254 0.272288
83.1424 0.270502
83.161 0.269189
83.1797 0.267915
83.1983 0.266801
83.217 0.265826
83.234 0.264723
83.2526 0.264007
83.3391 0.271881
83.373 0.272271
83.39 0.270362
83.4086 0.268942
83.4273 0.267699
83.446 0.266612
83.4646 0.26566
83.4816 0.264578
83.5002 0.263881
83.5867 0.271771
83.6206 0.272049
83.6376 0.270168
83.6563 0.268772
83.6749 0.267551
83.6936 0.266482
83.7122 0.265546
83.7292 0.264603
83.7478 0.263903
83.8343 0.27179
83.8683 0.272191
83.8852 0.270417
83.9039 0.26899
83.9225 0.267741
83.9412 0.266774
83.9598 0.265802
83.9768 0.264702
83.9955 0.263989
84.082 0.271865
84.1159 0.272132
84.1328 0.270241
84.1515 0.268836
84.1701 0.267731
84.1888 0.26664
84.2075 0.265685
84.2244 0.264724
84.4126 0.285259
84.4366 0.276101
84.6248 0.268089
84.6489 0.261078
84.663 0.254943
84.6771 0.2497
84.6912 0.245113
84.7053 0.240973
84.7195 0.237352
84.7336 0.234183
84.7477 0.23141
84.8303 0.237609
84.8549 0.235783
84.8693 0.23306
84.8846 0.230677
84.8998 0.228718
84.9151 0.227253
84.9295 0.225971
84.9448 0.224975
84.96 0.224353
85.0465 0.232809
85.0771 0.233708
85.0957 0.233744
85.1161 0.234526
85.1356 0.23571
85.1551 0.237372
85.1737 0.239075
85.1932 0.241316
85.2085 0.243276
85.295 0.253742
85.3255 0.256024
85.3442 0.256521
85.3645 0.257206
85.3832 0.257555
85.4035 0.257986
85.4222 0.258238
85.4408 0.258458
85.4561 0.258151
85.5426 0.266757
85.5731 0.267287
85.5918 0.266251
85.6121 0.265595
85.6308 0.264771
85.6512 0.264299
85.6698 0.263637
85.6885 0.263057
85.7037 0.262175
85.7902 0.270278
85.8208 0.270368
85.8394 0.268947
85.8598 0.267954
85.8784 0.266835
85.8988 0.266105
85.9174 0.265217
85.9361 0.264565
85.9513 0.263494
86.0378 0.271433
86.0684 0.271379
86.087 0.269956
86.1074 0.268837
86.126 0.267732
86.1464 0.266891
86.165 0.266029
86.1837 0.265151
86.199 0.263882
86.2855 0.271772
86.316 0.271675
86.3346 0.270091
86.355 0.268829
86.3736 0.267601
86.394 0.266651
86.4127 0.265694
86.4313 0.264858
86.4466 0.26375
86.5331 0.271657
86.5636 0.271574
86.5823 0.270003
86.6026 0.268877
86.6213 0.267643
86.6416 0.266812
86.6603 0.265836
86.6789 0.264981
86.6942 0.263859
86.7807 0.271751
86.8112 0.271657
86.8299 0.270075
86.8502 0.268941
86.8689 0.267698
86.8892 0.266861
86.9079 0.265878
86.9265 0.265019
86.9418 0.263891
87.0283 0.27178
87.0588 0.271682
87.0775 0.270097
87.0978 0.26896
87.1165 0.267715
87.1368 0.266876
87.1555 0.265891
87.1742 0.265155
87.1894 0.26401
87.2759 0.271884
87.3064 0.271774
87.3251 0.270302
87.3455 0.269139
87.3641 0.267997
87.3845 0.267122
87.4031 0.266232
87.4218 0.265328
87.437 0.264162
87.5235 0.272017
87.5541 0.272015
87.5727 0.270388
87.5931 0.269214
87.6117 0.267938
87.6321 0.26707
87.6507 0.266062
87.6694 0.265179
87.6847 0.264031
87.7712 0.271903
87.8017 0.27179
87.8203 0.270191
87.8407 0.269042
87.8593 0.267787
87.8797 0.266939
87.8984 0.265946
87.917 0.265203
87.9323 0.264053
88.0188 0.271921
88.0493 0.271806
88.068 0.270205
88.0883 0.269054
88.107 0.267798
88.1273 0.266948
88.146 0.265954
88.1646 0.265085
88.1799 0.263825
88.2664 0.271721
88.2969 0.271631
88.3156 0.270052
88.3359 0.268796
88.3546 0.267571
88.3749 0.266625
88.3936 0.265672
88.4122 0.264838
88.4275 0.263733
88.514 0.271641
88.5445 0.271561
88.5632 0.270116
88.5835 0.268977
88.6022 0.267855
88.6225 0.266998
88.6412 0.266123
88.6599 0.265233
88.6751 0.264079
88.7616 0.271944
88.7921 0.271826
88.8108 0.270223
88.8312 0.26907
88.8498 0.267811
88.8702 0.26696
88.8888 0.265965
88.9075 0.265094
88.9227 0.263957
89.0092 0.271838
89.0398 0.271733
89.0584 0.270141
89.0788 0.268999
89.0974 0.267749
89.1178 0.266905
89.1364 0.265917
89.1551 0.265177
89.1704 0.26403
89.2568 0.271901
89.2874 0.271789
89.306 0.270315
89.3264 0.269151
89.345 0.268007
89.3654 0.267131
89.384 0.26624
89.4027 0.265335
89.418 0.264043
89.5045 0.271913
89.535 0.271798
89.5536 0.270199
89.574 0.268924
89.5927 0.267683
89.613 0.266848
89.6317 0.265867
89.6503 0.265009
89.6656 0.263882
89.7521 0.271772
89.7826 0.271676
89.8013 0.270091
89.8216 0.268955
89.8403 0.26771
89.8606 0.266872
89.8793 0.265888
89.8979 0.265027
89.9132 0.263898
89.9997 0.271786
90.0302 0.271688
90.0489 0.270102
90.0692 0.268964
90.0879 0.267719
90.1082 0.266879
90.1269 0.265894
90.1456 0.265032
90.1608 0.263903
90.2473 0.27179
90.2778 0.271691
90.2965 0.270105
90.3168 0.268967
90.3355 0.267721
90.3559 0.266881
90.3745 0.265896
90.3932 0.265159
90.4084 0.264014
90.4949 0.271887
90.5255 0.271776
90.5441 0.270304
90.5645 0.269141
90.5831 0.267999
90.6035 0.267124
90.6221 0.266233
90.6408 0.265329
90.656 0.264163
90.7425 0.272018
90.7731 0.272015
90.7917 0.270388
90.8121 0.269215
90.8307 0.267938
90.8511 0.267071
90.8697 0.266062
90.8884 0.265179
90.9037 0.264032
90.9902 0.271903
91.0207 0.27179
91.0393 0.270191
91.0597 0.269042
91.0784 0.267787
91.0987 0.266939
91.1174 0.265946
91.136 0.265203
91.1513 0.264053
91.2378 0.271921
91.2683 0.271806
91.287 0.270205
91.3073 0.269055
91.326 0.267798
91.3463 0.266948
91.365 0.265955
91.3836 0.265085
91.3989 0.263825
91.4854 0.271721
91.5159 0.271631
91.5346 0.270052
91.5549 0.268796
91.5736 0.267571
91.5939 0.266625
91.6126 0.265672
91.6312 0.264838
91.6465 0.263733
91.733 0.271766
91.7635 0.271671
91.7822 0.270212
91.8025 0.26906
91.8212 0.267928
91.8416 0.267062
91.8602 0.266179
91.8789 0.265282
91.8941 0.264121
91.9806 0.271981
92.0112 0.271859
92.0298 0.270251
92.0502 0.269095
92.0688 0.267833
92.0892 0.266979
92.1078 0.265982
92.1265 0.265109
92.1417 0.26397
92.2282 0.271849
92.2588 0.271743
92.2774 0.27015
92.2978 0.269006
92.3164 0.267755
92.3368 0.266911
92.3554 0.265922
92.3741 0.265182
92.3894 0.264034
92.4759 0.271905
92.5064 0.271792
92.525 0.270318
92.5454 0.269153
92.564 0.268009
92.5844 0.267133
92.6031 0.266241
92.6217 0.265336
92.637 0.264044
92.7235 0.271914
92.754 0.271799
92.7727 0.270199
92.793 0.26905
92.8117 0.267793
92.832 0.266944
92.8507 0.265951
92.8693 0.265082
92.8846 0.263947
92.9711 0.271829
93.0016 0.271725
93.0203 0.270134
93.0406 0.268993
93.0593 0.267744
93.0796 0.266901
93.0983 0.265913
93.1169 0.265049
93.1322 0.263918
93.2187 0.271803
93.2492 0.271703
93.2679 0.270115
93.2882 0.268975
93.3069 0.267729
93.3272 0.266887
93.3459 0.265902
93.3646 0.265039
93.3798 0.263784
93.4663 0.271686
93.4968 0.2716
93.5155 0.270025
93.5359 0.268897
93.5545 0.26766
93.5749 0.266827
93.5935 0.265849
93.6122 0.265118
93.6274 0.263978
93.7139 0.271856
93.7445 0.271749
93.7631 0.27028
93.7835 0.26912
93.8021 0.26798
93.8225 0.267108
93.8411 0.266219
93.8598 0.265317
93.8751 0.264152
93.9616 0.272008
93.9921 0.272007
94.0107 0.270381
94.0311 0.269209
94.0497 0.267933
94.0701 0.267066
94.0888 0.266058
94.1074 0.265176
94.1227 0.264029
94.2092 0.2719
94.2397 0.271787
94.2584 0.270189
94.2787 0.26904
94.2974 0.267785
94.3177 0.266937
94.3364 0.265945
94.355 0.265202
94.3703 0.264052
94.4568 0.27192
94.4873 0.271805
94.506 0.270205
94.5263 0.269054
94.545 0.267797
94.5653 0.266948
94.584 0.265954
94.6026 0.265085
94.6179 0.263824
94.7044 0.271721
94.7349 0.271631
94.7536 0.270052
94.7739 0.268796
94.7926 0.267571
94.8129 0.266625
94.8316 0.265672
94.8503 0.264838
94.8655 0.263733
94.952 0.271766
94.9825 0.271671
95.0012 0.270212
95.0216 0.26906
95.0402 0.267928
95.0606 0.267062
95.0792 0.266054
95.0979 0.265172
95.108 0.263401
95.1572 0.266101
95.3133 0.277088
95.3694 0.268952
95.5261 0.261958
95.5828 0.255838
95.5972 0.250609
95.6125 0.246157
95.6277 0.242388
95.6422 0.239214
95.6574 0.236563
95.6727 0.234242
95.6871 0.232337
95.7371 0.23517
95.7923 0.238149
95.8075 0.23563
95.8236 0.233551
95.8397 0.231857
95.855 0.2305
95.8711 0.229438
95.8872 0.228633
95.9025 0.227929
95.9508 0.231438
96.0153 0.236383
96.0348 0.23621
96.056 0.236809
96.0763 0.237958
96.0958 0.239338
96.117 0.241296
96.1357 0.243259
96.151 0.244851
96.1984 0.25037
96.2629 0.257199
96.2832 0.257674
96.3036 0.258215
96.3239 0.258438
96.3443 0.258758
96.3647 0.259163
96.3833 0.259143
96.3986 0.25875
96.4461 0.262406
96.5105 0.267731
96.5309 0.266889
96.5512 0.266153
96.5716 0.265509
96.5919 0.26482
96.6123 0.264343
96.6309 0.263675
96.6462 0.262716
96.6937 0.265876
96.7581 0.270767
96.7785 0.269546
96.7988 0.268478
96.8192 0.267543
96.8395 0.266725
96.8599 0.266009
96.8785 0.265133
96.8938 0.263992
96.9413 0.266993
97.0057 0.271744
97.0261 0.270401
97.0464 0.269226
97.0668 0.268197
97.0871 0.267298
97.1075 0.26651
97.1262 0.265697
97.1414 0.264485
97.1889 0.267424
97.2534 0.272121
97.2737 0.270731
97.2941 0.269515
97.3144 0.26845
97.3348 0.267519
97.3551 0.266704
97.3738 0.265741
97.389 0.264523
97.4365 0.267458
97.501 0.272151
97.5213 0.270757
97.5417 0.269537
97.562 0.26847
97.5824 0.267536
97.6027 0.266719
97.6214 0.265754
97.6367 0.264535
97.6841 0.267468
97.7486 0.27216
97.7689 0.27064
97.7893 0.269435
97.8096 0.26838
97.83 0.267333
97.8503 0.266541
97.869 0.265724
97.8843 0.264508
97.9318 0.267445
97.9962 0.272139
98.0166 0.270747
98.0369 0.269528
98.0573 0.268462
98.0776 0.26753
98.098 0.266588
98.1166 0.26564
98.1319 0.26431
98.1794 0.267271
98.2438 0.271987
98.2642 0.270614
98.2845 0.269412
98.3049 0.268361
98.3252 0.26744
98.3456 0.266635
98.3642 0.265681
98.3795 0.264471
98.427 0.267412
98.4914 0.272111
98.5118 0.270722
98.5321 0.269506
98.5525 0.268443
98.5728 0.267513
98.5932 0.266699
98.6119 0.265736
98.6271 0.264519
98.6746 0.267454
98.7391 0.272148
98.7594 0.270754
98.7798 0.269535
98.8001 0.268468
98.8205 0.267535
98.8408 0.266718
98.8595 0.265753
98.8747 0.264534
98.9222 0.267467
98.9867 0.272159
99.007 0.270764
99.0274 0.269543
99.0477 0.268475
99.0681 0.267541
99.0884 0.266723
99.1071 0.265883
99.1223 0.264648
99.1698 0.267567
99.2343 0.272246
99.2479 0.269965
99.2496 0.265594
99.2529 0.259645
99.2732 0.254565
99.2936 0.249994
99.3123 0.24587
99.3275 0.241761
99.375 0.242291
99.4395 0.24488
99.4536 0.24077
99.4677 0.237173
99.4818 0.234027
99.4959 0.231273
99.51 0.228989
99.5242 0.226991
99.5383 0.225117
99.5802 0.226977
99.6446 0.231355
99.6587 0.228936
99.6729 0.226819
99.687 0.224966
99.7011 0.223471
99.7152 0.222162
99.7293 0.220892
99.7434 0.21978
99.7853 0.222308
99.8498 0.227269
99.8639 0.22536
99.878 0.223815
99.8921 0.222463
99.9063 0.221156
99.9204 0.220011
99.9345 0.21901
99.9486 0.218134
99.9905 0.220867
100.055 0.226008
100.069 0.224382
100.083 0.22296
100.097 0.22159
100.111 0.220391
100.126 0.219342
100.14 0.218424
100.154 0.217621
100.196 0.220419
100.26 0.225741
100.274 0.224024
100.288 0.222521
100.302 0.221206
100.317 0.220055
100.331 0.219048
100.345 0.218167
100.359 0.217396
100.401 0.220222
100.465 0.225569
100.479 0.223873
100.494 0.222389
100.508 0.22109
100.522 0.219954
100.536 0.21896
100.55 0.21809
100.564 0.217453
100.606 0.220272
100.67 0.225613
100.685 0.223911
100.699 0.222422
100.713 0.22112
100.727 0.21998
100.741 0.219107
100.755 0.218344
100.769 0.217551
100.811 0.220357
100.876 0.225562
100.89 0.223867
100.904 0.222384
100.918 0.221086
100.932 0.220075
100.946 0.219191
100.96 0.218292
100.974 0.217505
