0.214139 476
0.221198 952
0.228257 1428
0.235316 1904
0.242375 2380
0.249433 2856
0.256492 3332
0.263551 3808
0.27061 4284
0.277669 4760
0.418851 4284
0.418851 4760
0.42591 5236
0.432958 4284
0.432969 4760
0.440027 5236
0.447075 4284
0.447086 4760
0.454145 5236
0.461193 4284
0.461204 4760
0.468263 5236
0.475311 4284
0.475322 4760
0.482381 5236
0.489439 5712
0.496498 6188
0.503557 6664
0.510616 7140
0.517675 7616
0.524734 8092
0.531793 8568
0.538851 9044
0.623552 8092
0.623552 8568
0.63061 9044
0.637669 8092
0.637669 8568
0.644728 9044
0.651787 8092
0.651787 8568
0.658846 9044
0.665905 8092
0.665905 8568
0.672964 9044
0.680022 8092
0.680022 8568
0.687081 9044
0.69414 8092
0.69414 8568
0.701199 9044
0.708258 8092
0.708258 8568
0.715317 9044
0.722376 8092
0.722376 8568
0.729434 9044
0.736493 8092
0.736493 8568
0.743552 9044
0.828252 8092
0.828252 8568
0.835311 9044
0.84237 8092
0.84237 8568
0.849429 9044
0.856488 8092
0.856488 8568
0.863547 9044
0.870606 8092
0.870606 8568
0.877664 9044
0.884723 8092
0.884723 8568
0.891782 9044
0.898841 8092
0.898841 8568
0.9059 9044
0.912959 8092
0.912959 8568
0.920018 9044
0.927076 8092
0.927076 8568
0.934135 9044
0.941194 8092
0.941194 8568
0.948253 9044
1.03295 8092
1.03295 8568
1.04001 9044
1.04707 8092
1.04707 8568
1.05413 9044
1.06119 8092
1.06119 8568
1.06825 9044
1.07531 8092
1.07531 8568
1.08237 9044
1.08942 8092
1.08942 8568
1.09648 9044
1.10354 8092
1.10354 8568
1.1106 9044
1.11766 8092
1.11766 8568
1.12472 9044
1.13178 8092
1.13178 8568
1.13884 9044
1.14589 8092
1.14589 8568
1.15295 9044
1.23765 8092
1.23765 8568
1.24471 9044
1.25177 8092
1.25177 8568
1.25883 9044
1.26589 8092
1.26589 8568
1.27295 9044
1.28001 8092
1.28001 8568
1.28707 9044
1.29412 8092
1.29412 8568
1.30118 9044
1.30824 8092
1.30824 8568
1.3153 9044
1.32236 8092
1.32236 8568
1.32942 9044
1.33648 8092
1.33648 8568
1.34354 9044
1.3506 8092
1.3506 8568
1.35765 9044
1.44235 8092
1.44235 8568
1.44941 9044
1.45647 8092
1.45647 8568
1.46353 9044
1.47059 8092
1.47059 8568
1.47765 9044
1.48471 8092
1.48471 8568
1.49177 9044
1.49883 8092
1.49883 8568
1.50588 9044
1.51294 8092
1.51294 8568
1.52 9044
1.52706 8092
1.52706 8568
1.53412 9044
1.54118 8092
1.54118 8568
1.54824 9044
1.5553 8092
1.5553 8568
1.56236 9044
1.64706 8092
1.64706 8568
1.65411 9044
1.66117 8092
1.66117 8568
1.66823 9044
1.67529 8092
1.67529 8568
1.68235 9044
1.68941 8092
1.68941 8568
1.69647 9044
1.70353 8092
1.70353 8568
1.71059 9044
1.71764 8092
1.71764 8568
1.7247 9044
1.73176 8092
1.73176 8568
1.73882 9044
1.74588 8092
1.74588 8568
1.75294 9044
1.76 8092
1.76 8568
1.76706 9044
1.85176 8092
1.85176 8568
1.85882 9044
1.86587 8092
1.86587 8568
1.87293 9044
1.87999 8092
1.87999 8568
1.88705 9044
1.89411 8092
1.89411 8568
1.90117 9044
1.90823 8092
1.90823 8568
1.91529 9044
1.92234 8092
1.92234 8568
1.9294 9044
1.93646 8092
1.93646 8568
1.94352 9044
1.95058 8092
1.95058 8568
1.95764 9044
1.9647 8092
1.9647 8568
1.97176 9044
2.05646 8092
2.05646 8568
2.06352 9044
2.07057 8092
2.07057 8568
2.07763 9044
2.08469 8092
2.08469 8568
2.09175 9044
2.09881 8092
2.09881 8568
2.10587 9044
2.11293 8092
2.11293 8568
2.11999 9044
2.12705 8092
2.12705 8568
2.1341 9044
2.14116 8092
2.14116 8568
2.14822 9044
2.15528 8092
2.15528 8568
2.16234 9044
2.1694 8092
2.1694 8568
2.17646 9044
2.26116 8092
2.26116 8568
2.26822 9044
2.27528 8092
2.27528 8568
2.28233 9044
2.28939 8092
2.28939 8568
2.29645 9044
2.30351 8092
2.30351 8568
2.31057 9044
2.31763 8092
2.31763 8568
2.32469 9044
2.33175 8092
2.33175 8568
2.33881 9044
2.34586 8092
2.34586 8568
2.35292 9044
2.35998 8092
2.35998 8568
2.36704 9044
2.3741 8092
2.3741 8568
2.38116 9044
2.46586 8092
2.46586 8568
2.47292 9044
2.47998 8092
2.47998 8568
2.48704 9044
2.49409 8092
2.49409 8568
2.50115 9044
2.50821 8092
2.50821 8568
2.51527 9044
2.52233 8092
2.52233 8568
2.52939 9044
2.53645 8092
2.53645 8568
2.54351 9044
2.55057 8092
2.55057 8568
2.55762 9044
2.56468 8092
2.56468 8568
2.57174 9044
2.5788 8092
2.5788 8568
2.58586 9044
2.67056 8092
2.67056 8568
2.67762 9044
2.68468 8092
2.68468 8568
2.69174 9044
2.6988 8092
2.6988 8568
2.70585 9044
2.71291 8092
2.71291 8568
2.71997 9044
2.72703 8092
2.72703 8568
2.73409 9044
2.74115 8092
2.74115 8568
2.74821 9044
2.75527 8092
2.75527 8568
2.76232 9044
2.76938 8092
2.76938 8568
2.77644 9044
2.7835 8092
2.7835 8568
2.79056 9044
2.87526 8092
2.87526 8568
2.88232 9044
2.88938 8092
2.88938 8568
2.89644 9044
2.9035 8092
2.9035 8568
2.91055 9044
2.91761 8092
2.91761 8568
2.92467 9044
2.93173 8092
2.93173 8568
2.93879 9044
2.94585 8092
2.94585 8568
2.95291 9044
2.95997 8092
2.95997 8568
2.96703 9044
2.97408 8092
2.97408 8568
2.98114 9044
2.9882 8092
2.9882 8568
2.99526 9044
3.07996 8092
3.07996 8568
3.08702 9044
3.09408 8092
3.09408 8568
3.10114 9044
3.1082 8092
3.1082 8568
3.11526 9044
3.12231 8092
3.12231 8568
3.12937 9044
3.13643 8092
3.13643 8568
3.14349 9044
3.15055 8092
3.15055 8568
3.15761 9044
3.16467 8092
3.16467 8568
3.17173 9044
3.17879 8092
3.17879 8568
3.18584 9044
3.1929 8092
3.1929 8568
3.19996 9044
3.28466 8092
3.28466 8568
3.29172 9044
3.29878 8092
3.29878 8568
3.30584 9044
3.3129 8092
3.3129 8568
3.31996 9044
3.32702 8092
3.32702 8568
3.33407 9044
3.34113 8092
3.34113 8568
3.34819 9044
3.35525 8092
3.35525 8568
3.36231 9044
3.36937 8092
3.36937 8568
3.37643 9044
3.38349 8092
3.38349 8568
3.39054 9044
3.3976 8092
3.3976 8568
3.40466 9044
3.48936 8092
3.48936 8568
3.49642 9044
3.50348 8092
3.50348 8568
3.51054 9044
3.5176 8092
3.5176 8568
3.52466 9044
3.53172 8092
3.53172 8568
3.53877 9044
3.54583 8092
3.54583 8568
3.55289 9044
3.55995 8092
3.55995 8568
3.56701 9044
3.57407 8092
3.57407 8568
3.58113 9044
3.58819 8092
3.58819 8568
3.59525 9044
3.6023 8092
3.6023 8568
3.60936 9044
3.69406 8092
3.69406 8568
3.70112 9044
3.70818 8092
3.70818 8568
3.71524 9044
3.7223 8092
3.7223 8568
3.72936 9044
3.73642 8092
3.73642 8568
3.74348 9044
3.75053 8092
3.75053 8568
3.75759 9044
3.76465 8092
3.76465 8568
3.77171 9044
3.77877 8092
3.77877 8568
3.78583 9044
3.79289 8092
3.79289 8568
3.79995 9044
3.80701 8092
3.80701 8568
3.81406 9044
3.89876 8092
3.89876 8568
3.90582 9044
3.91288 8092
3.91288 8568
3.91994 9044
3.927 8092
3.927 8568
3.93406 9044
3.94112 8092
3.94112 8568
3.94818 9044
3.95524 8092
3.95524 8568
3.96229 9044
3.96935 8092
3.96935 8568
3.97641 9044
3.98347 8092
3.98347 8568
3.99053 9044
3.99759 8092
3.99759 8568
4.00465 9044
4.01171 8092
4.01171 8568
4.01876 9044
4.10347 8092
4.10347 8568
4.11052 9044
4.11758 8092
4.11758 8568
4.12464 9044
4.1317 8092
4.1317 8568
4.13876 9044
4.14582 8092
4.14582 8568
4.15288 9044
4.15994 8092
4.15994 8568
4.16699 9044
4.17405 8092
4.17405 8568
4.18111 9044
4.18817 8092
4.18817 8568
4.19523 9044
4.20229 8092
4.20229 8568
4.20935 9044
4.21641 8092
4.21641 8568
4.22347 9044
4.30817 8092
4.30817 8568
4.31522 9044
4.32228 8092
4.32228 8568
4.32934 9044
4.3364 8092
4.3364 8568
4.34346 9044
4.35052 8092
4.35052 8568
4.35758 9044
4.36464 8092
4.36464 8568
4.3717 9044
4.37875 8092
4.37875 8568
4.38581 9044
4.39287 8092
4.39287 8568
4.39993 9044
4.40699 8092
4.40699 8568
4.41405 9044
4.42111 8092
4.42111 8568
4.42817 9044
4.51287 8092
4.51287 8568
4.51993 9044
4.52698 8092
4.52698 8568
4.53404 9044
4.5411 8092
4.5411 8568
4.54816 9044
4.55522 8092
4.55522 8568
4.56228 9044
4.56934 8092
4.56934 8568
4.5764 9044
4.58346 8092
4.58346 8568
4.59051 9044
4.59757 8092
4.59757 8568
4.60463 9044
4.61169 8092
4.61169 8568
4.61875 9044
4.62581 8092
4.62581 8568
4.63287 9044
4.71757 8092
4.71757 8568
4.72463 9044
4.73169 8092
4.73169 8568
4.73874 9044
4.7458 8092
4.7458 8568
4.75286 9044
4.75992 8092
4.75992 8568
4.76698 9044
4.77404 8092
4.77404 8568
4.7811 9044
4.78816 8092
4.78816 8568
4.79521 9044
4.80227 8092
4.80227 8568
4.80933 9044
4.81639 8092
4.81639 8568
4.82345 9044
4.83051 8092
4.83051 8568
4.83757 9044
4.92227 8092
4.92227 8568
4.92933 9044
4.93639 8092
4.93639 8568
4.94344 9044
4.9505 8092
4.9505 8568
4.95756 9044
4.96462 8092
4.96462 8568
4.97168 9044
4.97874 8092
4.97874 8568
4.9858 9044
4.99286 8092
4.99286 8568
4.99992 9044
5.00697 8092
5.00697 8568
5.01403 9044
5.02109 8092
5.02109 8568
5.02815 9044
5.03521 8092
5.03521 8568
5.04227 9044
5.12697 8092
5.12697 8568
5.13403 9044
5.14109 8092
5.14109 8568
5.14815 9044
5.1552 8092
5.1552 8568
5.16226 9044
5.16932 8092
5.16932 8568
5.17638 9044
5.18344 8092
5.18344 8568
5.1905 9044
5.19756 8092
5.19756 8568
5.20462 9044
5.21168 8092
5.21168 8568
5.21873 9044
5.22579 8092
5.22579 8568
5.23285 9044
5.23991 8092
5.23991 8568
5.24697 9044
5.33167 8092
5.33167 8568
5.33873 9044
5.34579 8092
5.34579 8568
5.35285 9044
5.35991 8092
5.35991 8568
5.36696 9044
5.37402 8092
5.37402 8568
5.38108 9044
5.38814 8092
5.38814 8568
5.3952 9044
5.40226 8092
5.40226 8568
5.40932 9044
5.41638 8092
5.41638 8568
5.42344 9044
5.43049 8092
5.43049 8568
5.43755 9044
5.44461 8092
5.44461 8568
5.45167 9044
5.53637 8092
5.53637 8568
5.54343 9044
5.55049 8092
5.55049 8568
5.55755 9044
5.56461 8092
5.56461 8568
5.57167 9044
5.57872 8092
5.57872 8568
5.58578 9044
5.59284 8092
5.59284 8568
5.5999 9044
5.60696 8092
5.60696 8568
5.61402 9044
5.62108 8092
5.62108 8568
5.62814 9044
5.63519 8092
5.63519 8568
5.64225 9044
5.64931 8092
5.64931 8568
5.65637 9044
5.74107 8092
5.74107 8568
5.74813 9044
5.75519 8092
5.75519 8568
5.76225 9044
5.76931 8092
5.76931 8568
5.77637 9044
5.78342 8092
5.78342 8568
5.79048 9044
5.79754 8092
5.79754 8568
5.8046 9044
5.81166 8092
5.81166 8568
5.81872 9044
5.82578 8092
5.82578 8568
5.83284 9044
5.8399 8092
5.8399 8568
5.84695 9044
5.85401 8092
5.85401 8568
5.86107 9044
5.94577 8092
5.94577 8568
5.95283 9044
5.95989 8092
5.95989 8568
5.96695 9044
5.97401 8092
5.97401 8568
5.98107 9044
5.98813 8092
5.98813 8568
5.99518 9044
6.00224 8092
6.00224 8568
6.0093 9044
6.01636 8092
6.01636 8568
6.02342 9044
6.03048 8092
6.03048 8568
6.03754 9044
6.0446 8092
6.0446 8568
6.05166 9044
6.05871 8092
6.05871 8568
6.06577 9044
6.15047 8092
6.15047 8568
6.15753 9044
6.16459 8092
6.16459 8568
6.17165 9044
6.17871 8092
6.17871 8568
6.18577 9044
6.19283 8092
6.19283 8568
6.19989 9044
6.20694 8092
6.20694 8568
6.214 9044
6.22106 8092
6.22106 8568
6.22812 9044
6.23518 8092
6.23518 8568
6.24224 9044
6.2493 8092
6.2493 8568
6.25636 9044
6.26341 8092
6.26341 8568
6.27047 9044
6.35517 8092
6.35517 8568
6.36223 9044
6.36929 8092
6.36929 8568
6.37635 9044
6.38341 8092
6.38341 8568
6.39047 9044
6.39753 8092
6.39753 8568
6.40459 9044
6.41164 8092
6.41164 8568
6.4187 9044
6.42576 8092
6.42576 8568
6.43282 9044
6.43988 8092
6.43988 8568
6.44694 9044
6.454 8092
6.454 8568
6.46106 9044
6.46812 8092
6.46812 8568
6.47517 9044
6.55987 8092
6.55987 8568
6.56693 9044
6.57399 8092
6.57399 8568
6.58105 9044
6.58811 8092
6.58811 8568
6.59517 9044
6.60223 8092
6.60223 8568
6.60929 9044
6.61635 8092
6.61635 8568
6.6234 9044
6.63046 8092
6.63046 8568
6.63752 9044
6.64458 8092
6.64458 8568
6.65164 9044
6.6587 8092
6.6587 8568
6.66576 9044
6.67282 8092
6.67282 8568
6.67988 9044
6.76458 8092
6.76458 8568
6.77163 9044
6.77869 8092
6.77869 8568
6.78575 9044
6.79281 8092
6.79281 8568
6.79987 9044
6.80693 8092
6.80693 8568
6.81399 9044
6.82105 8092
6.82105 8568
6.82811 9044
6.83516 8092
6.83516 8568
6.84222 9044
6.84928 8092
6.84928 8568
6.85634 9044
6.8634 8092
6.8634 8568
6.87046 9044
6.87752 8092
6.87752 8568
6.88458 9044
6.96928 8092
6.96928 8568
6.97634 9044
6.98339 8092
6.98339 8568
6.99045 9044
6.99751 8092
6.99751 8568
7.00457 9044
7.01163 8092
7.01163 8568
7.01869 9044
7.02575 8092
7.02575 8568
7.03281 9044
7.03986 8092
7.03986 8568
7.04692 9044
7.05398 8092
7.05398 8568
7.06104 9044
7.0681 8092
7.0681 8568
7.07516 9044
7.08222 8092
7.08222 8568
7.08928 9044
7.17398 8092
7.17398 8568
7.18104 9044
7.18809 8092
7.18809 8568
7.19515 9044
7.20221 8092
7.20221 8568
7.20927 9044
7.21633 8092
7.21633 8568
7.22339 9044
7.23045 8092
7.23045 8568
7.23751 9044
7.24457 8092
7.24457 8568
7.25162 9044
7.25868 8092
7.25868 8568
7.26574 9044
7.2728 8092
7.2728 8568
7.27986 9044
7.28692 8092
7.28692 8568
7.29398 9044
7.37868 8092
7.37868 8568
7.38574 9044
7.3928 8092
7.3928 8568
7.39985 9044
7.40691 8092
7.40691 8568
7.41397 9044
7.42103 8092
7.42103 8568
7.42809 9044
7.43515 8092
7.43515 8568
7.44221 9044
7.44927 8092
7.44927 8568
7.45633 9044
7.46338 8092
7.46338 8568
7.47044 9044
7.4775 8092
7.4775 8568
7.48456 9044
7.49162 8092
7.49162 8568
7.49868 9044
7.58338 8092
7.58338 8568
7.59044 9044
7.5975 8092
7.5975 8568
7.60456 9044
7.61161 8092
7.61161 8568
7.61867 9044
7.62573 8092
7.62573 8568
7.63279 9044
7.63985 8092
7.63985 8568
7.64691 9044
7.65397 8092
7.65397 8568
7.66103 9044
7.66809 8092
7.66809 8568
7.67514 9044
7.6822 8092
7.6822 8568
7.68926 9044
7.69632 8092
7.69632 8568
7.70338 9044
7.78808 8092
7.78808 8568
7.79514 9044
7.8022 8092
7.8022 8568
7.80926 9044
7.81631 8092
7.81631 8568
7.82337 9044
7.83043 8092
7.83043 8568
7.83749 9044
7.84455 8092
7.84455 8568
7.85161 9044
7.85867 8092
7.85867 8568
7.86573 9044
7.87279 8092
7.87279 8568
7.87984 9044
7.8869 8092
7.8869 8568
7.89396 9044
7.90102 8092
7.90102 8568
7.90808 9044
7.99278 8092
7.99278 8568
7.99984 9044
8.0069 8092
8.0069 8568
8.01396 9044
8.02102 8092
8.02102 8568
8.02807 9044
8.03513 8092
8.03513 8568
8.04219 9044
8.04925 8092
8.04925 8568
8.05631 9044
8.06337 8092
8.06337 8568
8.07043 9044
8.07749 8092
8.07749 8568
8.08455 9044
8.0916 8092
8.0916 8568
8.09866 9044
8.10572 8092
8.10572 8568
8.11278 9044
8.19748 8092
8.19748 8568
8.20454 9044
8.2116 8092
8.2116 8568
8.21866 9044
8.22572 8092
8.22572 8568
8.23278 9044
8.23983 8092
8.23983 8568
8.24689 9044
8.25395 8092
8.25395 8568
8.26101 9044
8.26807 8092
8.26807 8568
8.27513 9044
8.28219 8092
8.28219 8568
8.28925 9044
8.29631 8092
8.29631 8568
8.30336 9044
8.31042 8092
8.31042 8568
8.31748 9044
8.40218 8092
8.40218 8568
8.40924 9044
8.4163 8092
8.4163 8568
8.42336 9044
8.43042 8092
8.43042 8568
8.43748 9044
8.44454 8092
8.44454 8568
8.45159 9044
8.45865 8092
8.45865 8568
8.46571 9044
8.47277 8092
8.47277 8568
8.47983 9044
8.48689 8092
8.48689 8568
8.49395 9044
8.50101 8092
8.50101 8568
8.50806 9044
8.51512 8092
8.51512 8568
8.52218 9044
8.60688 8092
8.60688 8568
8.61394 9044
8.621 8092
8.621 8568
8.62806 9044
8.63512 8092
8.63512 8568
8.64218 9044
8.64924 8092
8.64924 8568
8.65629 9044
8.66335 8092
8.66335 8568
8.67041 9044
8.67747 8092
8.67747 8568
8.68453 9044
8.69159 8092
8.69159 8568
8.69865 9044
8.70571 8092
8.70571 8568
8.71277 9044
8.71982 8092
8.71982 8568
8.72688 9044
8.81158 8092
8.81158 8568
8.81864 9044
8.8257 8092
8.8257 8568
8.83276 9044
8.83982 8092
8.83982 8568
8.84688 9044
8.85394 8092
8.85394 8568
8.861 9044
8.86805 8092
8.86805 8568
8.87511 9044
8.88217 8092
8.88217 8568
8.88923 9044
8.89629 8092
8.89629 8568
8.90335 9044
8.91041 8092
8.91041 8568
8.91747 9044
8.92453 8092
8.92453 8568
8.93158 9044
9.01628 8092
9.01628 8568
9.02334 9044
9.0304 8092
9.0304 8568
9.03746 9044
9.04452 8092
9.04452 8568
9.05158 9044
9.05864 8092
9.05864 8568
9.0657 9044
9.07276 8092
9.07276 8568
9.07981 9044
9.08687 8092
9.08687 8568
9.09393 9044
9.10099 8092
9.10099 8568
9.10805 9044
9.11511 8092
9.11511 8568
9.12217 9044
9.12923 8092
9.12923 8568
9.13628 9044
9.22099 8092
9.22099 8568
9.22804 9044
9.2351 8092
9.2351 8568
9.24216 9044
9.24922 8092
9.24922 8568
9.25628 9044
9.26334 8092
9.26334 8568
9.2704 9044
9.27746 8092
9.27746 8568
9.28451 9044
9.29157 8092
9.29157 8568
9.29863 9044
9.30569 8092
9.30569 8568
9.31275 9044
9.31981 8092
9.31981 8568
9.32687 9044
9.33393 8092
9.33393 8568
9.34099 9044
9.42569 8092
9.42569 8568
9.43274 9044
9.4398 8092
9.4398 8568
9.44686 9044
9.45392 8092
9.45392 8568
9.46098 9044
9.46804 8092
9.46804 8568
9.4751 9044
9.48216 8092
9.48216 8568
9.48922 9044
9.49627 8092
9.49627 8568
9.50333 9044
9.51039 8092
9.51039 8568
9.51745 9044
9.52451 8092
9.52451 8568
9.53157 9044
9.53863 8092
9.53863 8568
9.54569 9044
9.63039 8092
9.63039 8568
9.63745 9044
9.6445 8092
9.6445 8568
9.65156 9044
9.65862 8092
9.65862 8568
9.66568 9044
9.67274 8092
9.67274 8568
9.6798 9044
9.68686 8092
9.68686 8568
9.69392 9044
9.70098 8092
9.70098 8568
9.70803 9044
9.71509 8092
9.71509 8568
9.72215 9044
9.72921 8092
9.72921 8568
9.73627 9044
9.74333 8092
9.74333 8568
9.75039 9044
9.83509 8092
9.83509 8568
9.84215 9044
9.84921 8092
9.84921 8568
9.85626 9044
9.86332 8092
9.86332 8568
9.87038 9044
9.87744 8092
9.87744 8568
9.8845 9044
9.89156 8092
9.89156 8568
9.89862 9044
9.90568 8092
9.90568 8568
9.91273 9044
9.91979 8092
9.91979 8568
9.92685 9044
9.93391 8092
9.93391 8568
9.94097 9044
9.94803 8092
9.94803 8568
9.95509 9044
10.0398 8092
10.0398 8568
10.0468 9044
10.0539 8092
10.0539 8568
10.061 9044
10.068 8092
10.068 8568
10.0751 9044
10.0821 8092
10.0821 8568
10.0892 9044
10.0963 8092
10.0963 8568
10.1033 9044
10.1104 8092
10.1104 8568
10.1174 9044
10.1245 8092
10.1245 8568
10.1316 9044
10.1386 8092
10.1386 8568
10.1457 9044
10.1527 8092
10.1527 8568
10.1598 9044
10.2445 8092
10.2445 8568
10.2515 9044
10.2586 8092
10.2586 8568
10.2657 9044
10.2727 8092
10.2727 8568
10.2798 9044
10.2868 8092
10.2868 8568
10.2939 9044
10.301 8092
10.301 8568
10.308 9044
10.3151 8092
10.3151 8568
10.3221 9044
10.3292 8092
10.3292 8568
10.3363 9044
10.3433 8092
10.3433 8568
10.3504 9044
10.3574 8092
10.3574 8568
10.3645 9044
10.4492 8092
10.4633 7140
10.4774 6188
10.4915 5236
10.5057 4284
10.5198 3332
10.5339 2380
10.548 1428
10.548 1904
10.5621 952
10.5621 1428
10.5692 1904
10.7527 952
10.7527 1428
10.7598 1904
10.7739 952
10.7739 1428
10.781 1904
10.9645 952
10.9645 1428
10.9715 1904
10.9857 952
10.9857 1428
10.9927 1904
11.1762 952
11.1762 1428
11.1833 1904
11.1974 952
11.1974 1428
11.2045 1904
11.388 952
11.388 1428
11.3951 1904
11.4092 952
11.4092 1428
11.4162 1904
11.5998 952
11.5998 1428
11.6068 1904
11.6209 952
11.6209 1428
11.628 1904
11.8115 952
11.8115 1428
11.8186 1904
11.8327 952
11.8327 1428
11.8397 1904
12.0233 952
12.0233 1428
12.0303 1904
12.0444 952
12.0444 1428
12.0515 1904
12.235 952
12.235 1428
12.2421 1904
12.2562 952
12.2562 1428
12.2633 1904
12.4468 952
12.4468 1428
12.4539 1904
12.468 952
12.468 1428
12.475 1904
12.6586 952
12.6586 1428
12.6656 1904
12.6797 952
12.6797 1428
12.6868 1904
12.8703 952
12.8703 1428
12.8774 1904
12.8915 952
12.8915 1428
12.8985 1904
13.0821 952
13.0821 1428
13.0891 1904
13.1032 952
13.1032 1428
13.1103 1904
13.2938 952
13.2938 1428
13.3009 1904
13.315 952
13.315 1428
13.3221 1904
13.5056 952
13.5056 1428
13.5126 1904
13.5268 952
13.5268 1428
13.5338 1904
13.7173 952
13.7173 1428
13.7244 1904
13.7385 952
13.7385 1428
13.7456 1904
13.9291 952
13.9291 1428
13.9362 1904
13.9503 952
13.9503 1428
13.9573 1904
14.1409 952
14.1409 1428
14.1479 1904
14.162 952
14.162 1428
14.1691 1904
14.3526 952
14.3526 1428
14.3597 1904
14.3738 952
14.3738 1428
14.3809 1904
14.5644 952
14.5644 1428
14.5714 1904
14.5856 952
14.5856 1428
14.5926 1904
14.7761 952
14.7761 1428
14.7832 1904
14.7973 952
14.7973 1428
14.8044 1904
14.9879 952
14.9879 1428
14.995 1904
15.0091 952
15.0091 1428
15.0161 1904
15.1997 952
15.1997 1428
15.2067 1904
15.2208 952
15.2208 1428
15.2279 1904
15.4114 952
15.4114 1428
15.4185 1904
15.4326 952
15.4326 1428
15.4397 1904
15.6232 952
15.6232 1428
15.6302 1904
15.6444 952
15.6444 1428
15.6514 1904
15.8349 952
15.8349 1428
15.842 1904
15.8561 952
15.8561 1428
15.8632 1904
16.0467 952
16.0467 1428
16.0538 1904
16.0679 952
16.0679 1428
16.0749 1904
16.2585 952
16.2585 1428
16.2655 1904
16.2796 952
16.2796 1428
16.2867 1904
16.4702 952
16.4702 1428
16.4773 1904
16.4914 952
16.4914 1428
16.4985 1904
16.682 952
16.682 1428
16.689 1904
16.7032 952
16.7032 1428
16.7102 1904
16.8937 952
16.8937 1428
16.9008 1904
16.9149 952
16.9149 1428
16.922 1904
17.1055 952
17.1055 1428
17.1126 1904
17.1267 952
17.1267 1428
17.1337 1904
17.3173 952
17.3173 1428
17.3243 1904
17.3384 952
17.3384 1428
17.3455 1904
17.529 952
17.529 1428
17.5361 1904
17.5502 952
17.5502 1428
17.5573 1904
17.7408 952
17.7408 1428
17.7478 1904
17.762 952
17.762 1428
17.769 1904
17.9525 952
17.9525 1428
17.9596 1904
17.9737 952
17.9737 1428
17.9808 1904
18.1643 952
18.1643 1428
18.1714 1904
18.1855 952
18.1855 1428
18.1925 1904
18.3761 952
18.3761 1428
18.3831 1904
18.3972 952
18.3972 1428
18.4043 1904
18.5878 952
18.5878 1428
18.5949 1904
18.609 952
18.609 1428
18.6161 1904
18.7996 952
18.7996 1428
18.8066 1904
18.8208 952
18.8208 1428
18.8278 1904
19.0113 952
19.0113 1428
19.0184 1904
19.0325 952
19.0325 1428
19.0396 1904
19.2231 952
19.2231 1428
19.2302 1904
19.2443 952
19.2443 1428
19.2513 1904
19.4349 952
19.4349 1428
19.4419 1904
19.456 952
19.456 1428
19.4631 1904
19.6466 952
19.6466 1428
19.6537 1904
19.6678 952
19.6678 1428
19.6749 1904
19.8584 952
19.8584 1428
19.8654 1904
19.8796 952
19.8796 1428
19.8866 1904
20.0701 952
20.0701 1428
20.0772 1904
20.0913 952
20.0913 1428
20.0984 1904
20.2819 952
20.2819 1428
20.289 1904
20.3031 952
20.3031 1428
20.3101 1904
20.4937 952
20.4937 1428
20.5007 1904
20.5148 952
20.5148 1428
20.5219 1904
20.7054 952
20.7054 1428
20.7125 1904
20.7266 952
20.7266 1428
20.7337 1904
20.9172 952
20.9172 1428
20.9242 1904
20.9384 952
20.9384 1428
20.9455 1904
21.1289 952
21.1289 1428
21.136 1904
21.1502 952
21.1502 1428
21.1572 1904
21.3407 952
21.3407 1428
21.3478 1904
21.362 952
21.362 1428
21.369 1904
21.5528 952
21.5528 1428
21.5599 1904
21.574 952
21.574 1428
21.581 1904
21.765 952
21.765 1428
21.7721 1904
21.786 952
21.786 1428
21.7931 1904
21.9768 952
21.9768 1428
21.9839 1904
21.998 952
21.998 1428
22.0051 1904
22.1889 952
22.1889 1428
22.196 1904
22.2102 952
22.2102 1428
22.2172 1904
22.401 952
22.401 1428
22.4081 1904
22.4222 952
22.4222 1428
22.4293 1904
22.6128 952
22.6128 1428
22.6198 1904
22.6343 952
22.6343 1428
22.6413 1904
22.8245 952
22.8245 1428
22.8316 1904
22.8463 952
22.8463 1428
22.8533 1904
23.0364 952
23.0364 1428
23.0434 1904
23.0582 952
23.0582 1428
23.0653 1904
23.2484 952
23.2484 1428
23.2554 1904
23.27 952
23.27 1428
23.2771 1904
23.4604 952
23.4604 1428
23.4674 1904
23.4818 952
23.4818 1428
23.4888 1904
23.6723 952
23.6723 1428
23.6794 1904
23.6935 952
23.6935 1428
23.7006 1904
23.8841 952
23.8841 1428
23.8912 1904
23.9053 952
23.9053 1428
23.9124 1904
24.0959 952
24.0959 1428
24.1029 1904
24.1172 952
24.1172 1428
24.1243 1904
24.3076 952
24.3076 1428
24.3147 1904
24.3294 952
24.3294 1428
24.3364 1904
24.5194 952
24.5194 1428
24.5265 1904
24.5411 952
24.5411 1428
24.5482 1904
24.7313 952
24.7313 1428
24.7384 1904
24.753 952
24.753 1428
24.7601 1904
24.9435 952
24.9435 1428
24.9505 1904
24.9648 952
24.9648 1428
24.9718 1904
25.1552 952
25.1552 1428
25.1623 1904
25.1766 952
25.1766 1428
25.1837 1904
25.3671 952
25.3671 1428
25.3742 1904
25.3884 952
25.3884 1428
25.3954 1904
25.5789 952
25.5789 1428
25.5859 1904
25.6003 952
25.6003 1428
25.6073 1904
25.7907 952
25.7907 1428
25.7978 1904
25.8124 952
25.8124 1428
25.8194 1904
26.0025 952
26.0025 1428
26.0095 1904
26.0241 952
26.0241 1428
26.0312 1904
26.2144 952
26.2144 1428
26.2214 1904
26.2359 952
26.2359 1428
26.243 1904
26.4265 952
26.4265 1428
26.4335 1904
26.448 952
26.448 1428
26.4551 1904
26.6382 952
26.6382 1428
26.6453 1904
26.6598 952
26.6598 1428
26.6669 1904
26.85 952
26.85 1428
26.8571 1904
26.8719 952
26.8719 1428
26.8789 1904
27.0621 952
27.0621 1428
27.0692 1904
27.0838 952
27.0838 1428
27.0908 1904
27.2739 952
27.2739 1428
27.281 1904
27.2955 952
27.2955 1428
27.3026 1904
27.486 952
27.486 1428
27.493 1904
27.5076 952
27.5076 1428
27.5146 1904
27.6979 952
27.6979 1428
27.705 1904
27.7196 952
27.7196 1428
27.7267 1904
27.9097 952
27.9097 1428
27.9167 1904
27.9314 952
27.9314 1428
27.9384 1904
28.1217 952
28.1217 1428
28.1287 1904
28.1431 952
28.1431 1428
28.1502 1904
28.3337 952
28.3337 1428
28.3408 1904
28.3549 952
28.3549 1428
28.362 1904
28.5455 952
28.5455 1428
28.5525 1904
28.5669 952
28.5669 1428
28.574 1904
28.7572 952
28.7572 1428
28.7643 1904
28.7789 952
28.7789 1428
28.786 1904
28.969 952
28.969 1428
28.9761 1904
28.9909 952
28.9909 1428
28.998 1904
29.1811 952
29.1811 1428
29.1881 1904
29.2028 952
29.2028 1428
29.2099 1904
29.3931 952
29.3931 1428
29.4001 1904
29.4146 952
29.4146 1428
29.4216 1904
29.605 952
29.605 1428
29.6121 1904
29.6263 952
29.6263 1428
29.6334 1904
29.8169 952
29.8169 1428
29.824 1904
29.8381 952
29.8381 1428
29.8452 1904
30.0287 952
30.0287 1428
30.0357 1904
30.0499 952
30.0499 1428
30.0569 1904
30.2404 952
30.2404 1428
30.2475 1904
30.2619 952
30.2619 1428
30.269 1904
30.4522 952
30.4522 1428
30.4593 1904
30.4737 952
30.4737 1428
30.4808 1904
30.664 952
30.664 1428
30.671 1904
30.6855 952
30.6855 1428
30.6925 1904
30.8757 952
30.8757 1428
30.8828 1904
30.8972 952
30.8972 1428
30.9043 1904
31.0875 952
31.0875 1428
31.0945 1904
31.1094 952
31.1094 1428
31.1165 1904
31.2995 952
31.2995 1428
31.3065 1904
31.3213 952
31.3213 1428
31.3284 1904
31.5114 952
31.5114 1428
31.5184 1904
31.5332 952
31.5332 1428
31.5403 1904
31.7233 952
31.7233 1428
31.7304 1904
31.745 952
31.745 1428
31.752 1904
31.9352 952
31.9352 1428
31.9423 1904
31.957 952
31.957 1428
31.964 1904
32.1472 952
32.1472 1428
32.1542 1904
32.1687 952
32.1687 1428
32.1758 1904
32.3591 952
32.3591 1428
32.3662 1904
32.3808 952
32.3808 1428
32.3878 1904
32.5711 952
32.5711 1428
32.5781 1904
32.5925 952
32.5925 1428
32.5996 1904
32.7828 952
32.7828 1428
32.7899 1904
32.8043 952
32.8043 1428
32.8114 1904
32.9949 952
32.9949 1428
33.0019 1904
33.0162 952
33.0162 1428
33.0233 1904
33.2066 952
33.2066 1428
33.2137 1904
33.228 952
33.228 1428
33.235 1904
33.4184 952
33.4184 1428
33.4255 1904
33.44 952
33.44 1428
33.4471 1904
33.6303 952
33.6303 1428
33.6374 1904
33.6518 952
33.6518 1428
33.6588 1904
33.8421 952
33.8421 1428
33.8491 1904
33.8635 952
33.8635 1428
33.8706 1904
34.0541 952
34.0541 1428
34.0612 1904
34.0755 952
34.0755 1428
34.0825 1904
34.2659 952
34.2659 1428
34.2729 1904
34.2872 952
34.2872 1428
34.2943 1904
34.4776 952
34.4776 1428
34.4847 1904
34.4992 952
34.4992 1428
34.5063 1904
34.6896 952
34.6896 1428
34.6966 1904
34.711 952
34.711 1428
34.7181 1904
34.9013 952
34.9013 1428
34.9084 1904
34.9231 952
34.9231 1428
34.9301 1904
35.1133 952
35.1133 1428
35.1204 1904
35.1351 952
35.1351 1428
35.1421 1904
35.3251 952
35.3251 1428
35.3322 1904
35.3471 952
35.3471 1428
35.3542 1904
35.5372 952
35.5372 1428
35.5442 1904
35.5591 952
35.5591 1428
35.5662 1904
35.7492 952
35.7492 1428
35.7562 1904
35.7712 952
35.7712 1428
35.7782 1904
35.9612 952
35.9612 1428
35.9683 1904
35.9832 952
35.9832 1428
35.9902 1904
36.1732 952
36.1732 1428
36.1803 1904
36.1952 952
36.1952 1428
36.2023 1904
36.3853 952
36.3853 1428
36.3923 1904
36.4072 952
36.4072 1428
36.4143 1904
36.5973 952
36.5973 1428
36.6043 1904
36.6192 952
36.6192 1428
36.6263 1904
36.8093 952
36.8093 1428
36.8164 1904
36.8313 952
36.8313 1428
36.8383 1904
37.0213 952
37.0213 1428
37.0284 1904
37.0433 952
37.0433 1428
37.0504 1904
37.2333 952
37.2333 1428
37.2404 1904
37.2553 952
37.2553 1428
37.2624 1904
37.4454 952
37.4454 1428
37.4524 1904
37.4673 952
37.4673 1428
37.4744 1904
37.6574 952
37.6574 1428
37.6645 1904
37.6794 952
37.6794 1428
37.6864 1904
37.8694 952
37.8694 1428
37.8765 1904
37.8914 952
37.8914 1428
37.8984 1904
38.0814 952
38.0814 1428
38.0885 1904
38.1035 952
38.1035 1428
38.1105 1904
38.2935 952
38.2935 1428
38.3005 1904
38.3152 952
38.3152 1428
38.3223 1904
38.5055 952
38.5055 1428
38.5125 1904
38.527 952
38.527 1428
38.534 1904
38.7176 952
38.7176 1428
38.7246 1904
38.7389 952
38.7389 1428
38.746 1904
38.9293 952
38.9293 1428
38.9364 1904
38.9507 952
38.9507 1428
38.9577 1904
39.1411 952
39.1411 1428
39.1481 1904
39.1627 952
39.1627 1428
39.1698 1904
39.353 952
39.353 1428
39.3601 1904
39.3745 952
39.3745 1428
39.3815 1904
39.5648 952
39.5648 1428
39.5718 1904
39.5862 952
39.5862 1428
39.5933 1904
39.7768 952
39.7768 1428
39.7839 1904
39.7981 952
39.7981 1428
39.8052 1904
39.9886 952
39.9886 1428
39.9956 1904
40.0099 952
40.0099 1428
40.017 1904
40.2003 952
40.2003 1428
40.2074 1904
40.2219 952
40.2219 1428
40.229 1904
40.4122 952
40.4122 1428
40.4193 1904
40.4339 952
40.4339 1428
40.4409 1904
40.6244 952
40.6244 1428
40.6315 1904
40.6457 952
40.6457 1428
40.6527 1904
40.8369 952
40.8369 1428
40.8439 1904
40.8578 952
40.8578 1428
40.8649 1904
41.0486 952
41.0486 1428
41.0557 1904
41.0703 952
41.0703 1428
41.0773 1904
41.2606 952
41.2606 1428
41.2677 1904
41.2832 952
41.2832 1428
41.2902 1904
41.4735 952
41.4735 1428
41.4805 1904
41.4998 952
41.4998 1428
41.5068 1904
41.7118 952
41.7118 1428
41.7188 1904
41.7406 952
41.7406 1428
41.7477 1904
41.9526 952
41.9526 1428
41.9597 1904
41.9814 952
41.9814 1428
41.9885 1904
42.1934 952
42.1934 1428
42.2005 1904
42.2223 952
42.2223 1428
42.2293 1904
42.4343 952
42.4343 1428
42.4413 1904
42.4631 952
42.4631 1428
42.4702 1904
42.6636 952
42.6636 1428
42.6707 1904
42.695 952
42.695 1428
42.7021 1904
42.9045 952
42.9045 1428
42.9115 1904
42.9359 952
42.9359 1428
42.9429 1904
43.1453 952
43.1453 1428
43.1524 1904
43.1767 952
43.1767 1428
43.1837 1904
43.3861 952
43.3861 1428
43.3932 1904
43.4179 952
43.4179 1428
43.425 1904
43.6274 952
43.6274 1428
43.6345 1904
43.6592 952
43.6592 1428
43.6663 1904
43.8682 952
43.8682 1428
43.8753 1904
43.9 952
43.9 1428
43.9071 1904
44.1095 952
44.1095 1428
44.1165 1904
44.1409 952
44.1409 1428
44.1479 1904
44.3503 952
44.3503 1428
44.3574 1904
44.3817 952
44.3817 1428
44.3888 1904
44.5916 952
44.5916 1428
44.5986 1904
44.6225 952
44.6225 1428
44.6296 1904
44.8324 952
44.8324 1428
44.8395 1904
44.8629 952
44.8629 1428
44.87 1904
45.055 952
45.055 1428
45.0621 1904
45.0748 952
45.0748 1428
45.0819 1904
45.267 952
45.267 1428
45.274 1904
45.2866 952
45.2866 1428
45.2937 1904
45.4801 952
45.4801 1428
45.4872 1904
45.4984 952
45.4984 1428
45.5054 1904
45.7141 952
45.7141 1428
45.7211 1904
45.7382 952
45.7382 1428
45.7453 1904
45.9549 952
45.9549 1428
45.9619 1904
45.9791 952
45.9791 1428
45.9861 1904
46.1957 952
46.1957 1428
46.2028 1904
46.2199 952
46.2199 1428
46.2269 1904
46.4365 952
46.4365 1428
46.4436 1904
46.4607 952
46.4607 1428
46.4678 1904
46.6774 952
46.6774 1428
46.6844 1904
46.702 952
46.702 1428
46.709 1904
46.9186 952
46.9186 1428
46.9257 1904
46.9428 952
46.9428 1428
46.9499 1904
47.1599 952
47.1599 1428
47.167 1904
47.1841 952
47.1841 1428
47.1911 1904
47.4011 952
47.4011 1428
47.4082 1904
47.4253 952
47.4253 1428
47.4324 1904
47.6424 952
47.6424 1428
47.6495 1904
47.6661 952
47.6661 1428
47.6732 1904
47.8837 952
47.8837 1428
47.8907 1904
47.9074 952
47.9074 1428
47.9145 1904
48.1249 952
48.1249 1428
48.132 1904
48.1487 952
48.1487 1428
48.1557 1904
48.3657 952
48.3657 1428
48.3728 1904
48.3895 952
48.3895 1428
48.3966 1904
48.607 952
48.607 1428
48.6141 1904
48.6307 952
48.6307 1428
48.6378 1904
48.8483 952
48.8483 1428
48.8553 1904
48.872 952
48.872 1428
48.8791 1904
49.0891 952
49.0891 1428
49.0962 1904
49.1128 952
49.1128 1428
49.1199 1904
49.3303 952
49.3303 1428
49.3374 1904
49.3537 952
49.3537 1428
49.3607 1904
49.5716 952
49.5716 1428
49.5787 1904
49.5945 952
49.5945 1428
49.6016 1904
49.8124 952
49.8124 1428
49.8195 1904
49.8353 952
49.8353 1428
49.8424 1904
50.0533 952
50.0533 1428
50.0603 1904
50.0762 952
50.0762 1428
50.0832 1904
50.2941 952
50.2941 1428
50.3012 1904
50.317 952
50.317 1428
50.3241 1904
50.5349 952
50.5349 1428
50.542 1904
50.5578 952
50.5578 1428
50.5649 1904
50.7467 952
50.7467 1428
50.7538 1904
50.7699 952
50.7699 1428
50.7769 1904
50.9585 952
50.9585 1428
50.9655 1904
50.9816 952
50.9816 1428
50.9887 1904
51.1702 952
51.1702 1428
51.1773 1904
51.194 952
51.194 1428
51.201 1904
51.4239 952
51.4239 1428
51.431 1904
51.4485 952
51.4485 1428
51.4556 1904
51.6652 952
51.6652 1428
51.6722 1904
51.6897 952
51.6897 1428
51.6968 1904
51.9064 952
51.9064 1428
51.9135 1904
51.9306 952
51.9306 1428
51.9376 1904
52.1472 952
52.1472 1428
52.1543 1904
52.1714 952
52.1714 1428
52.1785 1904
52.3885 952
52.3885 1428
52.3956 1904
52.4122 952
52.4122 1428
52.4193 1904
52.6293 952
52.6293 1428
52.6364 1904
52.6531 952
52.6531 1428
52.6601 1904
52.8702 952
52.8702 1428
52.8772 1904
52.8939 952
52.8939 1428
52.901 1904
53.111 952
53.111 1428
53.1181 1904
53.1352 952
53.1352 1428
53.1422 1904
53.3518 952
53.3518 1428
53.3589 1904
53.376 952
53.376 1428
53.3831 1904
53.5931 952
53.5931 1428
53.6001 1904
53.6173 952
53.6173 1428
53.6243 1904
53.8339 952
53.8339 1428
53.841 1904
53.8585 952
53.8585 1428
53.8656 1904
54.0752 952
54.0752 1428
54.0822 1904
54.0993 952
54.0993 1428
54.1064 1904
54.316 952
54.316 1428
54.3231 1904
54.3402 952
54.3402 1428
54.3472 1904
54.5568 952
54.5568 1428
54.5639 1904
54.581 952
54.581 1428
54.5881 1904
54.7977 952
54.7977 1428
54.8047 1904
54.8218 952
54.8218 1428
54.8289 1904
55.0385 952
55.0385 1428
55.0456 1904
55.0627 952
55.0627 1428
55.0697 1904
55.2793 952
55.2793 1428
55.2864 1904
55.3035 952
55.3035 1428
55.3106 1904
55.5202 952
55.5202 1428
55.5272 1904
55.5443 952
55.5443 1428
55.5514 1904
55.761 952
55.761 1428
55.7681 1904
55.7852 952
55.7852 1428
55.7922 1904
56.0018 952
56.0018 1428
56.0089 1904
56.026 952
56.026 1428
56.0331 1904
56.2427 952
56.2427 1428
56.2497 1904
56.2668 952
56.2668 1428
56.2739 1904
56.4835 952
56.4835 1428
56.4906 1904
56.5077 952
56.5077 1428
56.5147 1904
56.7243 952
56.7243 1428
56.7314 1904
56.7485 952
56.7485 1428
56.7556 1904
56.9652 952
56.9652 1428
56.9722 1904
56.9893 952
56.9893 1428
56.9964 1904
57.206 952
57.206 1428
57.213 1904
57.2302 952
57.2302 1428
57.2372 1904
57.4468 952
57.4468 1428
57.4539 1904
57.471 952
57.471 1428
57.478 1904
57.6877 952
57.6877 1428
57.6947 1904
57.7118 952
57.7118 1428
57.7189 1904
57.9289 952
57.9289 1428
57.936 1904
57.9527 952
57.9527 1428
57.9597 1904
58.1697 952
58.1697 1428
58.1768 1904
58.1935 952
58.1935 1428
58.2005 1904
58.4106 952
58.4106 1428
58.4176 1904
58.4343 952
58.4343 1428
58.4414 1904
58.6514 952
58.6514 1428
58.6585 1904
58.6751 952
58.6751 1428
58.6822 1904
58.8922 952
58.8922 1428
58.8993 1904
58.9164 952
58.9164 1428
58.9235 1904
59.1335 952
59.1335 1428
59.1406 1904
59.1572 952
59.1572 1428
59.1643 1904
59.3747 952
59.3747 1428
59.3818 1904
59.3976 952
59.3976 1428
59.4047 1904
59.6156 952
59.6156 1428
59.6226 1904
59.6385 952
59.6385 1428
59.6455 1904
59.8564 952
59.8564 1428
59.8635 1904
59.8793 952
59.8793 1428
59.8864 1904
60.0977 952
60.0977 1428
60.1047 1904
60.1201 952
60.1201 1428
60.1272 1904
60.3381 952
60.3381 1428
60.3452 1904
60.361 952
60.361 1428
60.3681 1904
60.5832 952
60.5832 1428
60.5903 1904
60.6061 952
60.6061 1428
60.6132 1904
60.83 952
60.83 1428
60.8371 1904
60.8542 952
60.8542 1428
60.8612 1904
61.0793 952
61.0793 1428
61.0864 1904
61.1039 952
61.1039 1428
61.111 1904
61.2917 952
61.2917 1428
61.2987 1904
61.316 952
61.316 1428
61.323 1904
61.5034 952
61.5034 1428
61.5105 1904
61.5282 952
61.5282 1428
61.5352 1904
61.8265 952
61.8265 1428
61.8335 1904
61.8511 952
61.8511 1428
61.8581 1904
62.1835 952
62.1835 1428
62.1905 1904
62.2081 952
62.2081 1428
62.2151 1904
62.5405 952
62.5405 1428
62.5475 1904
62.5655 952
62.5655 1428
62.5726 1904
62.8979 952
62.8979 1428
62.905 1904
62.9229 952
62.9229 1428
62.93 1904
63.2553 952
63.2553 1428
63.2624 1904
63.2804 952
63.2804 1428
63.2874 1904
63.564 952
63.564 1428
63.5711 1904
63.5886 952
63.5886 1428
63.5957 1904
63.9164 952
63.9164 1428
63.9234 1904
63.9333 952
63.9333 1428
63.9404 1904
64.2721 952
64.2721 1428
64.2792 1904
64.2878 952
64.2878 1428
64.2948 1904
64.6295 952
64.6295 1428
64.6366 1904
64.6452 952
64.6452 1428
64.6523 1904
64.9721 952
64.9721 1428
64.9792 1904
64.9933 952
64.9933 1428
65.0004 1904
65.2893 952
65.2893 1428
65.2963 1904
65.3113 952
65.3113 1428
65.3184 1904
65.6183 952
65.6183 1428
65.6254 1904
65.6331 952
65.6331 1428
65.6402 1904
65.9448 952
65.9448 1428
65.9518 1904
65.963 952
65.963 1428
65.9701 1904
66.3018 952
66.3018 1428
66.3088 1904
66.32 952
66.32 1428
66.3271 1904
66.6558 952
66.6558 1428
66.6629 1904
66.677 952
66.677 1428
66.6841 1904
66.9887 952
66.9887 1428
66.9957 1904
67.0166 952
67.0166 1428
67.0237 1904
67.3109 952
67.3109 1428
67.318 1904
67.3435 952
67.3435 1428
67.3506 1904
67.6594 952
67.6594 1428
67.6665 1904
67.6832 952
67.6832 1428
67.6902 1904
68.0147 952
68.0147 1428
68.0218 1904
68.0368 952
68.0368 1428
68.0438 1904
68.3713 952
68.3713 1428
68.3784 1904
68.3934 952
68.3934 1428
68.4004 1904
68.7249 952
68.7249 1428
68.732 1904
68.7504 952
68.7504 1428
68.7574 1904
69.0591 952
69.0591 1428
69.0661 1904
69.0921 952
69.0921 1428
69.0992 1904
69.3813 952
69.3813 1428
69.3884 1904
69.4195 952
69.4195 1428
69.4265 1904
69.6929 952
69.6929 1428
69.7 1904
69.7184 952
69.7184 1428
69.7254 1904
70.0402 952
70.0402 1428
70.0472 1904
70.0563 952
70.0563 1428
70.0634 1904
70.3917 952
70.3917 1428
70.3987 1904
70.4103 952
70.4103 1428
70.4174 1904
70.7343 952
70.7343 1428
70.7413 1904
70.7551 952
70.7551 1428
70.7621 1904
71.0463 952
71.0463 1428
71.0534 1904
71.0781 952
71.0781 1428
71.0852 1904
71.3588 952
71.3588 1428
71.3659 1904
71.3906 952
71.3906 1428
71.3977 1904
71.7006 952
71.7006 1428
71.7076 1904
71.7205 952
71.7205 1428
71.7276 1904
71.9123 952
71.9123 1428
71.9194 1904
71.9323 952
71.9323 1428
71.9393 1904
72.1241 952
72.1241 1428
72.1312 1904
72.144 952
72.144 1428
72.1511 1904
72.36 952
72.36 1428
72.367 1904
72.3867 952
72.3867 1428
72.3937 1904
72.6784 952
72.6784 1428
72.6855 1904
72.7267 952
72.7267 1428
72.7338 1904
73.0354 952
73.0354 1428
73.0425 1904
73.0846 952
73.0846 1428
73.0917 1904
73.392 952
73.392 1428
73.3991 1904
73.4412 952
73.4412 1428
73.4482 1904
73.749 952
73.749 1428
73.7561 1904
73.7986 952
73.7986 1428
73.8057 1904
74.106 952
74.106 1428
74.1131 1904
74.156 952
74.156 1428
74.1631 1904
74.463 952
74.463 1428
74.4701 1904
74.5135 952
74.5135 1428
74.5205 1904
74.82 952
74.82 1428
74.8271 1904
74.8705 952
74.8705 1428
74.8775 1904
75.1775 952
75.1775 1428
75.1845 1904
75.2275 952
75.2275 1428
75.2345 1904
75.5349 952
75.5349 1428
75.5419 1904
75.5849 952
75.5849 1428
75.592 1904
75.8648 952
75.8648 1428
75.8718 1904
75.9254 952
75.9254 1428
75.9325 1904
76.1862 952
76.1862 1428
76.1932 1904
76.2294 952
76.2294 1428
76.2365 1904
76.4902 952
76.4902 1428
76.4972 1904
76.544 952
76.544 1428
76.5511 1904
76.8043 952
76.8043 1428
76.8114 1904
76.8718 952
76.8718 1428
76.8788 1904
77.1614 952
77.1614 1428
77.1684 1904
77.2288 952
77.2288 1428
77.2358 1904
77.5184 952
77.5184 1428
77.5254 1904
77.5858 952
77.5858 1428
77.5928 1904
77.8754 952
77.8754 1428
77.8824 1904
77.9428 952
77.9428 1428
77.9498 1904
78.2324 952
78.2324 1428
78.2394 1904
78.2998 952
78.2998 1428
78.3069 1904
78.5894 952
78.5894 1428
78.5964 1904
78.6568 952
78.6568 1428
78.6639 1904
78.946 952
78.946 1428
78.953 1904
79.0134 952
79.0134 1428
79.0204 1904
79.303 952
79.303 1428
79.31 1904
79.3704 952
79.3704 1428
79.3775 1904
79.66 952
79.66 1428
79.667 1904
79.7274 952
79.7274 1428
79.7345 1904
80.017 952
80.017 1428
80.0241 1904
80.0844 952
80.0844 1428
80.0915 1904
80.374 952
80.374 1428
80.3811 1904
80.4418 952
80.4418 1428
80.4489 1904
80.7013 952
80.7013 1428
80.7084 1904
80.7514 952
80.7514 1428
80.7584 1904
80.988 952
80.988 1428
80.995 1904
81.0473 952
81.0473 1428
81.0544 1904
81.2763 952
81.2763 1428
81.2833 1904
81.3475 952
81.3475 1428
81.3546 1904
81.5892 952
81.5892 1428
81.5962 1904
81.6757 952
81.6757 1428
81.6827 1904
81.9462 952
81.9462 1428
81.9533 1904
82.0331 952
82.0331 1428
82.0402 1904
82.3032 952
82.3032 1428
82.3103 1904
82.3901 952
82.3901 1428
82.3972 1904
82.6373 952
82.6373 1428
82.6444 1904
82.6492 952
82.6514 1428
82.6585 1904
82.8491 952
82.8491 1428
82.8561 1904
82.8632 952
82.8632 1428
82.8702 1904
83.0612 952
83.0612 1428
83.0683 1904
83.0765 952
83.0765 1428
83.0835 1904
83.3025 952
83.3025 1428
83.3095 1904
83.33 952
83.33 1428
83.3371 1904
83.6595 952
83.6595 1428
83.6665 1904
83.6875 952
83.6875 1428
83.6945 1904
84.0165 952
84.0165 1428
84.0235 1904
84.0449 952
84.0449 1428
84.0519 1904
84.3735 952
84.3735 1428
84.3805 1904
84.4019 952
84.4019 1428
84.409 1904
84.7301 952
84.7301 1428
84.7371 1904
84.7589 952
84.7589 1428
84.766 1904
85.0515 952
85.0515 1428
85.0585 1904
85.0718 952
85.0718 1428
85.0789 1904
85.3936 952
85.3936 1428
85.4007 1904
85.4174 952
85.4174 1428
85.4244 1904
85.7299 952
85.7299 1428
85.7369 1904
85.7553 952
85.7553 1428
85.7624 1904
86.0665 952
86.0665 1428
86.0736 1904
86.1021 952
86.1021 1428
86.1092 1904
86.3905 952
86.3905 1428
86.3975 1904
86.4316 952
86.4316 1428
86.4386 1904
86.7305 952
86.7305 1428
86.7376 1904
86.7598 952
86.7598 1428
86.7668 1904
87.0845 952
87.0845 1428
87.0916 1904
87.1121 952
87.1121 1428
87.1192 1904
87.442 952
87.442 1428
87.449 1904
87.4687 952
87.4687 1428
87.4757 1904
87.7922 952
87.7922 1428
87.7993 1904
87.8257 952
87.8257 1428
87.8328 1904
88.1216 952
88.1216 1428
88.1287 1904
88.1623 952
88.1623 1428
88.1694 1904
88.4502 952
88.4502 1428
88.4573 1904
88.4846 952
88.4846 1428
88.4916 1904
88.8022 952
88.8022 1428
88.8092 1904
88.831 952
88.831 1428
88.8381 1904
89.1596 952
89.1596 1428
89.1667 1904
89.1867 952
89.1867 1428
89.1938 1904
89.489 952
89.489 1428
89.4961 1904
89.5141 952
89.5141 1428
89.5211 1904
89.7795 952
89.7795 1428
89.7865 1904
89.8011 952
89.8011 1428
89.8082 1904
90.1005 952
90.1005 1428
90.1075 1904
90.1166 952
90.1166 1428
90.1236 1904
90.4464 952
90.4464 1428
90.4535 1904
90.4681 952
90.4681 1428
90.4751 1904
90.8039 952
90.8039 1428
90.8109 1904
90.8251 952
90.8251 1428
90.8321 1904
91.1609 952
91.1609 1428
91.1679 1904
91.1821 952
91.1821 1428
91.1891 1904
91.5179 952
91.5179 1428
91.5249 1904
91.5387 952
91.5387 1428
91.5457 1904
91.8749 952
91.8749 1428
91.882 1904
91.8957 952
91.8957 1428
91.9027 1904
92.2319 952
92.2319 1428
92.239 1904
92.2527 952
92.2527 1428
92.2597 1904
92.5885 952
92.5885 1428
92.5955 1904
92.6097 952
92.6097 1428
92.6167 1904
92.9455 952
92.9455 1428
92.9526 1904
92.9667 952
92.9667 1428
92.9738 1904
93.3025 952
93.3025 1428
93.3096 1904
93.3237 952
93.3237 1428
93.3308 1904
93.5285 952
93.5285 1428
93.5355 476
93.5356 952
93.5426 1428
93.5497 1904
93.7403 952
93.7403 1428
93.7473 1904
93.7544 952
93.7544 1428
93.7614 1904
93.9651 952
93.9651 1428
93.9721 1904
93.9901 952
93.9901 1428
93.9971 1904
94.3225 952
94.3225 1428
94.3296 1904
94.3475 952
94.3475 1428
94.3546 1904
94.6795 952
94.6795 1428
94.6866 1904
94.7049 952
94.7049 1428
94.712 1904
95.0369 952
95.0369 1428
95.044 1904
95.0624 952
95.0624 1428
95.0694 1904
95.3944 952
95.3944 1428
95.4014 1904
95.4194 952
95.4194 1428
95.4264 1904
95.7518 952
95.7518 1428
95.7589 1904
95.7764 952
95.7764 1428
95.7835 1904
96.1088 952
96.1088 1428
96.1159 1904
96.1334 952
96.1334 1428
96.1405 1904
96.4658 952
96.4658 1428
96.4729 1904
96.4904 952
96.4904 1428
96.4975 1904
96.8228 952
96.8228 1428
96.8299 1904
96.8478 952
96.8478 1428
96.8549 1904
97.1798 952
97.1798 1428
97.1869 1904
97.2053 952
97.2053 1428
97.2123 1904
97.5373 952
97.5373 1428
97.5443 1904
97.5623 952
97.5623 1428
97.5693 1904
97.8947 952
97.8947 1428
97.9018 1904
97.9193 952
97.9193 1428
97.9264 1904
98.1987 952
98.1987 1428
98.2058 1904
98.2178 952
98.2178 1428
98.2248 1904
98.5443 952
98.5443 1428
98.5513 1904
98.5638 952
98.5638 1428
98.5708 1904
98.8695 952
98.8695 1428
98.8765 1904
98.8907 952
98.8907 1428
98.8977 1904
99.2121 952
99.2121 1428
99.2191 1904
99.2409 952
99.2409 1428
99.248 1904
99.5411 952
99.5411 1428
99.5482 1904
99.5746 952
99.5746 1428
99.5816 1904
99.8722 952
99.8722 1428
99.8793 1904
99.8964 952
99.8964 1428
99.9035 1904
100.225 952
100.225 1428
100.232 1904
100.246 952
100.246 1428
100.253 1904
100.495 952
100.495 1428
100.502 1904
100.508 952
100.509 1428
100.516 1904
100.712 952
100.712 1428
100.719 1904
100.729 952
100.729 1428
100.736 1904
100.937 952
100.937 1428
100.944 1904
100.949 952
100.951 1428
100.958 1904
101.179 952
101.179 1428
101.187 1904
101.193 952
101.194 1428
101.201 1904
101.42 952
101.42 1428
101.427 1904
101.434 952
101.434 1428
101.441 1904
101.661 952
101.661 1428
101.668 1904
101.675 952
101.675 1428
101.682 1904
101.902 952
101.902 1428
101.909 1904
101.916 952
101.916 1428
101.923 1904
102.142 952
102.142 1428
102.149 1904
102.157 952
102.157 1428
102.164 1904
102.383 952
102.383 1428
102.39 1904
102.398 952
102.398 1428
102.406 1904
102.624 952
102.624 1428
102.632 1904
102.639 952
102.639 1428
102.646 1904
102.866 952
102.866 1428
102.873 1904
102.881 952
102.881 1428
102.888 1904
103.107 952
103.107 1428
103.114 1904
103.121 952
103.121 1428
103.128 1904
103.348 952
103.348 1428
103.355 1904
103.362 952
103.362 1428
103.369 1904
103.589 952
103.589 1428
103.596 1904
103.603 952
103.603 1428
103.61 1904
103.829 952
103.829 1428
103.837 1904
103.844 952
103.844 1428
103.851 1904
104.07 952
104.07 1428
104.077 1904
104.085 952
104.085 1428
104.092 1904
104.312 952
104.312 1428
104.319 1904
104.326 952
104.326 1428
104.333 1904
104.552 952
104.552 1428
104.559 1904
104.567 952
104.567 1428
104.574 1904
104.793 952
104.793 1428
104.8 1904
104.808 952
104.808 1428
104.816 1904
105.034 952
105.034 1428
105.042 1904
105.049 952
105.049 1428
105.056 1904
105.276 952
105.276 1428
105.283 1904
105.29 952
105.29 1428
105.297 1904
105.517 952
105.517 1428
105.524 1904
105.531 952
105.531 1428
105.538 1904
105.757 952
105.757 1428
105.764 1904
105.772 952
105.772 1428
105.779 1904
105.999 952
105.999 1428
106.006 1904
106.014 952
106.014 1428
106.021 1904
106.239 952
106.239 1428
106.247 1904
106.255 952
106.255 1428
106.262 1904
106.481 952
106.481 1428
106.488 1904
106.496 952
106.496 1428
106.503 1904
106.722 952
106.722 1428
106.729 1904
106.736 952
106.736 1428
106.743 1904
106.963 952
106.963 1428
106.97 1904
106.978 952
106.978 1428
106.985 1904
107.204 952
107.204 1428
107.211 1904
107.219 952
107.219 1428
107.226 1904
107.445 952
107.445 1428
107.452 1904
107.459 952
107.459 1428
107.466 1904
107.686 952
107.686 1428
107.693 1904
107.701 952
107.701 1428
107.708 1904
107.927 952
107.927 1428
107.934 1904
107.941 952
107.941 1428
107.948 1904
108.168 952
108.168 1428
108.175 1904
108.182 952
108.182 1428
108.189 1904
108.409 952
108.409 1428
108.416 1904
108.423 952
108.423 1428
108.43 1904
108.65 952
108.65 1428
108.657 1904
108.664 952
108.664 1428
108.671 1904
108.89 952
108.89 1428
108.897 1904
108.904 952
108.904 1428
108.912 1904
109.131 952
109.131 1428
109.138 1904
109.145 952
109.145 1428
109.152 1904
109.372 952
109.372 1428
109.379 1904
109.386 952
109.386 1428
109.393 1904
109.612 952
109.612 1428
109.619 1904
109.627 952
109.627 1428
109.634 1904
109.853 952
109.853 1428
109.86 1904
109.868 952
109.868 1428
109.875 1904
110.094 952
110.094 1428
110.101 1904
110.108 952
110.108 1428
110.115 1904
110.334 952
110.334 1428
110.342 1904
110.349 952
110.349 1428
110.356 1904
110.575 952
110.575 1428
110.582 1904
110.59 952
110.59 1428
110.597 1904
110.816 952
110.816 1428
110.823 1904
110.831 952
110.831 1428
110.838 1904
111.028 952
111.028 1428
111.035 1904
111.042 952
111.042 1428
111.049 1904
111.24 952
111.24 1428
111.247 1904
111.254 952
111.254 1428
111.261 1904
111.452 952
111.452 1428
111.459 1904
111.466 952
111.466 1428
111.473 1904
111.723 952
111.723 1428
111.727 476
111.73 952
111.737 1428
111.744 1904
111.962 952
111.962 1428
111.969 1904
111.976 952
111.976 1428
111.983 1904
112.201 952
112.201 1428
112.208 1904
112.217 952
112.217 1428
112.224 1904
112.441 952
112.441 1428
112.448 1904
112.458 952
112.458 1428
112.466 1904
112.682 952
112.682 1428
112.689 1904
112.7 952
112.7 1428
112.707 1904
112.923 952
112.923 1428
112.93 1904
112.941 952
112.941 1428
112.948 1904
113.164 952
113.164 1428
113.171 1904
113.181 952
113.181 1428
113.188 1904
113.404 952
113.404 1428
113.411 1904
113.422 952
113.422 1428
113.429 1904
113.645 952
113.645 1428
113.652 1904
113.663 952
113.663 1428
113.67 1904
113.886 952
113.886 1428
113.893 1904
113.904 952
113.904 1428
113.911 1904
114.127 952
114.127 1428
114.134 1904
114.145 952
114.145 1428
114.152 1904
114.368 952
114.368 1428
114.375 1904
114.386 952
114.386 1428
114.393 1904
114.609 952
114.609 1428
114.616 1904
114.626 952
114.626 1428
114.633 1904
114.849 952
114.849 1428
114.856 1904
114.867 952
114.867 1428
114.874 1904
115.09 952
115.09 1428
115.097 1904
115.108 952
115.108 1428
115.115 1904
115.331 952
115.331 1428
115.338 1904
115.349 952
115.349 1428
115.356 1904
115.572 952
115.572 1428
115.579 1904
115.59 952
115.59 1428
115.597 1904
115.813 952
115.813 1428
115.82 1904
115.831 952
115.831 1428
115.838 1904
116.054 952
116.054 1428
116.061 1904
116.071 952
116.071 1428
116.078 1904
116.294 952
116.294 1428
116.301 1904
116.312 952
116.312 1428
116.319 1904
116.535 952
116.535 1428
116.542 1904
116.553 952
116.553 1428
116.56 1904
116.776 952
116.776 1428
116.783 1904
116.794 952
116.794 1428
116.801 1904
117.017 952
117.017 1428
117.024 1904
117.035 952
117.035 1428
117.042 1904
117.258 952
117.258 1428
117.265 1904
117.276 952
117.276 1428
117.283 1904
117.499 952
117.499 1428
117.506 1904
117.516 952
117.516 1428
117.523 1904
117.739 952
117.739 1428
117.746 1904
117.757 952
117.757 1428
117.764 1904
117.98 952
117.98 1428
117.987 1904
117.998 952
117.998 1428
118.005 1904
118.221 952
118.221 1428
118.228 1904
118.239 952
118.239 1428
118.246 1904
118.462 952
118.462 1428
118.469 1904
118.48 952
118.48 1428
118.487 1904
118.703 952
118.703 1428
118.71 1904
118.721 952
118.721 1428
118.728 1904
118.944 952
118.944 1428
118.951 1904
118.961 952
118.961 1428
118.968 1904
119.184 952
119.184 1428
119.191 1904
119.202 952
119.202 1428
119.209 1904
119.425 952
119.425 1428
119.432 1904
119.443 952
119.443 1428
119.45 1904
119.666 952
119.666 1428
119.673 1904
119.684 952
119.684 1428
119.691 1904
119.907 952
119.907 1428
119.914 1904
119.925 952
119.925 1428
119.932 1904
120.148 952
120.148 1428
120.155 1904
120.165 952
120.165 1428
120.173 1904
120.389 952
120.389 1428
120.396 1904
120.406 952
120.406 1428
120.413 1904
120.629 952
120.629 1428
120.636 1904
120.647 952
120.647 1428
120.654 1904
120.87 952
120.87 1428
120.877 1904
120.888 952
120.888 1428
120.895 1904
121.111 952
121.111 1428
121.118 1904
121.129 952
121.129 1428
121.136 1904
121.352 952
121.352 1428
121.359 1904
121.37 952
121.37 1428
121.377 1904
121.593 952
121.593 1428
121.6 1904
121.61 952
121.61 1428
121.618 1904
121.804 952
121.804 1428
121.812 1904
121.822 952
121.822 1428
121.829 1904
122.016 952
122.016 1428
122.023 1904
122.034 952
122.034 1428
122.041 1904
122.229 952
122.229 1428
122.236 1904
122.247 952
122.247 1428
122.254 1904
122.47 952
122.47 1428
122.477 1904
122.488 952
122.488 1428
122.495 1904
122.71 952
122.71 1428
122.717 1904
122.729 952
122.729 1428
122.736 1904
122.951 952
122.951 1428
122.958 1904
122.97 952
122.97 1428
122.977 1904
123.193 952
123.193 1428
123.2 1904
123.211 952
123.211 1428
123.218 1904
123.433 952
123.433 1428
123.44 1904
123.452 952
123.452 1428
123.459 1904
123.674 952
123.674 1428
123.681 1904
123.692 952
123.692 1428
123.699 1904
123.915 952
123.915 1428
123.922 1904
123.932 952
123.932 1428
123.939 1904
124.156 952
124.156 1428
124.163 1904
124.173 952
124.173 1428
124.18 1904
124.396 952
124.396 1428
124.403 1904
124.414 952
124.414 1428
124.421 1904
124.636 952
124.636 1428
124.643 1904
124.654 952
124.654 1428
124.662 1904
124.877 952
124.877 1428
124.884 1904
124.895 952
124.895 1428
124.902 1904
125.118 952
125.118 1428
125.125 1904
125.136 952
125.136 1428
125.143 1904
125.358 952
125.358 1428
125.365 1904
125.377 952
125.377 1428
125.384 1904
125.599 952
125.599 1428
125.606 1904
125.617 952
125.617 1428
125.624 1904
125.84 952
125.84 1428
125.847 1904
125.858 952
125.858 1428
125.865 1904
126.081 952
126.081 1428
126.088 1904
126.098 952
126.098 1428
126.105 1904
126.322 952
126.322 1428
126.329 1904
126.339 952
126.339 1428
126.346 1904
126.562 952
126.562 1428
126.57 1904
126.58 952
126.58 1428
126.587 1904
126.803 952
126.803 1428
126.81 1904
126.821 952
126.821 1428
126.828 1904
127.044 952
127.044 1428
127.051 1904
127.062 952
127.062 1428
127.069 1904
127.285 952
127.285 1428
127.292 1904
127.303 952
127.303 1428
127.31 1904
127.526 952
127.526 1428
127.533 1904
127.544 952
127.544 1428
127.551 1904
127.767 952
127.767 1428
127.774 1904
127.784 952
127.784 1428
127.792 1904
128.007 952
128.007 1428
128.015 1904
128.025 952
128.025 1428
128.032 1904
128.248 952
128.248 1428
128.255 1904
128.266 952
128.266 1428
128.273 1904
128.489 952
128.489 1428
128.496 1904
128.507 952
128.507 1428
128.514 1904
128.73 952
128.73 1428
128.737 1904
128.748 952
128.748 1428
128.755 1904
128.971 952
128.971 1428
128.978 1904
128.989 952
128.989 1428
128.996 1904
129.212 952
129.212 1428
129.219 1904
129.229 952
129.229 1428
129.236 1904
129.452 952
129.452 1428
129.46 1904
129.47 952
129.47 1428
129.477 1904
129.693 952
129.693 1428
129.7 1904
129.711 952
129.711 1428
129.718 1904
129.934 952
129.934 1428
129.941 1904
129.951 952
129.951 1428
129.958 1904
130.174 952
130.174 1428
130.181 1904
130.191 952
130.191 1428
130.199 1904
130.415 952
130.415 1428
130.422 1904
130.432 952
130.432 1428
130.439 1904
130.655 952
130.655 1428
130.662 1904
130.672 952
130.672 1428
130.679 1904
130.895 952
130.895 1428
130.902 1904
130.913 952
130.913 1428
130.92 1904
131.136 952
131.136 1428
131.143 1904
131.154 952
131.154 1428
131.161 1904
131.376 952
131.376 1428
131.383 1904
131.394 952
131.394 1428
131.401 1904
131.617 952
131.617 1428
131.624 1904
131.635 952
131.635 1428
131.642 1904
131.857 952
131.857 1428
131.864 1904
131.876 952
131.876 1428
131.883 1904
132.098 952
132.098 1428
132.105 1904
132.117 952
132.117 1428
132.124 1904
132.339 952
132.339 1428
132.346 1904
132.358 952
132.358 1428
132.365 1904
132.551 952
132.551 1428
132.558 1904
132.569 952
132.569 1428
132.577 1904
132.763 952
132.763 1428
132.77 1904
132.781 952
132.781 1428
132.788 1904
132.975 952
132.975 1428
132.982 1904
132.995 952
132.995 1428
133.002 1904
133.252 952
133.252 1428
133.259 1904
133.271 952
133.271 1428
133.278 1904
133.492 952
133.492 1428
133.5 1904
133.511 952
133.511 1428
133.518 1904
133.733 952
133.733 1428
133.74 1904
133.75 952
133.75 1428
133.757 1904
133.974 952
133.974 1428
133.981 1904
133.992 952
133.992 1428
133.999 1904
134.214 952
134.214 1428
134.221 1904
134.233 952
134.233 1428
134.24 1904
134.455 952
134.455 1428
134.462 1904
134.474 952
134.474 1428
134.481 1904
134.695 952
134.695 1428
134.702 1904
134.715 952
134.715 1428
134.722 1904
134.937 952
134.937 1428
134.944 1904
134.956 952
134.956 1428
134.963 1904
135.177 952
135.177 1428
135.184 1904
135.197 952
135.197 1428
135.204 1904
135.418 952
135.418 1428
135.425 1904
135.438 952
135.438 1428
135.445 1904
135.659 952
135.659 1428
135.666 1904
135.679 952
135.679 1428
135.686 1904
135.9 952
135.9 1428
135.907 1904
135.919 952
135.919 1428
135.926 1904
136.141 952
136.141 1428
136.148 1904
136.16 952
136.16 1428
136.167 1904
136.382 952
136.382 1428
136.389 1904
136.401 952
136.401 1428
136.408 1904
136.622 952
136.622 1428
136.629 1904
136.642 952
136.642 1428
136.649 1904
136.863 952
136.863 1428
136.87 1904
136.883 952
136.883 1428
136.89 1904
137.104 952
137.104 1428
137.111 1904
137.124 952
137.124 1428
137.131 1904
137.345 952
137.345 1428
137.352 1904
137.364 952
137.364 1428
137.371 1904
137.586 952
137.586 1428
137.593 1904
137.605 952
137.605 1428
137.612 1904
137.827 952
137.827 1428
137.834 1904
137.846 952
137.846 1428
137.853 1904
138.067 952
138.067 1428
138.074 1904
138.087 952
138.087 1428
138.094 1904
138.308 952
138.308 1428
138.315 1904
138.328 952
138.328 1428
138.335 1904
138.549 952
138.549 1428
138.556 1904
138.569 952
138.569 1428
138.576 1904
138.79 952
138.79 1428
138.797 1904
138.809 952
138.809 1428
138.816 1904
139.031 952
139.031 1428
139.038 1904
139.05 952
139.05 1428
139.057 1904
139.272 952
139.272 1428
139.279 1904
139.291 952
139.291 1428
139.298 1904
139.512 952
139.512 1428
139.519 1904
139.532 952
139.532 1428
139.539 1904
139.753 952
139.753 1428
139.76 1904
139.773 952
139.773 1428
139.78 1904
139.994 952
139.994 1428
140.001 1904
140.014 952
140.014 1428
140.021 1904
140.235 952
140.235 1428
140.242 1904
140.254 952
140.254 1428
140.261 1904
140.476 952
140.476 1428
140.483 1904
140.495 952
140.495 1428
140.502 1904
140.717 952
140.717 1428
140.724 1904
140.736 952
140.736 1428
140.744 1904
140.957 952
140.957 1428
140.964 1904
140.977 952
140.977 1428
140.984 1904
141.198 952
141.198 1428
141.205 1904
141.218 952
141.218 1428
141.225 1904
141.439 952
141.439 1428
141.446 1904
141.459 952
141.459 1428
141.466 1904
141.68 952
141.68 1428
141.687 1904
141.699 952
141.699 1428
141.706 1904
141.921 952
141.921 1428
141.928 1904
141.94 952
141.94 1428
141.947 1904
142.162 952
142.162 1428
142.169 1904
142.181 952
142.181 1428
142.188 1904
142.402 952
142.402 1428
142.409 1904
142.422 952
142.422 1428
142.429 1904
142.643 952
142.643 1428
142.65 1904
142.663 952
142.663 1428
142.67 1904
142.884 952
142.884 1428
142.891 1904
142.904 952
142.904 1428
142.911 1904
143.125 952
143.125 1428
143.132 1904
143.144 952
143.144 1428
143.151 1904
143.337 952
143.337 1428
143.344 1904
143.356 952
143.356 1428
143.363 1904
143.548 952
143.548 1428
143.555 1904
143.568 952
143.568 1428
143.575 1904
143.796 952
143.796 1428
143.804 1904
143.812 952
143.812 1428
143.819 1904
144.034 952
144.034 1428
144.041 1904
144.047 952
144.048 1428
144.055 1904
144.27 952
144.27 1428
144.278 1904
144.284 952
144.285 1428
144.292 1904
144.507 952
144.507 1428
144.514 1904
144.522 952
144.522 1428
144.529 1904
144.744 952
144.744 1428
144.751 1904
144.761 952
144.761 1428
144.769 1904
144.983 952
144.983 1428
144.99 1904
145.001 952
145.001 1428
145.009 1904
145.222 952
145.222 1428
145.229 1904
145.242 952
145.242 1428
145.249 1904
145.462 952
145.462 1428
145.469 1904
145.483 952
145.483 1428
145.49 1904
145.703 952
145.703 1428
145.71 1904
145.724 952
145.724 1428
145.731 1904
145.943 952
145.943 1428
145.95 1904
145.964 952
145.964 1428
145.971 1904
146.184 952
146.184 1428
146.191 1904
146.205 952
146.205 1428
146.212 1904
146.425 952
146.425 1428
146.432 1904
146.445 952
146.445 1428
146.452 1904
146.666 952
146.666 1428
146.673 1904
146.684 952
146.684 1428
146.691 1904
146.906 952
146.906 1428
146.914 1904
146.925 952
146.925 1428
146.932 1904
147.147 952
147.147 1428
147.154 1904
147.165 952
147.165 1428
147.172 1904
147.387 952
147.387 1428
147.394 1904
147.405 952
147.405 1428
147.412 1904
147.627 952
147.627 1428
147.634 1904
147.645 952
147.645 1428
147.652 1904
147.868 952
147.868 1428
147.875 1904
147.886 952
147.886 1428
147.893 1904
148.108 952
148.108 1428
148.115 1904
148.126 952
148.126 1428
148.133 1904
148.348 952
148.348 1428
148.355 1904
148.366 952
148.366 1428
148.373 1904
148.588 952
148.588 1428
148.595 1904
148.607 952
148.607 1428
148.614 1904
148.828 952
148.828 1428
148.835 1904
148.848 952
148.848 1428
148.855 1904
149.068 952
149.068 1428
149.076 1904
149.088 952
149.088 1428
149.095 1904
149.309 952
149.309 1428
149.316 1904
149.329 952
149.329 1428
149.336 1904
149.549 952
149.549 1428
149.556 1904
149.57 952
149.57 1428
149.577 1904
149.79 952
149.79 1428
149.797 1904
149.811 952
149.811 1428
149.818 1904
150.031 952
150.031 1428
150.038 1904
150.052 952
150.052 1428
150.059 1904
150.272 952
150.272 1428
150.279 1904
150.293 952
150.293 1428
150.3 1904
150.513 952
150.513 1428
150.52 1904
150.533 952
150.533 1428
150.54 1904
150.753 952
150.753 1428
150.761 1904
150.774 952
150.774 1428
150.781 1904
150.994 952
150.994 1428
151.001 1904
151.015 952
151.015 1428
151.022 1904
151.235 952
151.235 1428
151.242 1904
151.256 952
151.256 1428
151.263 1904
151.476 952
151.476 1428
151.483 1904
151.497 952
151.497 1428
151.504 1904
151.717 952
151.717 1428
151.724 1904
151.738 952
151.738 1428
151.745 1904
151.958 952
151.958 1428
151.965 1904
151.978 952
151.978 1428
151.985 1904
152.198 952
152.198 1428
152.205 1904
152.22 952
152.22 1428
152.227 1904
152.439 952
152.439 1428
152.446 1904
152.46 952
152.46 1428
152.468 1904
152.68 952
152.68 1428
152.687 1904
152.701 952
152.701 1428
152.708 1904
152.921 952
152.921 1428
152.928 1904
152.942 952
152.942 1428
152.949 1904
153.162 952
153.162 1428
153.169 1904
153.183 952
153.183 1428
153.19 1904
153.403 952
153.403 1428
153.41 1904
153.424 952
153.424 1428
153.431 1904
153.643 952
153.643 1428
153.65 1904
153.664 952
153.664 1428
153.671 1904
153.855 952
153.855 1428
153.862 1904
153.876 952
153.876 1428
153.883 1904
154.067 952
154.067 1428
154.074 1904
154.088 952
154.088 1428
154.095 1904
154.279 952
154.279 1428
154.286 1904
154.3 952
154.3 1428
154.307 1904
154.524 952
154.524 1428
154.531 1904
154.541 952
154.541 1428
154.548 1904
154.764 952
154.764 1428
154.771 1904
154.78 952
154.78 1428
154.788 1904
155.003 952
155.003 1428
155.01 1904
155.022 952
155.022 1428
155.029 1904
155.243 952
155.243 1428
155.25 1904
155.263 952
155.263 1428
155.27 1904
155.483 952
155.483 1428
155.49 1904
155.503 952
155.503 1428
155.51 1904
155.724 952
155.724 1428
155.731 1904
155.744 952
155.744 1428
155.751 1904
155.966 952
155.966 1428
155.973 1904
155.985 952
155.985 1428
155.992 1904
156.206 952
156.206 1428
156.213 1904
156.226 952
156.226 1428
156.233 1904
156.447 952
156.447 1428
156.454 1904
156.467 952
156.467 1428
156.474 1904
156.688 952
156.688 1428
156.695 1904
156.708 952
156.708 1428
156.715 1904
156.929 952
156.929 1428
156.936 1904
156.948 952
156.948 1428
156.955 1904
157.17 952
157.17 1428
157.177 1904
157.189 952
157.189 1428
157.196 1904
157.411 952
157.411 1428
157.418 1904
157.43 952
157.43 1428
157.437 1904
157.651 952
157.651 1428
157.658 1904
157.671 952
157.671 1428
157.678 1904
157.892 952
157.892 1428
157.899 1904
157.912 952
157.912 1428
157.919 1904
158.133 952
158.133 1428
158.14 1904
158.153 952
158.153 1428
158.16 1904
158.374 952
158.374 1428
158.381 1904
158.393 952
158.393 1428
158.4 1904
158.615 952
158.615 1428
158.622 1904
158.634 952
158.634 1428
158.641 1904
158.856 952
158.856 1428
158.863 1904
158.875 952
158.875 1428
158.882 1904
159.096 952
159.096 1428
159.103 1904
159.116 952
159.116 1428
159.123 1904
159.337 952
159.337 1428
159.344 1904
159.357 952
159.357 1428
159.364 1904
159.578 952
159.578 1428
159.585 1904
159.598 952
159.598 1428
159.605 1904
159.819 952
159.819 1428
159.826 1904
159.838 952
159.838 1428
159.845 1904
160.06 952
160.06 1428
160.067 1904
160.079 952
160.079 1428
160.086 1904
160.301 952
160.301 1428
160.308 1904
160.32 952
160.32 1428
160.327 1904
160.541 952
160.541 1428
160.548 1904
160.561 952
160.561 1428
160.568 1904
160.782 952
160.782 1428
160.789 1904
160.802 952
160.802 1428
160.809 1904
161.023 952
161.023 1428
161.03 1904
161.043 952
161.043 1428
161.05 1904
161.264 952
161.264 1428
161.271 1904
161.283 952
161.283 1428
161.29 1904
161.505 952
161.505 1428
161.512 1904
161.524 952
161.524 1428
161.531 1904
161.746 952
161.746 1428
161.753 1904
161.765 952
161.765 1428
161.773 1904
161.986 952
161.986 1428
161.993 1904
162.006 952
162.006 1428
162.013 1904
162.227 952
162.227 1428
162.234 1904
162.247 952
162.247 1428
162.254 1904
162.467 952
162.467 1428
162.474 1904
162.488 952
162.488 1428
162.495 1904
162.708 952
162.708 1428
162.715 1904
162.728 952
162.728 1428
162.735 1904
162.948 952
162.948 1428
162.955 1904
162.969 952
162.969 1428
162.976 1904
163.189 952
163.189 1428
163.196 1904
163.209 952
163.209 1428
163.216 1904
163.43 952
163.43 1428
163.437 1904
163.45 952
163.45 1428
163.457 1904
163.67 952
163.67 1428
163.678 1904
163.69 952
163.69 1428
163.697 1904
163.911 952
163.911 1428
163.918 1904
163.93 952
163.93 1428
163.937 1904
164.152 952
164.152 1428
164.159 1904
164.172 952
164.172 1428
164.179 1904
164.393 952
164.393 1428
164.4 1904
164.412 952
164.412 1428
164.42 1904
164.605 952
164.605 1428
164.612 1904
164.624 952
164.624 1428
164.631 1904
164.816 952
164.816 1428
164.824 1904
164.836 952
164.836 1428
164.843 1904
165.028 952
165.028 1428
165.035 1904
165.048 952
165.048 1428
165.055 1904
165.289 952
165.289 1428
165.296 1904
165.305 952
165.305 1428
165.312 1904
165.527 952
165.527 1428
165.534 1904
165.541 952
165.541 1428
165.548 1904
165.765 952
165.765 1428
165.772 1904
165.781 952
165.781 1428
165.788 1904
166.003 952
166.003 1428
166.01 1904
166.022 952
166.022 1428
166.029 1904
166.242 952
166.242 1428
166.25 1904
166.262 952
166.262 1428
166.269 1904
166.482 952
166.482 1428
166.49 1904
166.503 952
166.503 1428
166.51 1904
166.722 952
166.722 1428
166.73 1904
166.744 952
166.744 1428
166.751 1904
166.964 952
166.964 1428
166.971 1904
166.985 952
166.985 1428
166.992 1904
167.205 952
167.205 1428
167.212 1904
167.226 952
167.226 1428
167.233 1904
167.445 952
167.445 1428
167.452 1904
167.467 952
167.467 1428
167.474 1904
167.686 952
167.686 1428
167.693 1904
167.707 952
167.707 1428
167.714 1904
167.927 952
167.927 1428
167.934 1904
167.948 952
167.948 1428
167.955 1904
168.168 952
168.168 1428
168.175 1904
168.189 952
168.189 1428
168.196 1904
168.409 952
168.409 1428
168.416 1904
168.43 952
168.43 1428
168.437 1904
168.65 952
168.65 1428
168.657 1904
168.671 952
168.671 1428
168.678 1904
168.89 952
168.89 1428
168.897 1904
168.912 952
168.912 1428
168.919 1904
169.131 952
169.131 1428
169.138 1904
169.152 952
169.152 1428
169.159 1904
169.372 952
169.372 1428
169.379 1904
169.393 952
169.393 1428
169.4 1904
169.613 952
169.613 1428
169.62 1904
169.634 952
169.634 1428
169.641 1904
169.854 952
169.854 1428
169.861 1904
169.875 952
169.875 1428
169.882 1904
170.095 952
170.095 1428
170.102 1904
170.116 952
170.116 1428
170.123 1904
170.335 952
170.335 1428
170.342 1904
170.357 952
170.357 1428
170.364 1904
170.576 952
170.576 1428
170.583 1904
170.597 952
170.597 1428
170.604 1904
170.817 952
170.817 1428
170.824 1904
170.838 952
170.838 1428
170.845 1904
171.058 952
171.058 1428
171.065 1904
171.079 952
171.079 1428
171.086 1904
171.299 952
171.299 1428
171.306 1904
171.32 952
171.32 1428
171.327 1904
171.54 952
171.54 1428
171.547 1904
171.561 952
171.561 1428
171.568 1904
171.78 952
171.78 1428
171.787 1904
171.802 952
171.802 1428
171.809 1904
172.021 952
172.021 1428
172.028 1904
172.042 952
172.042 1428
172.049 1904
172.262 952
172.262 1428
172.269 1904
172.283 952
172.283 1428
172.29 1904
172.503 952
172.503 1428
172.51 1904
172.524 952
172.524 1428
172.531 1904
172.744 952
172.744 1428
172.751 1904
172.765 952
172.765 1428
172.772 1904
172.985 952
172.985 1428
172.992 1904
173.006 952
173.006 1428
173.013 1904
173.225 952
173.225 1428
173.232 1904
173.247 952
173.247 1428
173.254 1904
173.466 952
173.466 1428
173.473 1904
173.487 952
173.487 1428
173.494 1904
173.707 952
173.707 1428
173.714 1904
173.728 952
173.728 1428
173.735 1904
173.948 952
173.948 1428
173.955 1904
173.969 952
173.969 1428
173.976 1904
174.189 952
174.189 1428
174.196 1904
174.21 952
174.21 1428
174.217 1904
174.43 952
174.43 1428
174.437 1904
174.451 952
174.451 1428
174.458 1904
174.67 952
174.67 1428
174.677 1904
174.692 952
174.692 1428
174.699 1904
174.911 952
174.911 1428
174.918 1904
174.932 952
174.932 1428
174.939 1904
175.152 952
175.152 1428
175.159 1904
175.166 952
175.166 1428
175.173 1904
175.363 952
175.363 1428
175.37 1904
175.377 952
175.377 1428
175.385 1904
175.575 952
175.575 1428
175.582 1904
175.589 952
175.589 1428
175.596 1904
175.787 952
175.787 1428
175.795 1904
175.802 952
175.802 1428
175.809 1904
176.014 952
176.014 1428
176.021 1904
176.036 952
176.036 1428
176.043 1904
176.256 952
176.256 1428
176.263 1904
176.277 952
176.277 1428
176.284 1904
176.497 952
176.497 1428
176.504 1904
176.518 952
176.518 1428
176.525 1904
176.738 952
176.738 1428
176.745 1904
176.759 952
176.759 1428
176.766 1904
176.978 952
176.978 1428
176.986 1904
177 952
177 1428
177.007 1904
177.219 952
177.219 1428
177.226 1904
177.241 952
177.241 1428
177.248 1904
177.46 952
177.46 1428
177.467 1904
177.481 952
177.481 1428
177.488 1904
177.701 952
177.701 1428
177.708 1904
177.722 952
177.722 1428
177.729 1904
177.942 952
177.942 1428
177.949 1904
177.963 952
177.963 1428
177.97 1904
178.183 952
178.183 1428
178.19 1904
178.204 952
178.204 1428
178.211 1904
178.423 952
178.423 1428
178.431 1904
178.445 952
178.445 1428
178.452 1904
178.664 952
178.664 1428
178.671 1904
178.685 952
178.685 1428
178.693 1904
178.905 952
178.905 1428
178.912 1904
178.926 952
178.926 1428
178.933 1904
179.146 952
179.146 1428
179.153 1904
179.167 952
179.167 1428
179.174 1904
179.387 952
179.387 1428
179.394 1904
179.408 952
179.408 1428
179.415 1904
179.627 952
179.627 1428
179.634 1904
179.649 952
179.649 1428
179.656 1904
179.868 952
179.868 1428
179.875 1904
179.891 952
179.891 1428
179.898 1904
180.108 952
180.108 1428
180.115 1904
180.131 952
180.131 1428
180.138 1904
180.349 952
180.349 1428
180.356 1904
180.372 952
180.372 1428
180.379 1904
180.59 952
180.59 1428
180.597 1904
180.613 952
180.613 1428
180.62 1904
180.831 952
180.831 1428
180.838 1904
180.854 952
180.854 1428
180.861 1904
181.072 952
181.072 1428
181.079 1904
181.095 952
181.095 1428
181.102 1904
181.313 952
181.313 1428
181.32 1904
181.335 952
181.335 1428
181.343 1904
181.553 952
181.553 1428
181.56 1904
181.576 952
181.576 1428
181.583 1904
181.794 952
181.794 1428
181.801 1904
181.817 952
181.817 1428
181.824 1904
182.035 952
182.035 1428
182.042 1904
182.057 952
182.057 1428
182.064 1904
182.276 952
182.276 1428
182.283 1904
182.298 952
182.298 1428
182.305 1904
182.517 952
182.517 1428
182.524 1904
182.538 952
182.538 1428
182.545 1904
182.757 952
182.757 1428
182.764 1904
182.779 952
182.779 1428
182.786 1904
182.998 952
182.998 1428
183.005 1904
183.02 952
183.02 1428
183.027 1904
183.238 952
183.238 1428
183.245 1904
183.261 952
183.261 1428
183.268 1904
183.479 952
183.479 1428
183.486 1904
183.501 952
183.501 1428
183.508 1904
183.72 952
183.72 1428
183.727 1904
183.742 952
183.742 1428
183.749 1904
183.96 952
183.96 1428
183.968 1904
183.983 952
183.983 1428
183.99 1904
184.201 952
184.201 1428
184.208 1904
184.223 952
184.223 1428
184.23 1904
184.442 952
184.442 1428
184.449 1904
184.464 952
184.464 1428
184.471 1904
184.683 952
184.683 1428
184.69 1904
184.705 952
184.705 1428
184.712 1904
184.923 952
184.923 1428
184.93 1904
184.946 952
184.946 1428
184.953 1904
185.164 952
185.164 1428
185.171 1904
185.186 952
185.186 1428
185.193 1904
185.405 952
185.405 1428
185.412 1904
185.427 952
185.427 1428
185.434 1904
185.645 952
185.645 1428
185.653 1904
185.668 952
185.668 1428
185.675 1904
185.858 952
185.858 1428
185.865 1904
185.88 952
185.88 1428
185.887 1904
186.069 952
186.069 1428
186.076 1904
186.092 952
186.092 1428
186.099 1904
186.281 952
186.281 1428
186.288 1904
186.304 952
186.304 1428
186.311 1904
186.543 952
186.543 1428
186.55 1904
186.551 952
186.557 1428
186.564 1904
186.783 952
186.783 1428
186.79 1904
186.795 952
186.797 1428
186.804 1904
187.023 952
187.023 1428
187.03 1904
187.036 952
187.037 1428
187.044 1904
187.262 952
187.262 1428
187.269 1904
187.278 952
187.278 1428
187.285 1904
187.502 952
187.502 1428
187.509 1904
187.519 952
187.519 1428
187.526 1904
187.742 952
187.742 1428
187.749 1904
187.76 952
187.76 1428
187.767 1904
187.983 952
187.983 1428
187.99 1904
188.001 952
188.001 1428
188.008 1904
188.224 952
188.224 1428
188.231 1904
188.241 952
188.241 1428
188.248 1904
188.466 952
188.466 1428
188.473 1904
188.482 952
188.482 1428
188.489 1904
188.706 952
188.706 1428
188.714 1904
188.723 952
188.723 1428
188.73 1904
188.947 952
188.947 1428
188.954 1904
188.964 952
188.964 1428
188.971 1904
189.188 952
189.188 1428
189.195 1904
189.205 952
189.205 1428
189.212 1904
189.429 952
189.429 1428
189.436 1904
189.445 952
189.445 1428
189.453 1904
189.67 952
189.67 1428
189.677 1904
189.686 952
189.686 1428
189.693 1904
189.911 952
189.911 1428
189.918 1904
189.927 952
189.927 1428
189.934 1904
190.151 952
190.151 1428
190.159 1904
190.168 952
190.168 1428
190.175 1904
190.392 952
190.392 1428
190.399 1904
190.409 952
190.409 1428
190.416 1904
190.633 952
190.633 1428
190.64 1904
190.65 952
190.65 1428
190.657 1904
190.874 952
190.874 1428
190.881 1904
190.89 952
190.89 1428
190.898 1904
191.115 952
191.115 1428
191.122 1904
191.131 952
191.131 1428
191.138 1904
191.356 952
191.356 1428
191.363 1904
191.372 952
191.372 1428
191.379 1904
191.596 952
191.596 1428
191.604 1904
191.613 952
191.613 1428
191.62 1904
191.837 952
191.837 1428
191.844 1904
191.854 952
191.854 1428
191.861 1904
192.078 952
192.078 1428
192.085 1904
192.095 952
192.095 1428
192.102 1904
192.319 952
192.319 1428
192.326 1904
192.335 952
192.335 1428
192.343 1904
192.56 952
192.56 1428
192.567 1904
192.576 952
192.576 1428
192.583 1904
192.801 952
192.801 1428
192.808 1904
192.817 952
192.817 1428
192.824 1904
193.041 952
193.041 1428
193.048 1904
193.058 952
193.058 1428
193.065 1904
193.282 952
193.282 1428
193.289 1904
193.299 952
193.299 1428
193.306 1904
193.523 952
193.523 1428
193.53 1904
193.539 952
193.539 1428
193.546 1904
193.764 952
193.764 1428
193.771 1904
193.78 952
193.78 1428
193.787 1904
194.005 952
194.005 1428
194.012 1904
194.02 952
194.02 1428
194.028 1904
194.246 952
194.246 1428
194.253 1904
194.261 952
194.261 1428
194.268 1904
194.486 952
194.486 1428
194.493 1904
194.501 952
194.501 1428
194.508 1904
194.727 952
194.727 1428
194.734 1904
194.742 952
194.742 1428
194.749 1904
194.968 952
194.968 1428
194.975 1904
194.983 952
194.983 1428
194.99 1904
195.208 952
195.208 1428
195.215 1904
195.223 952
195.223 1428
195.23 1904
195.448 952
195.448 1428
195.456 1904
195.464 952
195.464 1428
195.471 1904
195.689 952
195.689 1428
195.696 1904
195.705 952
195.705 1428
195.712 1904
195.93 952
195.93 1428
195.937 1904
195.946 952
195.946 1428
195.953 1904
196.171 952
196.171 1428
196.178 1904
196.187 952
196.187 1428
196.194 1904
196.383 952
196.383 1428
196.39 1904
196.398 952
196.398 1428
196.405 1904
196.594 952
196.594 1428
196.601 1904
196.61 952
196.61 1428
196.617 1904
196.806 952
196.806 1428
196.813 1904
196.822 952
196.822 1428
196.829 1904
197.057 952
197.057 1428
197.064 1904
197.081 952
197.081 1428
197.089 1904
197.298 952
197.298 1428
197.305 1904
197.322 952
197.322 1428
197.329 1904
197.539 952
197.539 1428
197.546 1904
197.563 952
197.563 1428
197.57 1904
197.779 952
197.779 1428
197.786 1904
197.804 952
197.804 1428
197.811 1904
198.02 952
198.02 1428
198.027 1904
198.043 952
198.043 1428
198.05 1904
198.261 952
198.261 1428
198.268 1904
198.283 952
198.283 1428
198.29 1904
198.502 952
198.502 1428
198.509 1904
198.524 952
198.524 1428
198.531 1904
198.741 952
198.741 1428
198.749 1904
198.764 952
198.764 1428
198.771 1904
198.981 952
198.981 1428
198.988 1904
199.005 952
199.005 1428
199.012 1904
199.222 952
199.222 1428
199.229 1904
199.234 952
199.236 1428
199.243 1904
199.434 952
199.434 1428
199.441 1904
199.448 952
199.448 1428
199.455 1904
199.646 952
199.646 1428
199.653 1904
199.66 952
199.66 1428
199.667 1904
199.858 952
199.858 1428
199.865 1904
199.872 952
199.872 1428
199.879 1904
200.069 952
200.069 1428
200.076 1904
200.083 952
200.083 1428
200.09 1904
200.281 952
200.281 1428
200.288 1904
200.295 952
200.295 1428
200.302 1904
200.493 952
200.493 1428
200.5 1904
200.507 952
200.507 1428
200.514 1904
200.705 952
200.705 1428
200.712 1904
200.719 952
200.719 1428
200.726 1904
200.916 952
200.916 1428
200.923 1904
200.93 952
200.93 1428
200.938 1904
