0.0 0
0.094232 4294967295
0.179411 4294967295
0.185213 4294967295
0.191026 4294967295
0.196839 4294967295
0.202653 4294967295
10.0996 4294967295
10.1054 4294967295
10.1054 4294967295
10.1441 4294967295
10.1441 4294967295
10.1499 4294967295
10.1499 4294967295
10.1557 4294967295
10.1557 4294967295
10.1615 4294967295
10.1615 4294967295
10.1673 4294967295
10.1673 4294967295
10.1731 4294967295
10.1731 4294967295
10.1789 4294967295
10.1789 4294967295
10.2641 4294967295
10.2641 4294967295
10.3493 4294967295
10.3493 4294967295
10.4344 4294967295
10.4344 4294967295
10.5196 4294967295
10.5196 4294967295
10.6048 4294967295
10.6048 4294967295
10.69 4294967295
10.69 4294967295
10.7751 4294967295
10.7751 4294967295
10.8603 4294967295
10.8603 4294967295
10.9455 4294967295
10.9455 4294967295
11.0306 4294967295
11.0306 4294967295
11.1158 4294967295
11.1158 4294967295
11.201 4294967295
11.201 4294967295
11.2861 4294967295
11.2861 4294967295
11.3713 4294967295
11.3713 4294967295
11.4565 4294967295
11.4565 4294967295
11.5416 4294967295
11.5416 4294967295
11.6268 4294967295
11.6268 4294967295
11.712 4294967295
11.712 4294967295
11.7971 4294967295
11.7971 4294967295
11.8823 4294967295
11.8823 4294967295
11.9675 4294967295
11.9675 4294967295
12.0526 4294967295
12.0526 4294967295
12.1378 4294967295
12.1378 4294967295
12.223 4294967295
12.223 4294967295
12.3081 4294967295
12.3081 4294967295
12.3933 4294967295
12.3933 4294967295
12.4785 4294967295
12.4785 4294967295
12.5636 4294967295
12.5636 4294967295
12.6488 4294967295
12.6488 4294967295
12.734 4294967295
12.734 4294967295
12.8192 4294967295
12.8192 4294967295
12.9043 4294967295
12.9043 4294967295
12.9895 4294967295
12.9895 4294967295
13.0747 4294967295
13.0747 4294967295
13.1598 4294967295
13.1598 4294967295
13.245 4294967295
13.245 4294967295
13.3302 4294967295
13.3302 4294967295
13.4153 4294967295
13.4153 4294967295
13.5005 4294967295
13.5005 4294967295
13.5857 4294967295
13.5857 4294967295
13.6708 4294967295
13.6708 4294967295
13.756 4294967295
13.756 4294967295
13.8412 4294967295
13.8412 4294967295
13.9263 4294967295
13.9263 4294967295
14.0115 4294967295
14.0115 4294967295
14.0967 4294967295
14.0967 4294967295
14.1818 4294967295
14.1818 4294967295
14.267 4294967295
14.267 4294967295
14.3522 4294967295
14.3522 4294967295
14.4373 4294967295
14.4373 4294967295
14.5225 4294967295
14.5225 4294967295
14.6077 4294967295
14.6077 4294967295
14.6928 4294967295
14.6928 4294967295
14.778 4294967295
14.778 4294967295
14.8632 4294967295
14.8632 4294967295
14.9484 4294967295
14.9484 4294967295
15.0335 4294967295
15.0335 4294967295
15.1187 4294967295
15.1187 4294967295
15.2039 4294967295
15.2039 4294967295
15.289 4294967295
15.289 4294967295
15.3742 4294967295
15.3742 4294967295
15.4594 4294967295
15.4594 4294967295
15.5445 4294967295
15.5445 4294967295
15.6297 4294967295
15.6297 4294967295
15.7149 4294967295
15.7149 4294967295
15.8 4294967295
15.8 4294967295
15.8852 4294967295
15.8852 4294967295
15.9704 4294967295
15.9704 4294967295
16.0555 4294967295
16.0555 4294967295
16.1407 4294967295
16.1407 4294967295
16.2259 4294967295
16.2259 4294967295
16.311 4294967295
16.311 4294967295
16.3962 4294967295
16.3962 4294967295
16.4814 4294967295
16.4814 4294967295
16.5665 4294967295
16.5665 4294967295
16.6517 4294967295
16.6517 4294967295
16.7369 4294967295
16.7369 4294967295
16.822 4294967295
16.822 4294967295
16.9072 4294967295
16.9072 4294967295
16.9924 4294967295
16.9924 4294967295
17.0776 4294967295
17.0776 4294967295
17.1627 4294967295
17.1627 4294967295
17.2479 4294967295
17.2479 4294967295
17.3331 4294967295
17.3331 4294967295
17.4182 4294967295
17.4182 4294967295
17.5034 4294967295
17.5034 4294967295
17.5886 4294967295
17.5886 4294967295
17.6737 4294967295
17.6737 4294967295
17.7589 4294967295
17.7589 4294967295
17.8441 4294967295
17.8441 4294967295
17.9292 4294967295
17.9292 4294967295
18.0144 4294967295
18.0144 4294967295
18.0996 4294967295
18.0996 4294967295
18.1847 4294967295
18.1847 4294967295
18.2699 4294967295
18.2699 4294967295
18.3551 4294967295
18.3551 4294967295
18.4402 4294967295
18.4402 4294967295
18.5254 4294967295
18.5254 4294967295
18.6106 4294967295
18.6106 4294967295
18.6957 4294967295
18.6957 4294967295
18.7809 4294967295
18.7809 4294967295
18.8661 4294967295
18.8661 4294967295
18.9512 4294967295
18.9512 4294967295
19.0364 4294967295
19.0364 4294967295
19.1216 4294967295
19.1216 4294967295
19.2068 4294967295
19.2068 4294967295
19.2919 4294967295
19.2919 4294967295
19.3771 4294967295
19.3771 4294967295
19.4623 4294967295
19.4623 4294967295
19.5474 4294967295
19.5474 4294967295
19.6326 4294967295
19.6326 4294967295
19.7178 4294967295
19.7178 4294967295
19.8029 4294967295
19.8029 4294967295
19.8881 4294967295
19.8881 4294967295
19.9733 4294967295
19.9733 4294967295
20.0584 4294967295
20.0584 4294967295
20.1436 4294967295
20.1436 4294967295
20.2288 4294967295
20.2288 4294967295
20.3139 4294967295
20.3139 4294967295
20.3996 4294967295
20.3996 4294967295
20.4855 4294967295
20.4855 4294967295
20.6018 4294967295
20.6018 4294967295
20.8071 4294967295
20.8086 4294967295
21.0454 4294967295
21.0495 4294967295
41.2796 4294967295
41.3585 4294967295
41.3585 4294967295
41.6485 4294967295
41.7092 4294967295
41.8775 4294967295
55.0159 4294967295
55.1041 4294967295
55.1041 4294967295
55.2763 4294967295
55.2763 4294967295
55.4484 4294967295
61.1429 4294967295
61.1429 4294967295
61.1701 4294967295
61.1938 4294967295
61.2184 4294967295
61.2642 4294967295
61.2871 4294967295
61.2871 4294967295
61.2871 4294967295
61.3694 4294967295
61.3719 4294967295
61.3736 4294967295
61.3812 4294967295
61.3846 4294967295
61.4551 4294967295
61.4579 4294967295
61.4607 4294967295
61.4634 4294967295
61.4669 4294967295
61.4678 4294967295
61.4703 4294967295
61.472 4294967295
61.4737 4294967295
61.4771 4294967295
71.9559 4294967295
71.9619 4294967295
71.9619 4294967295
71.9678 4294967295
71.9678 4294967295
71.9746 4294967295
71.9746 4294967295
71.9797 4294967295
71.9797 4294967295
71.9856 4294967295
71.9856 4294967295
71.9916 4294967295
71.9916 4294967295
71.9975 4294967295
71.9975 4294967295
72.0043 4294967295
72.0043 4294967295
72.0102 4294967295
72.0102 4294967295
72.0153 4294967295
72.0153 4294967295
72.0212 4294967295
72.0212 4294967295
72.0272 4294967295
72.0272 4294967295
72.0331 4294967295
72.0331 4294967295
72.0391 4294967295
72.0391 4294967295
72.0441 4294967295
72.0441 4294967295
72.0501 4294967295
72.0501 4294967295
72.0569 4294967295
72.0569 4294967295
72.0628 4294967295
72.0628 4294967295
72.0679 4294967295
72.0679 4294967295
72.0747 4294967295
72.0747 4294967295
72.0798 4294967295
72.0798 4294967295
72.0857 4294967295
72.0857 4294967295
72.0925 4294967295
72.0925 4294967295
72.0976 4294967295
72.0976 4294967295
72.1035 4294967295
72.1035 4294967295
72.1094 4294967295
72.1094 4294967295
72.1162 4294967295
72.1162 4294967295
72.1222 4294967295
72.1222 4294967295
72.1272 4294967295
72.1272 4294967295
72.1332 4294967295
72.1332 4294967295
72.1391 4294967295
72.1391 4294967295
72.1451 4294967295
72.1451 4294967295
72.1518 4294967295
72.1518 4294967295
72.1578 4294967295
72.1578 4294967295
72.1629 4294967295
72.1629 4294967295
72.3121 4294967295
72.3121 4294967295
72.4274 4294967295
82.7528 4294967295
82.757 4294967295
82.757 4294967295
82.7638 4294967295
82.7638 4294967295
82.7698 4294967295
82.7698 4294967295
82.7749 4294967295
82.7749 4294967295
82.7808 4294967295
82.7808 4294967295
82.7876 4294967295
82.7876 4294967295
82.7927 4294967295
82.7927 4294967295
82.7986 4294967295
82.7986 4294967295
82.8037 4294967295
82.8037 4294967295
82.8105 4294967295
82.8105 4294967295
82.8147 4294967295
82.8147 4294967295
82.8206 4294967295
82.8206 4294967295
82.8249 4294967295
82.8249 4294967295
82.8291 4294967295
82.8291 4294967295
82.8325 4294967295
82.8325 4294967295
82.8376 4294967295
82.8376 4294967295
82.8427 4294967295
82.8427 4294967295
82.8469 4294967295
82.8469 4294967295
82.8529 4294967295
82.8529 4294967295
82.8588 4294967295
82.8588 4294967295
82.8647 4294967295
82.8647 4294967295
82.8707 4294967295
82.8707 4294967295
82.8758 4294967295
82.8758 4294967295
82.8817 4294967295
82.8817 4294967295
82.8876 4294967295
82.8876 4294967295
82.8936 4294967295
82.8936 4294967295
82.8995 4294967295
82.8995 4294967295
82.9046 4294967295
82.9046 4294967295
82.9114 4294967295
82.9114 4294967295
82.9165 4294967295
82.9165 4294967295
82.9233 4294967295
82.9233 4294967295
82.9283 4294967295
82.9283 4294967295
82.9317 4294967295
82.9317 4294967295
82.9368 4294967295
82.9368 4294967295
83.0496 4294967295
83.0496 4294967295
83.1356 4294967295
83.1356 4294967295
83.2209 4294967295
93.4518 4294967295
93.4577 4294967295
93.4577 4294967295
93.4637 4294967295
93.4637 4294967295
93.4696 4294967295
93.4696 4294967295
93.4755 4294967295
93.4755 4294967295
93.4815 4294967295
93.4815 4294967295
93.4866 4294967295
93.4866 4294967295
93.4908 4294967295
93.4908 4294967295
93.4942 4294967295
93.4942 4294967295
93.4967 4294967295
93.4967 4294967295
93.4993 4294967295
93.4993 4294967295
93.501 4294967295
93.501 4294967295
93.5044 4294967295
93.5044 4294967295
93.5069 4294967295
93.5069 4294967295
93.5111 4294967295
93.5111 4294967295
93.5154 4294967295
93.5154 4294967295
93.5196 4294967295
93.5196 4294967295
93.5264 4294967295
93.5264 4294967295
93.5315 4294967295
93.5315 4294967295
93.5374 4294967295
93.5374 4294967295
93.5425 4294967295
93.5425 4294967295
93.5493 4294967295
93.5493 4294967295
93.5552 4294967295
93.5552 4294967295
93.5603 4294967295
93.5603 4294967295
93.5663 4294967295
93.5663 4294967295
93.5714 4294967295
93.5714 4294967295
93.5781 4294967295
93.5781 4294967295
93.5832 4294967295
93.5832 4294967295
93.59 4294967295
93.59 4294967295
93.5942 4294967295
93.5942 4294967295
93.6002 4294967295
93.6002 4294967295
93.6061 4294967295
93.6061 4294967295
93.7121 4294967295
93.7121 4294967295
93.7978 4294967295
93.7978 4294967295
93.883 4294967295
111.722 4294967295
111.728 4294967295
111.728 4294967295
111.734 4294967295
111.734 4294967295
111.74 4294967295
111.74 4294967295
111.745 4294967295
111.745 4294967295
111.751 4294967295
111.751 4294967295
111.757 4294967295
111.757 4294967295
111.763 4294967295
111.763 4294967295
111.769 4294967295
111.769 4294967295
111.774 4294967295
111.774 4294967295
111.781 4294967295
111.781 4294967295
111.787 4294967295
111.787 4294967295
111.792 4294967295
111.792 4294967295
111.797 4294967295
111.797 4294967295
111.804 4294967295
111.804 4294967295
111.81 4294967295
111.81 4294967295
111.815 4294967295
111.815 4294967295
111.821 4294967295
111.821 4294967295
111.828 4294967295
111.828 4294967295
111.833 4294967295
111.833 4294967295
111.839 4294967295
111.839 4294967295
111.845 4294967295
111.845 4294967295
111.85 4294967295
111.85 4294967295
111.856 4294967295
111.856 4294967295
111.862 4294967295
111.862 4294967295
111.868 4294967295
111.868 4294967295
111.874 4294967295
111.874 4294967295
111.88 4294967295
111.88 4294967295
111.886 4294967295
111.886 4294967295
111.891 4294967295
111.891 4294967295
111.898 4294967295
111.898 4294967295
112 4294967295
112 4294967295
112.085 4294967295
112.085 4294967295
112.17 4294967295
122.454 4294967295
122.459 4294967295
122.459 4294967295
122.465 4294967295
122.465 4294967295
122.471 4294967295
122.471 4294967295
122.477 4294967295
122.477 4294967295
122.483 4294967295
122.483 4294967295
122.488 4294967295
122.488 4294967295
122.495 4294967295
122.495 4294967295
122.5 4294967295
122.5 4294967295
122.506 4294967295
122.506 4294967295
122.512 4294967295
122.512 4294967295
122.518 4294967295
122.518 4294967295
122.524 4294967295
122.524 4294967295
122.53 4294967295
122.53 4294967295
122.535 4294967295
122.535 4294967295
122.542 4294967295
122.542 4294967295
122.547 4294967295
122.547 4294967295
122.553 4294967295
122.553 4294967295
122.559 4294967295
122.559 4294967295
122.565 4294967295
122.565 4294967295
122.57 4294967295
122.57 4294967295
122.576 4294967295
122.576 4294967295
122.582 4294967295
122.582 4294967295
122.586 4294967295
122.586 4294967295
122.587 4294967295
122.587 4294967295
122.591 4294967295
122.591 4294967295
122.685 4294967295
122.685 4294967295
122.771 4294967295
122.771 4294967295
122.856 4294967295
133.059 4294967295
133.066 4294967295
133.066 4294967295
133.071 4294967295
133.071 4294967295
133.077 4294967295
133.077 4294967295
133.083 4294967295
133.083 4294967295
133.089 4294967295
133.089 4294967295
133.095 4294967295
133.095 4294967295
133.101 4294967295
133.101 4294967295
133.106 4294967295
133.106 4294967295
133.11 4294967295
133.11 4294967295
133.114 4294967295
133.114 4294967295
133.116 4294967295
133.116 4294967295
133.118 4294967295
133.118 4294967295
133.12 4294967295
133.12 4294967295
133.121 4294967295
133.121 4294967295
133.124 4294967295
133.124 4294967295
133.127 4294967295
133.127 4294967295
133.132 4294967295
133.132 4294967295
133.137 4294967295
133.137 4294967295
133.143 4294967295
133.143 4294967295
133.149 4294967295
133.149 4294967295
133.154 4294967295
133.154 4294967295
133.161 4294967295
133.161 4294967295
133.166 4294967295
133.166 4294967295
133.172 4294967295
133.172 4294967295
133.178 4294967295
133.178 4294967295
133.184 4294967295
133.184 4294967295
133.19 4294967295
133.19 4294967295
133.196 4294967295
133.196 4294967295
133.202 4294967295
133.202 4294967295
133.207 4294967295
133.207 4294967295
133.213 4294967295
133.213 4294967295
133.308 4294967295
133.308 4294967295
133.394 4294967295
133.394 4294967295
133.479 4294967295
143.693 4294967295
143.699 4294967295
143.699 4294967295
143.704 4294967295
143.704 4294967295
143.711 4294967295
143.711 4294967295
143.716 4294967295
143.716 4294967295
143.722 4294967295
143.722 4294967295
143.725 4294967295
143.725 4294967295
143.729 4294967295
143.729 4294967295
143.731 4294967295
143.731 4294967295
143.732 4294967295
143.732 4294967295
143.734 4294967295
143.734 4294967295
143.736 4294967295
143.736 4294967295
143.738 4294967295
143.738 4294967295
143.742 4294967295
143.742 4294967295
143.746 4294967295
143.746 4294967295
143.753 4294967295
143.753 4294967295
143.758 4294967295
143.758 4294967295
143.763 4294967295
143.763 4294967295
143.77 4294967295
143.77 4294967295
143.776 4294967295
143.776 4294967295
143.781 4294967295
143.781 4294967295
143.787 4294967295
143.787 4294967295
143.792 4294967295
143.792 4294967295
143.798 4294967295
143.798 4294967295
143.804 4294967295
143.804 4294967295
143.81 4294967295
143.81 4294967295
143.816 4294967295
143.816 4294967295
143.821 4294967295
143.821 4294967295
143.828 4294967295
143.828 4294967295
143.833 4294967295
143.833 4294967295
143.839 4294967295
143.839 4294967295
143.846 4294967295
143.846 4294967295
143.938 4294967295
143.938 4294967295
144.024 4294967295
144.024 4294967295
144.109 4294967295
154.349 4294967295
154.352 4294967295
154.352 4294967295
154.356 4294967295
154.356 4294967295
154.359 4294967295
154.359 4294967295
154.364 4294967295
154.364 4294967295
154.367 4294967295
154.367 4294967295
154.371 4294967295
154.371 4294967295
154.376 4294967295
154.376 4294967295
154.381 4294967295
154.381 4294967295
154.387 4294967295
154.387 4294967295
154.392 4294967295
154.392 4294967295
154.399 4294967295
154.399 4294967295
154.404 4294967295
154.404 4294967295
154.41 4294967295
154.41 4294967295
154.416 4294967295
154.416 4294967295
154.422 4294967295
154.422 4294967295
154.427 4294967295
154.427 4294967295
154.434 4294967295
154.434 4294967295
154.439 4294967295
154.439 4294967295
154.445 4294967295
154.445 4294967295
154.451 4294967295
154.451 4294967295
154.457 4294967295
154.457 4294967295
154.463 4294967295
154.463 4294967295
154.469 4294967295
154.469 4294967295
154.474 4294967295
154.474 4294967295
154.479 4294967295
154.479 4294967295
154.482 4294967295
154.482 4294967295
154.486 4294967295
154.486 4294967295
154.49 4294967295
154.49 4294967295
154.592 4294967295
154.592 4294967295
154.677 4294967295
154.677 4294967295
154.762 4294967295
164.965 4294967295
164.97 4294967295
164.97 4294967295
164.976 4294967295
164.976 4294967295
164.982 4294967295
164.982 4294967295
164.988 4294967295
164.988 4294967295
164.994 4294967295
164.994 4294967295
165 4294967295
165 4294967295
165.005 4294967295
165.005 4294967295
165.01 4294967295
165.01 4294967295
165.015 4294967295
165.015 4294967295
165.018 4294967295
165.018 4294967295
165.021 4294967295
165.021 4294967295
165.024 4294967295
165.024 4294967295
165.026 4294967295
165.026 4294967295
165.027 4294967295
165.027 4294967295
165.03 4294967295
165.03 4294967295
165.034 4294967295
165.034 4294967295
165.037 4294967295
165.037 4294967295
165.043 4294967295
165.043 4294967295
165.048 4294967295
165.048 4294967295
165.054 4294967295
165.054 4294967295
165.059 4294967295
165.059 4294967295
165.066 4294967295
165.066 4294967295
165.071 4294967295
165.071 4294967295
165.077 4294967295
165.077 4294967295
165.083 4294967295
165.083 4294967295
165.089 4294967295
165.089 4294967295
165.094 4294967295
165.094 4294967295
165.1 4294967295
165.1 4294967295
165.106 4294967295
165.106 4294967295
165.112 4294967295
165.112 4294967295
165.206 4294967295
165.206 4294967295
165.291 4294967295
165.291 4294967295
165.377 4294967295
175.584 4294967295
175.589 4294967295
175.589 4294967295
175.595 4294967295
175.595 4294967295
175.601 4294967295
175.601 4294967295
175.606 4294967295
175.606 4294967295
175.612 4294967295
175.612 4294967295
175.618 4294967295
175.618 4294967295
175.624 4294967295
175.624 4294967295
175.63 4294967295
175.63 4294967295
175.635 4294967295
175.635 4294967295
175.64 4294967295
175.64 4294967295
175.641 4294967295
175.641 4294967295
175.643 4294967295
175.643 4294967295
175.645 4294967295
175.645 4294967295
175.646 4294967295
175.646 4294967295
175.648 4294967295
175.648 4294967295
175.651 4294967295
175.651 4294967295
175.656 4294967295
175.656 4294967295
175.661 4294967295
175.661 4294967295
175.667 4294967295
175.667 4294967295
175.672 4294967295
175.672 4294967295
175.679 4294967295
175.679 4294967295
175.685 4294967295
175.685 4294967295
175.69 4294967295
175.69 4294967295
175.696 4294967295
175.696 4294967295
175.701 4294967295
175.701 4294967295
175.707 4294967295
175.707 4294967295
175.712 4294967295
175.712 4294967295
175.719 4294967295
175.719 4294967295
175.725 4294967295
175.725 4294967295
175.73 4294967295
175.73 4294967295
175.824 4294967295
175.824 4294967295
175.909 4294967295
175.909 4294967295
175.994 4294967295
186.205 4294967295
186.21 4294967295
186.21 4294967295
186.216 4294967295
186.216 4294967295
186.223 4294967295
186.223 4294967295
186.228 4294967295
186.228 4294967295
186.234 4294967295
186.234 4294967295
186.24 4294967295
186.24 4294967295
186.245 4294967295
186.245 4294967295
186.251 4294967295
186.251 4294967295
186.256 4294967295
186.256 4294967295
186.26 4294967295
186.26 4294967295
186.262 4294967295
186.262 4294967295
186.264 4294967295
186.264 4294967295
186.266 4294967295
186.266 4294967295
186.268 4294967295
186.268 4294967295
186.27 4294967295
186.27 4294967295
186.273 4294967295
186.273 4294967295
186.277 4294967295
186.277 4294967295
186.282 4294967295
186.282 4294967295
186.288 4294967295
186.288 4294967295
186.295 4294967295
186.295 4294967295
186.3 4294967295
186.3 4294967295
186.306 4294967295
186.306 4294967295
186.311 4294967295
186.311 4294967295
186.317 4294967295
186.317 4294967295
186.323 4294967295
186.323 4294967295
186.329 4294967295
186.329 4294967295
186.335 4294967295
186.335 4294967295
186.34 4294967295
186.34 4294967295
186.346 4294967295
186.346 4294967295
186.352 4294967295
186.352 4294967295
186.358 4294967295
186.358 4294967295
186.453 4294967295
186.453 4294967295
186.538 4294967295
186.538 4294967295
186.624 4294967295
196.85 4294967295
196.856 4294967295
196.856 4294967295
196.861 4294967295
196.861 4294967295
196.866 4294967295
196.866 4294967295
196.87 4294967295
196.87 4294967295
196.873 4294967295
196.873 4294967295
196.877 4294967295
196.877 4294967295
196.881 4294967295
196.881 4294967295
196.883 4294967295
196.883 4294967295
196.885 4294967295
196.885 4294967295
196.889 4294967295
196.889 4294967295
196.892 4294967295
196.892 4294967295
196.896 4294967295
196.896 4294967295
196.9 4294967295
196.9 4294967295
196.904 4294967295
196.904 4294967295
196.909 4294967295
196.909 4294967295
196.915 4294967295
196.915 4294967295
196.921 4294967295
196.921 4294967295
196.926 4294967295
196.926 4294967295
196.932 4294967295
196.932 4294967295
196.939 4294967295
196.939 4294967295
196.944 4294967295
196.944 4294967295
196.95 4294967295
196.95 4294967295
196.956 4294967295
196.956 4294967295
196.961 4294967295
196.961 4294967295
196.967 4294967295
196.967 4294967295
196.973 4294967295
196.973 4294967295
196.979 4294967295
196.979 4294967295
196.984 4294967295
196.984 4294967295
196.991 4294967295
196.991 4294967295
196.996 4294967295
196.996 4294967295
197.002 4294967295
197.002 4294967295
197.095 4294967295
197.095 4294967295
197.181 4294967295
197.181 4294967295
197.266 4294967295
