0.0 0
0.214139 0.204
0.432958 0.204875
0.447075 0.205766
0.461193 0.206545
0.475311 0.207227
0.623552 0.224573
0.637669 0.223002
0.651787 0.221502
0.665905 0.220189
0.680022 0.219165
0.69414 0.21827
0.708258 0.217486
0.722376 0.2168
0.736493 0.2162
0.750611 0.215675
0.764729 0.215216
0.778846 0.214689
0.792964 0.214228
0.807082 0.213949
0.8212 0.213706
0.835317 0.213492
0.849435 0.213306
0.863553 0.213143
0.87767 0.213
0.891788 0.21275
0.905906 0.212531
0.920024 0.212465
0.934141 0.212407
0.948259 0.212356
0.962377 0.212311
0.976494 0.212272
0.990612 0.212238
1.00473 0.212209
1.01885 0.212057
1.03297 0.211925
1.04708 0.211935
1.0612 0.211943
1.07532 0.21195
1.08944 0.211956
1.10355 0.211962
1.11767 0.211966
1.13179 0.211846
1.14591 0.21174
1.16002 0.211772
1.17414 0.211801
1.18826 0.211826
1.20238 0.211848
1.2165 0.211867
1.23061 0.211883
1.24473 0.211898
1.25885 0.211786
1.27297 0.211687
1.28708 0.211727
1.3012 0.211761
1.31532 0.211791
1.32944 0.211817
1.34356 0.21184
1.35767 0.21186
1.37179 0.211752
1.38591 0.211658
1.40003 0.211701
1.41414 0.211738
1.42826 0.211771
1.44238 0.2118
1.4565 0.211825
1.47061 0.211847
1.48473 0.211866
1.49885 0.211758
1.51297 0.211663
1.52709 0.211705
1.5412 0.211742
1.55532 0.211774
1.56944 0.211802
1.58356 0.211827
1.59767 0.211849
1.61179 0.211743
1.62591 0.21165
1.64003 0.211694
1.65414 0.211732
1.66826 0.211765
1.68238 0.211795
1.6965 0.21182
1.71062 0.211843
1.72473 0.211862
1.73885 0.211755
1.75297 0.21166
1.76709 0.211703
1.7812 0.21174
1.79532 0.211772
1.80944 0.211801
1.82356 0.211826
1.83768 0.211848
1.85179 0.211742
1.86591 0.211649
1.88003 0.211693
1.89415 0.211731
1.90826 0.211765
1.92238 0.211794
1.9365 0.21182
1.95062 0.211842
1.96473 0.211862
1.97885 0.211754
1.99297 0.21166
2.00709 0.211703
2.02121 0.21174
2.03532 0.211772
2.04944 0.211801
2.06356 0.211826
2.07768 0.211847
2.09179 0.211742
2.10591 0.211649
2.12003 0.211693
2.13415 0.211731
2.14826 0.211765
2.16238 0.211794
2.1765 0.21182
2.19062 0.211842
2.20474 0.211862
2.21885 0.211754
2.23297 0.21166
2.24709 0.211703
2.26121 0.21174
2.27532 0.211772
2.28944 0.211801
2.30356 0.211826
2.31768 0.211847
2.3318 0.211741
2.34591 0.211649
2.36003 0.211693
2.37415 0.211731
2.38827 0.211765
2.40238 0.211794
2.4165 0.21182
2.43062 0.211842
2.44474 0.211862
2.45885 0.211754
2.47297 0.21166
2.48709 0.211703
2.50121 0.21174
2.51533 0.211772
2.52944 0.211801
2.54356 0.211826
2.55768 0.211847
2.5718 0.211741
2.58591 0.211649
2.60003 0.211693
2.61415 0.211731
2.62827 0.211765
2.64238 0.211794
2.6565 0.21182
2.67062 0.211842
2.68474 0.211862
2.69886 0.211754
2.71297 0.21166
2.72709 0.211703
2.74121 0.21174
2.75533 0.211772
2.76944 0.211801
2.78356 0.211826
2.79768 0.211847
2.8118 0.211741
2.82592 0.211649
2.84003 0.211693
2.85415 0.211731
2.86827 0.211765
2.88239 0.211794
2.8965 0.21182
2.91062 0.211842
2.92474 0.211862
2.93886 0.211754
2.95297 0.21166
2.96709 0.211703
2.98121 0.21174
2.99533 0.211772
3.00945 0.211801
3.02356 0.211826
3.03768 0.211847
3.0518 0.211741
3.06592 0.211649
3.08003 0.211693
3.09415 0.211731
3.10827 0.211765
3.12239 0.211794
3.13651 0.21182
3.15062 0.211842
3.16474 0.211862
3.17886 0.211754
3.19298 0.21166
3.20709 0.211703
3.22121 0.21174
3.23533 0.211772
3.24945 0.211801
3.26356 0.211826
3.27768 0.211847
3.2918 0.211741
3.30592 0.211649
3.32004 0.211693
3.33415 0.211731
3.34827 0.211765
3.36239 0.211794
3.37651 0.21182
3.39062 0.211842
3.40474 0.211862
3.41886 0.211754
3.43298 0.21166
3.44709 0.211703
3.46121 0.21174
3.47533 0.211772
3.48945 0.211801
3.50357 0.211826
3.51768 0.211847
3.5318 0.211741
3.54592 0.211649
3.56004 0.211693
3.57415 0.211731
3.58827 0.211765
3.60239 0.211794
3.61651 0.21182
3.63063 0.211842
3.64474 0.211862
3.65886 0.211754
3.67298 0.21166
3.6871 0.211703
3.70121 0.21174
3.71533 0.211772
3.72945 0.211801
3.74357 0.211826
3.75768 0.211847
3.7718 0.211741
3.78592 0.211649
3.80004 0.211693
3.81416 0.211731
3.82827 0.211765
3.84239 0.211794
3.85651 0.21182
3.87063 0.211842
3.88474 0.211862
3.89886 0.211754
3.91298 0.21166
3.9271 0.211703
3.94121 0.21174
3.95533 0.211772
3.96945 0.211801
3.98357 0.211826
3.99769 0.211847
4.0118 0.211741
4.02592 0.211649
4.04004 0.211693
4.05416 0.211731
4.06827 0.211765
4.08239 0.211794
4.09651 0.21182
4.11063 0.211842
4.12475 0.211862
4.13886 0.211754
4.15298 0.21166
4.1671 0.211703
4.18122 0.21174
4.19533 0.211772
4.20945 0.211801
4.22357 0.211826
4.23769 0.211847
4.2518 0.211741
4.26592 0.211649
4.28004 0.211693
4.29416 0.211731
4.30828 0.211765
4.32239 0.211794
4.33651 0.21182
4.35063 0.211842
4.36475 0.211862
4.37886 0.211754
4.39298 0.21166
4.4071 0.211703
4.42122 0.21174
4.43533 0.211772
4.44945 0.211801
4.46357 0.211826
4.47769 0.211847
4.49181 0.211741
4.50592 0.211649
4.52004 0.211693
4.53416 0.211731
4.54828 0.211765
4.56239 0.211794
4.57651 0.21182
4.59063 0.211842
4.60475 0.211862
4.61887 0.211754
4.63298 0.21166
4.6471 0.211703
4.66122 0.21174
4.67534 0.211772
4.68945 0.211801
4.70357 0.211826
4.71769 0.211847
4.73181 0.211741
4.74592 0.211649
4.76004 0.211693
4.77416 0.211731
4.78828 0.211765
4.8024 0.211794
4.81651 0.21182
4.83063 0.211842
4.84475 0.211862
4.85887 0.211754
4.87298 0.21166
4.8871 0.211703
4.90122 0.21174
4.91534 0.211772
4.92945 0.211801
4.94357 0.211826
4.95769 0.211847
4.97181 0.211741
4.98593 0.211649
5.00004 0.211693
5.01416 0.211731
5.02828 0.211765
5.0424 0.211794
5.05651 0.21182
5.07063 0.211842
5.08475 0.211862
5.09887 0.211754
5.11299 0.21166
5.1271 0.211703
5.14122 0.21174
5.15534 0.211772
5.16946 0.211801
5.18357 0.211826
5.19769 0.211847
5.21181 0.211741
5.22593 0.211649
5.24004 0.211693
5.25416 0.211731
5.26828 0.211765
5.2824 0.211794
5.29652 0.21182
5.31063 0.211842
5.32475 0.211862
5.33887 0.211754
5.35299 0.21166
5.3671 0.211703
5.38122 0.21174
5.39534 0.211772
5.40946 0.211801
5.42358 0.211826
5.43769 0.211847
5.45181 0.211741
5.46593 0.211649
5.48005 0.211693
5.49416 0.211731
5.50828 0.211765
5.5224 0.211794
5.53652 0.21182
5.55063 0.211842
5.56475 0.211862
5.57887 0.211754
5.59299 0.21166
5.60711 0.211703
5.62122 0.21174
5.63534 0.211772
5.64946 0.211801
5.66358 0.211826
5.67769 0.211847
5.69181 0.211741
5.70593 0.211649
5.72005 0.211693
5.73416 0.211731
5.74828 0.211765
5.7624 0.211794
5.77652 0.21182
5.79064 0.211842
5.80475 0.211862
5.81887 0.211754
5.83299 0.21166
5.84711 0.211703
5.86122 0.21174
5.87534 0.211772
5.88946 0.211801
5.90358 0.211826
5.9177 0.211847
5.93181 0.211741
5.94593 0.211649
5.96005 0.211693
5.97417 0.211731
5.98828 0.211765
6.0024 0.211794
6.01652 0.21182
6.03064 0.211842
6.04475 0.211862
6.05887 0.211754
6.07299 0.21166
6.08711 0.211703
6.10123 0.21174
6.11534 0.211772
6.12946 0.211801
6.14358 0.211826
6.1577 0.211847
6.17181 0.211741
6.18593 0.211649
6.20005 0.211693
6.21417 0.211731
6.22828 0.211765
6.2424 0.211794
6.25652 0.21182
6.27064 0.211842
6.28476 0.211862
6.29887 0.211754
6.31299 0.21166
6.32711 0.211703
6.34123 0.21174
6.35534 0.211772
6.36946 0.211801
6.38358 0.211826
6.3977 0.211847
6.41182 0.211741
6.42593 0.211649
6.44005 0.211693
6.45417 0.211731
6.46829 0.211765
6.4824 0.211794
6.49652 0.21182
6.51064 0.211842
6.52476 0.211862
6.53887 0.211754
6.55299 0.21166
6.56711 0.211703
6.58123 0.21174
6.59535 0.211772
6.60946 0.211801
6.62358 0.211826
6.6377 0.211847
6.65182 0.211741
6.66593 0.211649
6.68005 0.211693
6.69417 0.211731
6.70829 0.211765
6.7224 0.211794
6.73652 0.21182
6.75064 0.211842
6.76476 0.211862
6.77888 0.211754
6.79299 0.21166
6.80711 0.211703
6.82123 0.21174
6.83535 0.211772
6.84946 0.211801
6.86358 0.211826
6.8777 0.211847
6.89182 0.211741
6.90594 0.211649
6.92005 0.211693
6.93417 0.211731
6.94829 0.211765
6.96241 0.211794
6.97652 0.21182
6.99064 0.211842
7.00476 0.211862
7.01888 0.211754
7.03299 0.21166
7.04711 0.211703
7.06123 0.21174
7.07535 0.211772
7.08947 0.211801
7.10358 0.211826
7.1177 0.211847
7.13182 0.211741
7.14594 0.211649
7.16005 0.211693
7.17417 0.211731
7.18829 0.211765
7.20241 0.211794
7.21652 0.21182
7.23064 0.211842
7.24476 0.211737
7.25888 0.211645
7.273 0.211564
7.28711 0.211619
7.30123 0.211666
7.31535 0.211708
7.32947 0.211745
7.34358 0.211777
7.3577 0.211804
7.37182 0.211704
7.38594 0.211616
7.40006 0.211664
7.41417 0.211706
7.42829 0.211743
7.44241 0.211775
7.45653 0.211803
7.47064 0.211828
7.48476 0.211724
7.49888 0.211634
7.513 0.211554
7.52711 0.21161
7.54123 0.211659
7.55535 0.211702
7.56947 0.211739
7.58359 0.211771
7.5977 0.2118
7.61182 0.2117
7.62594 0.211613
7.64006 0.211661
7.65417 0.211703
7.66829 0.21174
7.68241 0.211773
7.69653 0.211801
7.71065 0.211826
7.72476 0.211723
7.73888 0.211632
7.753 0.211553
7.76712 0.211609
7.78123 0.211658
7.79535 0.211701
7.80947 0.211738
7.82359 0.211771
7.8377 0.2118
7.85182 0.2117
7.86594 0.211612
7.88006 0.211661
7.89418 0.211703
7.90829 0.21174
7.92241 0.211773
7.93653 0.211801
7.95065 0.211826
7.96476 0.211723
7.97888 0.211632
7.993 0.211553
8.00712 0.211609
8.02123 0.211658
8.03535 0.211701
8.04947 0.211738
8.06359 0.211771
8.07771 0.2118
8.09182 0.2117
8.10594 0.211612
8.12006 0.211661
8.13418 0.211703
8.14829 0.21174
8.16241 0.211773
8.17653 0.211801
8.19065 0.211826
8.20477 0.211723
8.21888 0.211632
8.233 0.211678
8.24712 0.211719
8.26124 0.211754
8.27535 0.211784
8.28947 0.211811
8.30359 0.211835
8.31771 0.211856
8.33182 0.211749
8.34594 0.211655
8.36006 0.211698
8.37418 0.211736
8.3883 0.211769
8.40241 0.211798
8.41653 0.211823
8.43065 0.211845
8.44477 0.21174
8.45888 0.211647
8.473 0.211691
8.48712 0.21173
8.50124 0.211764
8.51535 0.211793
8.52947 0.211819
8.54359 0.211842
8.55771 0.211861
8.57183 0.211754
8.58594 0.21166
8.60006 0.211702
8.61418 0.211739
8.6283 0.211772
8.64241 0.2118
8.65653 0.211825
8.67065 0.211847
8.68477 0.211741
8.69889 0.211649
8.713 0.211693
8.72712 0.211731
8.74124 0.211765
8.75536 0.211794
8.76947 0.21182
8.78359 0.211842
8.79771 0.211862
8.81183 0.211754
8.82594 0.21166
8.84006 0.211702
8.85418 0.21174
8.8683 0.211772
8.88242 0.211801
8.89653 0.211826
8.91065 0.211847
8.92477 0.211741
8.93889 0.211649
8.953 0.211693
8.96712 0.211731
8.98124 0.211765
8.99536 0.211794
9.00947 0.21182
9.02359 0.211842
9.03771 0.211862
9.05183 0.211754
9.06595 0.21166
9.08006 0.211703
9.09418 0.21174
9.1083 0.211772
9.12242 0.211801
9.13653 0.211826
9.15065 0.211847
9.16477 0.211741
9.17889 0.211649
9.19301 0.211693
9.20712 0.211731
9.22124 0.211765
9.23536 0.211794
9.24948 0.21182
9.26359 0.211842
9.27771 0.211862
9.29183 0.211754
9.30595 0.21166
9.32006 0.211703
9.33418 0.21174
9.3483 0.211772
9.36242 0.211801
9.37654 0.211826
9.39065 0.211847
9.40477 0.211741
9.41889 0.211649
9.43301 0.211693
9.44712 0.211731
9.46124 0.211765
9.47536 0.211794
9.48948 0.21182
9.50359 0.211842
9.51771 0.211862
9.53183 0.211754
9.54595 0.21166
9.56007 0.211703
9.57418 0.21174
9.5883 0.211772
9.60242 0.211801
9.61654 0.211826
9.63065 0.211847
9.64477 0.211741
9.65889 0.211649
9.67301 0.211693
9.68713 0.211731
9.70124 0.211765
9.71536 0.211794
9.72948 0.21182
9.7436 0.211842
9.75771 0.211862
9.77183 0.211754
9.78595 0.21166
9.80007 0.211703
9.81418 0.21174
9.8283 0.211772
9.84242 0.211801
9.85654 0.211826
9.87066 0.211847
9.88477 0.211741
9.89889 0.211649
9.91301 0.211693
9.92713 0.211731
9.94124 0.211765
9.95536 0.211794
9.96948 0.21182
9.9836 0.211842
9.99772 0.211862
10.0118 0.211754
10.026 0.21166
10.0401 0.211703
10.0542 0.21174
10.0683 0.211772
10.0824 0.211801
10.0965 0.211826
10.1107 0.211847
10.1248 0.211741
10.1389 0.211649
10.153 0.211693
10.1671 0.211731
10.1812 0.211765
10.1954 0.211794
10.2095 0.21182
10.2236 0.211842
10.2377 0.211862
10.2518 0.211754
10.266 0.21166
10.2801 0.211703
10.2942 0.21174
10.3083 0.211772
10.3224 0.211801
10.3365 0.211826
10.3507 0.211847
10.3648 0.211741
10.3789 0.211649
10.393 0.211693
10.4071 0.211731
10.4212 0.211765
10.4354 0.211794
10.4495 0.21182
10.4636 0.211842
10.4777 0.211862
10.4918 0.211754
10.506 0.21166
10.5201 0.211703
10.5342 0.21174
10.5483 0.211772
10.5624 0.211801
10.5765 0.211826
10.5907 0.211847
10.6048 0.211741
10.6189 0.211649
10.8165 0.211693
10.8307 0.211731
11.0283 0.211765
11.0424 0.211794
11.2401 0.21182
11.2542 0.211842
11.4518 0.211737
11.4659 0.211645
11.6636 0.211689
11.6777 0.211728
11.8753 0.211762
11.8895 0.211792
12.0871 0.211818
12.1012 0.211841
12.2989 0.211736
12.313 0.211644
12.5106 0.211688
12.5247 0.211727
12.7224 0.211761
12.7365 0.211791
12.9341 0.211817
12.9483 0.21184
13.1459 0.211735
13.16 0.211768
13.3577 0.211797
13.3718 0.211698
13.5694 0.211735
13.5835 0.211768
13.7812 0.211797
13.7953 0.211823
13.9929 0.21172
14.007 0.211755
14.2047 0.211786
14.2188 0.211687
14.4165 0.211726
14.4306 0.211761
14.6282 0.211791
14.6423 0.211817
14.84 0.211715
14.8541 0.21175
15.0517 0.211782
15.0658 0.211684
15.2635 0.211723
15.2776 0.211758
15.4752 0.211788
15.4894 0.211815
15.687 0.211838
15.7011 0.211858
15.8988 0.211751
15.9129 0.211657
16.1105 0.2117
16.1246 0.211737
16.3223 0.21177
16.3364 0.211799
16.534 0.211824
16.5482 0.211846
16.7458 0.21174
16.7599 0.211648
16.9576 0.211692
16.9717 0.21173
17.1693 0.211764
17.1834 0.211794
17.3811 0.211819
17.3952 0.211842
17.5928 0.211737
17.607 0.211645
17.8046 0.211689
17.8187 0.211728
18.0164 0.211762
18.0305 0.211792
18.2281 0.211818
18.2422 0.21184
18.4399 0.211735
18.454 0.211768
18.6516 0.211797
18.6658 0.211698
18.8634 0.211736
18.8775 0.211769
19.0752 0.211798
19.0893 0.211823
19.2869 0.21172
19.301 0.211755
19.4987 0.211786
19.5128 0.211687
19.7104 0.211726
19.7246 0.211761
19.9222 0.211791
19.9363 0.211817
20.134 0.211715
20.1481 0.21175
20.3457 0.211782
20.3598 0.211684
20.5575 0.211723
20.5716 0.211758
20.7692 0.211788
20.7834 0.211815
20.981 0.211713
20.9951 0.211749
21.1928 0.21178
21.2071 0.211808
21.4045 0.211832
21.4189 0.211728
21.6166 0.211762
21.6307 0.211792
21.8284 0.211818
21.8425 0.21184
22.0402 0.21186
22.0545 0.211878
22.2519 0.211768
22.2663 0.211797
22.4639 0.211822
22.478 0.211845
22.6757 0.211864
22.6898 0.211756
22.8876 0.211787
22.9016 0.211813
23.0993 0.211837
23.1138 0.211857
23.3111 0.211875
23.326 0.211891
23.5232 0.211904
23.5381 0.212041
23.7354 0.212036
23.7503 0.212032
23.9475 0.212028
23.9625 0.212024
24.1597 0.212021
24.1746 0.212018
24.3719 0.212016
24.3868 0.212014
24.584 0.212137
24.599 0.21212
24.7962 0.212105
24.8112 0.212217
25.0084 0.21219
25.0233 0.212166
25.2206 0.212145
25.2355 0.212127
25.4327 0.212111
25.4477 0.212097
25.6449 0.212085
25.6598 0.212075
25.8571 0.21219
25.872 0.212291
26.0692 0.212255
26.0842 0.212223
26.2814 0.212195
26.2964 0.212171
26.4936 0.212149
26.5085 0.212131
26.7058 0.212114
26.7207 0.2121
26.9179 0.212088
26.9329 0.212077
27.1301 0.212192
27.145 0.212293
27.3423 0.212256
27.3572 0.212224
27.5544 0.212196
27.5694 0.212172
27.7666 0.21215
27.7816 0.212132
27.9788 0.212115
27.9933 0.212101
28.191 0.212088
28.2053 0.212077
28.4027 0.212067
28.4175 0.212059
28.6147 0.212052
28.6296 0.212045
28.8269 0.21204
28.8418 0.212035
29.0391 0.212155
29.054 0.212136
29.2512 0.212119
29.2662 0.212229
29.4634 0.2122
29.4783 0.212175
29.6756 0.212153
29.6905 0.212134
29.8877 0.212117
29.9027 0.212103
30.0999 0.21209
30.1149 0.212079
30.3121 0.212194
30.327 0.212295
30.5243 0.212258
30.5392 0.212226
30.736 0.212197
30.751 0.212048
30.9478 0.211917
30.9627 0.211927
31.1596 0.211936
31.1745 0.211944
31.3713 0.211951
31.3862 0.211957
31.5831 0.211963
31.598 0.211842
31.7952 0.211862
31.8101 0.212004
32.0073 0.212004
32.0222 0.212003
32.2195 0.212003
32.2344 0.212002
32.4316 0.212002
32.4465 0.212002
32.6438 0.212002
32.6587 0.212001
32.8559 0.212001
32.8708 0.212001
33.0681 0.212126
33.0826 0.21211
33.2802 0.212096
33.2943 0.212084
33.492 0.211949
33.5064 0.211955
33.7037 0.211961
33.7185 0.211966
33.9158 0.21197
33.9307 0.211974
34.1279 0.211977
34.1428 0.21198
34.3401 0.212107
34.355 0.212094
34.5522 0.212082
34.5671 0.212197
34.7644 0.212172
34.7793 0.212151
34.9765 0.212132
34.9914 0.212115
35.1887 0.212101
35.2036 0.212088
35.4008 0.212077
35.4157 0.212068
35.613 0.212059
35.6278 0.212052
35.8251 0.21217
35.84 0.212149
36.0372 0.21213
36.0521 0.212239
36.2494 0.212209
36.2643 0.212183
36.4615 0.21216
36.476 0.21214
36.6737 0.212123
36.6881 0.212107
36.8854 0.212094
36.8998 0.211957
37.0975 0.211963
37.1116 0.211967
37.3092 0.211971
37.3234 0.211975
37.521 0.211853
37.5352 0.211871
37.7328 0.211887
37.7473 0.211902
37.9446 0.211914
37.9594 0.211925
38.1567 0.211934
38.1716 0.211942
38.3688 0.211949
38.3837 0.211956
38.581 0.211961
38.5959 0.211966
38.7931 0.212095
38.808 0.212208
39.0053 0.212182
39.0198 0.212035
39.2174 0.21203
39.2315 0.212026
39.4292 0.212023
39.4436 0.21202
39.6409 0.211893
39.6558 0.211906
39.853 0.212043
39.8679 0.212038
40.0652 0.212033
40.08 0.212154
40.2773 0.212135
40.2922 0.212118
40.4894 0.212103
40.5043 0.21209
40.7016 0.212079
40.7167 0.212069
40.9137 0.21206
40.9286 0.212053
41.1255 0.212046
41.1408 0.21204
41.3376 0.212035
41.3533 0.212156
41.5517 0.212386
41.5691 0.212838
41.7635 0.212733
41.781 0.212642
41.9752 0.212561
41.9971 0.212991
42.2163 0.216492
42.2383 0.219556
42.4575 0.222236
42.4796 0.224582
42.6983 0.226634
42.7204 0.22843
42.9396 0.230001
42.9612 0.231376
43.1809 0.232579
43.2021 0.233632
43.4217 0.234553
43.4433 0.235359
43.6625 0.236064
43.6841 0.236681
43.9034 0.237221
43.925 0.237568
44.1446 0.237997
44.1658 0.238372
44.3723 0.237076
44.3935 0.235941
44.6004 0.234949
44.6216 0.23408
44.8285 0.23332
44.8497 0.232655
45.0566 0.232073
45.0778 0.231564
45.2843 0.231119
45.3055 0.230729
45.512 0.230388
45.5332 0.230089
45.7397 0.229703
45.7609 0.229365
45.967 0.22907
45.9882 0.228936
46.1942 0.228819
46.2154 0.228591
46.4219 0.228393
46.4427 0.228218
46.6492 0.228191
46.67 0.228042
46.8705 0.227162
46.8917 0.226517
47.0914 0.225827
47.1126 0.225224
47.3127 0.224696
47.3339 0.224234
47.5345 0.223955
47.5553 0.22371
47.7554 0.223371
47.7766 0.223075
47.9767 0.222816
47.9979 0.222589
48.1976 0.22239
48.2188 0.222216
48.4185 0.222064
48.4397 0.221931
48.6394 0.221815
48.6602 0.221713
48.8603 0.221624
48.8815 0.221546
49.0812 0.221478
49.102 0.221418
49.2992 0.220991
49.3208 0.220617
49.5175 0.22029
49.5392 0.220129
49.7355 0.219862
49.7571 0.21963
49.9543 0.219551
49.9755 0.219357
50.173 0.219312
50.1938 0.219148
50.3914 0.219005
50.4122 0.219004
50.6089 0.218754
50.6297 0.218534
50.8207 0.217718
50.8417 0.217003
51.0324 0.216378
51.0552 0.21608
51.2502 0.21632
51.2739 0.21653
51.4655 0.216339
51.4914 0.216547
51.6831 0.216728
51.7089 0.216762
51.901 0.216792
51.9264 0.216943
52.1185 0.217075
52.1444 0.217191
52.336 0.217292
52.3619 0.217255
52.5535 0.217223
52.5798 0.217321
52.771 0.217405
52.7973 0.21748
52.9886 0.21742
53.0148 0.217367
53.2044 0.217196
53.2311 0.217172
53.4202 0.217025
53.4473 0.216897
53.6352 0.21666
53.6627 0.216453
53.8501 0.216271
53.8781 0.216237
54.0651 0.216082
54.0931 0.215947
54.2805 0.215829
54.308 0.215725
54.4959 0.215635
54.523 0.215555
54.7113 0.215611
54.738 0.215409
54.9262 0.215358
54.9529 0.215313
55.1412 0.215274
55.1683 0.215365
55.3562 0.215319
55.3833 0.215279
55.5711 0.215245
55.5983 0.215214
55.7861 0.215187
55.8132 0.215164
56.0006 0.215018
56.0278 0.214891
56.2152 0.214905
56.2423 0.214917
56.4297 0.214802
56.4569 0.214702
56.6443 0.214739
56.6718 0.214772
56.8584 0.214675
56.886 0.214591
57.0725 0.214517
57.1001 0.214577
57.2866 0.214505
57.3142 0.214442
57.5008 0.214387
57.5283 0.214338
57.7149 0.214296
57.7429 0.214259
57.9294 0.214352
57.957 0.214308
58.1435 0.214269
58.1715 0.214361
58.3581 0.214441
58.3856 0.214385
58.5722 0.214337
58.5998 0.214295
58.7859 0.214133
58.8139 0.214117
59 0.214227
59.028 0.214324
59.2141 0.214283
59.2426 0.214248
59.4283 0.214217
59.4567 0.21419
59.6428 0.214166
59.6708 0.214145
59.8569 0.214127
59.8849 0.214111
60.0715 0.214222
60.099 0.21432
60.2852 0.21428
60.3132 0.214245
60.5036 0.214714
60.532 0.21525
60.7233 0.215844
60.7529 0.216363
60.9463 0.217193
60.9755 0.217919
61.1803 0.219929
61.2113 0.221938
61.3921 0.220695
61.4234 0.219609
61.604 0.218532
61.6359 0.217716
61.8712 0.224001
61.9213 0.231751
62.2032 0.244282
62.2541 0.255372
62.5357 0.264951
62.5865 0.273332
62.8681 0.28079
62.9185 0.287191
63.1984 0.292543
63.2467 0.296975
63.5265 0.300853
63.5753 0.304371
63.8543 0.307325
63.9031 0.309909
64.143 0.307296
64.1804 0.303509
64.3885 0.296195
64.4343 0.290921
64.6476 0.286931
64.6925 0.283314
64.9062 0.280275
64.9508 0.277491
65.1645 0.275054
65.209 0.272923
65.4227 0.271057
65.4672 0.26955
65.6809 0.268106
65.7254 0.266843
65.9391 0.265863
65.9836 0.26488
66.1973 0.26402
66.2414 0.263267
66.4547 0.262484
66.4988 0.261798
66.7125 0.261324
66.7557 0.260783
66.9584 0.258935
66.9991 0.257068
67.1941 0.254435
67.2357 0.25213
67.4307 0.250114
67.4727 0.248475
67.6678 0.247041
67.7097 0.245785
67.9052 0.244812
67.9467 0.243836
68.1422 0.242981
68.1842 0.242359
68.3792 0.241689
68.4212 0.241103
68.6162 0.24059
68.6582 0.240141
68.8528 0.239623
68.8948 0.239171
69.0894 0.238899
69.1314 0.238662
69.326 0.238454
69.3684 0.238272
69.5571 0.237363
69.5995 0.236568
69.7848 0.235372
69.8268 0.234325
70.0125 0.233535
70.0549 0.232843
70.2402 0.232238
70.2826 0.231708
70.4678 0.231119
70.5102 0.230729
70.696 0.230388
70.7379 0.229965
70.9236 0.229719
70.9656 0.229504
71.1518 0.229316
71.1933 0.229152
71.3794 0.229008
71.4206 0.228757
71.6071 0.228662
71.6478 0.228454
71.8189 0.226273
71.8596 0.224489
72.0307 0.222927
72.0714 0.221562
72.2424 0.220366
72.2837 0.219321
72.4554 0.21853
72.4974 0.217964
72.6712 0.217719
72.7136 0.217504
72.8879 0.217316
72.9307 0.217276
73.105 0.217242
73.1478 0.217212
73.3221 0.21731
73.3649 0.217271
73.5396 0.217237
73.5824 0.217333
73.7567 0.217291
73.7999 0.217255
73.9737 0.217223
74.017 0.217195
74.1908 0.217171
74.2341 0.217274
74.4079 0.21724
74.4507 0.217085
74.625 0.217199
74.6678 0.217174
74.8421 0.217153
74.8849 0.217134
75.0592 0.217117
75.102 0.217227
75.275 0.217074
75.3178 0.216815
75.4904 0.216588
75.5336 0.216514
75.7066 0.21645
75.7503 0.216519
75.9241 0.216704
75.9674 0.216741
76.1417 0.216773
76.1845 0.216802
76.3587 0.216826
76.402 0.216848
76.5763 0.216992
76.6191 0.217118
76.7938 0.217103
76.8366 0.21709
77.0109 0.217079
77.0537 0.217069
77.2284 0.217186
77.2712 0.217287
77.4455 0.217251
77.4866 0.21697
77.6613 0.216849
77.702 0.216618
77.8767 0.216415
77.9178 0.216364
78.0925 0.216318
78.1345 0.216403
78.3091 0.216478
78.3507 0.216418
78.5254 0.216366
78.5669 0.21632
78.7416 0.21628
78.7832 0.21637
78.9579 0.216324
78.9994 0.216283
79.1741 0.216373
79.2157 0.216326
79.3903 0.216286
79.4319 0.21625
79.6066 0.216219
79.6486 0.216316
79.8224 0.216277
79.8648 0.216242
80.0382 0.216212
80.0806 0.216185
80.2541 0.216162
80.2965 0.216142
80.4716 0.216249
80.5162 0.216718
80.6913 0.217128
80.7371 0.217612
80.9143 0.218286
80.9605 0.218875
81.1479 0.220641
81.1963 0.222561
81.3985 0.226115
81.454 0.230101
81.6864 0.237338
81.7551 0.245296
82.018 0.256009
82.0867 0.265383
82.35 0.27371
82.4165 0.280746
82.6018 0.277153
82.6302 0.269259
82.8141 0.262227
82.8426 0.255948
83.0399 0.25208
83.0849 0.25082
83.38 0.261967
83.4258 0.271846
83.698 0.277616
83.7438 0.282664
84.0062 0.285956
84.0461 0.288086
84.3051 0.28945
84.345 0.290519
84.6036 0.291454
84.6443 0.292522
84.9021 0.293332
84.9433 0.294041
85.1858 0.292661
85.2269 0.291453
85.469 0.290521
85.5101 0.289706
85.7523 0.288868
85.7938 0.288134
86.0355 0.287493
86.077 0.287056
86.3187 0.286549
86.3581 0.285855
86.5638 0.280748
86.6049 0.276405
86.7995 0.271354
86.847 0.26781
87.0594 0.266834
87.1129 0.266605
87.299 0.263279
87.3524 0.260369
87.5513 0.259323
87.6102 0.259158
87.8163 0.259888
87.8748 0.260402
88.0762 0.260352
88.1339 0.260183
88.3353 0.260035
88.3929 0.259906
88.5939 0.259667
88.652 0.259584
88.8534 0.259636
88.9111 0.259681
89.1125 0.259596
89.1705 0.259522
89.3673 0.258957
89.4254 0.258462
89.6221 0.258029
89.6798 0.257526
89.8706 0.256335
89.9282 0.255418
90.1186 0.254491
90.1767 0.253679
90.3671 0.253094
90.4252 0.252583
90.6134 0.25176
90.6719 0.25104
90.8576 0.25016
90.9161 0.249515
91.1023 0.248951
91.1604 0.248332
91.3465 0.24779
91.4046 0.247316
91.5899 0.246777
91.648 0.246305
91.8337 0.246017
91.8913 0.245765
92.0754 0.245294
92.1326 0.244757
92.3175 0.244413
92.373 0.243986
92.5558 0.243238
92.6096 0.242333
92.794 0.241916
92.847 0.241427
93.0328 0.240999
93.0667 0.238249
93.2445 0.234968
93.2784 0.232097
93.4565 0.229585
93.4902 0.227387
93.6691 0.225588
93.7035 0.224015
93.8866 0.223138
93.9227 0.222621
94.1084 0.222543
94.1448 0.222475
94.3306 0.222416
94.3674 0.222489
94.5523 0.222428
94.5896 0.222374
94.7741 0.222327
94.8118 0.222287
94.995 0.222001
95.0331 0.222001
95.2163 0.222001
95.2545 0.221875
95.4359 0.221516
95.4745 0.221327
95.656 0.221161
95.6954 0.221141
95.8769 0.221123
95.9155 0.220983
96.0952 0.220735
96.1343 0.220518
96.314 0.220328
96.3535 0.220162
96.5332 0.220017
96.5722 0.21989
96.7524 0.219779
96.7915 0.219681
96.9717 0.219596
97.0111 0.219647
97.1917 0.219691
97.2316 0.219729
97.4122 0.219888
97.4525 0.220027
97.6331 0.220149
97.6738 0.220255
97.8531 0.220223
97.8939 0.220195
98.0732 0.220171
98.1143 0.220275
98.2933 0.22024
98.3348 0.22021
98.512 0.220059
98.554 0.220052
98.7313 0.21992
98.7732 0.219805
98.95 0.219704
98.992 0.219616
99.1692 0.219539
99.2116 0.219472
99.3889 0.219413
99.4317 0.219486
99.6089 0.219551
99.6522 0.219732
99.829 0.219765
99.8718 0.21967
100.049 0.219711
100.091 0.219747
100.268 0.219779
100.311 0.219681
100.489 0.219721
100.531 0.219881
100.701 0.218896
100.743 0.218034
100.913 0.21728
100.955 0.216495
101.125 0.216058
101.167 0.215551
101.337 0.214982
101.379 0.214734
101.549 0.214392
101.591 0.214093
101.761 0.213832
101.803 0.213603
101.973 0.213402
102.016 0.213352
102.185 0.213183
102.228 0.213035
102.396 0.212906
102.44 0.212793
102.609 0.212693
102.653 0.212607
102.821 0.212531
102.865 0.212465
103.033 0.212406
103.077 0.212481
103.245 0.212546
103.289 0.212477
103.457 0.212418
103.502 0.212366
103.67 0.21232
103.714 0.21228
103.885 0.212745
103.927 0.212777
104.099 0.212805
104.141 0.213079
104.314 0.213444
104.357 0.213639
104.531 0.214059
104.574 0.214426
104.748 0.214748
104.791 0.21503
104.965 0.215276
105.008 0.215491
105.182 0.21568
105.225 0.21597
105.4 0.216099
105.443 0.216211
105.617 0.21631
105.66 0.216396
105.834 0.216597
105.877 0.216647
106.051 0.216691
106.094 0.216855
106.268 0.216873
106.311 0.216889
106.485 0.216903
106.528 0.216915
106.701 0.216676
106.743 0.216466
106.917 0.216408
106.959 0.216232
107.133 0.216328
107.175 0.216287
107.351 0.216376
107.392 0.216454
107.568 0.216522
107.609 0.216707
107.785 0.216869
107.827 0.216885
108.002 0.216899
108.044 0.217037
108.22 0.217032
108.262 0.217028
108.437 0.217025
108.479 0.217022
108.654 0.217144
108.696 0.217251
108.87 0.217095
108.913 0.216958
109.087 0.216838
109.129 0.216858
109.303 0.216751
109.345 0.216657
109.518 0.216575
109.561 0.216378
109.734 0.216206
109.776 0.21618
109.95 0.216283
109.993 0.216247
110.168 0.216341
110.21 0.216549
110.385 0.21673
110.428 0.216764
110.603 0.216793
110.645 0.216944
110.82 0.216951
110.863 0.216957
111.037 0.217088
111.08 0.217202
111.254 0.217051
111.297 0.21692
111.471 0.21693
111.514 0.217064
111.683 0.216431
111.726 0.215877
111.894 0.215392
111.938 0.214843
112.113 0.215238
112.156 0.215583
112.331 0.21601
112.374 0.216384
112.55 0.216711
112.593 0.216872
112.768 0.217013
112.812 0.217261
112.987 0.217354
113.031 0.21756
113.205 0.21774
113.249 0.217897
113.424 0.21791
113.468 0.218046
113.643 0.218165
113.687 0.218145
113.861 0.218127
113.904 0.218111
114.079 0.218097
114.122 0.21796
114.297 0.217965
114.339 0.217969
114.513 0.217848
114.556 0.217742
114.729 0.217524
114.772 0.217334
114.946 0.217292
114.989 0.217131
115.162 0.216989
115.206 0.216991
115.379 0.216867
115.422 0.216883
115.595 0.216898
115.639 0.216786
115.812 0.216688
115.855 0.216727
116.028 0.216761
116.071 0.216666
116.244 0.216582
116.288 0.216635
116.461 0.21668
116.504 0.216595
116.678 0.216521
116.721 0.216456
116.894 0.216524
116.937 0.216583
117.111 0.216635
117.154 0.216556
117.327 0.216361
117.37 0.216316
117.543 0.216277
117.586 0.216242
117.759 0.216212
117.801 0.216185
117.975 0.216162
118.017 0.216142
118.191 0.216124
118.233 0.215984
118.407 0.215986
118.449 0.215988
118.623 0.216114
118.665 0.2161
118.839 0.216087
118.88 0.216076
119.056 0.216067
119.097 0.216059
119.271 0.216051
119.312 0.216045
119.487 0.216039
119.528 0.216034
119.703 0.215905
119.744 0.215917
119.919 0.215927
119.96 0.215811
120.135 0.21596
120.176 0.215965
120.351 0.215844
120.392 0.215864
120.567 0.216006
120.608 0.216005
120.783 0.215879
120.824 0.21602
120.999 0.216017
121.04 0.21589
121.215 0.215904
121.256 0.215916
121.43 0.215926
121.472 0.215935
121.647 0.215944
121.687 0.215951
121.862 0.215957
121.903 0.215962
122.074 0.215467
122.115 0.214909
122.286 0.21442
122.327 0.214117
122.498 0.213853
122.538 0.213621
122.71 0.213544
122.752 0.213601
122.926 0.213776
122.968 0.214054
123.143 0.214547
123.186 0.214854
123.361 0.215122
123.404 0.215482
123.579 0.215921
123.621 0.216181
123.797 0.216284
123.839 0.216373
124.015 0.216576
124.056 0.216754
124.232 0.21691
124.274 0.217046
124.45 0.217166
124.492 0.21727
124.668 0.217236
124.71 0.217207
124.886 0.217306
124.926 0.217268
125.102 0.217234
125.143 0.21708
125.318 0.216945
125.359 0.216952
125.535 0.216833
125.575 0.216604
125.751 0.216528
125.791 0.216462
125.967 0.216529
126.007 0.216463
126.183 0.216405
126.223 0.216355
126.399 0.21631
126.439 0.216272
126.615 0.216113
126.654 0.216099
126.831 0.216086
126.871 0.216075
127.047 0.216066
127.087 0.216058
127.262 0.216051
127.302 0.216044
127.478 0.215914
127.518 0.215799
127.693 0.215825
127.733 0.215721
127.909 0.215631
127.949 0.215677
128.124 0.215593
128.164 0.215519
128.339 0.215454
128.379 0.215522
128.555 0.215582
128.595 0.215509
128.771 0.21557
128.811 0.215749
128.986 0.21578
129.027 0.215808
129.202 0.215832
129.243 0.215728
129.418 0.215637
129.459 0.215682
129.634 0.215722
129.674 0.215757
129.849 0.215787
129.891 0.215814
130.065 0.215712
130.107 0.215748
130.28 0.21578
130.323 0.215932
130.496 0.215816
130.538 0.215714
130.711 0.215749
130.754 0.215656
130.927 0.215574
130.969 0.215627
131.144 0.215799
131.186 0.215949
131.36 0.21608
131.403 0.21607
131.577 0.216061
131.619 0.216179
131.793 0.216281
131.836 0.216371
132.01 0.216325
132.053 0.216284
132.227 0.216374
132.269 0.216452
132.443 0.21652
132.486 0.21658
132.655 0.216008
132.698 0.215382
132.867 0.214834
132.91 0.21448
133.079 0.21417
133.121 0.213899
133.292 0.213786
133.336 0.213813
133.509 0.214211
133.553 0.21456
133.726 0.214865
133.77 0.215132
133.943 0.215365
133.987 0.21557
134.159 0.215748
134.204 0.215905
134.376 0.216042
134.421 0.216287
134.594 0.216376
134.639 0.216454
134.811 0.216647
134.856 0.216691
135.029 0.21673
135.073 0.216764
135.246 0.216793
135.29 0.216819
135.462 0.216842
135.506 0.216861
135.677 0.216629
135.721 0.216425
135.892 0.216247
135.936 0.216091
136.108 0.215955
136.151 0.215835
136.323 0.215856
136.367 0.215749
136.539 0.215655
136.582 0.215698
136.754 0.215736
136.798 0.215644
136.97 0.215564
137.013 0.215493
137.185 0.215557
137.228 0.215612
137.4 0.215535
137.444 0.215594
137.615 0.215394
137.66 0.215345
137.83 0.215302
137.874 0.215264
138.044 0.215231
138.089 0.215202
138.26 0.215177
138.305 0.215155
138.476 0.21526
138.521 0.215353
138.692 0.215434
138.736 0.215505
138.908 0.215567
138.952 0.215621
139.124 0.215668
139.168 0.21571
139.34 0.215746
139.384 0.215653
139.556 0.215821
139.6 0.215968
139.772 0.215847
139.816 0.215741
139.988 0.215774
140.032 0.215927
140.204 0.215936
140.248 0.215944
140.419 0.215951
140.463 0.215832
140.635 0.215728
140.678 0.215637
140.85 0.215683
140.894 0.215597
141.065 0.215398
141.109 0.215348
141.28 0.215304
141.324 0.215266
141.495 0.215358
141.54 0.215438
141.711 0.215384
141.755 0.215461
141.927 0.215528
141.971 0.215587
142.142 0.215639
142.187 0.215684
142.358 0.215598
142.403 0.215524
142.574 0.215583
142.619 0.215635
142.789 0.215681
142.834 0.215721
143.005 0.215756
143.05 0.215786
143.217 0.215313
143.262 0.214899
143.429 0.214536
143.474 0.214094
143.641 0.213708
143.686 0.213494
143.854 0.213557
143.899 0.213613
144.069 0.213786
144.115 0.214063
144.287 0.21443
144.333 0.214751
144.504 0.215157
144.55 0.215388
144.722 0.215589
144.767 0.215766
144.939 0.21592
144.984 0.21618
145.156 0.216282
145.201 0.216372
145.373 0.216576
145.419 0.216629
145.591 0.216675
145.636 0.216841
145.808 0.216861
145.853 0.216878
146.025 0.216893
146.07 0.216782
146.242 0.216809
146.286 0.216833
146.458 0.216854
146.503 0.216872
146.674 0.216638
146.719 0.216433
146.889 0.216379
146.934 0.216207
147.104 0.216056
147.15 0.216049
147.32 0.216043
147.365 0.216037
147.536 0.215908
147.581 0.215794
147.751 0.21582
147.797 0.215842
147.967 0.215737
148.013 0.21577
148.182 0.215799
148.228 0.215699
148.398 0.215612
148.443 0.21566
148.613 0.215578
148.66 0.21563
148.829 0.215802
148.875 0.215826
149.045 0.215723
149.09 0.215633
149.26 0.215679
149.305 0.215594
149.475 0.215395
149.521 0.215345
149.69 0.215427
149.737 0.215499
149.906 0.215436
149.952 0.215382
150.121 0.215459
150.167 0.215402
150.333 0.214851
150.379 0.214495
150.545 0.214183
150.591 0.21391
150.757 0.213671
150.803 0.213463
150.968 0.21328
151.015 0.21312
151.181 0.21298
151.226 0.212857
151.393 0.21275
151.438 0.212656
151.604 0.212574
151.65 0.212378
151.816 0.21233
151.862 0.212289
152.028 0.212253
152.073 0.212221
152.24 0.212069
152.285 0.21206
152.452 0.212053
152.497 0.212046
152.663 0.21204
152.709 0.21191
152.875 0.211921
152.921 0.211931
153.088 0.21194
153.132 0.211947
153.3 0.211954
153.344 0.21196
153.511 0.211965
153.556 0.211969
153.723 0.211973
153.768 0.211851
153.935 0.21187
153.98 0.211886
154.147 0.211775
154.192 0.211804
154.359 0.211828
154.404 0.21185
154.57 0.211868
154.615 0.211885
154.782 0.211899
154.827 0.211912
154.994 0.211923
155.039 0.211932
155.206 0.211816
155.251 0.211714
155.418 0.21175
155.463 0.211781
155.63 0.211808
155.675 0.211832
155.841 0.211853
155.887 0.211872
156.054 0.211888
156.099 0.211902
156.265 0.211914
156.311 0.211925
156.477 0.211934
156.523 0.212067
156.689 0.212059
156.735 0.211927
156.901 0.211936
156.947 0.211944
157.113 0.211951
157.159 0.211957
157.325 0.211837
157.371 0.211983
157.537 0.21211
157.583 0.212096
157.749 0.212084
157.795 0.211949
157.961 0.211955
158.007 0.211961
158.174 0.211966
158.219 0.212095
158.386 0.212083
158.431 0.212073
158.597 0.212064
158.643 0.212056
158.809 0.212049
158.855 0.212043
159.021 0.212037
159.068 0.212033
159.234 0.212029
159.28 0.212025
159.445 0.212022
159.492 0.212019
159.657 0.212017
159.704 0.212015
159.869 0.212013
159.916 0.212011
160.081 0.21201
160.128 0.212009
160.294 0.212007
160.34 0.212132
160.506 0.212115
160.552 0.212101
160.718 0.212088
160.764 0.212077
160.93 0.212067
160.977 0.212059
161.142 0.212177
161.189 0.21228
161.356 0.21237
161.401 0.212323
161.569 0.212408
161.614 0.212357
161.782 0.212437
161.827 0.212508
161.995 0.212569
162.041 0.212748
162.209 0.212905
162.255 0.213041
162.423 0.213161
162.468 0.213266
162.636 0.213358
162.682 0.213438
162.85 0.213508
162.896 0.213445
163.064 0.213514
163.11 0.213575
163.278 0.213503
163.323 0.213565
163.492 0.21362
163.537 0.213542
163.706 0.213599
163.751 0.213649
163.919 0.213693
163.964 0.213732
164.133 0.213765
164.178 0.213794
164.345 0.213445
164.39 0.213265
164.557 0.213106
164.603 0.212968
164.773 0.213472
164.818 0.213788
164.989 0.214065
165.034 0.214307
165.205 0.214518
165.25 0.214578
165.422 0.214756
165.466 0.215037
165.638 0.215282
165.682 0.215372
165.854 0.21545
165.899 0.215519
166.066 0.215079
166.111 0.214694
166.279 0.214357
166.324 0.214188
166.495 0.214539
166.541 0.214972
166.714 0.21535
166.761 0.215932
166.934 0.21644
166.981 0.21676
167.153 0.217165
167.2 0.217519
167.372 0.217705
167.419 0.217866
167.592 0.218133
167.639 0.218242
167.811 0.218336
167.858 0.218544
168.03 0.218601
168.078 0.218651
168.25 0.218695
168.297 0.218733
168.467 0.218516
168.513 0.218327
168.683 0.218161
168.731 0.218016
168.901 0.217889
168.948 0.217903
169.119 0.217915
169.167 0.217926
169.337 0.217935
169.385 0.217943
169.555 0.21795
169.603 0.217956
169.773 0.217962
169.821 0.217967
169.991 0.217971
170.039 0.217974
170.209 0.217978
170.256 0.21798
170.427 0.217983
170.474 0.217985
170.644 0.217987
170.692 0.217989
170.861 0.217865
170.909 0.217757
171.078 0.217662
171.126 0.217579
171.296 0.217632
171.344 0.217678
171.513 0.217593
171.561 0.217519
171.731 0.217579
171.779 0.217632
171.95 0.217678
171.997 0.217718
172.168 0.217878
172.216 0.217894
172.387 0.217907
172.435 0.218043
172.605 0.218163
172.653 0.218143
172.824 0.218125
172.871 0.218234
173.042 0.21833
173.09 0.218289
173.26 0.218253
173.308 0.218221
173.478 0.218193
173.526 0.218169
173.696 0.218023
173.744 0.21802
173.912 0.217893
173.959 0.217531
174.128 0.21734
174.175 0.217172
174.346 0.217151
174.392 0.217132
174.563 0.21724
174.609 0.217335
174.781 0.217293
174.828 0.217382
174.999 0.217459
175.046 0.217527
175.217 0.217711
175.264 0.217747
175.435 0.217654
175.481 0.217697
175.652 0.217735
175.699 0.217643
175.87 0.217563
175.916 0.217617
176.086 0.21754
176.133 0.217348
176.302 0.217054
176.346 0.216547
176.514 0.215979
176.558 0.215482
176.725 0.215046
176.771 0.214916
176.943 0.215301
176.99 0.215763
177.161 0.215918
177.208 0.216178
177.379 0.216406
177.426 0.216605
177.596 0.21678
177.644 0.216807
177.813 0.216831
177.861 0.216852
178.03 0.216871
178.078 0.216887
178.248 0.216901
178.295 0.217038
178.463 0.216909
178.511 0.216795
178.679 0.216696
178.727 0.216609
178.895 0.216533
178.943 0.216466
179.112 0.216408
179.16 0.216357
179.328 0.216312
179.376 0.216273
179.542 0.216114
179.59 0.215975
179.757 0.215728
179.805 0.215637
179.972 0.215557
180.02 0.215363
180.186 0.215317
180.234 0.215278
180.401 0.215118
180.449 0.214978
180.615 0.214981
180.664 0.214983
180.83 0.214985
180.878 0.214987
181.045 0.214864
181.093 0.214756
181.259 0.214786
181.307 0.214813
181.474 0.214711
181.522 0.214623
181.688 0.214545
181.736 0.214602
181.902 0.214651
181.95 0.21457
182.116 0.214499
182.164 0.214436
182.33 0.214382
182.379 0.214334
182.544 0.214292
182.593 0.214256
182.758 0.214224
182.807 0.214196
182.973 0.214171
183.021 0.21415
183.187 0.214131
183.235 0.21424
183.401 0.214335
183.45 0.214293
183.615 0.214256
183.664 0.214224
183.83 0.214196
183.878 0.214172
184.044 0.21415
184.092 0.214256
184.258 0.214224
184.307 0.214196
184.471 0.214172
184.52 0.21415
184.686 0.214132
184.734 0.214115
184.9 0.214226
184.949 0.214198
185.115 0.214173
185.164 0.214276
185.329 0.214367
185.378 0.214446
185.544 0.21439
185.593 0.214341
185.759 0.214424
185.807 0.214496
185.973 0.214559
186.022 0.214614
186.188 0.214537
186.237 0.21447
186.402 0.214536
186.452 0.214594
186.617 0.214645
186.666 0.214689
186.832 0.214603
186.878 0.214153
187.044 0.213884
187.09 0.213648
187.256 0.213442
187.301 0.213262
187.467 0.213104
187.514 0.213091
187.682 0.213205
187.73 0.213429
187.897 0.213751
187.946 0.214157
188.114 0.214387
188.162 0.214464
188.329 0.214656
188.378 0.214824
188.545 0.214971
188.594 0.215224
188.761 0.215321
188.81 0.215281
188.977 0.215246
189.026 0.21534
189.193 0.215548
189.241 0.215604
189.409 0.215529
189.458 0.215588
189.624 0.215514
189.673 0.21545
189.838 0.215269
189.886 0.21511
190.051 0.214971
190.1 0.21485
190.265 0.214744
190.314 0.214651
190.479 0.214569
190.528 0.214373
190.693 0.214202
190.742 0.214176
190.907 0.214154
190.955 0.214135
191.12 0.214118
191.169 0.214103
191.334 0.21409
191.383 0.214079
191.548 0.214069
191.597 0.213936
191.762 0.213819
191.81 0.213841
191.975 0.213861
192.025 0.213879
192.189 0.213894
192.238 0.213907
192.403 0.213794
192.452 0.213819
192.617 0.213842
192.666 0.213737
192.831 0.21377
192.879 0.213798
193.044 0.213824
193.093 0.213846
193.258 0.213865
193.307 0.213757
193.472 0.213662
193.521 0.213704
193.686 0.213741
193.735 0.213774
193.9 0.213802
193.948 0.213827
194.113 0.213848
194.162 0.213867
194.327 0.213759
194.376 0.213664
194.541 0.213706
194.589 0.213743
194.754 0.213775
194.803 0.213803
194.968 0.213828
195.017 0.213849
195.182 0.213868
195.231 0.213885
195.396 0.213774
195.445 0.213802
195.61 0.213827
195.66 0.213849
195.823 0.213868
195.874 0.213884
196.037 0.213774
196.088 0.213802
196.251 0.213827
196.302 0.213848
196.464 0.213867
196.515 0.213884
196.678 0.213898
196.729 0.213786
196.893 0.213813
196.943 0.213961
197.107 0.213966
197.157 0.213845
197.321 0.213865
197.37 0.213882
197.533 0.213646
197.582 0.213441
197.745 0.21326
197.794 0.212978
197.957 0.212856
198.006 0.212749
198.169 0.21278
198.218 0.212808
198.383 0.212832
198.432 0.212978
198.597 0.21323
198.647 0.213327
198.812 0.213536
198.862 0.213844
199.027 0.213988
199.077 0.214115
199.239 0.213725
199.289 0.213385
199.451 0.213212
199.501 0.21306
199.662 0.212928
199.712 0.212812
199.874 0.21271
199.924 0.212621
200.086 0.212419
200.136 0.212241
200.298 0.212211
200.348 0.212185
200.509 0.212162
200.559 0.212142
200.721 0.212124
200.771 0.212108
200.933 0.21197
200.983 0.211849
