0.0 0
0.0941392 0.084
0.184653 0.084375
0.190466 0.0848281
0.196279 0.0852246
0.202093 0.0855715
0.263552 0.0927501
0.269365 0.0921563
0.275178 0.0916368
0.280991 0.0910572
0.286804 0.09055
0.292617 0.0901063
0.298431 0.089843
0.304244 0.0896126
0.310057 0.089411
0.348252 0.0932347
0.354066 0.0925803
0.359879 0.0918828
0.365692 0.0912724
0.371505 0.0908634
0.377318 0.0905055
0.383131 0.0901923
0.388944 0.0897932
0.394758 0.0894441
0.432953 0.0932636
0.438766 0.0924806
0.444579 0.0919206
0.450393 0.0914305
0.456206 0.0910017
0.462019 0.0906265
0.467832 0.0901732
0.473645 0.0897765
0.479458 0.0895544
0.517654 0.0933601
0.523467 0.0926901
0.52928 0.0921039
0.535093 0.0915909
0.540907 0.091017
0.54672 0.0905149
0.552533 0.0902005
0.558346 0.0899255
0.564159 0.0896848
0.602355 0.0934742
0.608168 0.0927899
0.613981 0.0920662
0.619794 0.0914329
0.625607 0.0908788
0.631421 0.0905189
0.637234 0.0902041
0.643047 0.0899286
0.64886 0.0895625
0.687056 0.0933672
0.692869 0.0925713
0.698682 0.0918749
0.704495 0.0913905
0.710308 0.0909667
0.716121 0.0905959
0.721935 0.0901464
0.727748 0.0897531
0.733561 0.0895339
0.771756 0.0933422
0.77757 0.0926744
0.783383 0.0920901
0.789196 0.0915789
0.795009 0.0911315
0.800822 0.0906151
0.806635 0.0901632
0.812448 0.0898928
0.818262 0.0896562
0.856457 0.0934492
0.86227 0.092768
0.868083 0.092172
0.873897 0.0915255
0.87971 0.0909598
0.885523 0.0905898
0.891336 0.0902661
0.897149 0.0899828
0.902962 0.08961
0.941158 0.0934087
0.946971 0.0926076
0.952784 0.0919067
0.958597 0.0914184
0.964411 0.0909911
0.970224 0.0906172
0.976037 0.09029
0.98185 0.0898788
0.987663 0.0895189
1.02586 0.0933291
1.03167 0.0925379
1.03749 0.0919707
1.0433 0.0914744
1.04911 0.0910401
1.05492 0.090535
1.06074 0.0900932
1.06655 0.0898315
1.07236 0.0896026
1.11056 0.0934023
1.11637 0.092727
1.12219 0.0921361
1.128 0.0914941
1.13381 0.0909323
1.13963 0.0904408
1.14544 0.0901357
1.15125 0.0898687
1.15706 0.0896351
1.19526 0.0934307
1.20107 0.0927519
1.20689 0.0920329
1.2127 0.0914038
1.21851 0.0909783
1.22433 0.090606
1.23014 0.0902803
1.23595 0.0898702
1.24177 0.0895115
1.27996 0.0933225
1.28577 0.0925322
1.29159 0.0919657
1.2974 0.09147
1.30321 0.0910362
1.30903 0.0906567
1.31484 0.0901996
1.32065 0.0897997
1.32647 0.0895747
1.36466 0.0933779
1.37048 0.0927056
1.37629 0.0921174
1.3821 0.0916027
1.38791 0.0910274
1.39373 0.090524
1.39954 0.0902085
1.40535 0.0899324
1.41117 0.0896909
1.44936 0.0934795
1.45518 0.0927946
1.46099 0.0920702
1.4668 0.0914365
1.47262 0.0908819
1.47843 0.0905217
1.48424 0.0902065
1.49005 0.0899307
1.49587 0.0895643
1.53406 0.0933688
1.53988 0.0925727
1.54569 0.0918761
1.5515 0.0913916
1.55732 0.0909676
1.56313 0.0905967
1.56894 0.0901471
1.57476 0.0897537
1.58057 0.0895345
1.61876 0.0933427
1.62458 0.0926748
1.63039 0.0920905
1.6362 0.0915792
1.64202 0.0911318
1.64783 0.0906153
1.65364 0.0901634
1.65946 0.089893
1.66527 0.0896563
1.70347 0.0934493
1.70928 0.0927681
1.71509 0.0921721
1.7209 0.0915256
1.72672 0.0909599
1.73253 0.0905899
1.73834 0.0902662
1.74416 0.0899829
1.74997 0.08961
1.78817 0.0934088
1.79398 0.0926077
1.79979 0.0919067
1.80561 0.0914184
1.81142 0.0909911
1.81723 0.0906172
1.82304 0.09029
1.82886 0.0898788
1.83467 0.0895189
1.87287 0.0933291
1.87868 0.0925379
1.88449 0.0919707
1.89031 0.0914744
1.89612 0.0910401
1.90193 0.0905351
1.90775 0.0900932
1.91356 0.0898315
1.91937 0.0896026
1.95757 0.0934023
1.96338 0.092727
1.96919 0.0921361
1.97501 0.0916191
1.98082 0.0910417
1.98663 0.0905365
1.99245 0.0902194
1.99826 0.089942
2.00407 0.0896992
2.04227 0.0934868
2.04808 0.092801
2.05389 0.0920759
2.05971 0.0914414
2.06552 0.0910112
2.07133 0.0906348
2.07715 0.0903055
2.08296 0.0898923
2.08877 0.0895307
2.12697 0.0933394
2.13278 0.092547
2.1386 0.0919786
2.14441 0.0914813
2.15022 0.0910461
2.15603 0.0906653
2.16185 0.0902072
2.16766 0.0898063
2.17347 0.0895805
2.21167 0.0933829
2.21748 0.0927101
2.2233 0.0921213
2.22911 0.0916061
2.23492 0.0910304
2.24074 0.0905266
2.24655 0.0902108
2.25236 0.0899344
2.25818 0.0896926
2.29637 0.093481
2.30218 0.0927959
2.308 0.0920714
2.31381 0.0914375
2.31962 0.0908828
2.32544 0.0905225
2.33125 0.0902071
2.33706 0.0899313
2.34288 0.0895648
2.38107 0.0933692
2.38688 0.0925731
2.3927 0.0918764
2.39851 0.0913919
2.40432 0.0909679
2.41014 0.0905969
2.41595 0.0901473
2.42176 0.0897539
2.42758 0.0895347
2.46577 0.0933428
2.47159 0.092675
2.4774 0.0920906
2.48321 0.0915793
2.48902 0.0911319
2.49484 0.0906154
2.50065 0.0901635
2.50646 0.089893
2.51228 0.0896564
2.55047 0.0934493
2.55629 0.0927682
2.5621 0.0921722
2.56791 0.0915256
2.57373 0.0909599
2.57954 0.0905899
2.58535 0.0902662
2.59117 0.0899829
2.59698 0.0896101
2.63517 0.0934088
2.64099 0.0926077
2.6468 0.0919067
2.65261 0.0912934
2.65843 0.0908817
2.66424 0.0905215
2.67005 0.0902063
2.67587 0.0898055
2.68168 0.0894548
2.71987 0.093273
2.72569 0.0924889
2.7315 0.0919277
2.73731 0.0914368
2.74313 0.0910072
2.74894 0.0905063
2.75475 0.090068
2.76057 0.0898095
2.76638 0.0895833
2.80458 0.0933854
2.81039 0.0927122
2.8162 0.0921232
2.82201 0.0916078
2.82783 0.0910318
2.83364 0.0905278
2.83945 0.0902119
2.84527 0.0899354
2.85108 0.0896935
2.88928 0.0934818
2.89509 0.0927966
2.9009 0.092072
2.90672 0.091438
2.91253 0.0910082
2.91834 0.0906322
2.92416 0.0903032
2.92997 0.0898903
2.93578 0.089529
2.97398 0.0933379
2.97979 0.0925456
2.9856 0.0919774
2.99142 0.0914803
2.99723 0.0910452
3.00304 0.0906646
3.00886 0.0902065
3.01467 0.0898057
3.02048 0.08958
3.05868 0.0933825
3.06449 0.0927097
3.0703 0.092121
3.07612 0.0916058
3.08193 0.0910301
3.08774 0.0905263
3.09356 0.0902106
3.09937 0.0899342
3.10518 0.0896925
3.14338 0.0934809
3.14919 0.0927958
3.15501 0.0921963
3.16082 0.0915468
3.16663 0.0909784
3.17244 0.0906061
3.17826 0.0902804
3.18407 0.0899953
3.18988 0.0896209
3.22808 0.0934183
3.23389 0.092616
3.23971 0.091914
3.24552 0.0914247
3.25133 0.0909967
3.25715 0.0906221
3.26296 0.0901693
3.26877 0.0897731
3.27458 0.0895515
3.31278 0.0933576
3.31859 0.0926879
3.32441 0.0921019
3.33022 0.0915891
3.33603 0.0911405
3.34185 0.0906229
3.34766 0.0901701
3.35347 0.0898988
3.35929 0.0896615
3.39748 0.0934538
3.40329 0.0927721
3.40911 0.0921755
3.41492 0.0915286
3.42073 0.0909625
3.42655 0.0905922
3.43236 0.0902682
3.43817 0.0899847
3.44399 0.0896116
3.48218 0.0934101
3.488 0.0926089
3.49381 0.0919078
3.49962 0.0912943
3.50543 0.0908825
3.51125 0.0905222
3.51706 0.0902069
3.52287 0.089806
3.52869 0.0894553
3.56688 0.0932734
3.5727 0.0924892
3.57851 0.0919281
3.58432 0.091437
3.59014 0.0910074
3.59595 0.0905065
3.60176 0.0900682
3.60757 0.0898097
3.61339 0.0895834
3.65158 0.0933855
3.6574 0.0927123
3.66321 0.0921233
3.66902 0.0916079
3.67484 0.0910319
3.68065 0.0905279
3.68646 0.0902119
3.69228 0.0899354
3.69809 0.0896935
3.73628 0.0934818
3.7421 0.0927966
3.74791 0.092072
3.75372 0.091438
3.75954 0.0910083
3.76535 0.0906322
3.77116 0.0903032
3.77698 0.0898903
3.78279 0.089529
3.82099 0.0933379
3.8268 0.0925456
3.83261 0.0918524
3.83842 0.0913709
3.84424 0.0909495
3.85005 0.0905808
3.85586 0.0901332
3.86168 0.0897416
3.86749 0.0895239
3.90569 0.0933334
3.9115 0.0926667
3.91731 0.0920834
3.92313 0.091573
3.92894 0.0910013
3.93475 0.0905012
3.94056 0.0901885
3.94638 0.089915
3.95219 0.0896756
3.99039 0.0934661
3.9962 0.0927829
4.00201 0.092185
4.00783 0.0915369
4.01364 0.0909698
4.01945 0.0905985
4.02527 0.0902737
4.03108 0.0899895
4.03689 0.0896158
4.07509 0.0934138
4.0809 0.0926121
4.08671 0.0919106
4.09253 0.0914218
4.09834 0.0909941
4.10415 0.0906198
4.10997 0.0901673
4.11578 0.0897714
4.12159 0.08955
4.15979 0.0933562
4.1656 0.0926867
4.17141 0.0921009
4.17723 0.0915883
4.18304 0.0911397
4.18885 0.0906223
4.19467 0.0901695
4.20048 0.0898983
4.20629 0.089661
4.24449 0.0934534
4.2503 0.0927717
4.25612 0.0921752
4.26193 0.0915283
4.26774 0.0909623
4.27355 0.090592
4.27937 0.090268
4.28518 0.0899845
4.29099 0.0896114
4.32919 0.09341
4.335 0.0927338
4.34082 0.092017
4.34663 0.0913899
4.35244 0.0909662
4.35826 0.0905954
4.36407 0.090271
4.36988 0.0898621
4.3757 0.0895043
4.41389 0.0933163
4.4197 0.0925268
4.42552 0.0919609
4.43133 0.0914658
4.43714 0.0910326
4.44296 0.0905285
4.44877 0.0900874
4.45458 0.0898265
4.4604 0.0895982
4.49859 0.0933984
4.5044 0.0927236
4.51022 0.0921332
4.51603 0.0916165
4.52184 0.0910395
4.52766 0.0905345
4.53347 0.0902177
4.53928 0.0899405
4.5451 0.0896979
4.58329 0.0934857
4.58911 0.0928
4.59492 0.092075
4.60073 0.0914406
4.60654 0.0910105
4.61236 0.0906342
4.61817 0.0903049
4.62398 0.0898918
4.6298 0.0895303
4.66799 0.093214
4.67381 0.0924373
4.67962 0.0917576
4.68543 0.0912879
4.69125 0.0908769
4.69706 0.0905173
4.70287 0.0900777
4.70869 0.0896929
4.7145 0.0894813
4.75269 0.0932962
4.75851 0.0926341
4.76432 0.0920549
4.77013 0.091548
4.77595 0.0909795
4.78176 0.0904821
4.78757 0.0901718
4.79339 0.0899003
4.7992 0.0896628
4.83739 0.0934549
4.84321 0.0927731
4.84902 0.0921764
4.85483 0.0915294
4.86065 0.0909632
4.86646 0.0905928
4.87227 0.0902687
4.87809 0.0899851
4.8839 0.089612
4.9221 0.0934105
4.92791 0.0926092
4.93372 0.091908
4.93953 0.0914195
4.94535 0.0909921
4.95116 0.0906181
4.95697 0.0901658
4.96279 0.0897701
4.9686 0.0895488
5.0068 0.0933552
5.01261 0.0925608
5.01842 0.0919907
5.02424 0.0914919
5.03005 0.0910554
5.03586 0.0905485
5.04168 0.0901049
5.04749 0.0898418
5.0533 0.0896116
5.0915 0.0934101
5.09731 0.0927339
5.10312 0.0921421
5.10894 0.0914994
5.11475 0.0909369
5.12056 0.0905698
5.12638 0.0902486
5.13219 0.0899675
5.138 0.0897216
5.1762 0.0935064
5.18201 0.0928181
5.18782 0.0920908
5.19364 0.0914545
5.19945 0.0910227
5.20526 0.0906448
5.21108 0.0903142
5.21689 0.0898999
5.2227 0.0895375
5.2609 0.0933453
5.26671 0.0925521
5.27252 0.0919831
5.27834 0.0914852
5.28415 0.0910496
5.28996 0.0905434
5.29578 0.0901004
5.30159 0.0898379
5.3074 0.0896081
5.3456 0.0934071
5.35141 0.0927312
5.35723 0.0921398
5.36304 0.0916224
5.36885 0.0910446
5.37467 0.090539
5.38048 0.0902216
5.38629 0.0899439
5.3921 0.0897009
5.4303 0.0934883
5.43611 0.0928023
5.44193 0.092077
5.44774 0.0914424
5.45355 0.0910121
5.45937 0.0906356
5.46518 0.0903061
5.47099 0.0898928
5.47681 0.0895312
5.515 0.0933398
5.52081 0.0925474
5.52663 0.0918539
5.53244 0.0913722
5.53825 0.0909507
5.54407 0.0905818
5.54988 0.0901341
5.55569 0.0897423
5.56151 0.0895245
5.5997 0.093334
5.60552 0.0926672
5.61133 0.0920838
5.61714 0.0915733
5.62295 0.0910017
5.62877 0.0905015
5.63458 0.0901888
5.64039 0.0899152
5.64621 0.0896758
5.6844 0.0934663
5.69022 0.092783
5.69603 0.0921851
5.70184 0.091537
5.70766 0.0909699
5.71347 0.0905986
5.71928 0.0902738
5.72509 0.0899896
5.73091 0.0896159
5.7691 0.0934139
5.77492 0.0926122
5.78073 0.0919106
5.78654 0.0914218
5.79236 0.0909941
5.79817 0.0906198
5.80398 0.0901673
5.8098 0.0897714
5.81561 0.089425
5.8538 0.0932469
5.85962 0.092466
5.86543 0.0919078
5.87124 0.0914193
5.87706 0.0909919
5.88287 0.0904929
5.88868 0.0900563
5.8945 0.0897992
5.90031 0.0895743
5.93851 0.0933775
5.94432 0.0927054
5.95013 0.0921172
5.95594 0.0914775
5.96176 0.0909178
5.96757 0.0905531
5.97338 0.090234
5.9792 0.0899547
5.98501 0.0897104
6.02321 0.0934966
6.02902 0.0928095
6.03483 0.0920833
6.04065 0.0914479
6.04646 0.0910169
6.05227 0.0906398
6.05808 0.0903098
6.0639 0.0898961
6.06971 0.0895341
6.10791 0.0933423
6.11372 0.0925495
6.11953 0.0919808
6.12535 0.0914832
6.13116 0.0910478
6.13697 0.0905419
6.14279 0.0900991
6.1486 0.0898367
6.15441 0.0896071
6.19261 0.0934062
6.19842 0.0927305
6.20423 0.0921392
6.21005 0.0916218
6.21586 0.091044
6.22167 0.0905385
6.22749 0.0902212
6.2333 0.0899436
6.23911 0.0897006
6.27731 0.093488
6.28312 0.092802
6.28893 0.0920768
6.29475 0.0914422
6.30056 0.0910119
6.30637 0.0906354
6.31219 0.090306
6.318 0.0900177
6.32381 0.0896405
6.36201 0.0934355
6.36782 0.092631
6.37364 0.0919271
6.37945 0.0914363
6.38526 0.0910067
6.39107 0.0906309
6.39689 0.090177
6.4027 0.0897799
6.40851 0.0895574
6.44671 0.0933627
6.45252 0.0926924
6.45834 0.0921058
6.46415 0.0915926
6.46996 0.0910185
6.47578 0.0905162
6.48159 0.0902017
6.4874 0.0899265
6.49322 0.0896857
6.53141 0.093475
6.53722 0.0927906
6.54304 0.0921918
6.54885 0.0915428
6.55466 0.0909749
6.56048 0.0906031
6.56629 0.0902777
6.5721 0.089993
6.57792 0.0896189
6.61611 0.0934165
6.62192 0.0926144
6.62774 0.0919126
6.63355 0.0914236
6.63936 0.0909956
6.64518 0.0906212
6.65099 0.0901685
6.6568 0.0897724
6.66262 0.0894259
6.70081 0.0932477
6.70663 0.0924667
6.71244 0.0919084
6.71825 0.0914198
6.72406 0.0909923
6.72988 0.0904933
6.73569 0.0900566
6.7415 0.0897996
6.74732 0.0895746
6.78551 0.0933778
6.79133 0.0927056
6.79714 0.0921174
6.80295 0.0914777
6.80877 0.090918
6.81458 0.0905532
6.82039 0.0902341
6.82621 0.0899548
6.83202 0.0897105
6.87021 0.0934967
6.87603 0.0928096
6.88184 0.0920834
6.88765 0.091448
6.89347 0.091017
6.89928 0.0906398
6.90509 0.0903099
6.91091 0.0898961
6.91672 0.0895341
6.95491 0.0933423
6.96073 0.0925496
6.96654 0.0919809
6.97235 0.0914833
6.97817 0.0910478
6.98398 0.0905419
6.98979 0.0900991
6.99561 0.0898367
7.00142 0.0896071
7.03962 0.0934063
7.04543 0.0927305
7.05124 0.0921392
7.05705 0.0916218
7.06287 0.091044
7.06868 0.0905385
7.07449 0.0902212
7.08031 0.0899436
7.08612 0.0897006
7.12432 0.093488
7.13013 0.092802
7.13594 0.0920768
7.14176 0.0914422
7.14757 0.0910119
7.15338 0.0906354
7.1592 0.090306
7.16501 0.0900177
7.17082 0.0896405
7.20902 0.0934355
7.21483 0.092631
7.22064 0.0919271
7.22646 0.0914363
7.23227 0.0910067
7.23808 0.0906309
7.2439 0.090177
7.24971 0.0897799
7.25552 0.0895574
7.29372 0.0933627
7.29953 0.0926924
7.30534 0.0921058
7.31116 0.0915926
7.31697 0.0910185
7.32278 0.0905162
7.3286 0.0902017
7.33441 0.0899265
7.34022 0.0896857
7.37842 0.093475
7.38423 0.0927906
7.39004 0.0921918
7.39586 0.0915428
7.40167 0.0909749
7.40748 0.0906031
7.4133 0.0902777
7.41911 0.089993
7.42492 0.0896189
7.46312 0.0934165
7.46893 0.0926144
7.47475 0.0919126
7.48056 0.0914236
7.48637 0.0909956
7.49219 0.0906212
7.498 0.0901685
7.50381 0.0897724
7.50962 0.0894259
7.54782 0.0932477
7.55363 0.0924667
7.55945 0.0919084
7.56526 0.0914198
7.57107 0.0909923
7.57689 0.0904933
7.5827 0.0900566
7.58851 0.0897996
7.59433 0.0895746
7.63252 0.0933778
7.63833 0.0927056
7.64415 0.0921174
7.64996 0.0914777
7.65577 0.090918
7.66159 0.0905532
7.6674 0.0902341
7.67321 0.0899548
7.67903 0.0897105
7.71722 0.0934967
7.72303 0.0928096
7.72885 0.0920834
7.73466 0.091448
7.74047 0.091017
7.74629 0.0906398
7.7521 0.0903099
7.75791 0.0898961
7.76373 0.0895341
7.80192 0.0933423
7.80774 0.0925496
7.81355 0.0919809
7.81936 0.0914833
7.82518 0.0910478
7.83099 0.0905419
7.8368 0.0900991
7.84261 0.0897117
7.84843 0.0894978
7.88662 0.0933105
7.89244 0.0926467
7.89825 0.0920659
7.90406 0.0915577
7.90988 0.0909879
7.91569 0.0904895
7.9215 0.0901783
7.92732 0.089906
7.93313 0.0896677
7.97132 0.0934593
7.97714 0.0927769
7.98295 0.0920548
7.98876 0.0914229
7.99458 0.090995
8.00039 0.0906207
8.0062 0.0902931
8.01202 0.0900064
8.01783 0.0896306
8.05603 0.0934268
8.06184 0.0926235
8.06765 0.0919205
8.07346 0.0914305
8.07928 0.0910017
8.08509 0.0906264
8.0909 0.0901731
8.09672 0.0897765
8.10253 0.0895544
8.14073 0.0933601
8.14654 0.0926901
8.15235 0.0921038
8.15817 0.0915909
8.16398 0.091017
8.16979 0.0905149
8.1756 0.0902005
8.18142 0.0899255
8.18723 0.0896848
8.22543 0.0934742
8.23124 0.0927899
8.23705 0.0921912
8.24287 0.0915423
8.24868 0.0909745
8.25449 0.0906027
8.26031 0.0902773
8.26612 0.0899927
8.27193 0.0896186
8.31013 0.0934163
8.31594 0.0926142
8.32175 0.0919125
8.32757 0.0914234
8.33338 0.0909955
8.33919 0.090621
8.34501 0.0902934
8.35082 0.0898817
8.35663 0.0895215
8.39483 0.0933313
8.40064 0.0925399
8.40645 0.0919724
8.41227 0.0914759
8.41808 0.0910414
8.42389 0.0905362
8.42971 0.0900942
8.43552 0.0898324
8.44133 0.0896034
8.47953 0.0934029
8.48534 0.0927276
8.49116 0.0921366
8.49697 0.0914945
8.50278 0.0909327
8.50859 0.0905661
8.51441 0.0902454
8.52022 0.0899647
8.52603 0.0897191
8.56423 0.0935042
8.57004 0.0928162
8.57586 0.0920892
8.58167 0.091453
8.58748 0.0910214
8.5933 0.0906437
8.59911 0.0903133
8.60492 0.0898991
8.61074 0.0895367
8.64893 0.0933446
8.65474 0.0925515
8.66056 0.0919826
8.66637 0.0914848
8.67218 0.0910492
8.678 0.090543
8.68381 0.0901002
8.68962 0.0897126
8.69544 0.0894986
8.73363 0.0933112
8.73944 0.0926473
8.74526 0.0920664
8.75107 0.0915581
8.75688 0.0909883
8.7627 0.0904898
8.76851 0.0901786
8.77432 0.0899063
8.78014 0.089668
8.81833 0.0934595
8.82415 0.092777
8.82996 0.0920549
8.83577 0.091423
8.84158 0.0909952
8.8474 0.0906208
8.85321 0.0902932
8.85902 0.0900065
8.86484 0.0896307
8.90303 0.0934269
8.90885 0.0926235
8.91466 0.0919206
8.92047 0.0914305
8.92629 0.0910017
8.9321 0.0906265
8.93791 0.0901732
8.94373 0.0897765
8.94954 0.0895545
8.98773 0.0933601
8.99355 0.0926901
8.99936 0.0921039
9.00517 0.0915909
9.01099 0.091017
9.0168 0.0905149
9.02261 0.0900755
9.02843 0.0898161
9.03424 0.0895891
9.07243 0.0933904
9.07825 0.0927166
9.08406 0.0921271
9.08987 0.0914862
9.09569 0.0909254
9.1015 0.0905597
9.10731 0.0902398
9.11313 0.0899598
9.11894 0.0895898
9.15714 0.0933911
9.16295 0.0925922
9.16876 0.0918932
9.17457 0.0914065
9.18039 0.0909807
9.1862 0.0906081
9.19201 0.0902821
9.19783 0.0898718
9.20364 0.0895129
9.24184 0.0933238
9.24765 0.0925333
9.25346 0.0919666
9.25928 0.0914708
9.26509 0.0910369
9.2709 0.0905323
9.27672 0.0900908
9.28253 0.0898294
9.28834 0.0896008
9.32654 0.0934007
9.33235 0.0927256
9.33816 0.0921349
9.34398 0.091493
9.34979 0.0909314
9.3556 0.090565
9.36142 0.0902443
9.36723 0.0899638
9.37304 0.0897183
9.41124 0.0935035
9.41705 0.0928156
9.42286 0.0920886
9.42868 0.0914526
9.43449 0.091021
9.4403 0.0906434
9.44612 0.0903129
9.45193 0.0898988
9.45774 0.0895365
9.49594 0.0933444
9.50175 0.0925514
9.50756 0.0919824
9.51338 0.0914846
9.51919 0.0910491
9.525 0.0906679
9.53082 0.0902094
9.53663 0.0898083
9.54244 0.0895822
9.58064 0.0933844
9.58645 0.0927114
9.59227 0.0921225
9.59808 0.0916072
9.60389 0.0910313
9.60971 0.0905274
9.61552 0.0902114
9.62133 0.089935
9.62714 0.0896931
9.66534 0.0934815
9.67115 0.0927963
9.67697 0.0920718
9.68278 0.0914378
9.68859 0.0910081
9.69441 0.0906321
9.70022 0.090303
9.70603 0.0900152
9.71185 0.0896383
9.75004 0.0934335
9.75585 0.0926293
9.76167 0.0919256
9.76748 0.0914349
9.77329 0.0910056
9.77911 0.0906299
9.78492 0.0901761
9.79073 0.0897791
9.79655 0.0895567
9.83474 0.0933621
9.84055 0.0926919
9.84637 0.0921054
9.85218 0.0915922
9.85799 0.0910182
9.86381 0.0905159
9.86962 0.0900764
9.87543 0.0898169
9.88125 0.0895898
9.91944 0.093391
9.92526 0.0927172
9.93107 0.0921275
9.93688 0.0914866
9.9427 0.0909258
9.94851 0.09056
9.95432 0.09024
9.96013 0.08996
9.96595 0.08959
10.0041 0.0933913
10.01 0.0925924
10.0158 0.0918933
10.0216 0.0914066
10.0274 0.0909808
10.0332 0.0906082
10.039 0.0902822
10.0448 0.0898719
10.0506 0.0895129
10.0888 0.0933238
10.0947 0.0925333
10.1005 0.0919667
10.1063 0.0914708
10.1121 0.091037
10.1179 0.0905324
10.1237 0.0900908
10.1295 0.0898295
10.1353 0.0896008
10.1735 0.0934007
10.1794 0.0927256
10.1852 0.0921349
10.191 0.091493
10.1968 0.0909314
10.2026 0.09044
10.2084 0.090135
10.2142 0.0898681
10.2201 0.0896346
10.2582 0.0934303
10.3048 0.0977515
10.3459 0.0964075
10.3924 0.0953566
10.4335 0.094437
10.48 0.0935074
10.5211 0.092819
10.5676 0.0922166
10.6087 0.0915645
10.6552 0.091119
10.6963 0.0907291
10.7428 0.090263
10.7839 0.0898551
10.8304 0.0896232
10.8715 0.0894203
10.918 0.0892428
10.9591 0.0890874
11.0056 0.0888265
11.0467 0.0885982
11.0932 0.0885234
11.1343 0.088458
11.1808 0.0882757
11.2219 0.0881163
11.2684 0.0881017
11.3095 0.088089
11.356 0.0880779
11.3971 0.0880681
11.4436 0.0879346
11.4847 0.0878178
11.5313 0.0878406
11.5724 0.0878605
11.6189 0.0877529
11.66 0.0876588
11.7065 0.0877015
11.7476 0.0877388
11.7941 0.0877714
11.8352 0.0878
11.8817 0.0877
11.9228 0.0876125
11.9693 0.0876609
12.0104 0.0877033
12.0569 0.0876154
12.098 0.0876635
12.1445 0.0877055
12.1856 0.0876174
12.2321 0.0876652
12.2732 0.087707
12.3197 0.0876187
12.3608 0.0875413
12.4073 0.0875987
12.4484 0.0876488
12.4949 0.0875677
12.536 0.0876218
12.5825 0.087669
12.6236 0.0875854
12.6702 0.0876372
12.7113 0.0876826
12.7578 0.0875973
12.7989 0.0875226
12.8454 0.0875823
12.8865 0.0876345
12.933 0.0875552
12.9741 0.0876108
13.0206 0.0876594
13.0617 0.087577
13.1082 0.0876299
13.1493 0.0876761
13.1958 0.0875916
13.2369 0.0875177
13.2834 0.087578
13.3245 0.0876307
13.371 0.0876769
13.4121 0.0877173
13.4586 0.0876276
13.4997 0.0875492
13.5462 0.0876055
13.5873 0.0876548
13.6338 0.087573
13.6749 0.0875013
13.7214 0.0875637
13.7625 0.0876182
13.809 0.0876659
13.8501 0.0877077
13.8967 0.0876192
13.9378 0.0875418
13.9843 0.0875991
14.0254 0.0876492
14.0719 0.0875681
14.113 0.0874971
14.1595 0.0875599
14.2006 0.0876149
14.2471 0.0876631
14.2882 0.0877052
14.3347 0.087617
14.3758 0.0875399
14.4223 0.0875974
14.4634 0.0876477
14.5099 0.0875668
14.551 0.0876209
14.5975 0.0876683
14.6386 0.0875848
14.6851 0.0876367
14.7262 0.0876821
14.7727 0.0875968
14.8138 0.0875222
14.8603 0.0875819
14.9014 0.0876342
14.9479 0.0875549
14.989 0.0876106
15.0355 0.0876592
15.0767 0.0875768
15.1232 0.0876297
15.1643 0.087676
15.2108 0.0875915
15.2519 0.0875176
15.2984 0.0875779
15.3395 0.0876306
15.386 0.0875518
15.4271 0.0876078
15.4736 0.0876569
15.5147 0.0875747
15.5612 0.0876279
15.6023 0.0876744
15.6488 0.0875901
15.6899 0.0875163
15.7364 0.0875768
15.7775 0.0876297
15.824 0.087676
15.8651 0.0877165
15.9116 0.0876269
15.9527 0.0875486
15.9992 0.087605
16.0403 0.0876544
16.0868 0.0875726
16.1279 0.087501
16.1744 0.0875634
16.2155 0.087618
16.2621 0.0876657
16.3032 0.0877075
16.3497 0.0876191
16.3908 0.0875417
16.4373 0.087599
16.4784 0.0876491
16.5249 0.087568
16.566 0.087497
16.6125 0.0875598
16.6536 0.0876149
16.7001 0.087663
16.7412 0.0877051
16.7877 0.087617
16.8288 0.0875399
16.8753 0.0875974
16.9164 0.0876477
16.9629 0.0875667
17.004 0.0876209
17.0505 0.0876683
17.0916 0.0875847
17.1381 0.0876367
17.1792 0.0876821
17.2257 0.0875968
17.2668 0.0875222
17.3133 0.0875819
17.3544 0.0876342
17.4009 0.0875549
17.4421 0.0876106
17.4886 0.0876592
17.5297 0.0875768
17.5762 0.0876297
17.6173 0.087676
17.6638 0.0875915
17.7049 0.0875176
17.7514 0.0875779
17.7925 0.0876306
17.839 0.0875518
17.8801 0.0876078
17.9266 0.0876569
17.9677 0.0875747
18.0142 0.0876279
18.0553 0.0876744
18.1018 0.0875901
18.1429 0.0875163
18.1894 0.0875768
18.2305 0.0876297
18.277 0.087676
18.3181 0.0877165
18.3646 0.0876269
18.4057 0.0875486
18.4522 0.087605
18.4933 0.0876544
18.5398 0.0875726
18.5809 0.087501
18.6275 0.0875634
18.6686 0.087618
18.7151 0.0876657
18.7562 0.0877075
18.8027 0.0876191
18.8438 0.0875417
18.8903 0.087599
18.9314 0.0876491
18.9779 0.087568
19.019 0.087497
19.0655 0.0875598
19.1066 0.0876149
19.1531 0.087663
19.1942 0.0877051
19.2407 0.087617
19.2818 0.0875399
19.3283 0.0875974
19.3694 0.0876477
19.4159 0.0875667
19.457 0.0876209
19.5035 0.0876683
19.5446 0.0875847
19.5911 0.0876367
19.6322 0.0876821
19.6787 0.0875968
19.7198 0.0875222
19.7663 0.0875819
19.8074 0.0876342
19.854 0.0875549
19.8951 0.0876106
19.9416 0.0876592
19.9827 0.0875768
20.0292 0.0876297
20.0703 0.087676
20.1168 0.0875915
20.1579 0.0875176
20.2044 0.0875779
20.2455 0.0876306
20.292 0.0875518
20.3331 0.0876078
20.3796 0.0876569
20.4207 0.0875747
20.4672 0.0876279
20.5083 0.0876744
20.5548 0.0875901
20.5959 0.0875163
20.6424 0.0875768
20.6835 0.0876297
20.7337 0.088051
20.7711 0.0880446
20.8413 0.090539
20.8603 0.0903467
20.9608 0.0939283
20.9705 0.0959373
21.0816 0.0990701
21.0909 0.101686
21.202 0.104101
21.2113 0.106213
21.3224 0.107936
21.3318 0.109444
21.4428 0.110764
21.4522 0.112043
21.5633 0.113163
21.5726 0.114018
21.6837 0.114765
21.693 0.115545
21.8041 0.116227
21.8134 0.116698
21.9245 0.117111
21.9338 0.117472
22.0449 0.117788
22.0543 0.11819
22.1653 0.118541
22.1747 0.118723
22.2858 0.118883
22.2951 0.119148
22.4062 0.119379
22.4155 0.119457
22.5266 0.119525
22.5359 0.119584
22.647 0.119761
22.6563 0.119916
22.7674 0.119926
22.7768 0.119936
22.8878 0.119944
22.8972 0.120076
23.0083 0.120191
23.0176 0.120167
23.1287 0.120146
23.138 0.120253
23.2491 0.120346
23.2584 0.120303
23.3695 0.120265
23.3788 0.120232
23.4899 0.120203
23.4992 0.120303
23.6103 0.12039
23.6197 0.120341
23.7308 0.120298
23.7401 0.120386
23.8512 0.120463
23.8605 0.120405
23.9716 0.120354
23.9809 0.12031
24.092 0.120396
24.1013 0.120472
24.2124 0.120413
24.2217 0.120361
24.3328 0.120316
24.3422 0.120402
24.4532 0.120476
24.4626 0.120417
24.5737 0.120365
24.583 0.120319
24.6941 0.120404
24.7034 0.120479
24.8145 0.120419
24.8238 0.120367
24.9349 0.120321
24.9442 0.120406
25.0553 0.12048
25.0647 0.12042
25.1757 0.120367
25.1851 0.120446
25.2962 0.120516
25.3055 0.120451
25.4166 0.120395
25.4259 0.120345
25.537 0.120302
25.5463 0.120389
25.6574 0.120466
25.6667 0.120408
25.7778 0.120357
25.7872 0.120437
25.8982 0.120507
25.9076 0.120444
26.0187 0.120388
26.028 0.12034
26.1391 0.120422
26.1484 0.120495
26.2595 0.120433
26.2688 0.120379
26.3799 0.120331
26.3892 0.120415
26.5003 0.120488
26.5096 0.120427
26.6207 0.120374
26.6301 0.120452
26.7412 0.12052
26.7505 0.120455
26.8616 0.120398
26.8709 0.120349
26.982 0.120305
26.9913 0.120392
27.1024 0.120468
27.1117 0.120409
27.2228 0.120358
27.2321 0.120438
27.3432 0.120509
27.3526 0.120445
27.4636 0.120389
27.473 0.120341
27.5841 0.120423
27.5934 0.120495
27.7045 0.120433
27.7138 0.120379
27.8249 0.120332
27.8342 0.120415
27.9453 0.120488
27.9546 0.120427
28.0657 0.120374
28.0751 0.120452
28.1861 0.120521
28.1955 0.120456
28.3066 0.120399
28.3159 0.120349
28.427 0.120305
28.4363 0.120392
28.5474 0.120468
28.5567 0.12041
28.6678 0.120358
28.6771 0.120439
28.7882 0.120509
28.7976 0.120445
28.9086 0.120389
28.918 0.120341
29.0291 0.120423
29.0384 0.120495
29.1495 0.120433
29.1588 0.120379
29.2699 0.120332
29.2792 0.120415
29.3903 0.120488
29.3996 0.120427
29.5107 0.120374
29.52 0.120452
29.6311 0.120521
29.6405 0.120456
29.7516 0.120399
29.7609 0.120349
29.872 0.120305
29.8813 0.120392
29.9924 0.120468
30.0017 0.12041
30.1128 0.120358
30.1221 0.120439
30.2332 0.120509
30.2425 0.120445
30.3536 0.120389
30.363 0.120341
30.474 0.120423
30.4834 0.120495
30.5945 0.120433
30.6038 0.120379
30.7149 0.120332
30.7242 0.120415
30.8353 0.120488
30.8446 0.120427
30.9557 0.120374
30.965 0.120452
31.0761 0.120521
31.0855 0.120456
31.1965 0.120399
31.2059 0.120349
31.317 0.120305
31.3263 0.120392
31.4374 0.120468
31.4467 0.12041
31.5578 0.120358
31.5671 0.120439
31.6782 0.120509
31.6875 0.120445
31.7986 0.12039
31.808 0.120341
31.919 0.120423
31.9284 0.120495
32.0395 0.120433
32.0488 0.120379
32.1599 0.120332
32.1692 0.120415
32.2803 0.120488
32.2896 0.120427
32.4007 0.120374
32.41 0.120452
32.5211 0.120521
32.5304 0.120456
32.6415 0.120399
32.6509 0.120349
32.762 0.120305
32.7713 0.120392
32.8824 0.120468
32.8917 0.12041
33.0028 0.120358
33.0121 0.120439
33.1232 0.120509
33.1325 0.120445
33.2436 0.12039
33.2529 0.120341
33.364 0.120423
33.3734 0.120495
33.4844 0.120433
33.4938 0.120379
33.6049 0.120332
33.6142 0.120415
33.7253 0.120488
33.7346 0.120427
33.8457 0.120374
33.855 0.120452
33.9661 0.120521
33.9754 0.120456
34.0865 0.120399
34.0959 0.120349
34.2069 0.120305
34.2163 0.120392
34.3274 0.120468
34.3367 0.12041
34.4478 0.120358
34.4571 0.120439
34.5682 0.120509
34.5775 0.120445
34.6886 0.12039
34.6979 0.120341
34.809 0.120423
34.8184 0.120495
34.9294 0.120433
34.9388 0.120379
35.0499 0.120332
35.0592 0.120415
35.1703 0.120488
35.1796 0.120427
35.2907 0.120374
35.3 0.120452
35.4111 0.120521
35.4204 0.120456
35.5315 0.120399
35.5408 0.120349
35.6519 0.120305
35.6613 0.120392
35.7724 0.120468
35.7817 0.12041
35.8928 0.120358
35.9021 0.120439
36.0132 0.120509
36.0225 0.120445
36.1336 0.12039
36.1429 0.120341
36.254 0.120423
36.2633 0.120495
36.3744 0.120433
36.3838 0.120379
36.4948 0.120332
36.5042 0.120415
36.6153 0.120488
36.6246 0.120427
36.7357 0.120374
36.745 0.120452
36.8561 0.120521
36.8654 0.120456
36.9765 0.120399
36.9858 0.120349
37.0969 0.120305
37.1063 0.120392
37.2173 0.120468
37.2267 0.12041
37.3378 0.120358
37.3471 0.120439
37.4582 0.120509
37.4675 0.120445
37.5786 0.12039
37.5879 0.120341
37.699 0.120423
37.7083 0.120495
37.8194 0.120433
37.8288 0.120379
37.9398 0.120332
37.9492 0.120415
38.0603 0.120488
38.0696 0.120427
38.1807 0.120374
38.19 0.120452
38.3011 0.120521
38.3104 0.120456
38.4215 0.120399
38.4308 0.120349
38.5419 0.120305
38.5512 0.120392
38.6623 0.120468
38.6717 0.12041
38.7828 0.120358
38.7921 0.120439
38.9032 0.120509
38.9125 0.120445
39.0236 0.12039
39.0329 0.120341
39.144 0.120423
39.1533 0.120495
39.2644 0.120433
39.2737 0.120379
39.3848 0.120332
39.3942 0.120415
39.5052 0.120488
39.5146 0.120427
39.6257 0.120374
39.635 0.120327
39.7461 0.120411
39.7554 0.120485
39.8665 0.120424
39.8758 0.120371
39.9869 0.120325
39.9962 0.120409
40.1073 0.120483
40.1167 0.120423
40.2277 0.12037
40.2371 0.120449
40.3482 0.120518
40.3575 0.120453
40.4686 0.120396
40.4779 0.120347
40.589 0.120303
40.5983 0.12039
40.7094 0.120467
40.7187 0.120408
40.8298 0.120357
40.8392 0.120438
40.9502 0.120508
40.9596 0.120444
41.0707 0.120389
41.08 0.12034
41.1911 0.120423
41.2004 0.120495
41.3115 0.120433
41.3208 0.120379
41.4319 0.120332
41.4412 0.120415
41.5523 0.120488
41.5616 0.120427
41.6727 0.120374
41.6821 0.120452
41.7932 0.120521
41.8025 0.120455
41.9136 0.120399
41.9229 0.120349
42.034 0.120305
42.0433 0.120392
42.1544 0.120468
42.1637 0.120409
42.2748 0.120358
42.2841 0.120439
42.3952 0.120509
42.4046 0.120445
42.5156 0.120389
42.525 0.120341
42.6361 0.120423
42.6454 0.120495
42.7565 0.120433
42.7658 0.120379
42.8769 0.120332
42.8862 0.120415
42.9973 0.120488
43.0066 0.120427
43.1177 0.120374
43.1271 0.120452
43.2381 0.120521
43.2475 0.120456
43.3586 0.120399
43.3679 0.120349
43.479 0.120305
43.4883 0.120392
43.5994 0.120468
43.6087 0.12041
43.7198 0.120358
43.7291 0.120439
43.8402 0.120509
43.8496 0.120445
43.9606 0.120389
43.97 0.120341
44.0811 0.120423
44.0904 0.120495
44.2015 0.120433
44.2108 0.120379
44.3219 0.120332
44.3312 0.120415
44.4423 0.120488
44.4516 0.120427
44.5627 0.120374
44.572 0.120452
44.6831 0.120521
44.6925 0.120456
44.8036 0.120399
44.8129 0.120349
44.924 0.120305
44.9333 0.120392
45.0444 0.120468
45.0537 0.12041
45.1648 0.120358
45.1741 0.120439
45.2852 0.120509
45.2945 0.120445
45.4056 0.12039
45.415 0.120341
45.526 0.120423
45.5354 0.120495
45.6465 0.120433
45.6558 0.120379
45.7669 0.120332
45.7762 0.120415
45.8873 0.120488
45.8966 0.120427
46.0077 0.120374
46.017 0.120452
46.1281 0.120521
46.1375 0.120456
46.2485 0.120399
46.2579 0.120349
46.369 0.120305
46.3783 0.120392
46.4894 0.120468
46.4987 0.12041
46.6098 0.120358
46.6191 0.120439
46.7302 0.120509
46.7395 0.120445
46.8506 0.12039
46.86 0.120341
46.971 0.120423
46.9804 0.120495
47.0915 0.120433
47.1008 0.120379
47.2119 0.120332
47.2212 0.120415
47.3323 0.120488
47.3416 0.120427
47.4527 0.120374
47.462 0.120452
47.5731 0.120521
47.5824 0.120456
47.6935 0.120399
47.7029 0.120349
47.814 0.120305
47.8233 0.120392
47.9344 0.120468
47.9437 0.12041
48.0548 0.120358
48.0641 0.120439
48.1752 0.120509
48.1845 0.120445
48.2956 0.12039
48.3049 0.120341
48.416 0.120423
48.4254 0.120495
48.5364 0.120433
48.5458 0.120379
48.6569 0.120332
48.6662 0.120415
48.7773 0.120488
48.7866 0.120427
48.8977 0.120374
48.907 0.120452
49.0181 0.120521
49.0274 0.120456
49.1385 0.120399
49.1479 0.120349
49.2589 0.120305
49.2683 0.120392
49.3794 0.120468
49.3887 0.12041
49.4998 0.120358
49.5091 0.120439
49.6202 0.120509
49.6295 0.120445
49.7406 0.12039
49.7499 0.120341
49.861 0.120423
49.8704 0.120495
49.9814 0.120433
49.9908 0.120379
50.1019 0.120332
50.1112 0.120415
50.2223 0.120488
50.2316 0.120427
50.3427 0.120374
50.352 0.120452
50.4631 0.120521
50.4724 0.120456
50.5835 0.120399
50.5928 0.120349
50.7039 0.120305
50.7133 0.120392
50.8244 0.120468
50.8337 0.12041
50.9448 0.120358
50.9541 0.120439
51.0652 0.120509
51.0745 0.120445
51.1856 0.12039
51.1949 0.120341
51.306 0.120423
51.3153 0.120495
51.4264 0.120433
51.4358 0.120379
51.5468 0.120332
51.5562 0.120415
51.6673 0.120488
51.6766 0.120427
51.7877 0.120374
51.797 0.120452
51.9081 0.120521
51.9174 0.120456
52.0285 0.120399
52.0378 0.120349
52.1489 0.120305
52.1583 0.120392
52.2693 0.120468
52.2787 0.12041
52.3898 0.120358
52.3991 0.120439
52.5102 0.120509
52.5195 0.120445
52.6306 0.12039
52.6399 0.120341
52.751 0.120423
52.7603 0.120495
52.8714 0.120433
52.8808 0.120379
52.9918 0.120332
53.0012 0.120415
53.1123 0.120488
53.1216 0.120427
53.2327 0.120374
53.242 0.120452
53.3531 0.120521
53.3624 0.120456
53.4735 0.120399
53.4828 0.120349
53.5939 0.120305
53.6032 0.120392
53.7143 0.120468
53.7237 0.12041
53.8348 0.120358
53.8441 0.120439
53.9552 0.120509
53.9645 0.120445
54.0756 0.12039
54.0849 0.120341
54.196 0.120423
54.2053 0.120495
54.3164 0.120433
54.3257 0.120379
54.4368 0.120332
54.4462 0.120415
54.5572 0.120488
54.5666 0.120427
54.6777 0.120374
54.687 0.120327
54.7981 0.120411
54.8074 0.120485
54.9185 0.120424
54.9278 0.120371
55.0389 0.120325
55.0482 0.120409
55.1593 0.120483
55.1687 0.120423
55.2797 0.12037
55.2891 0.120449
55.4002 0.120518
55.4095 0.120453
55.5206 0.120396
55.5299 0.120347
55.641 0.120303
55.6503 0.12039
55.7614 0.120467
55.7707 0.120408
55.8818 0.120357
55.8912 0.120438
56.0022 0.120508
56.0116 0.120444
56.1227 0.120389
56.132 0.12034
56.2431 0.120423
56.2524 0.120495
56.3635 0.120433
56.3728 0.120379
56.4839 0.120332
56.4932 0.120415
56.6043 0.120488
56.6136 0.120427
56.7247 0.120374
56.7341 0.120452
56.8452 0.120521
56.8545 0.120455
56.9656 0.120399
56.9749 0.120349
57.086 0.120305
57.0953 0.120392
57.2064 0.120468
57.2157 0.120409
57.3268 0.120358
57.3361 0.120439
57.4472 0.120509
57.4566 0.120445
57.5676 0.120389
57.577 0.120341
57.6881 0.120423
57.6974 0.120495
57.8085 0.120433
57.8178 0.120379
57.9289 0.120332
57.9382 0.120415
58.0493 0.120488
58.0586 0.120427
58.1697 0.120374
58.1791 0.120452
58.2901 0.120521
58.2995 0.120456
58.4106 0.120399
58.4199 0.120349
58.531 0.120305
58.5403 0.120392
58.6514 0.120468
58.6607 0.12041
58.7718 0.120358
58.7811 0.120439
58.8922 0.120509
58.9016 0.120445
59.0126 0.120389
59.022 0.120341
59.1331 0.120423
59.1424 0.120495
59.2535 0.120433
59.2628 0.120379
59.3739 0.120332
59.3832 0.120415
59.4943 0.120488
59.5036 0.120427
59.6147 0.120374
59.624 0.120452
59.7351 0.120521
59.7445 0.120456
59.8556 0.120399
59.8649 0.120349
59.976 0.120305
59.9853 0.120392
60.0964 0.120468
60.1057 0.12041
60.2168 0.120358
60.2261 0.120439
60.3372 0.120509
60.3465 0.120445
60.4576 0.12039
60.467 0.120341
60.578 0.120423
60.5874 0.120495
60.6985 0.120433
60.7078 0.120379
60.8189 0.120332
60.8282 0.120415
60.9393 0.120488
60.9486 0.120427
61.0597 0.120374
61.069 0.120452
61.1801 0.120521
61.1895 0.120456
61.3005 0.120399
61.3099 0.120349
61.421 0.120305
61.4303 0.120392
61.5414 0.120468
61.5507 0.12041
61.6618 0.120358
61.6711 0.120439
61.7822 0.120509
61.7915 0.120445
61.9026 0.12039
61.912 0.120341
62.023 0.120423
62.0324 0.120495
62.1435 0.120433
62.1528 0.120379
62.2639 0.120332
62.2732 0.120415
62.3843 0.120488
62.3936 0.120427
62.5047 0.120374
62.514 0.120452
62.6251 0.120521
62.6344 0.120456
62.7455 0.120399
62.7549 0.120349
62.866 0.120305
62.8753 0.120392
62.9864 0.120468
62.9957 0.12041
63.1068 0.120358
63.1161 0.120439
63.2272 0.120509
63.2365 0.120445
63.3476 0.12039
63.3569 0.120341
63.468 0.120423
63.4774 0.120495
63.5884 0.120433
63.5978 0.120379
63.7089 0.120332
63.7182 0.120415
63.8293 0.120488
63.8386 0.120427
63.9497 0.120374
63.959 0.120452
64.0701 0.120521
64.0794 0.120456
64.1905 0.120399
64.1999 0.120349
64.3109 0.120305
64.3203 0.120392
64.4314 0.120468
64.4407 0.12041
64.5518 0.120358
64.5611 0.120439
64.6722 0.120509
64.6815 0.120445
64.7926 0.12039
64.8019 0.120341
64.913 0.120423
64.9224 0.120495
65.0334 0.120433
65.0428 0.120379
65.1539 0.120332
65.1632 0.120415
65.2743 0.120488
65.2836 0.120427
65.3947 0.120374
65.404 0.120452
65.5151 0.120521
65.5244 0.120456
65.6355 0.120399
65.6448 0.120349
65.7559 0.120305
65.7653 0.120392
65.8764 0.120468
65.8857 0.12041
65.9968 0.120358
66.0061 0.120439
66.1172 0.120509
66.1265 0.120445
66.2376 0.12039
66.2469 0.120341
66.358 0.120423
66.3673 0.120495
66.4784 0.120433
66.4878 0.120379
66.5988 0.120332
66.6082 0.120415
66.7193 0.120488
66.7286 0.120427
66.8397 0.120374
66.849 0.120452
66.9601 0.120521
66.9694 0.120456
67.0805 0.120399
67.0898 0.120349
67.2009 0.120305
67.2103 0.120392
67.3213 0.120468
67.3307 0.12041
67.4418 0.120358
67.4511 0.120439
67.5622 0.120509
67.5715 0.120445
67.6826 0.12039
67.6919 0.120341
67.803 0.120423
67.8123 0.120495
67.9234 0.120433
67.9328 0.120379
68.0438 0.120332
68.0532 0.120415
68.1643 0.120488
68.1736 0.120427
68.2847 0.120374
68.294 0.120452
68.4051 0.120521
68.4144 0.120456
68.5255 0.120399
68.5348 0.120349
68.6459 0.120305
68.6552 0.120392
68.7663 0.120468
68.7757 0.12041
68.8868 0.120358
68.8961 0.120439
69.0072 0.120509
69.0165 0.120445
69.1276 0.12039
69.1369 0.120341
69.248 0.120423
69.2573 0.120495
69.3684 0.120433
69.3777 0.120379
69.4888 0.120332
69.4982 0.120415
69.6092 0.120488
69.6186 0.120427
69.7297 0.120374
69.739 0.120327
69.8501 0.120411
69.8594 0.120485
69.9705 0.120424
69.9798 0.120371
70.0909 0.120325
70.1002 0.120409
70.2113 0.120483
70.2207 0.120423
70.3317 0.12037
70.3411 0.120449
70.4522 0.120518
70.4615 0.120453
70.5726 0.120396
70.5819 0.120347
70.693 0.120303
70.7023 0.12039
70.8134 0.120467
70.8227 0.120408
70.9338 0.120357
70.9432 0.120438
71.0542 0.120508
71.0636 0.120444
71.1747 0.120389
71.184 0.12034
71.2951 0.120423
71.3044 0.120495
71.4155 0.120433
71.4248 0.120379
71.5359 0.120332
71.5452 0.120415
71.6563 0.120488
71.6656 0.120427
71.7767 0.120374
71.7861 0.120452
71.8972 0.120521
71.9065 0.120455
72.0176 0.120399
72.0269 0.120349
72.138 0.120305
72.1473 0.120392
72.2584 0.120468
72.2677 0.120409
72.3788 0.120358
72.3881 0.120439
72.4992 0.120509
72.5086 0.120445
72.6196 0.120389
72.629 0.120341
72.7401 0.120423
72.7494 0.120495
72.8605 0.120433
72.8698 0.120379
72.9809 0.120332
72.9902 0.120415
73.1013 0.120488
73.1106 0.120427
73.2217 0.120374
73.2311 0.120452
73.3421 0.120521
73.3515 0.120456
73.4626 0.120399
73.4719 0.120349
73.583 0.120305
73.5923 0.120392
73.7034 0.120468
73.7127 0.12041
73.8238 0.120358
73.8331 0.120439
73.9442 0.120509
73.9536 0.120445
74.0646 0.120389
74.074 0.120341
74.1851 0.120423
74.1944 0.120495
74.3055 0.120433
74.3148 0.120379
74.4259 0.120332
74.4352 0.120415
74.5463 0.120488
74.5556 0.120427
74.6667 0.120374
74.676 0.120452
74.7871 0.120521
74.7965 0.120456
74.9076 0.120399
74.9169 0.120349
75.028 0.120305
75.0373 0.120392
75.1484 0.120468
75.1577 0.12041
75.2688 0.120358
75.2781 0.120439
75.3892 0.120509
75.3985 0.120445
75.5096 0.12039
75.519 0.120341
75.63 0.120423
75.6394 0.120495
75.7505 0.120433
75.7598 0.120379
75.8709 0.120332
75.8802 0.120415
75.9913 0.120488
76.0006 0.120427
76.1117 0.120374
76.121 0.120452
76.2321 0.120521
76.2415 0.120456
76.3525 0.120399
76.3619 0.120349
76.473 0.120305
76.4823 0.120392
76.5934 0.120468
76.6027 0.12041
76.7138 0.120358
76.7231 0.120439
76.8342 0.120509
76.8435 0.120445
76.9546 0.12039
76.964 0.120341
77.075 0.120423
77.0844 0.120495
77.1955 0.120433
77.2048 0.120379
77.3159 0.120332
77.3252 0.120415
77.4363 0.120488
77.4456 0.120427
77.5567 0.120374
77.566 0.120452
77.6771 0.120521
77.6864 0.120456
77.7975 0.120399
77.8069 0.120349
77.918 0.120305
77.9273 0.120392
78.0384 0.120468
78.0477 0.12041
78.1588 0.120358
78.1681 0.120439
78.2792 0.120509
78.2885 0.120445
78.3996 0.12039
78.4089 0.120341
78.52 0.120423
78.5294 0.120495
78.6404 0.120433
78.6498 0.120379
78.7609 0.120332
78.7702 0.120415
78.8813 0.120488
78.8906 0.120427
79.0017 0.120374
79.011 0.120452
79.1221 0.120521
79.1314 0.120456
79.2425 0.120399
79.2519 0.120349
79.3629 0.120305
79.3723 0.120392
79.4834 0.120468
79.4927 0.12041
79.6038 0.120358
79.6131 0.120439
79.7242 0.120509
79.7335 0.120445
79.8446 0.12039
79.8539 0.120341
79.965 0.120423
79.9744 0.120495
80.0854 0.120433
80.0948 0.120379
80.2059 0.120332
80.2152 0.120415
80.3263 0.120488
80.3356 0.120427
80.4467 0.120374
80.456 0.120452
80.5671 0.120521
80.5764 0.120456
80.6875 0.120399
80.6968 0.120349
80.8079 0.120305
80.8173 0.120392
80.9284 0.120468
80.9377 0.12041
81.0488 0.120358
81.0581 0.120439
81.1692 0.120509
81.1785 0.120445
81.2896 0.12039
81.2989 0.120341
81.41 0.120423
81.4193 0.120495
81.5304 0.120433
81.5398 0.120379
81.6508 0.120332
81.6602 0.120415
81.7713 0.120488
81.7806 0.120427
81.8917 0.120374
81.901 0.120452
82.0121 0.120521
82.0214 0.120456
82.1325 0.120399
82.1418 0.120349
82.2529 0.120305
82.2623 0.120392
82.3733 0.120468
82.3827 0.12041
82.4938 0.120358
82.5031 0.120439
82.6142 0.120509
82.6235 0.120445
82.7346 0.12039
82.7439 0.120341
82.855 0.120423
82.8643 0.120495
82.9754 0.120433
82.9848 0.120379
83.0958 0.120332
83.1052 0.120415
83.2163 0.120488
83.2256 0.120427
83.3367 0.120374
83.346 0.120452
83.4571 0.120521
83.4664 0.120456
83.5775 0.120399
83.5868 0.120349
83.6979 0.120305
83.7072 0.120392
83.8183 0.120468
83.8277 0.12041
83.9388 0.120358
83.9481 0.120439
84.0592 0.120509
84.0685 0.120445
84.1796 0.12039
84.1889 0.120341
84.3 0.120423
84.3093 0.120495
84.4204 0.120433
84.4297 0.120379
84.5408 0.120332
84.5502 0.120415
84.6612 0.120488
84.6706 0.120427
84.7817 0.120374
84.791 0.120327
84.9021 0.120411
84.9114 0.120485
85.0225 0.120424
85.0318 0.120371
85.1429 0.120325
85.1522 0.120409
85.2633 0.120483
85.2727 0.120423
85.3837 0.12037
85.3931 0.120449
85.5042 0.120518
85.5135 0.120453
85.6246 0.120396
85.6339 0.120347
85.745 0.120303
85.7543 0.12039
85.8654 0.120467
85.8747 0.120408
85.9858 0.120357
85.9952 0.120438
86.1062 0.120508
86.1156 0.120444
86.2267 0.120389
86.236 0.12034
86.3471 0.120423
86.3564 0.120495
86.4675 0.120433
86.4768 0.120379
86.5879 0.120332
86.5972 0.120415
86.7083 0.120488
86.7176 0.120427
86.8287 0.120374
86.8381 0.120452
86.9492 0.120521
86.9585 0.120455
87.0696 0.120399
87.0789 0.120349
87.19 0.120305
87.1993 0.120392
87.3104 0.120468
87.3197 0.120409
87.4308 0.120358
87.4401 0.120439
87.5512 0.120509
87.5606 0.120445
87.6716 0.120389
87.681 0.120341
87.7921 0.120423
87.8014 0.120495
87.9125 0.120433
87.9218 0.120379
88.0329 0.120332
88.0422 0.120415
88.1533 0.120488
88.1626 0.120427
88.2737 0.120374
88.2831 0.120452
88.3941 0.120521
88.4035 0.120456
88.5146 0.120399
88.5239 0.120349
88.635 0.120305
88.6443 0.120392
88.7554 0.120468
88.7647 0.12041
88.8758 0.120358
88.8851 0.120439
88.9962 0.120509
89.0056 0.120445
89.1166 0.120389
89.126 0.120341
89.2371 0.120423
89.2464 0.120495
89.3575 0.120433
89.3668 0.120379
89.4779 0.120332
89.4872 0.120415
89.5983 0.120488
89.6076 0.120427
89.7187 0.120374
89.728 0.120452
89.8391 0.120521
89.8485 0.120456
89.9596 0.120399
89.9689 0.120349
90.08 0.120305
90.0893 0.120392
90.2004 0.120468
90.2097 0.12041
90.3208 0.120358
90.3301 0.120439
90.4412 0.120509
90.4505 0.120445
90.5616 0.12039
90.571 0.120341
90.682 0.120423
90.6914 0.120495
90.8025 0.120433
90.8118 0.120379
90.9229 0.120332
90.9322 0.120415
91.0433 0.120488
91.0526 0.120427
91.1637 0.120374
91.173 0.120452
91.2841 0.120521
91.2935 0.120456
91.4045 0.120399
91.4139 0.120349
91.525 0.120305
91.5343 0.120392
91.6454 0.120468
91.6547 0.12041
91.7658 0.120358
91.7751 0.120439
91.8862 0.120509
91.8955 0.120445
92.0066 0.12039
92.016 0.120341
92.127 0.120423
92.1364 0.120495
92.2475 0.120433
92.2568 0.120379
92.3679 0.120332
92.3772 0.120415
92.4883 0.120488
92.4976 0.120427
92.6087 0.120374
92.618 0.120452
92.7291 0.120521
92.7384 0.120456
92.8495 0.120399
92.8589 0.120349
92.97 0.120305
92.9793 0.120392
93.0904 0.120468
93.0997 0.12041
93.2108 0.120358
93.2201 0.120439
93.3312 0.120509
93.3405 0.120445
93.4516 0.12039
93.4609 0.120341
93.572 0.120423
93.5814 0.120495
93.6924 0.120433
93.7018 0.120379
93.8129 0.120332
93.8222 0.120415
93.9333 0.120488
93.9426 0.120427
94.0537 0.120374
94.063 0.120452
94.1741 0.120521
94.1834 0.120456
94.2945 0.120399
94.3039 0.120349
94.4149 0.120305
94.4243 0.120392
94.5354 0.120468
94.5447 0.12041
94.6558 0.120358
94.6651 0.120439
94.7762 0.120509
94.7855 0.120445
94.8966 0.12039
94.9059 0.120341
95.017 0.120423
95.0264 0.120495
95.1374 0.120433
95.1468 0.120379
95.2579 0.120332
95.2672 0.120415
95.3783 0.120488
95.3876 0.120427
95.4987 0.120374
95.508 0.120452
95.6191 0.120521
95.6284 0.120456
95.7395 0.120399
95.7488 0.120349
95.8599 0.120305
95.8693 0.120392
95.9804 0.120468
95.9897 0.12041
96.1008 0.120358
96.1101 0.120439
96.2212 0.120509
96.2305 0.120445
96.3416 0.12039
96.3509 0.120341
96.462 0.120423
96.4713 0.120495
96.5824 0.120433
96.5918 0.120379
96.7028 0.120332
96.7122 0.120415
96.8233 0.120488
96.8326 0.120427
96.9437 0.120374
96.953 0.120452
97.0641 0.120521
97.0734 0.120456
97.1845 0.120399
97.1938 0.120349
97.3049 0.120305
97.3143 0.120392
97.4253 0.120468
97.4347 0.12041
97.5458 0.120358
97.5551 0.120439
97.6662 0.120509
97.6755 0.120445
97.7866 0.12039
97.7959 0.120341
97.907 0.120423
97.9163 0.120495
98.0274 0.120433
98.0368 0.120379
98.1478 0.120332
98.1572 0.120415
98.2683 0.120488
98.2776 0.120427
98.3887 0.120374
98.398 0.120452
98.5091 0.120521
98.5184 0.120456
98.6295 0.120399
98.6388 0.120349
98.7499 0.120305
98.7592 0.120392
98.8703 0.120468
98.8797 0.12041
98.9908 0.120358
99.0001 0.120439
99.1112 0.120509
99.1205 0.120445
99.2316 0.12039
99.2409 0.120341
99.352 0.120423
99.3613 0.120495
99.4724 0.120433
99.4817 0.120379
99.5928 0.120332
99.6022 0.120415
99.7132 0.120488
99.7226 0.120427
99.8337 0.120374
99.843 0.120327
99.9541 0.120411
99.9634 0.120485
100.074 0.120424
100.084 0.120371
100.195 0.120325
100.204 0.120409
100.315 0.120483
100.325 0.120423
100.436 0.12037
100.445 0.120449
100.556 0.120518
100.565 0.120453
100.677 0.120396
100.686 0.120347
100.797 0.120303
100.806 0.12039
100.917 0.120467
100.927 0.120408
101.038 0.120357
101.047 0.120438
101.158 0.120508
101.168 0.120444
101.279 0.120389
101.288 0.12034
101.399 0.120423
101.408 0.120495
101.519 0.120433
101.529 0.120379
101.64 0.120332
101.649 0.120415
101.76 0.120488
101.77 0.120427
101.881 0.120374
101.89 0.120452
102.001 0.120521
102.01 0.120455
102.122 0.120399
102.131 0.120349
102.242 0.120305
102.251 0.120392
102.362 0.120468
102.372 0.120409
102.483 0.120358
102.492 0.120439
102.603 0.120509
102.613 0.120445
102.724 0.120389
102.733 0.120341
102.844 0.120423
102.853 0.120495
102.964 0.120433
102.974 0.120379
103.085 0.120332
103.094 0.120415
103.205 0.120488
103.215 0.120427
103.326 0.120374
103.335 0.120452
103.446 0.120521
103.455 0.120456
103.567 0.120399
103.576 0.120349
103.687 0.120305
103.696 0.120392
103.807 0.120468
103.817 0.12041
103.928 0.120358
103.937 0.120439
104.048 0.120509
104.058 0.120445
104.169 0.120389
104.178 0.120341
104.289 0.120423
104.298 0.120495
104.409 0.120433
104.419 0.120379
104.53 0.120332
104.539 0.120415
104.65 0.120488
104.66 0.120427
104.771 0.120374
104.78 0.120452
104.891 0.120521
104.9 0.120456
105.012 0.120399
105.021 0.120349
105.132 0.120305
105.141 0.120392
105.252 0.120468
105.262 0.12041
105.373 0.120358
105.382 0.120439
105.493 0.120509
105.503 0.120445
105.614 0.12039
105.623 0.120341
105.734 0.120423
105.743 0.120495
105.854 0.120433
105.864 0.120379
105.975 0.120332
105.984 0.120415
106.095 0.120488
106.105 0.120427
106.216 0.120374
106.225 0.120452
106.336 0.120521
106.345 0.120456
106.457 0.120399
106.466 0.120349
106.577 0.120305
106.586 0.120392
106.697 0.120468
106.707 0.12041
106.818 0.120358
106.827 0.120439
106.938 0.120509
106.948 0.120445
107.059 0.12039
107.068 0.120341
107.179 0.120423
107.188 0.120495
107.299 0.120433
107.309 0.120379
107.42 0.120332
107.429 0.120415
107.54 0.120488
107.55 0.120427
107.661 0.120374
107.67 0.120452
107.781 0.120521
107.79 0.120456
107.902 0.120399
107.911 0.120349
108.022 0.120305
108.031 0.120392
108.142 0.120468
108.152 0.12041
108.263 0.120358
108.272 0.120439
108.383 0.120509
108.393 0.120445
108.504 0.12039
108.513 0.120341
108.624 0.120423
108.633 0.120495
108.744 0.120433
108.754 0.120379
108.865 0.120332
108.874 0.120415
108.985 0.120488
108.995 0.120427
109.106 0.120374
109.115 0.120452
109.226 0.120521
109.235 0.120456
109.347 0.120399
109.356 0.120349
109.467 0.120305
109.476 0.120392
109.587 0.120468
109.597 0.12041
109.708 0.120358
109.717 0.120439
109.828 0.120509
109.838 0.120445
109.949 0.12039
109.958 0.120341
110.069 0.120423
110.078 0.120495
110.189 0.120433
110.199 0.120379
110.31 0.120332
110.319 0.120415
110.43 0.120488
110.44 0.120427
110.551 0.120374
110.56 0.120452
110.671 0.120521
110.68 0.120456
110.792 0.120399
110.801 0.120349
110.912 0.120305
110.921 0.120392
111.032 0.120468
111.042 0.12041
111.153 0.120358
111.162 0.120439
111.273 0.120509
111.283 0.120445
111.394 0.12039
111.403 0.120341
111.514 0.120423
111.523 0.120495
111.634 0.120433
111.644 0.120379
111.755 0.120332
111.764 0.120415
111.875 0.120488
111.885 0.120427
111.996 0.120374
112.005 0.120452
112.116 0.120521
112.125 0.120456
112.237 0.120399
112.246 0.120349
112.357 0.120305
112.366 0.120392
112.477 0.120468
112.487 0.12041
112.598 0.120358
112.607 0.120439
112.718 0.120509
112.728 0.120445
112.839 0.12039
112.848 0.120341
112.959 0.120423
112.968 0.120495
113.079 0.120433
113.089 0.120379
113.2 0.120332
113.209 0.120415
113.32 0.120488
113.33 0.120427
113.441 0.120374
113.45 0.120452
113.561 0.120521
113.57 0.120456
113.682 0.120399
113.691 0.120349
113.802 0.120305
113.811 0.120392
113.922 0.120468
113.932 0.12041
114.043 0.120358
114.052 0.120439
114.163 0.120509
114.172 0.120445
114.284 0.12039
114.293 0.120341
114.404 0.120423
114.413 0.120495
114.524 0.120433
114.534 0.120379
114.645 0.120332
114.654 0.120415
114.765 0.120488
114.775 0.120427
114.886 0.120374
114.895 0.120327
115.006 0.120411
115.015 0.120485
115.126 0.120424
115.136 0.120371
115.247 0.120325
115.256 0.120409
115.367 0.120483
115.377 0.120423
115.488 0.12037
115.497 0.120449
115.608 0.120518
115.617 0.120453
115.729 0.120396
115.738 0.120347
115.849 0.120303
115.858 0.12039
115.969 0.120467
115.979 0.120408
116.09 0.120357
116.099 0.120438
116.21 0.120508
116.22 0.120444
116.331 0.120389
116.34 0.12034
116.451 0.120423
116.46 0.120495
116.571 0.120433
116.581 0.120379
116.692 0.120332
116.701 0.120415
116.812 0.120488
116.822 0.120427
116.933 0.120374
116.942 0.120452
117.053 0.120521
117.062 0.120455
117.174 0.120399
117.183 0.120349
117.294 0.120305
117.303 0.120392
117.414 0.120468
117.424 0.120409
117.535 0.120358
117.544 0.120439
117.655 0.120509
117.665 0.120445
117.776 0.120389
117.785 0.120341
117.896 0.120423
117.905 0.120495
118.016 0.120433
118.026 0.120379
118.137 0.120332
118.146 0.120415
118.257 0.120488
118.267 0.120427
118.378 0.120374
118.387 0.120452
118.498 0.120521
118.507 0.120456
118.619 0.120399
118.628 0.120349
118.739 0.120305
118.748 0.120392
118.859 0.120468
118.869 0.12041
118.98 0.120358
118.989 0.120439
119.1 0.120509
119.11 0.120445
119.221 0.120389
119.23 0.120341
119.341 0.120423
119.35 0.120495
119.461 0.120433
119.471 0.120379
119.582 0.120332
119.591 0.120415
119.702 0.120488
119.712 0.120427
119.823 0.120374
119.832 0.120452
119.943 0.120521
119.952 0.120456
120.064 0.120399
120.073 0.120349
120.184 0.120305
120.193 0.120392
120.304 0.120468
120.314 0.12041
120.425 0.120358
120.434 0.120439
120.545 0.120509
120.555 0.120445
120.666 0.12039
120.675 0.120341
120.786 0.120423
120.795 0.120495
120.906 0.120433
120.916 0.120379
121.027 0.120332
121.036 0.120415
121.147 0.120488
121.157 0.120427
121.268 0.120374
121.277 0.120452
121.388 0.120521
121.397 0.120456
121.509 0.120399
121.518 0.120349
121.629 0.120305
121.638 0.120392
121.749 0.120468
121.759 0.12041
121.87 0.120358
121.879 0.120439
121.99 0.120509
122 0.120445
122.111 0.12039
122.12 0.120341
122.231 0.120423
122.24 0.120495
122.351 0.120433
122.361 0.120379
122.472 0.120332
122.481 0.120415
122.592 0.120488
122.602 0.120427
122.713 0.120374
122.722 0.120452
122.833 0.120521
122.842 0.120456
122.954 0.120399
122.963 0.120349
123.074 0.120305
123.083 0.120392
123.194 0.120468
123.204 0.12041
123.315 0.120358
123.324 0.120439
123.435 0.120509
123.445 0.120445
123.556 0.12039
123.565 0.120341
123.676 0.120423
123.685 0.120495
123.796 0.120433
123.806 0.120379
123.917 0.120332
123.926 0.120415
124.037 0.120488
124.047 0.120427
124.158 0.120374
124.167 0.120452
124.278 0.120521
124.287 0.120456
124.399 0.120399
124.408 0.120349
124.519 0.120305
124.528 0.120392
124.639 0.120468
124.649 0.12041
124.76 0.120358
124.769 0.120439
124.88 0.120509
124.89 0.120445
125.001 0.12039
125.01 0.120341
125.121 0.120423
125.13 0.120495
125.241 0.120433
125.251 0.120379
125.362 0.120332
125.371 0.120415
125.482 0.120488
125.492 0.120427
125.603 0.120374
125.612 0.120452
125.723 0.120521
125.732 0.120456
125.844 0.120399
125.853 0.120349
125.964 0.120305
125.973 0.120392
126.084 0.120468
126.094 0.12041
126.205 0.120358
126.214 0.120439
126.325 0.120509
126.335 0.120445
126.446 0.12039
126.455 0.120341
126.566 0.120423
126.575 0.120495
126.686 0.120433
126.696 0.120379
126.807 0.120332
126.816 0.120415
126.927 0.120488
126.937 0.120427
127.048 0.120374
127.057 0.120452
127.168 0.120521
127.177 0.120456
127.289 0.120399
127.298 0.120349
127.409 0.120305
127.418 0.120392
127.529 0.120468
127.539 0.12041
127.65 0.120358
127.659 0.120439
127.77 0.120509
127.78 0.120445
127.891 0.12039
127.9 0.120341
128.011 0.120423
128.02 0.120495
128.131 0.120433
128.141 0.120379
128.252 0.120332
128.261 0.120415
128.372 0.120488
128.382 0.120427
128.493 0.120374
128.502 0.120452
128.613 0.120521
128.622 0.120456
128.734 0.120399
128.743 0.120349
128.854 0.120305
128.863 0.120392
128.974 0.120468
128.984 0.12041
129.095 0.120358
129.104 0.120439
129.215 0.120509
129.224 0.120445
129.336 0.12039
129.345 0.120341
129.456 0.120423
129.465 0.120495
129.576 0.120433
129.586 0.120379
129.697 0.120332
129.706 0.120415
129.817 0.120488
129.827 0.120427
129.938 0.120374
129.947 0.120327
130.058 0.120411
130.067 0.120485
130.178 0.120424
130.188 0.120371
130.299 0.120325
130.308 0.120409
130.419 0.120483
130.429 0.120423
130.54 0.12037
130.549 0.120449
130.66 0.120518
130.669 0.120453
130.781 0.120396
130.79 0.120347
130.901 0.120303
130.91 0.12039
131.021 0.120467
131.031 0.120408
131.142 0.120357
131.151 0.120438
131.262 0.120508
131.272 0.120444
131.383 0.120389
131.392 0.12034
131.503 0.120423
131.512 0.120495
131.623 0.120433
131.633 0.120379
131.744 0.120332
131.753 0.120415
131.864 0.120488
131.874 0.120427
131.985 0.120374
131.994 0.120452
132.105 0.120521
132.114 0.120455
132.226 0.120399
132.235 0.120349
132.346 0.120305
132.355 0.120392
132.466 0.120468
132.476 0.120409
132.587 0.120358
132.596 0.120439
132.707 0.120509
132.717 0.120445
132.828 0.120389
132.837 0.120341
132.948 0.120423
132.957 0.120495
133.068 0.120433
133.078 0.120379
133.189 0.120332
133.198 0.120415
133.309 0.120488
133.319 0.120427
133.43 0.120374
133.439 0.120452
133.55 0.120521
133.559 0.120456
133.671 0.120399
133.68 0.120349
133.791 0.120305
133.8 0.120392
133.911 0.120468
133.921 0.12041
134.032 0.120358
134.041 0.120439
134.152 0.120509
134.162 0.120445
134.273 0.120389
134.282 0.120341
134.393 0.120423
134.402 0.120495
134.513 0.120433
134.523 0.120379
134.634 0.120332
134.643 0.120415
134.754 0.120488
134.764 0.120427
134.875 0.120374
134.884 0.120452
134.995 0.120521
135.004 0.120456
135.116 0.120399
135.125 0.120349
135.236 0.120305
135.245 0.120392
135.356 0.120468
135.366 0.12041
135.477 0.120358
135.486 0.120439
135.597 0.120509
135.607 0.120445
135.718 0.12039
135.727 0.120341
135.838 0.120423
135.847 0.120495
135.958 0.120433
135.968 0.120379
136.079 0.120332
136.088 0.120415
136.199 0.120488
136.209 0.120427
136.32 0.120374
136.329 0.120452
136.44 0.120521
136.449 0.120456
136.561 0.120399
136.57 0.120349
136.681 0.120305
136.69 0.120392
136.801 0.120468
136.811 0.12041
136.922 0.120358
136.931 0.120439
137.042 0.120509
137.052 0.120445
137.163 0.12039
137.172 0.120341
137.283 0.120423
137.292 0.120495
137.403 0.120433
137.413 0.120379
137.524 0.120332
137.533 0.120415
137.644 0.120488
137.654 0.120427
137.765 0.120374
137.774 0.120452
137.885 0.120521
137.894 0.120456
138.006 0.120399
138.015 0.120349
138.126 0.120305
138.135 0.120392
138.246 0.120468
138.256 0.12041
138.367 0.120358
138.376 0.120439
138.487 0.120509
138.497 0.120445
138.608 0.12039
138.617 0.120341
138.728 0.120423
138.737 0.120495
138.848 0.120433
138.858 0.120379
138.969 0.120332
138.978 0.120415
139.089 0.120488
139.099 0.120427
139.21 0.120374
139.219 0.120452
139.33 0.120521
139.339 0.120456
139.451 0.120399
139.46 0.120349
139.571 0.120305
139.58 0.120392
139.691 0.120468
139.701 0.12041
139.812 0.120358
139.821 0.120439
139.932 0.120509
139.942 0.120445
140.053 0.12039
140.062 0.120341
140.173 0.120423
140.182 0.120495
140.293 0.120433
140.303 0.120379
140.414 0.120332
140.423 0.120415
140.534 0.120488
140.544 0.120427
140.655 0.120374
140.664 0.120452
140.775 0.120521
140.784 0.120456
140.896 0.120399
140.905 0.120349
141.016 0.120305
141.025 0.120392
141.136 0.120468
141.146 0.12041
141.257 0.120358
141.266 0.120439
141.377 0.120509
141.387 0.120445
141.498 0.12039
141.507 0.120341
141.618 0.120423
141.627 0.120495
141.738 0.120433
141.748 0.120379
141.859 0.120332
141.868 0.120415
141.979 0.120488
141.989 0.120427
142.1 0.120374
142.109 0.120452
142.22 0.120521
142.229 0.120456
142.341 0.120399
142.35 0.120349
142.461 0.120305
142.47 0.120392
142.581 0.120468
142.591 0.12041
142.702 0.120358
142.711 0.120439
142.822 0.120509
142.832 0.120445
142.943 0.12039
142.952 0.120341
143.063 0.120423
143.072 0.120495
143.183 0.120433
143.193 0.120379
143.304 0.120332
143.313 0.120415
143.424 0.120488
143.434 0.120427
143.545 0.120374
143.554 0.120452
143.665 0.120521
143.674 0.120456
143.786 0.120399
143.795 0.120349
143.906 0.120305
143.915 0.120392
144.026 0.120468
144.036 0.12041
144.147 0.120358
144.156 0.120439
144.267 0.120509
144.276 0.120445
144.388 0.12039
144.397 0.120341
144.508 0.120423
144.517 0.120495
144.628 0.120433
144.638 0.120379
144.749 0.120332
144.758 0.120415
144.869 0.120488
144.879 0.120427
144.99 0.120374
144.999 0.120327
145.11 0.120411
145.119 0.120485
145.23 0.120424
145.24 0.120371
145.351 0.120325
145.36 0.120409
145.471 0.120483
145.481 0.120423
145.592 0.12037
145.601 0.120449
145.712 0.120518
145.721 0.120453
145.833 0.120396
145.842 0.120347
145.953 0.120303
145.962 0.12039
146.073 0.120467
146.083 0.120408
146.194 0.120357
146.203 0.120438
146.314 0.120508
146.324 0.120444
146.435 0.120389
146.444 0.12034
146.555 0.120423
146.564 0.120495
146.675 0.120433
146.685 0.120379
146.796 0.120332
146.805 0.120415
146.916 0.120488
146.926 0.120427
147.037 0.120374
147.046 0.120452
147.157 0.120521
147.166 0.120455
147.278 0.120399
147.287 0.120349
147.398 0.120305
147.407 0.120392
147.518 0.120468
147.528 0.120409
147.639 0.120358
147.648 0.120439
147.759 0.120509
147.769 0.120445
147.88 0.120389
147.889 0.120341
148 0.120423
148.009 0.120495
148.12 0.120433
148.13 0.120379
148.241 0.120332
148.25 0.120415
148.361 0.120488
148.371 0.120427
148.482 0.120374
148.491 0.120452
148.602 0.120521
148.611 0.120456
148.723 0.120399
148.732 0.120349
148.843 0.120305
148.852 0.120392
148.963 0.120468
148.973 0.12041
149.084 0.120358
149.093 0.120439
149.204 0.120509
149.214 0.120445
149.325 0.120389
149.334 0.120341
149.445 0.120423
149.454 0.120495
149.565 0.120433
149.575 0.120379
149.686 0.120332
149.695 0.120415
149.806 0.120488
149.816 0.120427
149.927 0.120374
149.936 0.120452
150.047 0.120521
150.056 0.120456
150.168 0.120399
150.177 0.120349
150.288 0.120305
150.297 0.120392
150.408 0.120468
150.418 0.12041
150.529 0.120358
150.538 0.120439
150.649 0.120509
150.659 0.120445
150.77 0.12039
150.779 0.120341
150.89 0.120423
150.899 0.120495
151.01 0.120433
151.02 0.120379
151.131 0.120332
151.14 0.120415
151.251 0.120488
151.261 0.120427
151.372 0.120374
151.381 0.120452
151.492 0.120521
151.501 0.120456
151.613 0.120399
151.622 0.120349
151.733 0.120305
151.742 0.120392
151.853 0.120468
151.863 0.12041
151.974 0.120358
151.983 0.120439
152.094 0.120509
152.104 0.120445
152.215 0.12039
152.224 0.120341
152.335 0.120423
152.344 0.120495
152.455 0.120433
152.465 0.120379
152.576 0.120332
152.585 0.120415
152.696 0.120488
152.706 0.120427
152.817 0.120374
152.826 0.120452
152.937 0.120521
152.946 0.120456
153.058 0.120399
153.067 0.120349
153.178 0.120305
153.187 0.120392
153.298 0.120468
153.308 0.12041
153.419 0.120358
153.428 0.120439
153.539 0.120509
153.549 0.120445
153.66 0.12039
153.669 0.120341
153.78 0.120423
153.789 0.120495
153.9 0.120433
153.91 0.120379
154.021 0.120332
154.03 0.120415
154.141 0.120488
154.151 0.120427
154.262 0.120374
154.271 0.120452
154.382 0.120521
154.391 0.120456
154.503 0.120399
154.512 0.120349
154.623 0.120305
154.632 0.120392
154.743 0.120468
154.753 0.12041
154.864 0.120358
154.873 0.120439
154.984 0.120509
154.994 0.120445
155.105 0.12039
155.114 0.120341
155.225 0.120423
155.234 0.120495
155.345 0.120433
155.355 0.120379
155.466 0.120332
155.475 0.120415
155.586 0.120488
155.596 0.120427
155.707 0.120374
155.716 0.120452
155.827 0.120521
155.836 0.120456
155.948 0.120399
155.957 0.120349
156.068 0.120305
156.077 0.120392
156.188 0.120468
156.198 0.12041
156.309 0.120358
156.318 0.120439
156.429 0.120509
156.439 0.120445
156.55 0.12039
156.559 0.120341
156.67 0.120423
156.679 0.120495
156.79 0.120433
156.8 0.120379
156.911 0.120332
156.92 0.120415
157.031 0.120488
157.041 0.120427
157.152 0.120374
157.161 0.120452
157.272 0.120521
157.281 0.120456
157.393 0.120399
157.402 0.120349
157.513 0.120305
157.522 0.120392
157.633 0.120468
157.643 0.12041
157.754 0.120358
157.763 0.120439
157.874 0.120509
157.884 0.120445
157.995 0.12039
158.004 0.120341
158.115 0.120423
158.124 0.120495
158.235 0.120433
158.245 0.120379
158.356 0.120332
158.365 0.120415
158.476 0.120488
158.486 0.120427
158.597 0.120374
158.606 0.120452
158.717 0.120521
158.726 0.120456
158.838 0.120399
158.847 0.120349
158.958 0.120305
158.967 0.120392
159.078 0.120468
159.088 0.12041
159.199 0.120358
159.208 0.120439
159.319 0.120509
159.328 0.120445
159.44 0.12039
159.449 0.120341
159.56 0.120423
159.569 0.120495
159.68 0.120433
159.69 0.120379
159.801 0.120332
159.81 0.120415
159.921 0.120488
159.931 0.120427
160.042 0.120374
160.051 0.120327
160.162 0.120411
160.171 0.120485
160.282 0.120424
160.292 0.120371
160.403 0.120325
160.412 0.120409
160.523 0.120483
160.533 0.120423
160.644 0.12037
160.653 0.120449
160.764 0.120518
160.773 0.120453
160.885 0.120396
160.894 0.120347
161.005 0.120303
161.014 0.12039
161.125 0.120467
161.135 0.120408
161.246 0.120357
161.255 0.120438
161.366 0.120508
161.376 0.120444
161.487 0.120389
161.496 0.12034
161.607 0.120423
161.616 0.120495
161.727 0.120433
161.737 0.120379
161.848 0.120332
161.857 0.120415
161.968 0.120488
161.978 0.120427
162.089 0.120374
162.098 0.120452
162.209 0.120521
162.218 0.120455
162.33 0.120399
162.339 0.120349
162.45 0.120305
162.459 0.120392
162.57 0.120468
162.58 0.120409
162.691 0.120358
162.7 0.120439
162.811 0.120509
162.821 0.120445
162.932 0.120389
162.941 0.120341
163.052 0.120423
163.061 0.120495
163.172 0.120433
163.182 0.120379
163.293 0.120332
163.302 0.120415
163.413 0.120488
163.423 0.120427
163.534 0.120374
163.543 0.120452
163.654 0.120521
163.663 0.120456
163.775 0.120399
163.784 0.120349
163.895 0.120305
163.904 0.120392
164.015 0.120468
164.025 0.12041
164.136 0.120358
164.145 0.120439
164.256 0.120509
164.266 0.120445
164.377 0.120389
164.386 0.120341
164.497 0.120423
164.506 0.120495
164.617 0.120433
164.627 0.120379
164.738 0.120332
164.747 0.120415
164.858 0.120488
164.868 0.120427
164.979 0.120374
164.988 0.120452
165.099 0.120521
165.108 0.120456
165.22 0.120399
165.229 0.120349
165.34 0.120305
165.349 0.120392
165.46 0.120468
165.47 0.12041
165.581 0.120358
165.59 0.120439
165.701 0.120509
165.711 0.120445
165.822 0.12039
165.831 0.120341
165.942 0.120423
165.951 0.120495
166.062 0.120433
166.072 0.120379
166.183 0.120332
166.192 0.120415
166.303 0.120488
166.313 0.120427
166.424 0.120374
166.433 0.120452
166.544 0.120521
166.553 0.120456
166.665 0.120399
166.674 0.120349
166.785 0.120305
166.794 0.120392
166.905 0.120468
166.915 0.12041
167.026 0.120358
167.035 0.120439
167.146 0.120509
167.156 0.120445
167.267 0.12039
167.276 0.120341
167.387 0.120423
167.396 0.120495
167.507 0.120433
167.517 0.120379
167.628 0.120332
167.637 0.120415
167.748 0.120488
167.758 0.120427
167.869 0.120374
167.878 0.120452
167.989 0.120521
167.998 0.120456
168.11 0.120399
168.119 0.120349
168.23 0.120305
168.239 0.120392
168.35 0.120468
168.36 0.12041
168.471 0.120358
168.48 0.120439
168.591 0.120509
168.601 0.120445
168.712 0.12039
168.721 0.120341
168.832 0.120423
168.841 0.120495
168.952 0.120433
168.962 0.120379
169.073 0.120332
169.082 0.120415
169.193 0.120488
169.203 0.120427
169.314 0.120374
169.323 0.120452
169.434 0.120521
169.443 0.120456
169.555 0.120399
169.564 0.120349
169.675 0.120305
169.684 0.120392
169.795 0.120468
169.805 0.12041
169.916 0.120358
169.925 0.120439
170.036 0.120509
170.046 0.120445
170.157 0.12039
170.166 0.120341
170.277 0.120423
170.286 0.120495
170.397 0.120433
170.407 0.120379
170.518 0.120332
170.527 0.120415
170.638 0.120488
170.648 0.120427
170.759 0.120374
170.768 0.120452
170.879 0.120521
170.888 0.120456
171 0.120399
171.009 0.120349
171.12 0.120305
171.129 0.120392
171.24 0.120468
171.25 0.12041
171.361 0.120358
171.37 0.120439
171.481 0.120509
171.491 0.120445
171.602 0.12039
171.611 0.120341
171.722 0.120423
171.731 0.120495
171.842 0.120433
171.852 0.120379
171.963 0.120332
171.972 0.120415
172.083 0.120488
172.093 0.120427
172.204 0.120374
172.213 0.120452
172.324 0.120521
172.333 0.120456
172.445 0.120399
172.454 0.120349
172.565 0.120305
172.574 0.120392
172.685 0.120468
172.695 0.12041
172.806 0.120358
172.815 0.120439
172.926 0.120509
172.936 0.120445
173.047 0.12039
173.056 0.120341
173.167 0.120423
173.176 0.120495
173.287 0.120433
173.297 0.120379
173.408 0.120332
173.417 0.120415
173.528 0.120488
173.538 0.120427
173.649 0.120374
173.658 0.120452
173.769 0.120521
173.778 0.120456
173.89 0.120399
173.899 0.120349
174.01 0.120305
174.019 0.120392
174.13 0.120468
174.14 0.12041
174.251 0.120358
174.26 0.120439
174.371 0.120509
174.38 0.120445
174.492 0.12039
174.501 0.120341
174.612 0.120423
174.621 0.120495
174.732 0.120433
174.742 0.120379
174.853 0.120332
174.862 0.120415
174.973 0.120488
174.983 0.120427
175.094 0.120374
175.103 0.120327
175.214 0.120411
175.223 0.120485
175.334 0.120424
175.344 0.120371
175.455 0.120325
175.464 0.120409
175.575 0.120483
175.585 0.120423
175.696 0.12037
175.705 0.120449
175.816 0.120518
175.825 0.120453
175.937 0.120396
175.946 0.120347
176.057 0.120303
176.066 0.12039
176.177 0.120467
176.187 0.120408
176.298 0.120357
176.307 0.120438
176.418 0.120508
176.428 0.120444
176.539 0.120389
176.548 0.12034
176.659 0.120423
176.668 0.120495
176.779 0.120433
176.789 0.120379
176.9 0.120332
176.909 0.120415
177.02 0.120488
177.03 0.120427
177.141 0.120374
177.15 0.120452
177.261 0.120521
177.27 0.120455
177.382 0.120399
177.391 0.120349
177.502 0.120305
177.511 0.120392
177.622 0.120468
177.632 0.120409
177.743 0.120358
177.752 0.120439
177.863 0.120509
177.873 0.120445
177.984 0.120389
177.993 0.120341
178.104 0.120423
178.113 0.120495
178.224 0.120433
178.234 0.120379
178.345 0.120332
178.354 0.120415
178.465 0.120488
178.475 0.120427
178.586 0.120374
178.595 0.120452
178.706 0.120521
178.715 0.120456
178.827 0.120399
178.836 0.120349
178.947 0.120305
178.956 0.120392
179.067 0.120468
179.077 0.12041
179.188 0.120358
179.197 0.120439
179.308 0.120509
179.318 0.120445
179.429 0.120389
179.438 0.120341
179.549 0.120423
179.558 0.120495
179.669 0.120433
179.679 0.120379
179.79 0.120332
179.799 0.120415
179.91 0.120488
179.92 0.120427
180.031 0.120374
180.04 0.120452
180.151 0.120521
180.16 0.120456
180.272 0.120399
180.281 0.120349
180.392 0.120305
180.401 0.120392
180.512 0.120468
180.522 0.12041
180.633 0.120358
180.642 0.120439
180.753 0.120509
180.763 0.120445
180.874 0.12039
180.883 0.120341
180.994 0.120423
181.003 0.120495
181.114 0.120433
181.124 0.120379
181.235 0.120332
181.244 0.120415
181.355 0.120488
181.365 0.120427
181.476 0.120374
181.485 0.120452
181.596 0.120521
181.605 0.120456
181.717 0.120399
181.726 0.120349
181.837 0.120305
181.846 0.120392
181.957 0.120468
181.967 0.12041
182.078 0.120358
182.087 0.120439
182.198 0.120509
182.208 0.120445
182.319 0.12039
182.328 0.120341
182.439 0.120423
182.448 0.120495
182.559 0.120433
182.569 0.120379
182.68 0.120332
182.689 0.120415
182.8 0.120488
182.81 0.120427
182.921 0.120374
182.93 0.120452
183.041 0.120521
183.05 0.120456
183.162 0.120399
183.171 0.120349
183.282 0.120305
183.291 0.120392
183.402 0.120468
183.412 0.12041
183.523 0.120358
183.532 0.120439
183.643 0.120509
183.653 0.120445
183.764 0.12039
183.773 0.120341
183.884 0.120423
183.893 0.120495
184.004 0.120433
184.014 0.120379
184.125 0.120332
184.134 0.120415
184.245 0.120488
184.255 0.120427
184.366 0.120374
184.375 0.120452
184.486 0.120521
184.495 0.120456
184.607 0.120399
184.616 0.120349
184.727 0.120305
184.736 0.120392
184.847 0.120468
184.857 0.12041
184.968 0.120358
184.977 0.120439
185.088 0.120509
185.098 0.120445
185.209 0.12039
185.218 0.120341
185.329 0.120423
185.338 0.120495
185.449 0.120433
185.459 0.120379
185.57 0.120332
185.579 0.120415
185.69 0.120488
185.7 0.120427
185.811 0.120374
185.82 0.120452
185.931 0.120521
185.94 0.120456
186.052 0.120399
186.061 0.120349
186.172 0.120305
186.181 0.120392
186.292 0.120468
186.302 0.12041
186.413 0.120358
186.422 0.120439
186.533 0.120509
186.543 0.120445
186.654 0.12039
186.663 0.120341
186.774 0.120423
186.783 0.120495
186.894 0.120433
186.904 0.120379
187.015 0.120332
187.024 0.120415
187.135 0.120488
187.145 0.120427
187.256 0.120374
187.265 0.120452
187.376 0.120521
187.385 0.120456
187.497 0.120399
187.506 0.120349
187.617 0.120305
187.626 0.120392
187.737 0.120468
187.747 0.12041
187.858 0.120358
187.867 0.120439
187.978 0.120509
187.988 0.120445
188.099 0.12039
188.108 0.120341
188.219 0.120423
188.228 0.120495
188.339 0.120433
188.349 0.120379
188.46 0.120332
188.469 0.120415
188.58 0.120488
188.59 0.120427
188.701 0.120374
188.71 0.120452
188.821 0.120521
188.83 0.120456
188.942 0.120399
188.951 0.120349
189.062 0.120305
189.071 0.120392
189.182 0.120468
189.192 0.12041
189.303 0.120358
189.312 0.120439
189.423 0.120509
189.432 0.120445
189.544 0.12039
189.553 0.120341
189.664 0.120423
189.673 0.120495
189.784 0.120433
189.794 0.120379
189.905 0.120332
189.914 0.120415
190.025 0.120488
190.035 0.120427
190.146 0.120374
190.155 0.120327
190.266 0.120411
190.275 0.120485
190.386 0.120424
190.396 0.120371
190.507 0.120325
190.516 0.120409
190.627 0.120483
190.637 0.120423
190.748 0.12037
190.757 0.120449
190.868 0.120518
190.877 0.120453
190.989 0.120396
190.998 0.120347
191.109 0.120303
191.118 0.12039
191.229 0.120467
191.239 0.120408
191.35 0.120357
191.359 0.120438
191.47 0.120508
191.48 0.120444
191.591 0.120389
191.6 0.12034
191.711 0.120423
191.72 0.120495
191.831 0.120433
191.841 0.120379
191.952 0.120332
191.961 0.120415
192.072 0.120488
192.082 0.120427
192.193 0.120374
192.202 0.120452
192.313 0.120521
192.322 0.120455
192.434 0.120399
192.443 0.120349
192.554 0.120305
192.563 0.120392
192.674 0.120468
192.684 0.120409
192.795 0.120358
192.804 0.120439
192.915 0.120509
192.925 0.120445
193.036 0.120389
193.045 0.120341
193.156 0.120423
193.165 0.120495
193.276 0.120433
193.286 0.120379
193.397 0.120332
193.406 0.120415
193.517 0.120488
193.527 0.120427
193.638 0.120374
193.647 0.120452
193.758 0.120521
193.767 0.120456
193.879 0.120399
193.888 0.120349
193.999 0.120305
194.008 0.120392
194.119 0.120468
194.129 0.12041
194.24 0.120358
194.249 0.120439
194.36 0.120509
194.37 0.120445
194.481 0.120389
194.49 0.120341
194.601 0.120423
194.61 0.120495
194.721 0.120433
194.731 0.120379
194.842 0.120332
194.851 0.120415
194.962 0.120488
194.972 0.120427
195.083 0.120374
195.092 0.120452
195.203 0.120521
195.212 0.120456
195.324 0.120399
195.333 0.120349
195.444 0.120305
195.453 0.120392
195.564 0.120468
195.574 0.12041
195.685 0.120358
195.694 0.120439
195.805 0.120509
195.815 0.120445
195.926 0.12039
195.935 0.120341
196.046 0.120423
196.055 0.120495
196.166 0.120433
196.176 0.120379
196.287 0.120332
196.296 0.120415
196.407 0.120488
196.417 0.120427
196.528 0.120374
196.537 0.120452
196.648 0.120521
196.657 0.120456
196.769 0.120399
196.778 0.120349
196.889 0.120305
196.898 0.120392
197.009 0.120468
197.019 0.12041
197.13 0.120358
197.139 0.120439
197.25 0.120509
197.26 0.120445
197.371 0.12039
197.38 0.120341
197.491 0.120423
197.5 0.120495
197.611 0.120433
197.621 0.120379
197.732 0.120332
197.741 0.120415
197.852 0.120488
197.862 0.120427
197.973 0.120374
197.982 0.120452
198.093 0.120521
198.102 0.120456
198.214 0.120399
198.223 0.120349
198.334 0.120305
198.343 0.120392
198.454 0.120468
198.464 0.12041
198.575 0.120358
198.584 0.120439
198.695 0.120509
198.705 0.120445
198.816 0.12039
198.825 0.120341
198.936 0.120423
198.945 0.120495
199.056 0.120433
199.066 0.120379
199.144 0.116332
199.153 0.11279
199.232 0.109567
199.241 0.106746
199.319 0.104403
199.329 0.102352
199.407 0.100433
199.416 0.098879
199.494 0.0975191
199.504 0.0962043
199.582 0.0951787
199.591 0.0942814
199.67 0.0933712
199.679 0.0926998
199.757 0.0921123
199.767 0.0914733
199.845 0.0909141
199.854 0.0905499
199.933 0.0902311
199.942 0.0898272
200.02 0.0895988
200.029 0.089399
200.108 0.0890991
200.117 0.0889617
200.195 0.0888415
200.205 0.0886113
200.283 0.0884099
200.292 0.0883587
200.371 0.0883138
200.38 0.0881496
200.458 0.0881309
200.467 0.0881145
200.546 0.0879752
200.555 0.0879783
200.633 0.087981
200.643 0.0878584
200.721 0.0877511
200.73 0.0877822
200.809 0.0878094
200.818 0.0877083
200.896 0.0877447
200.906 0.0877766
200.984 0.0876796
200.993 0.0877196
