0.214139 476
0.221198 952
0.228257 1428
0.235316 1904
0.242375 2380
0.249433 2856
0.256492 3332
0.263551 3808
0.27061 4284
0.277669 4760
0.418851 4284
0.418851 4760
0.42591 5236
0.432958 4284
0.432969 4760
0.440027 5236
0.447075 4284
0.447086 4760
0.454145 5236
0.461193 4284
0.461204 4760
0.468263 5236
0.475311 4284
0.475322 4760
0.482381 5236
0.489439 5712
0.496498 6188
0.503557 6664
0.510616 7140
0.517675 7616
0.524734 8092
0.531793 8568
0.538851 9044
0.54591 9520
0.623552 8568
0.623552 9044
0.63061 9520
0.637669 8568
0.637669 9044
0.644728 9520
0.651787 8568
0.651787 9044
0.658846 9520
0.665905 8568
0.665905 9044
0.672964 9520
0.680022 8568
0.680022 9044
0.687081 9520
0.69414 8568
0.69414 9044
0.701199 9520
0.708258 8568
0.708258 9044
0.715317 9520
0.722376 8568
0.722376 9044
0.729434 9520
0.736493 8568
0.736493 9044
0.743552 9520
0.750611 8568
0.750611 9044
0.75767 9520
0.835311 8568
0.835311 9044
0.84237 9520
0.849429 8568
0.849429 9044
0.856488 9520
0.863547 8568
0.863547 9044
0.870606 9520
0.877664 8568
0.877664 9044
0.884723 9520
0.891782 8568
0.891782 9044
0.898841 9520
0.9059 8568
0.9059 9044
0.912959 9520
0.920018 8568
0.920018 9044
0.927076 9520
0.934135 8568
0.934135 9044
0.941194 9520
0.948253 8568
0.948253 9044
0.955312 9520
0.962371 8568
0.962371 9044
0.96943 9520
1.04707 8568
1.04707 9044
1.05413 9520
1.06119 8568
1.06119 9044
1.06825 9520
1.07531 8568
1.07531 9044
1.08237 9520
1.08942 8568
1.08942 9044
1.09648 9520
1.10354 8568
1.10354 9044
1.1106 9520
1.11766 8568
1.11766 9044
1.12472 9520
1.13178 8568
1.13178 9044
1.13884 9520
1.14589 8568
1.14589 9044
1.15295 9520
1.16001 8568
1.16001 9044
1.16707 9520
1.17413 8568
1.17413 9044
1.18119 9520
1.25883 8568
1.25883 9044
1.26589 9520
1.27295 8568
1.27295 9044
1.28001 9520
1.28707 8568
1.28707 9044
1.29412 9520
1.30118 8568
1.30118 9044
1.30824 9520
1.3153 8568
1.3153 9044
1.32236 9520
1.32942 8568
1.32942 9044
1.33648 9520
1.34354 8568
1.34354 9044
1.3506 9520
1.35765 8568
1.35765 9044
1.36471 9520
1.37177 8568
1.37177 9044
1.37883 9520
1.38589 8568
1.38589 9044
1.39295 9520
1.47059 8568
1.47059 9044
1.47765 9520
1.48471 8568
1.48471 9044
1.49177 9520
1.49883 8568
1.49883 9044
1.50588 9520
1.51294 8568
1.51294 9044
1.52 9520
1.52706 8568
1.52706 9044
1.53412 9520
1.54118 8568
1.54118 9044
1.54824 9520
1.5553 8568
1.5553 9044
1.56236 9520
1.56941 8568
1.56941 9044
1.57647 9520
1.58353 8568
1.58353 9044
1.59059 9520
1.59765 8568
1.59765 9044
1.60471 9520
1.68235 8568
1.68235 9044
1.68941 9520
1.69647 8568
1.69647 9044
1.70353 9520
1.71059 8568
1.71059 9044
1.71764 9520
1.7247 8568
1.7247 9044
1.73176 9520
1.73882 8568
1.73882 9044
1.74588 9520
1.75294 8568
1.75294 9044
1.76 9520
1.76706 8568
1.76706 9044
1.77412 9520
1.78117 8568
1.78117 9044
1.78823 9520
1.79529 8568
1.79529 9044
1.80235 9520
1.80941 8568
1.80941 9044
1.81647 9520
1.89411 8568
1.89411 9044
1.90117 9520
1.90823 8568
1.90823 9044
1.91529 9520
1.92234 8568
1.92234 9044
1.9294 9520
1.93646 8568
1.93646 9044
1.94352 9520
1.95058 8568
1.95058 9044
1.95764 9520
1.9647 8568
1.9647 9044
1.97176 9520
1.97882 8568
1.97882 9044
1.98587 9520
1.99293 8568
1.99293 9044
1.99999 9520
2.00705 8568
2.00705 9044
2.01411 9520
2.02117 8568
2.02117 9044
2.02823 9520
2.10587 8568
2.10587 9044
2.11293 9520
2.11999 8568
2.11999 9044
2.12705 9520
2.1341 8568
2.1341 9044
2.14116 9520
2.14822 8568
2.14822 9044
2.15528 9520
2.16234 8568
2.16234 9044
2.1694 9520
2.17646 8568
2.17646 9044
2.18352 9520
2.19058 8568
2.19058 9044
2.19763 9520
2.20469 8568
2.20469 9044
2.21175 9520
2.21881 8568
2.21881 9044
2.22587 9520
2.23293 8568
2.23293 9044
2.23999 9520
2.31763 8568
2.31763 9044
2.32469 9520
2.33175 8568
2.33175 9044
2.33881 9520
2.34586 8568
2.34586 9044
2.35292 9520
2.35998 8568
2.35998 9044
2.36704 9520
2.3741 8568
2.3741 9044
2.38116 9520
2.38822 8568
2.38822 9044
2.39528 9520
2.40234 8568
2.40234 9044
2.40939 9520
2.41645 8568
2.41645 9044
2.42351 9520
2.43057 8568
2.43057 9044
2.43763 9520
2.44469 8568
2.44469 9044
2.45175 9520
2.52939 8568
2.52939 9044
2.53645 9520
2.54351 8568
2.54351 9044
2.55057 9520
2.55762 8568
2.55762 9044
2.56468 9520
2.57174 8568
2.57174 9044
2.5788 9520
2.58586 8568
2.58586 9044
2.59292 9520
2.59998 8568
2.59998 9044
2.60704 9520
2.61409 8568
2.61409 9044
2.62115 9520
2.62821 8568
2.62821 9044
2.63527 9520
2.64233 8568
2.64233 9044
2.64939 9520
2.65645 8568
2.65645 9044
2.66351 9520
2.74115 8568
2.74115 9044
2.74821 9520
2.75527 8568
2.75527 9044
2.76232 9520
2.76938 8568
2.76938 9044
2.77644 9520
2.7835 8568
2.7835 9044
2.79056 9520
2.79762 8568
2.79762 9044
2.80468 9520
2.81174 8568
2.81174 9044
2.8188 9520
2.82585 8568
2.82585 9044
2.83291 9520
2.83997 8568
2.83997 9044
2.84703 9520
2.85409 8568
2.85409 9044
2.86115 9520
2.86821 8568
2.86821 9044
2.87527 9520
2.95291 8568
2.95291 9044
2.95997 9520
2.96703 8568
2.96703 9044
2.97408 9520
2.98114 8568
2.98114 9044
2.9882 9520
2.99526 8568
2.99526 9044
3.00232 9520
3.00938 8568
3.00938 9044
3.01644 9520
3.0235 8568
3.0235 9044
3.03056 9520
3.03761 8568
3.03761 9044
3.04467 9520
3.05173 8568
3.05173 9044
3.05879 9520
3.06585 8568
3.06585 9044
3.07291 9520
3.07997 8568
3.07997 9044
3.08703 9520
3.16467 8568
3.16467 9044
3.17173 9520
3.17879 8568
3.17879 9044
3.18584 9520
3.1929 8568
3.1929 9044
3.19996 9520
3.20702 8568
3.20702 9044
3.21408 9520
3.22114 8568
3.22114 9044
3.2282 9520
3.23526 8568
3.23526 9044
3.24231 9520
3.24937 8568
3.24937 9044
3.25643 9520
3.26349 8568
3.26349 9044
3.27055 9520
3.27761 8568
3.27761 9044
3.28467 9520
3.29173 8568
3.29173 9044
3.29879 9520
3.37643 8568
3.37643 9044
3.38349 9520
3.39054 8568
3.39054 9044
3.3976 9520
3.40466 8568
3.40466 9044
3.41172 9520
3.41878 8568
3.41878 9044
3.42584 9520
3.4329 8568
3.4329 9044
3.43996 9520
3.44702 8568
3.44702 9044
3.45407 9520
3.46113 8568
3.46113 9044
3.46819 9520
3.47525 8568
3.47525 9044
3.48231 9520
3.48937 8568
3.48937 9044
3.49643 9520
3.50349 8568
3.50349 9044
3.51055 9520
3.58819 8568
3.58819 9044
3.59525 9520
3.6023 8568
3.6023 9044
3.60936 9520
3.61642 8568
3.61642 9044
3.62348 9520
3.63054 8568
3.63054 9044
3.6376 9520
3.64466 8568
3.64466 9044
3.65172 9520
3.65878 8568
3.65878 9044
3.66583 9520
3.67289 8568
3.67289 9044
3.67995 9520
3.68701 8568
3.68701 9044
3.69407 9520
3.70113 8568
3.70113 9044
3.70819 9520
3.71525 8568
3.71525 9044
3.72231 9520
3.79995 8568
3.79995 9044
3.80701 9520
3.81406 8568
3.81406 9044
3.82112 9520
3.82818 8568
3.82818 9044
3.83524 9520
3.8423 8568
3.8423 9044
3.84936 9520
3.85642 8568
3.85642 9044
3.86348 9520
3.87054 8568
3.87054 9044
3.87759 9520
3.88465 8568
3.88465 9044
3.89171 9520
3.89877 8568
3.89877 9044
3.90583 9520
3.91289 8568
3.91289 9044
3.91995 9520
3.92701 8568
3.92701 9044
3.93406 9520
4.01171 8568
4.01171 9044
4.01876 9520
4.02582 8568
4.02582 9044
4.03288 9520
4.03994 8568
4.03994 9044
4.047 9520
4.05406 8568
4.05406 9044
4.06112 9520
4.06818 8568
4.06818 9044
4.07524 9520
4.08229 8568
4.08229 9044
4.08935 9520
4.09641 8568
4.09641 9044
4.10347 9520
4.11053 8568
4.11053 9044
4.11759 9520
4.12465 8568
4.12465 9044
4.13171 9520
4.13877 8568
4.13877 9044
4.14582 9520
4.22347 8568
4.22347 9044
4.23052 9520
4.23758 8568
4.23758 9044
4.24464 9520
4.2517 8568
4.2517 9044
4.25876 9520
4.26582 8568
4.26582 9044
4.27288 9520
4.27994 8568
4.27994 9044
4.287 9520
4.29405 8568
4.29405 9044
4.30111 9520
4.30817 8568
4.30817 9044
4.31523 9520
4.32229 8568
4.32229 9044
4.32935 9520
4.33641 8568
4.33641 9044
4.34347 9520
4.35053 8568
4.35053 9044
4.35758 9520
4.43523 8568
4.43523 9044
4.44228 9520
4.44934 8568
4.44934 9044
4.4564 9520
4.46346 8568
4.46346 9044
4.47052 9520
4.47758 8568
4.47758 9044
4.48464 9520
4.4917 8568
4.4917 9044
4.49876 9520
4.50581 8568
4.50581 9044
4.51287 9520
4.51993 8568
4.51993 9044
4.52699 9520
4.53405 8568
4.53405 9044
4.54111 9520
4.54817 8568
4.54817 9044
4.55523 9520
4.56228 8568
4.56228 9044
4.56934 9520
4.64699 8568
4.64699 9044
4.65404 9520
4.6611 8568
4.6611 9044
4.66816 9520
4.67522 8568
4.67522 9044
4.68228 9520
4.68934 8568
4.68934 9044
4.6964 9520
4.70346 8568
4.70346 9044
4.71051 9520
4.71757 8568
4.71757 9044
4.72463 9520
4.73169 8568
4.73169 9044
4.73875 9520
4.74581 8568
4.74581 9044
4.75287 9520
4.75993 8568
4.75993 9044
4.76699 9520
4.77404 8568
4.77404 9044
4.7811 9520
4.85874 8568
4.85874 9044
4.8658 9520
4.87286 8568
4.87286 9044
4.87992 9520
4.88698 8568
4.88698 9044
4.89404 9520
4.9011 8568
4.9011 9044
4.90816 9520
4.91522 8568
4.91522 9044
4.92227 9520
4.92933 8568
4.92933 9044
4.93639 9520
4.94345 8568
4.94345 9044
4.95051 9520
4.95757 8568
4.95757 9044
4.96463 9520
4.97169 8568
4.97169 9044
4.97875 9520
4.9858 8568
4.9858 9044
4.99286 9520
5.0705 8568
5.0705 9044
5.07756 9520
5.08462 8568
5.08462 9044
5.09168 9520
5.09874 8568
5.09874 9044
5.1058 9520
5.11286 8568
5.11286 9044
5.11992 9520
5.12698 8568
5.12698 9044
5.13403 9520
5.14109 8568
5.14109 9044
5.14815 9520
5.15521 8568
5.15521 9044
5.16227 9520
5.16933 8568
5.16933 9044
5.17639 9520
5.18345 8568
5.18345 9044
5.1905 9520
5.19756 8568
5.19756 9044
5.20462 9520
5.28226 8568
5.28226 9044
5.28932 9520
5.29638 8568
5.29638 9044
5.30344 9520
5.3105 8568
5.3105 9044
5.31756 9520
5.32462 8568
5.32462 9044
5.33168 9520
5.33873 8568
5.33873 9044
5.34579 9520
5.35285 8568
5.35285 9044
5.35991 9520
5.36697 8568
5.36697 9044
5.37403 9520
5.38109 8568
5.38109 9044
5.38815 9520
5.39521 8568
5.39521 9044
5.40226 9520
5.40932 8568
5.40932 9044
5.41638 9520
5.49402 8568
5.49402 9044
5.50108 9520
5.50814 8568
5.50814 9044
5.5152 9520
5.52226 8568
5.52226 9044
5.52932 9520
5.53638 8568
5.53638 9044
5.54344 9520
5.55049 8568
5.55049 9044
5.55755 9520
5.56461 8568
5.56461 9044
5.57167 9520
5.57873 8568
5.57873 9044
5.58579 9520
5.59285 8568
5.59285 9044
5.59991 9520
5.60697 8568
5.60697 9044
5.61402 9520
5.62108 8568
5.62108 9044
5.62814 9520
5.70578 8568
5.70578 9044
5.71284 9520
5.7199 8568
5.7199 9044
5.72696 9520
5.73402 8568
5.73402 9044
5.74108 9520
5.74814 8568
5.74814 9044
5.7552 9520
5.76225 8568
5.76225 9044
5.76931 9520
5.77637 8568
5.77637 9044
5.78343 9520
5.79049 8568
5.79049 9044
5.79755 9520
5.80461 8568
5.80461 9044
5.81167 9520
5.81873 8568
5.81873 9044
5.82578 9520
5.83284 8568
5.83284 9044
5.8399 9520
5.91754 8568
5.91754 9044
5.9246 9520
5.93166 8568
5.93166 9044
5.93872 9520
5.94578 8568
5.94578 9044
5.95284 9520
5.9599 8568
5.9599 9044
5.96695 9520
5.97401 8568
5.97401 9044
5.98107 9520
5.98813 8568
5.98813 9044
5.99519 9520
6.00225 8568
6.00225 9044
6.00931 9520
6.01637 8568
6.01637 9044
6.02343 9520
6.03048 8568
6.03048 9044
6.03754 9520
6.0446 8568
6.0446 9044
6.05166 9520
6.1293 8568
6.1293 9044
6.13636 9520
6.14342 8568
6.14342 9044
6.15048 9520
6.15754 8568
6.15754 9044
6.1646 9520
6.17166 8568
6.17166 9044
6.17871 9520
6.18577 8568
6.18577 9044
6.19283 9520
6.19989 8568
6.19989 9044
6.20695 9520
6.21401 8568
6.21401 9044
6.22107 9520
6.22813 8568
6.22813 9044
6.23519 9520
6.24224 8568
6.24224 9044
6.2493 9520
6.25636 8568
6.25636 9044
6.26342 9520
6.34106 8568
6.34106 9044
6.34812 9520
6.35518 8568
6.35518 9044
6.36224 9520
6.3693 8568
6.3693 9044
6.37636 9520
6.38342 8568
6.38342 9044
6.39047 9520
6.39753 8568
6.39753 9044
6.40459 9520
6.41165 8568
6.41165 9044
6.41871 9520
6.42577 8568
6.42577 9044
6.43283 9520
6.43989 8568
6.43989 9044
6.44695 9520
6.454 8568
6.454 9044
6.46106 9520
6.46812 8568
6.46812 9044
6.47518 9520
6.55282 8568
6.55282 9044
6.55988 9520
6.56694 8568
6.56694 9044
6.574 9520
6.58106 8568
6.58106 9044
6.58812 9520
6.59518 8568
6.59518 9044
6.60223 9520
6.60929 8568
6.60929 9044
6.61635 9520
6.62341 8568
6.62341 9044
6.63047 9520
6.63753 8568
6.63753 9044
6.64459 9520
6.65165 8568
6.65165 9044
6.6587 9520
6.66576 8568
6.66576 9044
6.67282 9520
6.67988 8568
6.67988 9044
6.68694 9520
6.76458 8568
6.76458 9044
6.77164 9520
6.7787 8568
6.7787 9044
6.78576 9520
6.79282 8568
6.79282 9044
6.79988 9520
6.80693 8568
6.80693 9044
6.81399 9520
6.82105 8568
6.82105 9044
6.82811 9520
6.83517 8568
6.83517 9044
6.84223 9520
6.84929 8568
6.84929 9044
6.85635 9520
6.86341 8568
6.86341 9044
6.87046 9520
6.87752 8568
6.87752 9044
6.88458 9520
6.89164 8568
6.89164 9044
6.8987 9520
6.97634 8568
6.97634 9044
6.9834 9520
6.99046 8568
6.99046 9044
6.99752 9520
7.00458 8568
7.00458 9044
7.01164 9520
7.01869 8568
7.01869 9044
7.02575 9520
7.03281 8568
7.03281 9044
7.03987 9520
7.04693 8568
7.04693 9044
7.05399 9520
7.06105 8568
7.06105 9044
7.06811 9520
7.07517 8568
7.07517 9044
7.08222 9520
7.08928 8568
7.08928 9044
7.09634 9520
7.1034 8568
7.1034 9044
7.11046 9520
7.1881 8568
7.1881 9044
7.19516 9520
7.20222 8568
7.20222 9044
7.20928 9520
7.21634 8568
7.21634 9044
7.2234 9520
7.23045 8568
7.23045 9044
7.23751 9520
7.24457 8568
7.24457 9044
7.25163 9520
7.25869 8568
7.25869 9044
7.26575 9520
7.27281 8568
7.27281 9044
7.27987 9520
7.28692 8568
7.28692 9044
7.29398 9520
7.30104 8568
7.30104 9044
7.3081 9520
7.31516 8568
7.31516 9044
7.32222 9520
7.39986 8568
7.39986 9044
7.40692 9520
7.41398 8568
7.41398 9044
7.42104 9520
7.4281 8568
7.4281 9044
7.43515 9520
7.44221 8568
7.44221 9044
7.44927 9520
7.45633 8568
7.45633 9044
7.46339 9520
7.47045 8568
7.47045 9044
7.47751 9520
7.48457 8568
7.48457 9044
7.49163 9520
7.49868 8568
7.49868 9044
7.50574 9520
7.5128 8568
7.5128 9044
7.51986 9520
7.52692 8568
7.52692 9044
7.53398 9520
7.61162 8568
7.61162 9044
7.61868 9520
7.62574 8568
7.62574 9044
7.6328 9520
7.63986 8568
7.63986 9044
7.64691 9520
7.65397 8568
7.65397 9044
7.66103 9520
7.66809 8568
7.66809 9044
7.67515 9520
7.68221 8568
7.68221 9044
7.68927 9520
7.69633 8568
7.69633 9044
7.70339 9520
7.71044 8568
7.71044 9044
7.7175 9520
7.72456 8568
7.72456 9044
7.73162 9520
7.73868 8568
7.73868 9044
7.74574 9520
7.82338 8568
7.82338 9044
7.83044 9520
7.8375 8568
7.8375 9044
7.84456 9520
7.85162 8568
7.85162 9044
7.85867 9520
7.86573 8568
7.86573 9044
7.87279 9520
7.87985 8568
7.87985 9044
7.88691 9520
7.89397 8568
7.89397 9044
7.90103 9520
7.90809 8568
7.90809 9044
7.91515 9520
7.9222 8568
7.9222 9044
7.92926 9520
7.93632 8568
7.93632 9044
7.94338 9520
7.95044 8568
7.95044 9044
7.9575 9520
8.03514 8568
8.03514 9044
8.0422 9520
8.04926 8568
8.04926 9044
8.05632 9520
8.06337 8568
8.06337 9044
8.07043 9520
8.07749 8568
8.07749 9044
8.08455 9520
8.09161 8568
8.09161 9044
8.09867 9520
8.10573 8568
8.10573 9044
8.11279 9520
8.11985 8568
8.11985 9044
8.1269 9520
8.13396 8568
8.13396 9044
8.14102 9520
8.14808 8568
8.14808 9044
8.15514 9520
8.1622 8568
8.1622 9044
8.16926 9520
8.2469 8568
8.2469 9044
8.25396 9520
8.26102 8568
8.26102 9044
8.26808 9520
8.27513 8568
8.27513 9044
8.28219 9520
8.28925 8568
8.28925 9044
8.29631 9520
8.30337 8568
8.30337 9044
8.31043 9520
8.31749 8568
8.31749 9044
8.32455 9520
8.33161 8568
8.33161 9044
8.33866 9520
8.34572 8568
8.34572 9044
8.35278 9520
8.35984 8568
8.35984 9044
8.3669 9520
8.37396 8568
8.37396 9044
8.38102 9520
8.45866 8568
8.45866 9044
8.46572 9520
8.47278 8568
8.47278 9044
8.47984 9520
8.48689 8568
8.48689 9044
8.49395 9520
8.50101 8568
8.50101 9044
8.50807 9520
8.51513 8568
8.51513 9044
8.52219 9520
8.52925 8568
8.52925 9044
8.53631 9520
8.54337 8568
8.54337 9044
8.55042 9520
8.55748 8568
8.55748 9044
8.56454 9520
8.5716 8568
8.5716 9044
8.57866 9520
8.58572 8568
8.58572 9044
8.59278 9520
8.67042 8568
8.67042 9044
8.67748 9520
8.68454 8568
8.68454 9044
8.6916 9520
8.69865 8568
8.69865 9044
8.70571 9520
8.71277 8568
8.71277 9044
8.71983 9520
8.72689 8568
8.72689 9044
8.73395 9520
8.74101 8568
8.74101 9044
8.74807 9520
8.75512 8568
8.75512 9044
8.76218 9520
8.76924 8568
8.76924 9044
8.7763 9520
8.78336 8568
8.78336 9044
8.79042 9520
8.79748 8568
8.79748 9044
8.80454 9520
8.88218 8568
8.88218 9044
8.88924 9520
8.8963 8568
8.8963 9044
8.90335 9520
8.91041 8568
8.91041 9044
8.91747 9520
8.92453 8568
8.92453 9044
8.93159 9520
8.93865 8568
8.93865 9044
8.94571 9520
8.95277 8568
8.95277 9044
8.95983 9520
8.96688 8568
8.96688 9044
8.97394 9520
8.981 8568
8.981 9044
8.98806 9520
8.99512 8568
8.99512 9044
9.00218 9520
9.00924 8568
9.00924 9044
9.0163 9520
9.09394 8568
9.09394 9044
9.101 9520
9.10806 8568
9.10806 9044
9.11511 9520
9.12217 8568
9.12217 9044
9.12923 9520
9.13629 8568
9.13629 9044
9.14335 9520
9.15041 8568
9.15041 9044
9.15747 9520
9.16453 8568
9.16453 9044
9.17159 9520
9.17864 8568
9.17864 9044
9.1857 9520
9.19276 8568
9.19276 9044
9.19982 9520
9.20688 8568
9.20688 9044
9.21394 9520
9.221 8568
9.221 9044
9.22806 9520
9.3057 8568
9.3057 9044
9.31276 9520
9.31982 8568
9.31982 9044
9.32687 9520
9.33393 8568
9.33393 9044
9.34099 9520
9.34805 8568
9.34805 9044
9.35511 9520
9.36217 8568
9.36217 9044
9.36923 9520
9.37629 8568
9.37629 9044
9.38334 9520
9.3904 8568
9.3904 9044
9.39746 9520
9.40452 8568
9.40452 9044
9.41158 9520
9.41864 8568
9.41864 9044
9.4257 9520
9.43276 8568
9.43276 9044
9.43982 9520
9.51746 8568
9.51746 9044
9.52452 9520
9.53157 8568
9.53157 9044
9.53863 9520
9.54569 8568
9.54569 9044
9.55275 9520
9.55981 8568
9.55981 9044
9.56687 9520
9.57393 8568
9.57393 9044
9.58099 9520
9.58805 8568
9.58805 9044
9.5951 9520
9.60216 8568
9.60216 9044
9.60922 9520
9.61628 8568
9.61628 9044
9.62334 9520
9.6304 8568
9.6304 9044
9.63746 9520
9.64452 8568
9.64452 9044
9.65158 9520
9.72922 8568
9.72922 9044
9.73628 9520
9.74333 8568
9.74333 9044
9.75039 9520
9.75745 8568
9.75745 9044
9.76451 9520
9.77157 8568
9.77157 9044
9.77863 9520
9.78569 8568
9.78569 9044
9.79275 9520
9.79981 8568
9.79981 9044
9.80686 9520
9.81392 8568
9.81392 9044
9.82098 9520
9.82804 8568
9.82804 9044
9.8351 9520
9.84216 8568
9.84216 9044
9.84922 9520
9.85628 8568
9.85628 9044
9.86334 9520
9.94098 8568
9.94098 9044
9.94804 9520
9.95509 8568
9.95509 9044
9.96215 9520
9.96921 8568
9.96921 9044
9.97627 9520
9.98333 8568
9.98333 9044
9.99039 9520
9.99745 8568
9.99745 9044
10.0045 9520
10.0116 8568
10.0116 9044
10.0186 9520
10.0257 8568
10.0257 9044
10.0327 9520
10.0398 8568
10.0398 9044
10.0469 9520
10.0539 8568
10.0539 9044
10.061 9520
10.068 8568
10.068 9044
10.0751 9520
10.1527 8568
10.1527 9044
10.1598 9520
10.1669 8568
10.1669 9044
10.1739 9520
10.181 8568
10.181 9044
10.188 9520
10.1951 8568
10.1951 9044
10.2021 9520
10.2092 8568
10.2092 9044
10.2163 9520
10.2233 8568
10.2233 9044
10.2304 9520
10.2374 8568
10.2374 9044
10.2445 9520
10.2516 8568
10.2516 9044
10.2586 9520
10.2657 8568
10.2657 9044
10.2727 9520
10.2798 8568
10.2798 9044
10.2869 9520
10.3645 8568
10.3645 9044
10.3716 9520
10.3786 8568
10.3786 9044
10.3857 9520
10.3927 8568
10.3927 9044
10.3998 9520
10.4068 8568
10.4068 9044
10.4139 9520
10.421 8568
10.4351 7616
10.4492 6664
10.4633 5712
10.4774 4760
10.4916 3808
10.5763 2856
10.5904 1904
10.6045 952
10.6045 1428
10.6186 476
10.6186 952
10.6257 1428
10.8233 476
10.8233 952
10.8304 1428
11.028 476
11.028 952
11.0351 1428
11.2327 476
11.2327 952
11.2398 1428
11.4374 476
11.4374 952
11.4445 1428
11.6421 476
11.6421 952
11.6492 1428
11.8468 476
11.8468 952
11.8539 1428
12.0515 476
12.0515 952
12.0586 1428
12.2562 476
12.2562 952
12.2633 1428
12.4609 476
12.4609 952
12.468 1428
12.6656 476
12.6656 952
12.6727 1428
12.8703 476
12.8703 952
12.8774 1428
13.075 476
13.075 952
13.0821 1428
13.2797 476
13.2797 952
13.2868 1428
13.4844 476
13.4844 952
13.4915 1428
13.6891 476
13.6891 952
13.6962 1428
13.8938 476
13.8938 952
13.9009 1428
14.0985 476
14.0985 952
14.1056 1428
14.3032 476
14.3032 952
14.3103 1428
14.5079 476
14.5079 952
14.515 1428
14.7126 476
14.7126 952
14.7197 1428
14.9173 476
14.9173 952
14.9244 1428
15.122 476
15.122 952
15.1291 1428
15.3267 476
15.3267 952
15.3338 1428
15.5314 476
15.5314 952
15.5385 1428
15.7361 476
15.7361 952
15.7432 1428
15.9408 476
15.9408 952
15.9479 1428
16.1455 476
16.1455 952
16.1526 1428
16.3502 476
16.3502 952
16.3573 1428
16.5549 476
16.5549 952
16.562 1428
16.7596 476
16.7596 952
16.7667 1428
16.9643 476
16.9643 952
16.9714 1428
17.169 476
17.169 952
17.1761 1428
17.3737 476
17.3737 952
17.3808 1428
17.5784 476
17.5784 952
17.5855 1428
17.7831 476
17.7831 952
17.7902 1428
17.9878 476
17.9878 952
17.9949 1428
18.1925 476
18.1925 952
18.1996 1428
18.3972 476
18.3972 952
18.4043 1428
18.6019 476
18.6019 952
18.609 1428
18.8066 476
18.8066 952
18.8137 1428
19.0113 476
19.0113 952
19.0184 1428
19.216 476
19.216 952
19.2231 1428
19.4207 476
19.4207 952
19.4278 1428
19.6254 476
19.6254 952
19.6325 1428
19.8301 476
19.8301 952
19.8372 1428
20.0348 476
20.0348 952
20.0419 1428
20.2395 476
20.2395 952
20.2466 1428
20.4442 476
20.4442 952
20.4513 1428
20.6489 476
20.6489 952
20.656 1428
20.8536 476
20.8536 952
20.8607 1428
21.0583 476
21.0583 952
21.0654 1428
21.2631 476
21.2631 952
21.2701 1428
21.468 476
21.468 952
21.4751 1428
21.6731 476
21.6731 952
21.6802 1428
21.8778 476
21.8778 952
21.8849 1428
22.0825 476
22.0825 952
22.0896 1428
22.2872 476
22.2872 952
22.2943 1428
22.4923 476
22.4923 952
22.4993 1428
22.6974 476
22.6974 952
22.7044 1428
22.9021 476
22.9021 952
22.9091 1428
23.1068 476
23.1068 952
23.1138 1428
23.3115 476
23.3115 952
23.3185 1428
23.5162 476
23.5162 952
23.5232 1428
23.7209 476
23.7209 952
23.7279 1428
23.9256 476
23.9256 952
23.9326 1428
24.1303 476
24.1303 952
24.1373 1428
24.335 476
24.335 952
24.342 1428
24.5397 476
24.5397 952
24.5467 1428
24.7444 476
24.7444 952
24.7514 1428
24.9491 476
24.9491 952
24.9561 1428
25.1538 476
25.1538 952
25.1608 1428
25.3585 476
25.3585 952
25.3655 1428
25.5632 476
25.5632 952
25.5702 1428
25.7679 476
25.7679 952
25.7749 1428
25.9726 476
25.9726 952
25.9796 1428
26.1773 476
26.1773 952
26.1843 1428
26.382 476
26.382 952
26.389 1428
26.5867 476
26.5867 952
26.5937 1428
26.7914 476
26.7914 952
26.7984 1428
26.9961 476
26.9961 952
27.0031 1428
27.2008 476
27.2008 952
27.2078 1428
27.4055 476
27.4055 952
27.4125 1428
27.6102 476
27.6102 952
27.6172 1428
27.8149 476
27.8149 952
27.8219 1428
28.0196 476
28.0196 952
28.0266 1428
28.2243 476
28.2243 952
28.2313 1428
28.429 476
28.429 952
28.436 1428
28.6337 476
28.6337 952
28.6407 1428
28.8384 476
28.8384 952
28.8454 1428
29.0431 476
29.0431 952
29.0501 1428
29.2478 476
29.2478 952
29.2548 1428
29.4525 476
29.4525 952
29.4595 1428
29.6572 476
29.6572 952
29.6642 1428
29.8619 476
29.8619 952
29.8689 1428
30.0666 476
30.0666 952
30.0736 1428
30.2713 476
30.2713 952
30.2783 1428
30.476 476
30.476 952
30.4831 1428
30.6807 476
30.6807 952
30.6878 1428
30.8854 476
30.8854 952
30.8925 1428
31.0901 476
31.0901 952
31.0972 1428
31.2948 476
31.2948 952
31.3019 1428
31.4995 476
31.4995 952
31.5066 1428
31.7042 476
31.7042 952
31.7113 1428
31.9089 476
31.9089 952
31.916 1428
32.1136 476
32.1136 952
32.1207 1428
32.3183 476
32.3183 952
32.3254 1428
32.523 476
32.523 952
32.5301 1428
32.7277 476
32.7277 952
32.7348 1428
32.9324 476
32.9324 952
32.9395 1428
33.1371 476
33.1371 952
33.1442 1428
33.3418 476
33.3418 952
33.3489 1428
33.5465 476
33.5465 952
33.5536 1428
33.7512 476
33.7512 952
33.7583 1428
33.9559 476
33.9559 952
33.963 1428
34.1606 476
34.1606 952
34.1677 1428
34.3653 476
34.3653 952
34.3724 1428
34.57 476
34.57 952
34.5771 1428
34.7747 476
34.7747 952
34.7818 1428
34.9794 476
34.9794 952
34.9865 1428
35.1841 476
35.1841 952
35.1912 1428
35.3888 476
35.3888 952
35.3959 1428
35.5935 476
35.5935 952
35.6006 1428
35.7982 476
35.7982 952
35.8053 1428
36.0029 476
36.0029 952
36.01 1428
36.2076 476
36.2076 952
36.2147 1428
36.4123 476
36.4123 952
36.4194 1428
36.617 476
36.617 952
36.6241 1428
36.8217 476
36.8217 952
36.8288 1428
37.0264 476
37.0264 952
37.0335 1428
37.2311 476
37.2311 952
37.2382 1428
37.4358 476
37.4358 952
37.4429 1428
37.6405 476
37.6405 952
37.6476 1428
37.8452 476
37.8452 952
37.8523 1428
38.0499 476
38.0499 952
38.057 1428
38.2546 476
38.2546 952
38.2617 1428
38.4593 476
38.4593 952
38.4664 1428
38.664 476
38.664 952
38.6711 1428
38.8687 476
38.8687 952
38.8758 1428
39.0734 476
39.0734 952
39.0805 1428
39.2781 476
39.2781 952
39.2852 1428
39.4828 476
39.4828 952
39.4899 1428
39.6875 476
39.6875 952
39.6946 1428
39.8922 476
39.8922 952
39.8993 1428
40.0969 476
40.0969 952
40.104 1428
40.3016 476
40.3016 952
40.3087 1428
40.5063 476
40.5063 952
40.5134 1428
40.711 476
40.711 952
40.7181 1428
40.9157 476
40.9157 952
40.9228 1428
41.1205 476
41.1205 952
41.1275 1428
41.3252 476
41.3252 952
41.3322 1428
41.5299 476
41.5299 952
41.5369 1428
41.7346 476
41.7346 952
41.7417 1428
41.9394 476
41.9394 952
41.9465 1428
42.1442 476
42.1442 952
42.1512 1428
42.349 476
42.349 952
42.3561 1428
42.5537 476
42.5537 952
42.5608 1428
42.7584 476
42.7584 952
42.7655 1428
42.9631 476
42.9631 952
42.9702 1428
43.1678 476
43.1678 952
43.1749 1428
43.3725 476
43.3725 952
43.3796 1428
43.5772 476
43.5772 952
43.5843 1428
43.7819 476
43.7819 952
43.789 1428
43.9866 476
43.9866 952
43.9937 1428
44.1913 476
44.1913 952
44.1984 1428
44.3965 476
44.3965 952
44.4035 1428
44.6012 476
44.6012 952
44.6082 1428
44.8062 476
44.8062 952
44.8133 1428
45.0109 476
45.0109 952
45.018 1428
45.2157 476
45.2157 952
45.2228 1428
45.4204 476
45.4204 952
45.4275 1428
45.6255 476
45.6255 952
45.6325 1428
45.8302 476
45.8302 952
45.8372 1428
46.0351 476
46.0351 952
46.0422 1428
46.2398 476
46.2398 952
46.2469 1428
46.4447 476
46.4447 952
46.4517 1428
46.6494 476
46.6494 952
46.6564 1428
46.8543 476
46.8543 952
46.8613 1428
47.059 476
47.059 952
47.066 1428
47.2638 476
47.2638 952
47.2709 1428
47.4685 476
47.4685 952
47.4756 1428
47.6732 476
47.6732 952
47.6803 1428
47.8779 476
47.8779 952
47.885 1428
48.083 476
48.083 952
48.0901 1428
48.2878 476
48.2878 952
48.2949 1428
48.4925 476
48.4925 952
48.4996 1428
48.6972 476
48.6972 952
48.7043 1428
48.9022 476
48.9022 952
48.9093 1428
49.1072 476
49.1072 952
49.1142 1428
49.3119 476
49.3119 952
49.3189 1428
49.5166 476
49.5166 952
49.5236 1428
49.7215 476
49.7215 952
49.7286 1428
49.9262 476
49.9262 952
49.9333 1428
50.1309 476
50.1309 952
50.138 1428
50.3357 476
50.3357 952
50.3428 1428
50.5404 476
50.5404 952
50.5475 1428
50.7454 476
50.7454 952
50.7524 1428
50.9501 476
50.9501 952
50.9571 1428
51.1548 476
51.1548 952
51.1618 1428
51.3595 476
51.3595 952
51.3665 1428
51.5642 476
51.5642 952
51.5712 1428
51.7689 476
51.7689 952
51.776 1428
51.9737 476
51.9737 952
51.9808 1428
52.1785 476
52.1785 952
52.1855 1428
52.3834 476
52.3834 952
52.3905 1428
52.5882 476
52.5882 952
52.5953 1428
52.7943 476
52.7943 952
52.8014 1428
52.9992 476
52.9992 952
53.0062 1428
53.2053 476
53.2053 952
53.2124 1428
53.4102 476
53.4102 952
53.4173 1428
53.6168 476
53.6168 952
53.6238 1428
53.8217 476
53.8217 952
53.8288 1428
54.0266 476
54.0266 952
54.0337 1428
54.2313 476
54.2313 952
54.2384 1428
54.4369 476
54.4369 952
54.444 1428
54.6417 476
54.6417 952
54.6488 1428
54.8472 476
54.8472 952
54.8543 1428
55.0524 476
55.0524 952
55.0595 1428
55.2584 476
55.2584 952
55.2655 1428
55.4636 476
55.4636 952
55.4707 1428
55.6696 476
55.6696 952
55.6766 1428
55.8748 476
55.8748 952
55.8818 1428
56.0808 476
56.0808 952
56.0878 1428
56.2859 476
56.2859 952
56.2929 1428
56.4918 476
56.4918 952
56.4988 1428
56.6969 476
56.6969 952
56.7039 1428
56.9027 476
56.9027 952
56.9097 1428
57.1078 476
57.1078 952
57.1149 1428
57.3136 476
57.3136 952
57.3207 1428
57.5187 476
57.5187 952
57.5258 1428
57.7245 476
57.7245 952
57.7316 1428
57.9296 476
57.9296 952
57.9367 1428
58.1354 476
58.1354 952
58.1425 1428
58.3406 476
58.3406 952
58.3476 1428
58.5462 476
58.5462 952
58.5533 1428
58.7515 476
58.7515 952
58.7585 1428
58.9574 476
58.9574 952
58.9645 1428
59.1629 476
59.1629 952
59.1699 1428
59.3692 952
59.3692 1428
59.3746 476
59.3763 952
59.3833 1428
59.581 476
59.581 952
59.588 1428
59.7857 476
59.7857 952
59.7927 1428
59.9905 476
59.9905 952
59.9975 1428
60.196 476
60.196 952
60.203 1428
60.4008 476
60.4008 952
60.4079 1428
60.6072 476
60.6072 952
60.6142 1428
60.8122 476
60.8122 952
60.8192 1428
61.0189 952
61.0189 1428
61.0241 476
61.026 952
61.033 1428
61.2307 476
61.2307 952
61.2377 1428
61.4355 476
61.4355 952
61.4426 1428
61.6402 476
61.6402 952
61.6473 1428
61.8461 476
61.8461 952
61.8532 1428
62.0508 476
62.0508 952
62.0579 1428
62.2577 476
62.2577 952
62.2647 1428
62.4626 952
62.4626 1428
62.4696 476
62.4697 952
62.4767 1428
62.6747 476
62.6747 952
62.6818 1428
62.8797 476
62.8797 952
62.8868 1428
63.0854 476
63.0854 952
63.0924 1428
63.2905 476
63.2905 952
63.2975 1428
63.4969 476
63.4969 952
63.504 1428
63.702 476
63.702 952
63.7091 1428
63.9087 952
63.9087 1428
63.9138 476
63.9157 952
63.9228 1428
64.1204 476
64.1204 952
64.1275 1428
64.3277 952
64.3277 1428
64.3364 476
64.3364 952
64.3435 1428
64.5411 476
64.5411 952
64.5482 1428
64.7484 476
64.7484 952
64.7554 1428
64.9529 952
64.9529 1428
64.9605 476
64.9605 952
64.9675 1428
65.1652 476
65.1652 952
65.1722 1428
65.37 476
65.37 952
65.3771 1428
65.5747 476
65.5747 952
65.5818 1428
65.7794 476
65.7794 952
65.7865 1428
65.9841 476
65.9841 952
65.9912 1428
66.1893 476
66.1893 952
66.1963 1428
66.394 476
66.394 952
66.401 1428
66.5988 476
66.5988 952
66.6059 1428
66.8035 476
66.8035 952
66.8106 1428
67.0082 476
67.0082 952
67.0153 1428
67.2132 476
67.2132 952
67.2203 1428
67.4179 476
67.4179 952
67.425 1428
67.6234 476
67.6234 952
67.6305 1428
67.8285 476
67.8285 952
67.8355 1428
68.0342 476
68.0342 952
68.0413 1428
68.2391 476
68.2391 952
68.2462 1428
68.4457 476
68.4457 952
68.4527 1428
68.6509 952
68.6509 1428
68.6574 476
68.6579 952
68.665 1428
68.8627 476
68.8627 952
68.8698 1428
69.0675 476
69.0675 952
69.0746 1428
69.2725 476
69.2725 952
69.2796 1428
69.4781 476
69.4781 952
69.4851 1428
69.6828 476
69.6828 952
69.6898 1428
69.8891 476
69.8891 952
69.8962 1428
70.0942 476
70.0942 952
70.1013 1428
70.3006 476
70.3006 952
70.3077 1428
70.506 952
70.506 1428
70.5124 476
70.513 952
70.5201 1428
70.7177 476
70.7177 952
70.7248 1428
70.9224 476
70.9224 952
70.9295 1428
71.1274 476
71.1274 952
71.1344 1428
71.3329 476
71.3329 952
71.34 1428
71.5381 476
71.5381 952
71.5452 1428
71.7441 476
71.7441 952
71.7512 1428
71.9497 476
71.9497 952
71.9567 1428
72.1557 476
72.1557 952
72.1627 1428
72.3614 952
72.3614 1428
72.3674 476
72.3685 952
72.3755 1428
72.5732 476
72.5732 952
72.5802 1428
72.7783 476
72.7783 952
72.7853 1428
72.983 476
72.983 952
72.9901 1428
73.1884 476
73.1884 952
73.1955 1428
73.3935 476
73.3935 952
73.4006 1428
73.5991 476
73.5991 952
73.6062 1428
73.8051 476
73.8051 952
73.8121 1428
74.0109 476
74.0109 952
74.0179 1428
74.2168 952
74.2168 1428
74.2226 476
74.2239 952
74.2309 1428
74.4287 476
74.4287 952
74.4357 1428
74.6336 476
74.6336 952
74.6406 1428
74.8386 476
74.8386 952
74.8457 1428
75.0433 476
75.0433 952
75.0504 1428
75.248 476
75.248 952
75.2551 1428
75.4551 952
75.4551 1428
75.4669 476
75.4669 952
75.4739 1428
75.6716 476
75.6716 952
75.6786 1428
75.8763 476
75.8763 952
75.8833 1428
76.0813 476
76.0813 952
76.0884 1428
76.2862 476
76.2862 952
76.2932 1428
76.4909 476
76.4909 952
76.4979 1428
76.6964 476
76.6964 952
76.7035 1428
76.9014 476
76.9014 952
76.9085 1428
77.1074 476
77.1074 952
77.1145 1428
77.3129 476
77.3129 952
77.32 1428
77.5189 476
77.5189 952
77.5259 1428
77.7243 476
77.7243 952
77.7314 1428
77.9304 476
77.9304 952
77.9375 1428
78.136 476
78.136 952
78.1431 1428
78.3422 952
78.3422 1428
78.3478 476
78.3493 952
78.3563 1428
78.5541 476
78.5541 952
78.5612 1428
78.759 476
78.759 952
78.766 1428
78.9637 476
78.9637 952
78.9708 1428
79.1692 476
79.1692 952
79.1763 1428
79.3741 476
79.3741 952
79.3811 1428
79.5804 476
79.5804 952
79.5875 1428
79.7856 476
79.7856 952
79.7926 1428
79.9922 476
79.9922 952
79.9992 1428
80.1977 476
80.1977 952
80.2048 1428
80.4039 952
80.4039 1428
80.4103 476
80.411 952
80.418 1428
80.6158 476
80.6158 952
80.6229 1428
80.8215 476
80.8215 952
80.8286 1428
81.0272 476
81.0272 952
81.0342 1428
81.2341 476
81.2341 952
81.2411 1428
81.441 476
81.441 952
81.448 1428
81.6479 476
81.6479 952
81.655 1428
81.8544 476
81.8544 952
81.8614 1428
82.0609 476
82.0609 952
82.0679 1428
82.2678 476
82.2678 952
82.2748 1428
82.4747 476
82.4747 952
82.4818 1428
82.6815 952
82.6815 1428
82.6884 476
82.6885 952
82.6956 1428
82.8953 476
82.8953 952
82.9024 1428
83.1018 476
83.1018 952
83.1088 1428
83.3087 476
83.3087 952
83.3158 1428
83.5156 476
83.5156 952
83.5227 1428
83.7225 476
83.7225 952
83.7296 1428
83.9293 952
83.9293 1428
83.9362 476
83.9364 952
83.9434 1428
84.1431 476
84.1431 952
84.1502 1428
84.3496 476
84.3496 952
84.3567 1428
84.5565 476
84.5565 952
84.5636 1428
84.7634 476
84.7634 952
84.7705 1428
84.9699 476
84.9699 952
84.977 1428
85.1768 476
85.1768 952
85.1839 1428
85.3815 476
85.3815 952
85.3886 1428
85.5886 952
85.5886 1428
85.5937 476
85.5957 952
85.6027 1428
85.8077 476
85.8077 952
85.8148 1428
86.0146 476
86.0146 952
86.0217 1428
86.2218 952
86.2218 1428
86.2307 476
86.2307 952
86.2377 1428
86.4376 476
86.4376 952
86.4446 1428
86.6443 952
86.6443 1428
86.6513 476
86.6514 952
86.6585 1428
86.8582 476
86.8582 952
86.8652 1428
87.0647 476
87.0647 952
87.0717 1428
87.2716 476
87.2716 952
87.2786 1428
87.4785 476
87.4785 952
87.4855 1428
87.6854 476
87.6854 952
87.6925 1428
87.8923 476
87.8923 952
87.8994 1428
88.0992 476
88.0992 952
88.1063 1428
88.3061 476
88.3061 952
88.3132 1428
88.513 476
88.513 952
88.5201 1428
88.72 476
88.72 952
88.727 1428
88.9264 476
88.9264 952
88.9335 1428
89.1329 476
89.1329 952
89.14 1428
89.3398 476
89.3398 952
89.3469 1428
89.5468 476
89.5468 952
89.5538 1428
89.7532 476
89.7532 952
89.7603 1428
89.9602 476
89.9602 952
89.9672 1428
90.1666 476
90.1666 952
90.1737 1428
90.3736 476
90.3736 952
90.3806 1428
90.5805 476
90.5805 952
90.5875 1428
90.7874 476
90.7874 952
90.7944 1428
90.9942 952
90.9942 1428
91.0011 476
91.0012 952
91.0083 1428
91.208 476
91.208 952
91.215 1428
91.4145 476
91.4145 952
91.4215 1428
91.6214 476
91.6214 952
91.6284 1428
91.8283 476
91.8283 952
91.8354 1428
92.0351 952
92.0351 1428
92.042 476
92.0421 952
92.0492 1428
92.2489 476
92.2489 952
92.256 1428
92.4554 476
92.4554 952
92.4625 1428
92.6623 476
92.6623 952
92.6694 1428
92.8692 476
92.8692 952
92.8763 1428
93.0757 476
93.0757 952
93.0828 1428
93.2822 476
93.2822 952
93.2893 1428
93.4891 476
93.4891 952
93.4962 1428
93.6956 476
93.6956 952
93.7027 1428
93.9025 476
93.9025 952
93.9096 1428
94.109 476
94.109 952
94.1161 1428
94.3155 476
94.3155 952
94.3225 1428
94.5224 476
94.5224 952
94.5295 1428
94.7289 476
94.7289 952
94.7359 1428
94.9358 476
94.9358 952
94.9429 1428
95.1427 476
95.1427 952
95.1498 1428
95.3496 476
95.3496 952
95.3567 1428
95.5564 952
95.5564 1428
95.5633 476
95.5635 952
95.5705 1428
95.7682 476
95.7682 952
95.7752 1428
95.9733 476
95.9733 952
95.9803 1428
96.1791 476
96.1791 952
96.1862 1428
96.3852 476
96.3852 952
96.3922 1428
96.5916 476
96.5916 952
96.5987 1428
96.7981 476
96.7981 952
96.8052 1428
97.0046 476
97.0046 952
97.0117 1428
97.2111 476
97.2111 952
97.2182 1428
97.418 476
97.418 952
97.4251 1428
97.6249 476
97.6249 952
97.632 1428
97.8318 476
97.8318 952
97.8389 1428
98.0386 952
98.0386 1428
98.0455 476
98.0457 952
98.0528 1428
98.2525 476
98.2525 952
98.2595 1428
98.4589 476
98.4589 952
98.466 1428
98.6659 476
98.6659 952
98.6729 1428
98.8723 476
98.8723 952
98.8794 1428
99.0793 476
99.0793 952
99.0863 1428
99.286 952
99.286 1428
99.293 476
99.2931 952
99.3002 1428
99.4999 476
99.4999 952
99.5069 1428
99.7066 952
99.7066 1428
99.7136 476
99.7137 952
99.7208 1428
99.9205 476
99.9205 952
99.9275 1428
100.127 476
100.127 952
100.134 1428
100.334 476
100.334 952
100.341 1428
100.541 476
100.541 952
100.548 1428
100.748 476
100.748 952
100.755 1428
100.955 476
100.955 952
100.962 1428
101.162 476
101.162 952
101.169 1428
101.368 476
101.368 952
101.375 1428
101.575 476
101.575 952
101.582 1428
101.782 476
101.782 952
101.789 1428
101.989 476
101.989 952
101.996 1428
102.196 476
102.196 952
102.203 1428
102.403 476
102.403 952
102.41 1428
102.61 476
102.61 952
102.617 1428
102.817 476
102.817 952
102.824 1428
103.024 476
103.024 952
103.031 1428
103.231 476
103.231 952
103.238 1428
103.438 476
103.438 952
103.445 1428
103.644 476
103.644 952
103.652 1428
103.851 476
103.851 952
103.858 1428
104.058 476
104.058 952
104.065 1428
104.265 476
104.265 952
104.272 1428
104.472 476
104.472 952
104.479 1428
104.679 476
104.679 952
104.686 1428
104.886 476
104.886 952
104.893 1428
105.093 476
105.093 952
105.1 1428
105.3 476
105.3 952
105.307 1428
105.507 476
105.507 952
105.514 1428
105.714 476
105.714 952
105.721 1428
105.92 476
105.92 952
105.928 1428
106.125 476
106.125 952
106.132 1428
106.33 476
106.33 952
106.337 1428
106.536 476
106.536 952
106.543 1428
106.743 476
106.743 952
106.75 1428
106.95 952
106.95 1428
106.958 476
106.958 952
106.965 1428
107.166 476
107.166 952
107.173 1428
107.373 952
107.373 1428
107.381 476
107.381 952
107.388 1428
107.588 476
107.588 952
107.595 1428
107.795 476
107.795 952
107.802 1428
108.002 952
108.002 1428
108.009 476
108.009 952
108.016 1428
108.216 476
108.216 952
108.223 1428
108.422 476
108.422 952
108.429 1428
108.629 476
108.629 952
108.636 1428
108.836 476
108.836 952
108.843 1428
109.043 476
109.043 952
109.05 1428
109.249 476
109.249 952
109.257 1428
109.456 476
109.456 952
109.463 1428
109.663 476
109.663 952
109.67 1428
109.87 476
109.87 952
109.877 1428
110.076 476
110.076 952
110.083 1428
110.283 476
110.283 952
110.29 1428
110.49 476
110.49 952
110.497 1428
110.696 476
110.696 952
110.703 1428
110.903 476
110.903 952
110.91 1428
111.11 476
111.11 952
111.117 1428
111.316 476
111.316 952
111.324 1428
111.523 476
111.523 952
111.53 1428
111.73 476
111.73 952
111.737 1428
111.937 476
111.937 952
111.944 1428
112.143 476
112.143 952
112.15 1428
112.35 476
112.35 952
112.357 1428
112.557 476
112.557 952
112.564 1428
112.764 476
112.764 952
112.771 1428
112.971 476
112.971 952
112.978 1428
113.177 476
113.177 952
113.184 1428
113.384 476
113.384 952
113.391 1428
113.591 476
113.591 952
113.598 1428
113.797 476
113.797 952
113.804 1428
114.004 476
114.004 952
114.011 1428
114.211 476
114.211 952
114.218 1428
114.418 476
114.418 952
114.425 1428
114.625 476
114.625 952
114.632 1428
114.831 476
114.831 952
114.838 1428
115.038 476
115.038 952
115.045 1428
115.245 476
115.245 952
115.252 1428
115.452 476
115.452 952
115.459 1428
115.659 476
115.659 952
115.666 1428
115.865 952
115.865 1428
115.872 476
115.873 952
115.88 1428
116.079 476
116.079 952
116.086 1428
116.286 476
116.286 952
116.293 1428
116.493 476
116.493 952
116.5 1428
116.698 476
116.698 952
116.705 1428
116.903 476
116.903 952
116.91 1428
117.109 476
117.109 952
117.116 1428
117.315 476
117.315 952
117.322 1428
117.522 476
117.522 952
117.529 1428
117.728 476
117.728 952
117.735 1428
117.935 476
117.935 952
117.942 1428
118.142 952
118.142 1428
118.149 476
118.149 952
118.156 1428
118.356 476
118.356 952
118.363 1428
118.563 476
118.563 952
118.57 1428
118.77 476
118.77 952
118.777 1428
118.976 476
118.976 952
118.983 1428
119.183 476
119.183 952
119.19 1428
119.39 476
119.39 952
119.397 1428
119.596 476
119.596 952
119.603 1428
119.803 476
119.803 952
119.81 1428
120.01 476
120.01 952
120.017 1428
120.217 476
120.217 952
120.224 1428
120.423 476
120.423 952
120.43 1428
120.63 476
120.63 952
120.637 1428
120.837 476
120.837 952
120.844 1428
121.044 476
121.044 952
121.051 1428
121.25 476
121.25 952
121.257 1428
121.457 476
121.457 952
121.464 1428
121.664 476
121.664 952
121.671 1428
121.871 476
121.871 952
121.878 1428
122.078 476
122.078 952
122.085 1428
122.284 476
122.284 952
122.292 1428
122.491 476
122.491 952
122.498 1428
122.698 476
122.698 952
122.705 1428
122.904 476
122.904 952
122.911 1428
123.111 476
123.111 952
123.118 1428
123.318 476
123.318 952
123.325 1428
123.525 476
123.525 952
123.532 1428
123.732 952
123.732 1428
123.739 476
123.739 952
123.746 1428
123.946 476
123.946 952
123.953 1428
124.152 476
124.152 952
124.159 1428
124.359 476
124.359 952
124.366 1428
124.566 476
124.566 952
124.573 1428
124.773 476
124.773 952
124.78 1428
124.979 476
124.979 952
124.986 1428
125.186 476
125.186 952
125.193 1428
125.393 476
125.393 952
125.4 1428
125.599 476
125.599 952
125.606 1428
125.806 476
125.806 952
125.813 1428
126.013 476
126.013 952
126.02 1428
126.22 476
126.22 952
126.227 1428
126.427 476
126.427 952
126.434 1428
126.633 476
126.633 952
126.64 1428
126.84 476
126.84 952
126.847 1428
127.045 476
127.045 952
127.052 1428
127.25 476
127.25 952
127.257 1428
127.456 476
127.456 952
127.463 1428
127.662 476
127.662 952
127.669 1428
127.869 476
127.869 952
127.876 1428
128.075 476
128.075 952
128.082 1428
128.282 476
128.282 952
128.289 1428
128.488 476
128.488 952
128.495 1428
128.695 476
128.695 952
128.702 1428
128.902 476
128.902 952
128.909 1428
129.109 952
129.109 1428
129.116 476
129.116 952
129.123 1428
129.323 476
129.323 952
129.33 1428
129.529 476
129.529 952
129.536 1428
129.736 476
129.736 952
129.743 1428
129.943 476
129.943 952
129.95 1428
130.15 952
130.15 1428
130.157 476
130.157 952
130.164 1428
130.364 476
130.364 952
130.371 1428
130.57 476
130.57 952
130.577 1428
130.777 476
130.777 952
130.784 1428
130.984 476
130.984 952
130.991 1428
131.191 476
131.191 952
131.198 1428
131.397 476
131.397 952
131.404 1428
131.604 476
131.604 952
131.611 1428
131.81 476
131.81 952
131.818 1428
132.017 476
132.017 952
132.024 1428
132.224 476
132.224 952
132.231 1428
132.43 476
132.43 952
132.437 1428
132.637 476
132.637 952
132.644 1428
132.844 476
132.844 952
132.851 1428
133.051 476
133.051 952
133.058 1428
133.258 476
133.258 952
133.265 1428
133.464 476
133.464 952
133.472 1428
133.671 952
133.671 1428
133.678 476
133.678 952
133.685 1428
133.885 476
133.885 952
133.892 1428
134.092 476
134.092 952
134.099 1428
134.298 476
134.298 952
134.306 1428
134.505 476
134.505 952
134.512 1428
134.712 476
134.712 952
134.719 1428
134.919 476
134.919 952
134.926 1428
135.125 476
135.125 952
135.132 1428
135.332 476
135.332 952
135.339 1428
135.539 476
135.539 952
135.546 1428
135.746 476
135.746 952
135.753 1428
135.952 476
135.952 952
135.959 1428
136.159 476
136.159 952
136.166 1428
136.366 476
136.366 952
136.373 1428
136.572 476
136.572 952
136.579 1428
136.779 476
136.779 952
136.786 1428
136.986 476
136.986 952
136.993 1428
137.193 476
137.193 952
137.2 1428
137.4 476
137.4 952
137.407 1428
137.605 476
137.605 952
137.612 1428
137.81 476
137.81 952
137.817 1428
138.016 476
138.016 952
138.023 1428
138.222 476
138.222 952
138.229 1428
138.429 476
138.429 952
138.436 1428
138.636 952
138.636 1428
138.643 476
138.643 952
138.65 1428
138.85 476
138.85 952
138.857 1428
139.057 476
139.057 952
139.064 1428
139.263 476
139.263 952
139.27 1428
139.47 476
139.47 952
139.477 1428
139.677 476
139.677 952
139.684 1428
139.884 476
139.884 952
139.891 1428
140.09 952
140.09 1428
140.097 476
140.097 952
140.105 1428
140.304 476
140.304 952
140.311 1428
140.511 476
140.511 952
140.518 1428
140.718 476
140.718 952
140.725 1428
140.925 476
140.925 952
140.932 1428
141.131 476
141.131 952
141.139 1428
141.338 476
141.338 952
141.345 1428
141.545 476
141.545 952
141.552 1428
141.751 476
141.751 952
141.758 1428
141.958 476
141.958 952
141.965 1428
142.165 476
142.165 952
142.172 1428
142.371 476
142.371 952
142.378 1428
142.578 476
142.578 952
142.585 1428
142.785 476
142.785 952
142.792 1428
142.992 476
142.992 952
142.999 1428
143.198 476
143.198 952
143.205 1428
143.405 476
143.405 952
143.412 1428
143.612 476
143.612 952
143.619 1428
143.819 476
143.819 952
143.826 1428
144.025 476
144.025 952
144.032 1428
144.232 476
144.232 952
144.239 1428
144.439 476
144.439 952
144.446 1428
144.646 476
144.646 952
144.653 1428
144.853 476
144.853 952
144.86 1428
145.059 476
145.059 952
145.066 1428
145.266 952
145.266 1428
145.273 476
145.273 952
145.28 1428
145.48 476
145.48 952
145.487 1428
145.687 476
145.687 952
145.694 1428
145.893 476
145.893 952
145.9 1428
146.1 476
146.1 952
146.107 1428
146.307 476
146.307 952
146.314 1428
146.514 476
146.514 952
146.521 1428
146.72 476
146.72 952
146.727 1428
146.927 476
146.927 952
146.934 1428
147.134 476
147.134 952
147.141 1428
147.341 476
147.341 952
147.348 1428
147.547 476
147.547 952
147.554 1428
147.754 476
147.754 952
147.761 1428
147.959 476
147.959 952
147.966 1428
148.164 476
148.164 952
148.171 1428
148.37 476
148.37 952
148.377 1428
148.576 476
148.576 952
148.583 1428
148.783 476
148.783 952
148.79 1428
148.99 476
148.99 952
148.997 1428
149.196 952
149.196 1428
149.203 476
149.203 952
149.211 1428
149.41 476
149.41 952
149.417 1428
149.617 476
149.617 952
149.624 1428
149.824 952
149.824 1428
149.831 476
149.831 952
149.838 1428
150.038 476
150.038 952
150.045 1428
150.244 476
150.244 952
150.251 1428
150.451 476
150.451 952
150.458 1428
150.658 476
150.658 952
150.665 1428
150.865 476
150.865 952
150.872 1428
151.071 476
151.071 952
151.079 1428
151.278 476
151.278 952
151.285 1428
151.485 476
151.485 952
151.492 1428
151.691 476
151.691 952
151.698 1428
151.898 476
151.898 952
151.905 1428
152.105 476
152.105 952
152.112 1428
152.311 476
152.311 952
152.318 1428
152.518 476
152.518 952
152.525 1428
152.725 476
152.725 952
152.732 1428
152.932 476
152.932 952
152.939 1428
153.138 476
153.138 952
153.146 1428
153.345 476
153.345 952
153.352 1428
153.552 476
153.552 952
153.559 1428
153.759 476
153.759 952
153.766 1428
153.965 476
153.965 952
153.972 1428
154.172 476
154.172 952
154.179 1428
154.379 476
154.379 952
154.386 1428
154.586 476
154.586 952
154.593 1428
154.792 476
154.792 952
154.8 1428
154.999 476
154.999 952
155.006 1428
155.206 476
155.206 952
155.213 1428
155.413 476
155.413 952
155.42 1428
155.62 476
155.62 952
155.627 1428
155.827 476
155.827 952
155.834 1428
156.033 952
156.033 1428
156.04 476
156.04 952
156.048 1428
156.247 476
156.247 952
156.254 1428
156.454 476
156.454 952
156.461 1428
156.661 476
156.661 952
156.668 1428
156.868 476
156.868 952
156.875 1428
157.074 476
157.074 952
157.081 1428
157.281 476
157.281 952
157.288 1428
157.487 476
157.487 952
157.494 1428
157.694 476
157.694 952
157.701 1428
157.901 476
157.901 952
157.908 1428
158.108 476
158.108 952
158.115 1428
158.312 476
158.312 952
158.319 1428
158.518 476
158.518 952
158.525 1428
158.724 476
158.724 952
158.731 1428
158.93 476
158.93 952
158.937 1428
159.137 476
159.137 952
159.144 1428
159.343 476
159.343 952
159.35 1428
159.55 476
159.55 952
159.557 1428
159.757 952
159.757 1428
159.764 476
159.764 952
159.771 1428
159.971 476
159.971 952
159.978 1428
160.177 476
160.177 952
160.184 1428
160.384 476
160.384 952
160.391 1428
160.591 476
160.591 952
160.598 1428
160.798 952
160.798 1428
160.805 476
160.805 952
160.812 1428
161.012 476
161.012 952
161.019 1428
161.218 476
161.218 952
161.225 1428
161.425 476
161.425 952
161.432 1428
161.631 476
161.631 952
161.638 1428
161.838 476
161.838 952
161.845 1428
162.045 476
162.045 952
162.052 1428
162.252 476
162.252 952
162.259 1428
162.458 476
162.458 952
162.465 1428
162.665 476
162.665 952
162.672 1428
162.872 476
162.872 952
162.879 1428
163.078 476
163.078 952
163.085 1428
163.285 476
163.285 952
163.292 1428
163.492 476
163.492 952
163.499 1428
163.698 476
163.698 952
163.705 1428
163.905 476
163.905 952
163.912 1428
164.112 476
164.112 952
164.119 1428
164.319 952
164.319 1428
164.326 476
164.326 952
164.333 1428
164.533 476
164.533 952
164.54 1428
164.739 476
164.739 952
164.746 1428
164.946 476
164.946 952
164.953 1428
165.153 476
165.153 952
165.16 1428
165.36 476
165.36 952
165.367 1428
165.567 476
165.567 952
165.574 1428
165.773 476
165.773 952
165.78 1428
165.98 476
165.98 952
165.987 1428
166.186 476
166.186 952
166.194 1428
166.393 476
166.393 952
166.4 1428
166.6 476
166.6 952
166.607 1428
166.807 476
166.807 952
166.814 1428
167.013 476
167.013 952
167.02 1428
167.22 476
167.22 952
167.227 1428
167.427 476
167.427 952
167.434 1428
167.634 476
167.634 952
167.641 1428
167.84 476
167.84 952
167.848 1428
168.047 476
168.047 952
168.054 1428
168.254 952
168.254 1428
168.261 476
168.261 952
168.268 1428
168.468 476
168.468 952
168.475 1428
168.674 476
168.674 952
168.682 1428
168.879 476
168.879 952
168.886 1428
169.084 476
169.084 952
169.092 1428
169.29 476
169.29 952
169.297 1428
169.497 476
169.497 952
169.504 1428
169.703 476
169.703 952
169.71 1428
169.91 476
169.91 952
169.917 1428
170.116 476
170.116 952
170.123 1428
170.323 476
170.323 952
170.33 1428
170.53 952
170.53 1428
170.537 476
170.537 952
170.544 1428
170.744 476
170.744 952
170.751 1428
170.951 476
170.951 952
170.958 1428
171.158 476
171.158 952
171.165 1428
171.364 476
171.364 952
171.371 1428
171.571 476
171.571 952
171.578 1428
171.778 476
171.778 952
171.785 1428
171.984 476
171.984 952
171.991 1428
172.191 476
172.191 952
172.198 1428
172.398 476
172.398 952
172.405 1428
172.604 476
172.604 952
172.611 1428
172.811 476
172.811 952
172.818 1428
173.018 476
173.018 952
173.025 1428
173.225 476
173.225 952
173.232 1428
173.431 476
173.431 952
173.438 1428
173.638 476
173.638 952
173.645 1428
173.845 476
173.845 952
173.852 1428
174.052 476
174.052 952
174.059 1428
174.259 952
174.259 1428
174.266 476
174.266 952
174.273 1428
174.472 476
174.472 952
174.48 1428
174.679 476
174.679 952
174.686 1428
174.886 476
174.886 952
174.893 1428
175.093 476
175.093 952
175.1 1428
175.299 476
175.299 952
175.306 1428
175.506 476
175.506 952
175.513 1428
175.713 476
175.713 952
175.72 1428
175.92 476
175.92 952
175.927 1428
176.126 476
176.126 952
176.133 1428
176.333 476
176.333 952
176.34 1428
176.539 476
176.539 952
176.547 1428
176.746 476
176.746 952
176.753 1428
176.953 476
176.953 952
176.96 1428
177.16 476
177.16 952
177.167 1428
177.367 476
177.367 952
177.374 1428
177.573 476
177.573 952
177.58 1428
177.78 476
177.78 952
177.787 1428
177.987 476
177.987 952
177.994 1428
178.194 476
178.194 952
178.201 1428
178.401 952
178.401 1428
178.408 476
178.408 952
178.415 1428
178.615 476
178.615 952
178.622 1428
178.821 476
178.821 952
178.828 1428
179.028 476
179.028 952
179.035 1428
179.233 476
179.233 952
179.24 1428
179.438 476
179.438 952
179.445 1428
179.644 476
179.644 952
179.651 1428
179.851 476
179.851 952
179.858 1428
180.058 952
180.058 1428
180.066 476
180.066 952
180.073 1428
180.274 476
180.274 952
180.281 1428
180.481 952
180.481 1428
180.489 476
180.489 952
180.496 1428
180.696 476
180.696 952
180.703 1428
180.903 952
180.903 1428
180.91 476
180.91 952
180.917 1428
181.117 476
181.117 952
181.124 1428
181.323 476
181.323 952
181.33 1428
181.53 476
181.53 952
181.537 1428
181.737 476
181.737 952
181.744 1428
181.944 476
181.944 952
181.951 1428
182.15 476
182.15 952
182.157 1428
182.357 476
182.357 952
182.364 1428
182.564 476
182.564 952
182.571 1428
182.771 476
182.771 952
182.778 1428
182.977 476
182.977 952
182.985 1428
183.184 476
183.184 952
183.191 1428
183.39 476
183.39 952
183.397 1428
183.597 476
183.597 952
183.604 1428
183.804 476
183.804 952
183.811 1428
184.011 476
184.011 952
184.018 1428
184.218 476
184.218 952
184.225 1428
184.424 476
184.424 952
184.431 1428
184.631 476
184.631 952
184.638 1428
184.838 476
184.838 952
184.845 1428
185.044 476
185.044 952
185.052 1428
185.251 476
185.251 952
185.258 1428
185.458 476
185.458 952
185.465 1428
185.664 476
185.664 952
185.671 1428
185.871 476
185.871 952
185.878 1428
186.078 476
186.078 952
186.085 1428
186.285 476
186.285 952
186.292 1428
186.491 476
186.491 952
186.498 1428
186.698 476
186.698 952
186.705 1428
186.905 476
186.905 952
186.912 1428
187.112 476
187.112 952
187.119 1428
187.319 952
187.319 1428
187.326 476
187.326 952
187.333 1428
187.532 476
187.532 952
187.54 1428
187.739 476
187.739 952
187.746 1428
187.946 476
187.946 952
187.953 1428
188.153 476
188.153 952
188.16 1428
188.359 476
188.359 952
188.366 1428
188.566 476
188.566 952
188.573 1428
188.773 476
188.773 952
188.78 1428
188.98 476
188.98 952
188.987 1428
189.186 476
189.186 952
189.193 1428
189.393 476
189.393 952
189.4 1428
189.598 476
189.598 952
189.605 1428
189.803 476
189.803 952
189.81 1428
190.009 476
190.009 952
190.016 1428
190.216 476
190.216 952
190.223 1428
190.423 476
190.423 952
190.43 1428
190.63 952
190.63 1428
190.637 476
190.637 952
190.644 1428
190.843 476
190.843 952
190.851 1428
191.05 476
191.05 952
191.057 1428
191.257 476
191.257 952
191.264 1428
191.464 476
191.464 952
191.471 1428
191.671 952
191.671 1428
191.677 476
191.678 952
191.685 1428
191.884 476
191.884 952
191.891 1428
192.091 476
192.091 952
192.098 1428
192.298 476
192.298 952
192.305 1428
192.504 476
192.504 952
192.511 1428
192.711 476
192.711 952
192.718 1428
192.918 476
192.918 952
192.925 1428
193.124 476
193.124 952
193.131 1428
193.331 476
193.331 952
193.338 1428
193.538 476
193.538 952
193.545 1428
193.744 476
193.744 952
193.752 1428
193.951 476
193.951 952
193.958 1428
194.158 476
194.158 952
194.165 1428
194.364 476
194.364 952
194.371 1428
194.571 476
194.571 952
194.578 1428
194.778 476
194.778 952
194.785 1428
194.985 476
194.985 952
194.992 1428
195.192 476
195.192 952
195.199 1428
195.399 476
195.399 952
195.406 1428
195.605 476
195.605 952
195.612 1428
195.812 476
195.812 952
195.819 1428
196.019 476
196.019 952
196.026 1428
196.226 476
196.226 952
196.233 1428
196.433 952
196.433 1428
196.439 476
196.44 952
196.447 1428
196.646 476
196.646 952
196.653 1428
196.853 476
196.853 952
196.86 1428
197.06 476
197.06 952
197.067 1428
197.267 476
197.267 952
197.274 1428
197.473 476
197.473 952
197.48 1428
197.68 476
197.68 952
197.687 1428
197.887 476
197.887 952
197.894 1428
198.093 476
198.093 952
198.101 1428
198.3 476
198.3 952
198.307 1428
198.507 476
198.507 952
198.514 1428
198.713 476
198.713 952
198.72 1428
198.92 476
198.92 952
198.927 1428
199.127 476
199.127 952
199.134 1428
199.332 476
199.332 952
199.339 1428
199.537 476
199.537 952
199.544 1428
199.741 476
199.741 952
199.748 1428
199.946 476
199.946 952
199.953 1428
200.158 0
200.158 476
200.165 952
200.172 1428
200.369 476
200.369 952
200.377 1428
200.574 476
200.574 952
200.581 1428
200.779 476
200.779 952
200.786 1428
200.984 476
200.984 952
200.991 1428
