0.0 0
0.214139 0.204
0.432958 0.204875
0.447075 0.205766
0.461193 0.206545
0.475311 0.207227
0.623552 0.224573
0.637669 0.223002
0.651787 0.221502
0.665905 0.220189
0.680022 0.219165
0.69414 0.21827
0.708258 0.217486
0.722376 0.2168
0.736493 0.2162
0.828252 0.225425
0.84237 0.223747
0.856488 0.222279
0.870606 0.220994
0.884723 0.21987
0.898841 0.218761
0.912959 0.217791
0.927076 0.217067
0.941194 0.216434
1.03295 0.225504
1.04707 0.223816
1.06119 0.222339
1.07531 0.221047
1.08942 0.219916
1.10354 0.218926
1.11766 0.218061
1.13178 0.217178
1.14589 0.216406
1.23765 0.22548
1.25177 0.22367
1.26589 0.222086
1.28001 0.220826
1.29412 0.219722
1.30824 0.218757
1.32236 0.217912
1.33648 0.217173
1.3506 0.216527
1.44235 0.225711
1.45647 0.223997
1.47059 0.222497
1.48471 0.221185
1.49883 0.219912
1.51294 0.218798
1.52706 0.217948
1.54118 0.217205
1.5553 0.216554
1.64706 0.225735
1.66117 0.224018
1.67529 0.222516
1.68941 0.221201
1.70353 0.220051
1.71764 0.219045
1.73176 0.218039
1.74588 0.217159
1.76 0.216389
1.85176 0.225466
1.86587 0.223657
1.87999 0.222075
1.89411 0.220816
1.90823 0.219714
1.92234 0.21875
1.93646 0.217906
1.95058 0.217168
1.9647 0.216522
2.05646 0.225582
2.07057 0.223884
2.08469 0.222398
2.09881 0.220974
2.11293 0.219727
2.12705 0.218761
2.14116 0.217916
2.15528 0.217176
2.1694 0.216529
2.26116 0.225713
2.27528 0.223999
2.28939 0.222499
2.30351 0.221187
2.31763 0.220038
2.33175 0.219034
2.34586 0.218029
2.35998 0.217151
2.3741 0.216507
2.46586 0.225569
2.47998 0.223747
2.49409 0.222279
2.50821 0.220994
2.52233 0.21987
2.53645 0.218886
2.55057 0.218025
2.56468 0.217272
2.5788 0.216488
2.67056 0.225552
2.68468 0.223858
2.6988 0.222251
2.71291 0.220845
2.72703 0.219739
2.74115 0.218772
2.75527 0.217925
2.76938 0.217184
2.7835 0.216536
2.87526 0.225719
2.88938 0.224004
2.9035 0.222504
2.91761 0.221191
2.93173 0.220042
2.94585 0.218912
2.95997 0.217923
2.97408 0.217182
2.9882 0.216535
3.07996 0.225593
3.09408 0.223894
3.1082 0.222407
3.12231 0.221106
3.13643 0.219968
3.15055 0.218972
3.16467 0.2181
3.17879 0.217213
3.1929 0.216436
3.28466 0.225507
3.29878 0.223693
3.3129 0.222107
3.32702 0.220843
3.34113 0.219738
3.35525 0.218771
3.36937 0.217924
3.38349 0.217184
3.3976 0.216536
3.48936 0.225719
3.50348 0.224004
3.5176 0.222503
3.53172 0.221191
3.54583 0.219917
3.55995 0.218802
3.57407 0.217952
3.58819 0.217208
3.6023 0.216557
3.69406 0.225737
3.70818 0.22402
3.7223 0.222518
3.73642 0.221203
3.75053 0.220053
3.76465 0.219046
3.77877 0.21804
3.79289 0.21716
3.80701 0.216515
3.89876 0.225576
3.91288 0.223754
3.927 0.22216
3.94112 0.22089
3.95524 0.219778
3.96935 0.218806
3.98347 0.217955
3.99759 0.217211
4.01171 0.21656
4.10347 0.225615
4.11758 0.223913
4.1317 0.222424
4.14582 0.220996
4.15994 0.219746
4.17405 0.218778
4.18817 0.217931
4.20229 0.217189
4.21641 0.216541
4.30817 0.225723
4.32228 0.224008
4.3364 0.222507
4.35052 0.221193
4.36464 0.220044
4.37875 0.219039
4.39287 0.218034
4.40699 0.217155
4.42111 0.21651
4.51287 0.225572
4.52698 0.22375
4.5411 0.222281
4.55522 0.220996
4.56934 0.219872
4.58346 0.218888
4.59757 0.218027
4.61169 0.217273
4.62581 0.216489
4.71757 0.225553
4.73169 0.223859
4.7458 0.222252
4.75992 0.220845
4.77404 0.219739
4.78816 0.218772
4.80227 0.217926
4.81639 0.217185
4.83051 0.216537
4.92227 0.22572
4.93639 0.224005
4.9505 0.222504
4.96462 0.221191
4.97874 0.220042
4.99286 0.218912
5.00697 0.217923
5.02109 0.217183
5.03521 0.216535
5.12697 0.225593
5.14109 0.223894
5.1552 0.222407
5.16932 0.221106
5.18344 0.219968
5.19756 0.218972
5.21168 0.2181
5.22579 0.217213
5.23991 0.216436
5.33167 0.225507
5.34579 0.223693
5.35991 0.222107
5.37402 0.220843
5.38814 0.219738
5.40226 0.218771
5.41638 0.217924
5.43049 0.217184
5.44461 0.216536
5.53637 0.225719
5.55049 0.224004
5.56461 0.222504
5.57872 0.221191
5.59284 0.219917
5.60696 0.218802
5.62108 0.217952
5.63519 0.217208
5.64931 0.216557
5.74107 0.225737
5.75519 0.22402
5.76931 0.222518
5.78342 0.221203
5.79754 0.220053
5.81166 0.219046
5.82578 0.21804
5.8399 0.21716
5.85401 0.216515
5.94577 0.225576
5.95989 0.223754
5.97401 0.222285
5.98813 0.220999
6.00224 0.219874
6.01636 0.21889
6.03048 0.218029
6.0446 0.217275
6.05871 0.216616
6.15047 0.225664
6.16459 0.223956
6.17871 0.222461
6.19283 0.221029
6.20694 0.219775
6.22106 0.218803
6.23518 0.217953
6.2493 0.217209
6.26341 0.216558
6.35517 0.225738
6.36929 0.224021
6.38341 0.222518
6.39753 0.221203
6.41164 0.220053
6.42576 0.218921
6.43988 0.217931
6.454 0.217065
6.46812 0.216432
6.55987 0.225503
6.57399 0.22369
6.58811 0.222229
6.60223 0.22095
6.61635 0.219831
6.63046 0.218852
6.64458 0.217996
6.6587 0.217246
6.67282 0.216466
6.76458 0.225532
6.77869 0.223841
6.79281 0.222236
6.80693 0.220831
6.82105 0.219727
6.83516 0.218761
6.84928 0.217916
6.8634 0.217177
6.87752 0.21653
6.96928 0.225713
6.98339 0.223999
6.99751 0.222499
7.01163 0.221187
7.02575 0.220039
7.03986 0.218909
7.05398 0.21792
7.0681 0.21718
7.08222 0.216533
7.17398 0.225591
7.18809 0.223892
7.20221 0.222406
7.21633 0.221105
7.23045 0.219967
7.24457 0.218971
7.25868 0.2181
7.2728 0.217212
7.28692 0.216436
7.37868 0.225506
7.3928 0.223693
7.40691 0.222106
7.42103 0.220843
7.43515 0.219738
7.44927 0.21877
7.46338 0.217924
7.4775 0.217184
7.49162 0.216536
7.58338 0.225719
7.5975 0.224004
7.61161 0.222503
7.62573 0.22119
7.63985 0.219917
7.65397 0.218802
7.66809 0.217952
7.6822 0.217208
7.69632 0.216557
7.78808 0.225737
7.8022 0.22402
7.81631 0.222518
7.83043 0.221203
7.84455 0.220053
7.85867 0.219046
7.87279 0.21804
7.8869 0.21716
7.90102 0.216515
7.99278 0.225576
8.0069 0.223754
8.02102 0.222285
8.03513 0.220999
8.04925 0.219874
8.06337 0.21889
8.07749 0.218029
8.0916 0.217275
8.10572 0.216616
8.19748 0.225664
8.2116 0.223956
8.22572 0.222461
8.23983 0.221029
8.25395 0.219775
8.26807 0.218803
8.28219 0.217953
8.29631 0.217209
8.31042 0.216558
8.40218 0.225738
8.4163 0.224021
8.43042 0.222518
8.44454 0.221203
8.45865 0.220053
8.47277 0.218921
8.48689 0.217931
8.50101 0.21719
8.51512 0.216541
8.60688 0.225598
8.621 0.223899
8.63512 0.222411
8.64924 0.22111
8.66335 0.219971
8.67747 0.218975
8.69159 0.218103
8.70571 0.21734
8.71982 0.216548
8.81158 0.225604
8.8257 0.223904
8.83982 0.222291
8.85394 0.220879
8.86805 0.219769
8.88217 0.218798
8.89629 0.217948
8.91041 0.217205
8.92453 0.216554
9.01628 0.225735
9.0304 0.224018
9.04452 0.222516
9.05864 0.221201
9.07276 0.220051
9.08687 0.21892
9.10099 0.21793
9.11511 0.217189
9.12923 0.21654
9.22099 0.225598
9.2351 0.223898
9.24922 0.222411
9.26334 0.221109
9.27746 0.219971
9.29157 0.218974
9.30569 0.218102
9.31981 0.217215
9.33393 0.216438
9.42569 0.225508
9.4398 0.223695
9.45392 0.222108
9.46804 0.220844
9.48216 0.219739
9.49627 0.218771
9.51039 0.217925
9.52451 0.217184
9.53863 0.216536
9.63039 0.225719
9.6445 0.224004
9.65862 0.222504
9.67274 0.221191
9.68686 0.219917
9.70098 0.218802
9.71509 0.217952
9.72921 0.217208
9.74333 0.216557
9.83509 0.225737
9.84921 0.22402
9.86332 0.222518
9.87744 0.221203
9.89156 0.220053
9.90568 0.219046
9.91979 0.21804
9.93391 0.21716
9.94803 0.216515
10.0398 0.225576
10.0539 0.223754
10.068 0.222285
10.0821 0.220999
10.0963 0.219874
10.1104 0.21889
10.1245 0.218029
10.1386 0.217275
10.1527 0.216616
10.2445 0.225664
10.2586 0.223956
10.2727 0.222461
10.2868 0.221029
10.301 0.219775
10.3151 0.218803
10.3292 0.217953
10.3433 0.217209
10.3574 0.216558
10.4492 0.225738
10.4633 0.224021
10.4774 0.222518
10.4915 0.221203
10.5057 0.220053
10.5198 0.218921
10.5339 0.217931
10.548 0.21719
10.5621 0.216541
10.7668 0.239723
10.9715 0.260008
11.1762 0.277882
11.3809 0.293397
11.5856 0.306972
11.7903 0.318976
11.995 0.329479
12.1997 0.338544
12.4044 0.346476
12.6091 0.353541
12.8138 0.359599
13.0185 0.364899
13.2232 0.369662
13.4279 0.373704
13.6326 0.377241
13.8373 0.380336
14.042 0.383169
14.2467 0.385523
14.4514 0.387582
14.6561 0.38951
14.8608 0.391071
15.0655 0.392437
15.2702 0.393757
15.475 0.394788
15.6797 0.395689
15.8844 0.396478
16.0891 0.397293
16.2938 0.397882
16.4985 0.398396
16.7032 0.398972
16.9079 0.39935
17.1126 0.399682
17.3173 0.400096
17.522 0.400334
17.7267 0.400543
17.9314 0.400725
18.1361 0.401009
18.3408 0.401133
18.5455 0.401241
18.7502 0.401461
18.9549 0.401529
19.1596 0.401587
19.3643 0.401764
19.569 0.401794
19.7737 0.401819
19.9784 0.401842
20.1831 0.401987
20.3878 0.401988
20.5925 0.40199
20.7972 0.402116
21.0019 0.402102
21.2066 0.402089
21.4113 0.402203
21.616 0.402177
21.8207 0.402155
22.0254 0.402136
22.2301 0.402244
22.4348 0.402213
22.6395 0.402187
22.8442 0.402288
23.0489 0.402252
23.2536 0.402221
23.4583 0.402318
23.663 0.402278
23.8677 0.402244
24.0724 0.402213
24.2771 0.402312
24.4818 0.402273
24.6865 0.402238
24.8912 0.402334
25.0959 0.402292
25.3006 0.402255
25.5053 0.402349
25.71 0.402305
25.9147 0.402267
26.1194 0.402233
26.3241 0.402329
26.5288 0.402288
26.7335 0.402252
26.9382 0.402346
27.1429 0.402302
27.3476 0.402265
27.5523 0.402357
27.757 0.402312
27.9617 0.402273
28.1664 0.402239
28.3711 0.402334
28.5758 0.402292
28.7805 0.402256
28.9852 0.402349
29.1899 0.402305
29.3946 0.402267
29.5993 0.402359
29.804 0.402439
30.0087 0.402384
30.2134 0.402336
30.4181 0.402419
30.6228 0.402367
30.8275 0.402321
31.0322 0.402406
31.2369 0.402355
31.4416 0.402311
31.6463 0.402397
31.851 0.402472
32.0557 0.402413
32.2604 0.402362
32.4651 0.402441
32.6698 0.402386
32.8745 0.402338
33.0792 0.402421
33.2839 0.402368
33.4886 0.402322
33.6933 0.402407
33.898 0.402481
34.1027 0.402421
34.3074 0.402368
34.5121 0.402447
34.7168 0.402391
34.9215 0.402342
35.1262 0.402425
35.3309 0.402372
35.5356 0.402325
35.7403 0.402409
35.945 0.402483
36.1497 0.402423
36.3544 0.40237
36.5591 0.402449
36.7638 0.402393
36.9685 0.402344
37.1732 0.402426
37.3779 0.402372
37.5826 0.402326
37.7873 0.40241
37.992 0.402484
38.1967 0.402423
38.4014 0.40237
38.6061 0.402449
38.8108 0.402393
39.0155 0.402344
39.2202 0.402426
39.4249 0.402373
39.6296 0.402326
39.8343 0.402285
40.039 0.402375
40.2437 0.402328
40.4484 0.402287
40.6531 0.402376
40.8578 0.402329
41.0626 0.402288
41.2673 0.402377
41.472 0.40233
41.6767 0.402289
41.8814 0.402252
42.0861 0.402346
42.2908 0.402303
42.4955 0.402265
42.7002 0.402357
42.9049 0.402312
43.1096 0.402273
43.3143 0.402364
43.519 0.402318
43.7237 0.402279
43.9284 0.402244
44.1331 0.402338
44.3378 0.402296
44.5425 0.402259
44.7472 0.402352
44.9519 0.402308
45.1566 0.402269
45.3613 0.402361
45.566 0.402316
45.7707 0.402276
45.9754 0.402242
46.1801 0.402336
46.3848 0.402294
46.5895 0.402258
46.7942 0.40235
46.9989 0.402307
47.2036 0.402268
47.4083 0.40236
47.613 0.402315
47.8177 0.402275
48.0224 0.402241
48.2271 0.402336
48.4318 0.402294
48.6365 0.402257
48.8412 0.40235
49.0459 0.402306
49.2506 0.402268
49.4553 0.402359
49.66 0.402315
49.8647 0.402275
50.0694 0.402241
50.2739 0.402211
50.4783 0.402184
50.6828 0.402161
50.8873 0.402141
51.0917 0.402124
51.2962 0.402108
51.5007 0.402095
51.7051 0.402083
51.9096 0.402072
52.1141 0.402063
52.3185 0.402055
52.523 0.401924
52.7275 0.401933
52.9319 0.401816
53.1364 0.401839
53.3409 0.401859
53.5453 0.401877
53.7498 0.401892
53.9543 0.401906
54.1587 0.401918
54.3632 0.401928
54.5677 0.401937
54.7721 0.401945
54.9766 0.401952
55.1811 0.401958
55.3855 0.401963
55.59 0.401843
55.7945 0.401862
55.9989 0.401755
56.2034 0.401785
56.4079 0.401812
56.6123 0.401836
56.8168 0.401856
57.0213 0.401874
57.2257 0.40189
57.4302 0.401904
57.6347 0.401916
57.8391 0.401926
58.0436 0.401935
58.2481 0.401943
58.4525 0.401951
58.657 0.401957
58.8615 0.401962
59.0659 0.401842
59.2704 0.401862
59.4749 0.401754
59.6793 0.401785
59.8838 0.401812
60.0883 0.401835
60.2927 0.401856
60.4972 0.401874
60.7017 0.40189
60.9061 0.401903
61.1106 0.401915
61.3151 0.401926
61.5195 0.401935
61.724 0.401943
61.9285 0.40195
62.133 0.401832
62.3374 0.401853
62.5419 0.401746
62.7464 0.401778
62.9508 0.401806
63.1553 0.40183
63.3598 0.401851
63.5642 0.40187
63.7687 0.401886
63.9732 0.4019
64.1776 0.401913
64.3821 0.401924
64.5866 0.401933
64.791 0.401942
64.9955 0.401949
65.2 0.40183
65.4044 0.401851
65.6089 0.401745
65.8134 0.401777
66.0178 0.401805
66.2223 0.401829
66.4268 0.401851
66.6312 0.401869
66.8357 0.401886
67.0402 0.4019
67.2446 0.401912
67.4491 0.401923
67.6536 0.401933
67.858 0.401941
68.0625 0.401949
68.267 0.40183
68.4714 0.401851
68.6759 0.401745
68.8804 0.401777
69.0848 0.401805
69.2893 0.401829
69.4938 0.40185
69.6982 0.401869
69.9027 0.401886
70.1072 0.4019
70.3116 0.401912
70.5161 0.401923
70.7206 0.401933
70.925 0.401941
71.1295 0.401949
71.334 0.40183
71.5384 0.401851
71.7429 0.401745
71.9474 0.401777
72.1518 0.401805
72.3563 0.401829
72.5608 0.40185
72.7652 0.401869
72.9697 0.401885
73.1742 0.4019
73.3786 0.401912
73.5831 0.401923
73.7876 0.401933
73.992 0.401941
74.1965 0.401949
74.401 0.40183
74.6054 0.401851
74.8099 0.401745
75.0144 0.401777
75.2189 0.401805
75.4233 0.401829
75.6278 0.40185
75.8323 0.401869
76.0367 0.401885
76.2412 0.4019
76.4457 0.401912
76.6501 0.401923
76.8546 0.401933
77.0591 0.401941
77.2635 0.401949
77.468 0.40183
77.6725 0.401851
77.8769 0.401745
78.0814 0.401777
78.2859 0.401805
78.4903 0.401829
78.6948 0.40185
78.8993 0.401869
79.1037 0.401885
79.3082 0.4019
79.5127 0.401912
79.7171 0.401923
79.9216 0.401933
80.1261 0.401941
80.3305 0.401949
80.535 0.40183
80.7395 0.401851
80.9439 0.401745
81.1484 0.401777
81.3529 0.401805
81.5573 0.401829
81.7618 0.40185
81.9663 0.401869
82.1707 0.401885
82.3752 0.4019
82.5797 0.401912
82.7841 0.401923
82.9886 0.401933
83.1931 0.401941
83.3975 0.401949
83.602 0.401955
83.8065 0.401961
84.0109 0.401841
84.2154 0.40186
84.4199 0.401878
84.6243 0.401893
84.8288 0.401907
85.0333 0.401918
85.2377 0.401928
85.4422 0.401937
85.6467 0.401945
85.8511 0.401952
86.0556 0.401958
86.2601 0.401963
86.4645 0.401968
86.669 0.401972
86.8735 0.401975
87.0779 0.401853
87.2824 0.401872
87.4869 0.401763
87.6913 0.401792
87.8958 0.401818
88.1003 0.401841
88.3048 0.401861
88.5092 0.401878
88.7137 0.401894
88.9182 0.401907
89.1226 0.401919
89.3271 0.401929
89.5316 0.401938
89.736 0.401945
89.9405 0.401952
90.145 0.401833
90.3494 0.401854
90.5539 0.401747
90.7584 0.401779
90.9628 0.401807
91.1673 0.401831
91.3718 0.401852
91.5762 0.40187
91.7807 0.401887
91.9852 0.401901
92.1896 0.401913
92.3941 0.401924
92.5986 0.401934
92.803 0.401942
93.0075 0.401949
93.212 0.40183
93.4164 0.401852
93.6209 0.401745
93.8254 0.401777
94.0298 0.401805
94.2343 0.401829
94.4388 0.401851
94.6432 0.401869
94.8477 0.401886
95.0522 0.4019
95.2566 0.401912
95.4611 0.401923
95.6656 0.401933
95.87 0.401941
96.0745 0.401949
96.279 0.40183
96.4834 0.401851
96.6879 0.401745
96.8924 0.401777
97.0968 0.401805
97.3013 0.401829
97.5058 0.40185
97.7102 0.401869
97.9147 0.401886
98.1192 0.4019
98.3236 0.401912
98.5281 0.401923
98.7326 0.401933
98.937 0.401941
99.1415 0.401949
99.346 0.40183
99.5504 0.401851
99.7549 0.401745
99.9594 0.401777
100.164 0.401805
100.369 0.401829
100.573 0.401975
100.778 0.401979
100.983 0.401981
101.187 0.401984
101.392 0.402111
101.597 0.402097
101.801 0.402085
102.006 0.402199
102.211 0.402174
102.416 0.402152
102.62 0.402258
102.825 0.402226
103.03 0.402198
103.234 0.402173
103.439 0.402276
103.644 0.402242
103.848 0.402212
104.053 0.40231
104.258 0.402271
104.463 0.402237
104.667 0.402333
104.872 0.402291
105.077 0.402255
105.281 0.402223
105.486 0.40232
105.691 0.40228
105.895 0.402245
106.1 0.402339
106.305 0.402297
106.51 0.40226
106.714 0.402352
106.919 0.402308
107.124 0.40227
107.328 0.402236
107.533 0.402332
107.738 0.40229
107.943 0.402254
108.147 0.402347
108.352 0.402304
108.557 0.402266
108.761 0.402358
108.966 0.402438
109.171 0.402383
109.375 0.402335
109.58 0.402418
109.785 0.402366
109.99 0.40232
110.194 0.402405
110.399 0.402355
110.604 0.40231
110.808 0.402396
111.013 0.402472
111.218 0.402413
111.422 0.402361
111.627 0.402441
111.832 0.402386
112.037 0.402338
112.241 0.402421
112.446 0.402368
112.651 0.402322
112.855 0.402407
113.06 0.402481
113.265 0.402421
113.469 0.402368
113.674 0.402447
113.879 0.402391
114.084 0.402342
114.288 0.402425
114.493 0.402371
114.698 0.402325
114.902 0.402409
115.107 0.402483
115.312 0.402423
115.516 0.40237
115.721 0.402449
115.926 0.402393
116.131 0.402344
116.335 0.402426
116.54 0.402372
116.745 0.402326
116.949 0.40241
117.154 0.402484
117.359 0.402423
117.563 0.40237
117.768 0.402449
117.973 0.402393
118.178 0.402344
118.382 0.402426
118.587 0.402373
118.792 0.402326
118.996 0.402285
119.201 0.402375
119.406 0.402328
119.61 0.402287
119.815 0.402376
120.02 0.402329
120.225 0.402288
120.429 0.402377
120.634 0.40233
120.839 0.402289
121.043 0.402252
121.248 0.402346
121.453 0.402303
121.657 0.402265
121.862 0.402357
122.067 0.402312
122.272 0.402273
122.476 0.402364
122.681 0.402318
122.886 0.402279
123.09 0.402244
123.295 0.402338
123.5 0.402296
123.704 0.402259
123.909 0.402352
124.114 0.402308
124.319 0.402269
124.523 0.402361
124.728 0.402316
124.933 0.402276
125.137 0.402242
125.342 0.402336
125.547 0.402294
125.751 0.402258
125.956 0.40235
126.161 0.402307
126.366 0.402268
126.57 0.40236
126.775 0.402315
126.98 0.402275
127.184 0.402241
127.389 0.402336
127.594 0.402294
127.798 0.402257
128.003 0.40235
128.208 0.402306
128.413 0.402268
128.617 0.402359
128.822 0.402315
129.027 0.402275
129.231 0.402241
129.436 0.402336
129.641 0.402294
129.845 0.402257
130.05 0.40235
130.255 0.402306
130.46 0.402268
130.664 0.402359
130.869 0.402314
131.074 0.402275
131.278 0.402241
131.483 0.402336
131.688 0.402294
131.892 0.402257
132.097 0.40235
132.302 0.402306
132.507 0.402268
132.711 0.402359
132.916 0.402314
133.121 0.402275
133.325 0.402241
133.53 0.402336
133.735 0.402294
133.94 0.402257
134.144 0.40235
134.349 0.402306
134.554 0.402268
134.758 0.402359
134.963 0.402439
135.168 0.402385
135.372 0.402336
135.577 0.402419
135.782 0.402367
135.987 0.402321
136.191 0.402406
136.396 0.402355
136.601 0.402311
136.805 0.402397
137.01 0.402472
137.215 0.402413
137.419 0.402362
137.624 0.402441
137.829 0.402386
138.034 0.402338
138.238 0.402421
138.443 0.402368
138.648 0.402322
138.852 0.402407
139.057 0.402481
139.262 0.402421
139.466 0.402368
139.671 0.402447
139.876 0.402391
140.081 0.402342
140.285 0.402425
140.49 0.402372
140.695 0.402325
140.899 0.402409
141.104 0.402483
141.309 0.402423
141.513 0.40237
141.718 0.402449
141.923 0.402393
142.128 0.402344
142.332 0.402426
142.537 0.402372
142.742 0.402326
142.946 0.40241
143.151 0.402484
143.356 0.402423
143.56 0.40237
143.765 0.402449
143.97 0.402393
144.175 0.402344
144.379 0.402426
144.584 0.402373
144.789 0.402326
144.993 0.402285
145.198 0.402375
145.403 0.402328
145.607 0.402287
145.812 0.402376
146.017 0.402329
146.222 0.402288
146.426 0.402377
146.631 0.40233
146.836 0.402289
147.04 0.402252
147.245 0.402346
147.45 0.402303
147.654 0.402265
147.859 0.402357
148.064 0.402312
148.269 0.402273
148.473 0.402364
148.678 0.402318
148.883 0.402279
149.087 0.402244
149.292 0.402338
149.497 0.402296
149.701 0.402259
149.906 0.402352
150.111 0.402308
150.315 0.402269
150.52 0.402236
150.724 0.402206
150.929 0.40218
151.133 0.402158
151.338 0.402138
151.542 0.402121
151.747 0.402106
151.951 0.402093
152.156 0.402081
152.36 0.401946
152.564 0.401953
152.769 0.401834
152.973 0.401854
153.178 0.401873
153.382 0.401888
153.587 0.401902
153.791 0.401915
153.996 0.401925
154.2 0.401935
154.405 0.401943
154.609 0.40195
154.814 0.401956
155.018 0.401962
155.223 0.401966
155.427 0.401846
155.631 0.401865
155.836 0.401757
156.04 0.401787
156.245 0.401814
156.449 0.401837
156.654 0.401857
156.858 0.401875
157.063 0.401891
157.267 0.401905
157.472 0.401916
157.676 0.401927
157.881 0.401936
158.085 0.401944
158.29 0.401951
158.494 0.401832
158.698 0.401853
158.903 0.401746
159.107 0.401778
159.312 0.401806
159.516 0.40183
159.721 0.401851
159.925 0.40187
160.13 0.401886
160.334 0.4019
160.539 0.401913
160.743 0.401924
160.948 0.401933
161.152 0.401942
161.357 0.401949
161.561 0.401955
161.765 0.401961
161.97 0.401841
162.174 0.401861
162.379 0.401878
162.583 0.401893
162.788 0.401907
162.992 0.401918
163.197 0.401929
163.401 0.401937
163.606 0.401945
163.81 0.401952
164.015 0.401958
164.219 0.401963
164.424 0.401968
164.628 0.401972
164.832 0.401975
165.037 0.401854
165.241 0.401872
165.446 0.401763
165.65 0.401792
165.855 0.401818
166.059 0.401841
166.264 0.401861
166.468 0.401878
166.673 0.401894
166.877 0.401907
167.082 0.401919
167.286 0.401929
167.491 0.401938
167.695 0.401945
167.899 0.401952
168.104 0.401833
168.308 0.401854
168.513 0.401747
168.717 0.401779
168.922 0.401807
169.126 0.401831
169.331 0.401852
169.535 0.40187
169.74 0.401887
169.944 0.401901
170.149 0.401913
170.353 0.401924
170.558 0.401934
170.762 0.401942
170.966 0.401949
171.171 0.40183
171.375 0.401852
171.58 0.401745
171.784 0.401777
171.989 0.401805
172.193 0.401829
172.398 0.401851
172.602 0.401869
172.807 0.401886
173.011 0.4019
173.216 0.401912
173.42 0.401923
173.625 0.401933
173.829 0.401941
174.034 0.401949
174.238 0.40183
174.442 0.401851
174.647 0.401745
174.851 0.401777
175.056 0.401805
175.26 0.401829
175.465 0.40185
175.669 0.401869
175.874 0.401886
176.078 0.4019
176.283 0.401912
176.487 0.401923
176.692 0.401933
176.896 0.401941
177.101 0.401949
177.305 0.40183
177.509 0.401851
177.714 0.401745
177.918 0.401777
178.123 0.401805
178.327 0.401829
178.532 0.40185
178.736 0.401869
178.941 0.401885
179.145 0.4019
179.35 0.401912
179.554 0.401923
179.759 0.401933
179.963 0.401941
180.168 0.401949
180.372 0.40183
180.576 0.401851
180.781 0.401745
180.985 0.401777
181.19 0.401805
181.394 0.401829
181.599 0.40185
181.803 0.401869
182.008 0.401885
182.212 0.4019
182.417 0.401912
182.621 0.401923
182.826 0.401933
183.03 0.401941
183.235 0.401949
183.439 0.40183
183.643 0.401851
183.848 0.401745
184.052 0.401777
184.257 0.401805
184.461 0.401829
184.666 0.40185
184.87 0.401869
185.075 0.401885
185.279 0.4019
185.484 0.401912
185.688 0.401923
185.893 0.401933
186.097 0.401941
186.302 0.401949
186.506 0.401955
186.71 0.401961
186.915 0.401841
187.119 0.40186
187.324 0.401878
187.528 0.401893
187.733 0.401907
187.937 0.401918
188.142 0.401928
188.346 0.401937
188.551 0.401945
188.755 0.401952
188.96 0.401958
189.164 0.401963
189.369 0.401968
189.573 0.401972
189.777 0.401975
189.982 0.401853
190.186 0.401872
190.391 0.401763
190.595 0.401792
190.8 0.401818
191.004 0.401841
191.209 0.401861
191.413 0.401878
191.618 0.401894
191.822 0.401907
192.027 0.401919
192.231 0.401929
192.436 0.401938
192.64 0.401945
192.844 0.401952
193.049 0.401833
193.253 0.401854
193.458 0.401747
193.662 0.401779
193.867 0.401807
194.071 0.401831
194.276 0.401852
194.48 0.40187
194.685 0.401887
194.889 0.401901
195.094 0.401913
195.298 0.401924
195.503 0.401934
195.707 0.401942
195.911 0.401949
196.116 0.40183
196.32 0.401852
196.525 0.401745
196.729 0.401777
196.934 0.401805
197.138 0.401829
197.343 0.401851
197.547 0.401869
197.752 0.401886
197.956 0.4019
198.161 0.401912
198.365 0.401923
198.57 0.401933
198.774 0.401941
198.979 0.401949
199.183 0.40183
199.387 0.401851
199.592 0.401745
199.796 0.401777
200.001 0.401805
200.102 0.388954
200.213 0.366835
200.424 0.34748
200.629 0.35442
200.834 0.360368
