0.0 0
0.214139 0.204
0.432958 0.204875
0.447075 0.205766
0.461193 0.206545
0.475311 0.207227
0.623552 0.224573
0.637669 0.223002
0.651787 0.221502
0.665905 0.220189
0.680022 0.219165
0.69414 0.21827
0.708258 0.217486
0.722376 0.2168
0.736493 0.2162
0.828252 0.225425
0.84237 0.223747
0.856488 0.222279
0.870606 0.220994
0.884723 0.21987
0.898841 0.218761
0.912959 0.217791
0.927076 0.217067
0.941194 0.216434
1.03295 0.225504
1.04707 0.223816
1.06119 0.222339
1.07531 0.221047
1.08942 0.219916
1.10354 0.218926
1.11766 0.218061
1.13178 0.217178
1.14589 0.216406
1.23765 0.22548
1.25177 0.22367
1.26589 0.222086
1.28001 0.220826
1.29412 0.219722
1.30824 0.218757
1.32236 0.217912
1.33648 0.217173
1.3506 0.216527
1.44235 0.225711
1.45647 0.223997
1.47059 0.222497
1.48471 0.221185
1.49883 0.219912
1.51294 0.218798
1.52706 0.217948
1.54118 0.217205
1.5553 0.216554
1.64706 0.225735
1.66117 0.224018
1.67529 0.222516
1.68941 0.221201
1.70353 0.220051
1.71764 0.219045
1.73176 0.218039
1.74588 0.217159
1.76 0.216389
1.85176 0.225466
1.86587 0.223657
1.87999 0.222075
1.89411 0.220816
1.90823 0.219714
1.92234 0.21875
1.93646 0.217906
1.95058 0.217168
1.9647 0.216522
2.05646 0.225582
2.07057 0.223884
2.08469 0.222398
2.09881 0.220974
2.11293 0.219727
2.12705 0.218761
2.14116 0.217916
2.15528 0.217176
2.1694 0.216529
2.26116 0.225713
2.27528 0.223999
2.28939 0.222499
2.30351 0.221187
2.31763 0.220038
2.33175 0.219034
2.34586 0.218029
2.35998 0.217151
2.3741 0.216507
2.46586 0.225569
2.47998 0.223747
2.49409 0.222279
2.50821 0.220994
2.52233 0.21987
2.53645 0.218886
2.55057 0.218025
2.56468 0.217272
2.5788 0.216488
2.67056 0.225552
2.68468 0.223858
2.6988 0.222251
2.71291 0.220845
2.72703 0.219739
2.74115 0.218772
2.75527 0.217925
2.76938 0.217184
2.7835 0.216536
2.87526 0.225719
2.88938 0.224004
2.9035 0.222504
2.91761 0.221191
2.93173 0.220042
2.94585 0.218912
2.95997 0.217923
2.97408 0.217182
2.9882 0.216535
3.07996 0.225593
3.09408 0.223894
3.1082 0.222407
3.12231 0.221106
3.13643 0.219968
3.15055 0.218972
3.16467 0.2181
3.17879 0.217213
3.1929 0.216436
3.28466 0.225507
3.29878 0.223693
3.3129 0.222107
3.32702 0.220843
3.34113 0.219738
3.35525 0.218771
3.36937 0.217924
3.38349 0.217184
3.3976 0.216536
3.48936 0.225719
3.50348 0.224004
3.5176 0.222503
3.53172 0.221191
3.54583 0.219917
3.55995 0.218802
3.57407 0.217952
3.58819 0.217208
3.6023 0.216557
3.69406 0.225737
3.70818 0.22402
3.7223 0.222518
3.73642 0.221203
3.75053 0.220053
3.76465 0.219046
3.77877 0.21804
3.79289 0.21716
3.80701 0.216515
3.89876 0.225576
3.91288 0.223754
3.927 0.22216
3.94112 0.22089
3.95524 0.219778
3.96935 0.218806
3.98347 0.217955
3.99759 0.217211
4.01171 0.21656
4.10347 0.225615
4.11758 0.223913
4.1317 0.222424
4.14582 0.220996
4.15994 0.219746
4.17405 0.218778
4.18817 0.217931
4.20229 0.217189
4.21641 0.216541
4.30817 0.225723
4.32228 0.224008
4.3364 0.222507
4.35052 0.221193
4.36464 0.220044
4.37875 0.219039
4.39287 0.218034
4.40699 0.217155
4.42111 0.21651
4.51287 0.225572
4.52698 0.22375
4.5411 0.222281
4.55522 0.220996
4.56934 0.219872
4.58346 0.218888
4.59757 0.218027
4.61169 0.217273
4.62581 0.216489
4.71757 0.225553
4.73169 0.223859
4.7458 0.222252
4.75992 0.220845
4.77404 0.219739
4.78816 0.218772
4.80227 0.217926
4.81639 0.217185
4.83051 0.216537
4.92227 0.22572
4.93639 0.224005
4.9505 0.222504
4.96462 0.221191
4.97874 0.220042
4.99286 0.218912
5.00697 0.217923
5.02109 0.217183
5.03521 0.216535
5.12697 0.225593
5.14109 0.223894
5.1552 0.222407
5.16932 0.221106
5.18344 0.219968
5.19756 0.218972
5.21168 0.2181
5.22579 0.217213
5.23991 0.216436
5.33167 0.225507
5.34579 0.223693
5.35991 0.222107
5.37402 0.220843
5.38814 0.219738
5.40226 0.218771
5.41638 0.217924
5.43049 0.217184
5.44461 0.216536
5.53637 0.225719
5.55049 0.224004
5.56461 0.222504
5.57872 0.221191
5.59284 0.219917
5.60696 0.218802
5.62108 0.217952
5.63519 0.217208
5.64931 0.216557
5.74107 0.225737
5.75519 0.22402
5.76931 0.222518
5.78342 0.221203
5.79754 0.220053
5.81166 0.219046
5.82578 0.21804
5.8399 0.21716
5.85401 0.216515
5.94577 0.225576
5.95989 0.223754
5.97401 0.222285
5.98813 0.220999
6.00224 0.219874
6.01636 0.21889
6.03048 0.218029
6.0446 0.217275
6.05871 0.216616
6.15047 0.225664
6.16459 0.223956
6.17871 0.222461
6.19283 0.221029
6.20694 0.219775
6.22106 0.218803
6.23518 0.217953
6.2493 0.217209
6.26341 0.216558
6.35517 0.225738
6.36929 0.224021
6.38341 0.222518
6.39753 0.221203
6.41164 0.220053
6.42576 0.218921
6.43988 0.217931
6.454 0.217065
6.46812 0.216432
6.55987 0.225503
6.57399 0.22369
6.58811 0.222229
6.60223 0.22095
6.61635 0.219831
6.63046 0.218852
6.64458 0.217996
6.6587 0.217246
6.67282 0.216466
6.76458 0.225532
6.77869 0.223841
6.79281 0.222236
6.80693 0.220831
6.82105 0.219727
6.83516 0.218761
6.84928 0.217916
6.8634 0.217177
6.87752 0.21653
6.96928 0.225713
6.98339 0.223999
6.99751 0.222499
7.01163 0.221187
7.02575 0.220039
7.03986 0.218909
7.05398 0.21792
7.0681 0.21718
7.08222 0.216533
7.17398 0.225591
7.18809 0.223892
7.20221 0.222406
7.21633 0.221105
7.23045 0.219967
7.24457 0.218971
7.25868 0.2181
7.2728 0.217212
7.28692 0.216436
7.37868 0.225506
7.3928 0.223693
7.40691 0.222106
7.42103 0.220843
7.43515 0.219738
7.44927 0.21877
7.46338 0.217924
7.4775 0.217184
7.49162 0.216536
7.58338 0.225719
7.5975 0.224004
7.61161 0.222503
7.62573 0.22119
7.63985 0.219917
7.65397 0.218802
7.66809 0.217952
7.6822 0.217208
7.69632 0.216557
7.78808 0.225737
7.8022 0.22402
7.81631 0.222518
7.83043 0.221203
7.84455 0.220053
7.85867 0.219046
7.87279 0.21804
7.8869 0.21716
7.90102 0.216515
7.99278 0.225576
8.0069 0.223754
8.02102 0.222285
8.03513 0.220999
8.04925 0.219874
8.06337 0.21889
8.07749 0.218029
8.0916 0.217275
8.10572 0.216616
8.19748 0.225664
8.2116 0.223956
8.22572 0.222461
8.23983 0.221029
8.25395 0.219775
8.26807 0.218803
8.28219 0.217953
8.29631 0.217209
8.31042 0.216558
8.40218 0.225738
8.4163 0.224021
8.43042 0.222518
8.44454 0.221203
8.45865 0.220053
8.47277 0.218921
8.48689 0.217931
8.50101 0.21719
8.51512 0.216541
8.60688 0.225598
8.621 0.223899
8.63512 0.222411
8.64924 0.22111
8.66335 0.219971
8.67747 0.218975
8.69159 0.218103
8.70571 0.21734
8.71982 0.216548
8.81158 0.225604
8.8257 0.223904
8.83982 0.222291
8.85394 0.220879
8.86805 0.219769
8.88217 0.218798
8.89629 0.217948
8.91041 0.217205
8.92453 0.216554
9.01628 0.225735
9.0304 0.224018
9.04452 0.222516
9.05864 0.221201
9.07276 0.220051
9.08687 0.21892
9.10099 0.21793
9.11511 0.217189
9.12923 0.21654
9.22099 0.225598
9.2351 0.223898
9.24922 0.222411
9.26334 0.221109
9.27746 0.219971
9.29157 0.218974
9.30569 0.218102
9.31981 0.217215
9.33393 0.216438
9.42569 0.225508
9.4398 0.223695
9.45392 0.222108
9.46804 0.220844
9.48216 0.219739
9.49627 0.218771
9.51039 0.217925
9.52451 0.217184
9.53863 0.216536
9.63039 0.225719
9.6445 0.224004
9.65862 0.222504
9.67274 0.221191
9.68686 0.219917
9.70098 0.218802
9.71509 0.217952
9.72921 0.217208
9.74333 0.216557
9.83509 0.225737
9.84921 0.22402
9.86332 0.222518
9.87744 0.221203
9.89156 0.220053
9.90568 0.219046
9.91979 0.21804
9.93391 0.21716
9.94803 0.216515
10.0398 0.225576
10.0539 0.223754
10.068 0.222285
10.0821 0.220999
10.0963 0.219874
10.1104 0.21889
10.1245 0.218029
10.1386 0.217275
10.1527 0.216616
10.2445 0.225664
10.2586 0.223956
10.2727 0.222461
10.2868 0.221029
10.301 0.219775
10.3151 0.218803
10.3292 0.217953
10.3433 0.217209
10.3574 0.216558
10.4492 0.225738
10.4633 0.224021
10.4774 0.222518
10.4915 0.221203
10.5057 0.220053
10.5198 0.218921
10.5339 0.217931
10.548 0.21719
10.5621 0.216541
10.7668 0.239723
10.9715 0.260008
11.1762 0.277882
11.3809 0.293397
11.5856 0.306972
11.7903 0.318976
11.995 0.329479
12.1997 0.338544
12.4044 0.346476
12.6091 0.353541
12.8138 0.359599
13.0185 0.364899
13.2232 0.369662
13.4279 0.373704
13.6326 0.377241
13.8373 0.380336
14.042 0.383169
14.2467 0.385523
14.4514 0.387582
14.6561 0.38951
14.8608 0.391071
15.0655 0.392437
15.2702 0.393757
15.475 0.394788
15.6797 0.395689
15.8844 0.396478
16.0891 0.397293
16.2938 0.397882
16.4985 0.398396
16.7032 0.398972
16.9079 0.39935
17.1126 0.399682
17.3173 0.400096
17.522 0.400334
17.7267 0.400543
17.9314 0.400725
18.1361 0.401009
18.3408 0.401133
18.5455 0.401241
18.7502 0.401461
18.9549 0.401529
19.1596 0.401587
19.3643 0.401764
19.569 0.401794
19.7737 0.401819
19.9784 0.401842
20.1831 0.401987
20.3878 0.401988
20.5925 0.40199
20.7972 0.402116
21.0019 0.402102
21.2066 0.402089
21.4113 0.402203
21.6162 0.402302
21.8209 0.402265
22.0256 0.402232
22.2303 0.402328
22.435 0.402287
22.6398 0.402251
22.8445 0.402219
23.0492 0.402317
23.2539 0.402277
23.4586 0.402243
23.6633 0.402337
23.868 0.40242
24.0727 0.402368
24.2774 0.402322
24.4821 0.402407
24.6868 0.402356
24.8915 0.402311
25.0962 0.402397
25.3009 0.402348
25.5056 0.402304
25.7103 0.402266
25.915 0.402358
26.1197 0.402313
26.3244 0.402274
26.5291 0.402365
26.7338 0.402319
26.9386 0.402279
27.1433 0.402369
27.348 0.402323
27.5527 0.402283
27.7574 0.402247
27.9621 0.402342
28.1668 0.402299
28.3715 0.402261
28.5762 0.402354
28.7809 0.40231
28.9856 0.402271
29.1903 0.402362
29.395 0.402317
29.5997 0.402277
29.8044 0.402243
30.0091 0.402337
30.2138 0.402295
30.4185 0.402258
30.6232 0.402351
30.8279 0.402307
31.0326 0.402269
31.2373 0.40236
31.442 0.402315
31.6467 0.402276
31.8514 0.402241
32.0561 0.402336
32.2608 0.402294
32.4655 0.402257
32.6702 0.40235
32.8749 0.402306
33.0796 0.402268
33.2843 0.40236
33.489 0.402315
33.6937 0.402275
33.8984 0.402241
34.1031 0.402336
34.3078 0.402294
34.5125 0.402257
34.7172 0.40235
34.9219 0.402306
35.1266 0.402268
35.3313 0.402359
35.536 0.402315
35.7407 0.402275
35.9454 0.402241
36.1501 0.402336
36.3548 0.402294
36.5595 0.402257
36.7642 0.40235
36.9689 0.402306
37.1736 0.402268
37.3783 0.402359
37.583 0.402314
37.7877 0.402275
37.9924 0.402241
38.1971 0.402336
38.4018 0.402294
38.6065 0.402257
38.8112 0.40235
39.0159 0.402306
39.2206 0.402268
39.4253 0.402359
39.63 0.402314
39.8347 0.402275
40.0394 0.402241
40.2441 0.402336
40.4488 0.402294
40.6538 0.402257
40.8588 0.40235
41.0638 0.402431
41.2685 0.402502
41.4736 0.402564
41.6808 0.402869
41.7125 0.382385
41.9461 0.367837
42.1533 0.376107
42.1865 0.359094
42.4201 0.347582
42.6269 0.35826
42.6491 0.342102
42.8721 0.330089
43.0802 0.341828
43.1083 0.3286
43.3415 0.32015
43.5487 0.334256
43.5768 0.321849
43.8019 0.313243
44.0096 0.327337
44.0385 0.316045
44.2705 0.309165
44.4777 0.324519
44.5104 0.313954
44.7436 0.30796
44.9509 0.32359
44.9841 0.313266
45.2134 0.306983
45.4202 0.322235
45.4458 0.310956
45.6752 0.303961
45.8824 0.319716
45.9139 0.309502
46.1467 0.303814
46.3539 0.319962
46.3871 0.310092
46.6207 0.304705
46.8275 0.320742
46.8573 0.310274
47.0824 0.303365
47.2896 0.318569
47.319 0.308373
47.5509 0.302452
47.7582 0.318645
47.7909 0.308815
48.0241 0.303463
48.2313 0.31978
48.2645 0.309807
48.4948 0.303956
48.7016 0.319712
48.7267 0.308748
48.9561 0.302029
49.1633 0.318026
49.1948 0.308023
49.4276 0.30252
49.6348 0.31883
49.668 0.308976
49.9012 0.303729
50.1084 0.319888
50.1386 0.309527
50.3633 0.302711
50.5705 0.317997
50.5999 0.307748
50.8051 0.298654
51.0123 0.312072
51.0262 0.300688
51.2501 0.292852
51.4553 0.308996
51.6617 0.320871
51.8693 0.331637
51.8847 0.318058
52.1107 0.308425
52.3179 0.323122
52.3511 0.312857
52.575 0.306
52.7822 0.32075
52.8116 0.310156
53.0448 0.304137
53.2516 0.320245
53.2848 0.310214
53.5184 0.304812
53.7252 0.320961
53.7584 0.310841
53.992 0.305361
54.1988 0.321315
54.2222 0.309901
54.4512 0.302788
54.6584 0.318565
54.6899 0.308494
54.9231 0.303057
55.1299 0.3193
55.1635 0.309388
55.3967 0.304089
55.6039 0.320203
55.6371 0.310303
55.8606 0.30364
56.0678 0.31856
56.0963 0.30824
56.3278 0.30221
56.5346 0.318309
56.5674 0.30852
56.8006 0.303205
57.0078 0.319429
57.041 0.309501
57.2746 0.304188
57.4814 0.32029
57.5057 0.309128
57.7342 0.302112
57.941 0.317973
57.9721 0.307977
58.2045 0.302355
58.4117 0.31856
58.4449 0.30874
58.6785 0.303523
58.8853 0.319832
58.9189 0.309853
59.1436 0.303372
59.3504 0.318575
59.3789 0.308128
59.61 0.302112
59.8172 0.318348
59.85 0.30843
60.0832 0.303126
60.2904 0.31936
60.3237 0.30944
60.5611 0.304635
60.7683 0.321306
60.8003 0.311018
61.0394 0.306015
61.247 0.322763
61.2985 0.314793
61.5686 0.315569
61.7762 0.334998
61.8836 0.332498
62.2122 0.345436
62.4194 0.368381
62.5688 0.366834
62.9182 0.383354
63.1254 0.404185
63.2747 0.398162
63.6004 0.407767
63.8067 0.422421
63.9493 0.413243
64.2987 0.423088
64.5059 0.438827
64.6464 0.427474
64.9958 0.435289
65.203 0.449503
65.3519 0.437815
65.697 0.444963
65.9043 0.457593
66.0532 0.444894
66.3975 0.450907
66.6047 0.462544
66.7503 0.448851
67.0992 0.454619
67.306 0.466417
67.4554 0.452615
67.8026 0.458038
68.0098 0.469158
68.1486 0.453763
68.4916 0.457293
68.6984 0.468006
68.8465 0.453881
69.1891 0.458521
69.3963 0.46908
69.5444 0.45482
69.8908 0.459718
70.0972 0.470503
70.2351 0.454815
70.5777 0.457963
70.7858 0.468593
70.905 0.451019
71.2006 0.446516
71.4078 0.452577
71.5071 0.43438
71.8128 0.430707
72.0205 0.440119
72.1406 0.426104
72.4158 0.422216
72.6225 0.428814
72.6854 0.408962
72.9636 0.400467
73.172 0.410409
73.268 0.397108
73.5673 0.396844
73.775 0.409614
73.8879 0.398412
74.2161 0.40386
74.4241 0.419628
74.5646 0.410674
74.9135 0.420465
75.1212 0.436657
75.2705 0.4267
75.608 0.434237
75.8157 0.447208
75.9634 0.435682
76.3132 0.443471
76.5199 0.456663
76.6697 0.44408
77.0195 0.45107
77.2263 0.463436
77.3761 0.450132
77.7119 0.45449
77.9191 0.464679
78.0634 0.450594
78.4128 0.455895
78.6196 0.467533
78.7673 0.453466
79.112 0.458283
79.3196 0.469123
79.4686 0.455107
79.801 0.458344
80.0086 0.467676
80.1453 0.452341
80.4866 0.455549
80.6942 0.466355
80.8381 0.452061
81.1798 0.456178
81.3875 0.466906
81.536 0.453043
81.8693 0.456662
82.0765 0.466205
82.214 0.450929
82.557 0.454563
82.7642 0.465617
82.911 0.45179
83.1764 0.446817
83.3837 0.449089
83.4546 0.427703
83.7344 0.418115
83.9421 0.425976
84.0376 0.410604
84.3408 0.409028
84.548 0.420775
84.6664 0.408928
85.0069 0.415187
85.2141 0.430914
85.3562 0.420799
85.7056 0.429575
85.9128 0.444503
86.0626 0.433565
86.4103 0.441619
86.6171 0.454917
86.7665 0.442552
87.1146 0.449358
87.3213 0.461688
87.4665 0.447977
87.8159 0.45373
88.0231 0.465764
88.1724 0.452168
88.5184 0.457522
88.7252 0.468582
88.8725 0.454259
89.221 0.459352
89.4278 0.470433
89.5704 0.455379
89.9164 0.459581
90.1244 0.470509
90.2649 0.455195
90.6087 0.458796
90.8155 0.469446
90.959 0.454516
91.3079 0.459201
91.5151 0.470426
91.6577 0.455373
92.0058 0.459701
92.2135 0.470863
92.3548 0.455631
92.7003 0.459552
92.9075 0.470358
93.0506 0.455313
93.3995 0.459899
93.6071 0.471162
93.6751 0.446766
93.9363 0.432046
94.1439 0.435665
94.2094 0.415332
94.4803 0.40554
94.6875 0.413723
94.7635 0.397382
95.0468 0.392585
95.2548 0.404012
95.3499 0.391385
95.6569 0.392712
95.8645 0.407123
95.9812 0.396858
96.32 0.40425
96.5281 0.421219
96.6766 0.413067
97.026 0.423558
97.2332 0.439364
97.3826 0.429068
97.7298 0.437435
97.9375 0.451255
98.0851 0.439348
98.4345 0.446555
98.6417 0.45936
98.7911 0.446565
99.1409 0.45312
99.3477 0.465105
99.4971 0.451592
99.8418 0.456893
100.049 0.467781
100.188 0.452558
100.472 0.448989
100.677 0.453115
100.882 0.446851
101.087 0.441244
101.292 0.436339
101.497 0.432171
101.702 0.428525
101.907 0.425334
102.111 0.422543
102.319 0.42035
102.329 0.394931
102.557 0.37544
102.765 0.382135
102.783 0.362493
103.007 0.347556
103.214 0.357237
103.242 0.341832
103.471 0.331103
103.677 0.34334
103.707 0.330048
103.937 0.321292
104.144 0.33488
104.177 0.32302
104.4 0.314643
104.608 0.328187
104.635 0.316539
104.866 0.309347
105.074 0.324553
105.106 0.313984
105.339 0.307986
105.546 0.323613
105.58 0.313161
105.813 0.307266
106.02 0.323108
106.044 0.311719
106.272 0.304254
106.48 0.319723
106.511 0.309507
106.744 0.303819
106.951 0.319967
106.984 0.309971
107.217 0.304599
107.424 0.320774
107.458 0.310678
107.683 0.304093
107.889 0.319206
107.918 0.308681
108.149 0.30247
108.356 0.318537
108.389 0.30872
108.622 0.30338
108.829 0.319707
108.862 0.309869
109.095 0.304385
109.303 0.320462
109.328 0.309529
109.556 0.302463
109.763 0.318155
109.794 0.308136
110.026 0.302494
110.233 0.318807
110.267 0.308956
110.499 0.303587
110.707 0.319763
110.74 0.309793
110.966 0.303444
111.172 0.318763
111.2 0.308293
111.43 0.302006
111.638 0.318131
111.67 0.308239
111.876 0.299459
112.081 0.312527
112.286 0.323711
112.493 0.333747
112.51 0.320154
112.736 0.31051
112.944 0.325071
112.976 0.314437
113.2 0.307007
113.407 0.321756
113.436 0.311162
113.668 0.304892
113.876 0.320905
113.909 0.310792
114.142 0.305068
114.349 0.321185
114.382 0.311161
114.616 0.305516
114.822 0.321452
114.847 0.310145
115.076 0.303002
115.283 0.318752
115.314 0.308783
115.547 0.30331
115.755 0.319521
115.788 0.309581
116.021 0.304133
116.228 0.320242
116.261 0.310337
116.485 0.303669
116.692 0.318586
116.72 0.308263
116.952 0.30223
117.159 0.318451
117.192 0.308645
117.425 0.303314
117.632 0.319525
117.665 0.309584
117.899 0.304261
118.106 0.320354
118.129 0.309184
118.358 0.302036
118.565 0.317907
118.596 0.308043
118.829 0.302413
119.036 0.318611
119.069 0.30891
119.302 0.303671
119.51 0.319837
119.543 0.309858
119.766 0.303125
119.973 0.318235
120.002 0.307955
120.233 0.301961
120.44 0.318091
120.473 0.308205
120.705 0.302929
120.913 0.319313
120.946 0.309399
121.18 0.303974
121.386 0.320227
121.41 0.309074
121.639 0.30194
121.846 0.317697
121.877 0.30786
122.109 0.302377
122.317 0.31858
122.323 0.305508
122.529 0.293944
122.736 0.307701
122.743 0.295989
122.964 0.287615
123.172 0.304288
123.199 0.295627
123.43 0.291049
123.638 0.308543
123.67 0.29985
123.904 0.295619
124.11 0.312916
124.139 0.303177
124.365 0.29703
124.572 0.313276
124.602 0.303866
124.835 0.298633
125.042 0.315304
125.075 0.305891
125.308 0.300905
125.515 0.317417
125.548 0.307739
125.776 0.302022
125.984 0.317894
126.009 0.307282
126.238 0.300747
126.446 0.316904
126.478 0.307166
126.71 0.30177
126.918 0.318174
126.951 0.308402
127.184 0.303102
127.391 0.319464
127.421 0.309156
127.646 0.302262
127.853 0.317604
127.882 0.307528
128.114 0.301837
128.321 0.318108
128.354 0.308344
128.587 0.303051
128.795 0.319295
128.827 0.309383
129.058 0.303585
129.264 0.319387
129.29 0.308464
129.519 0.301656
129.726 0.317699
129.758 0.307861
129.99 0.302379
130.197 0.318706
130.23 0.308868
130.464 0.303635
130.671 0.319805
130.702 0.30958
130.927 0.303007
131.134 0.318256
131.163 0.307974
131.395 0.301977
131.602 0.318105
131.635 0.308342
131.868 0.303049
132.075 0.319418
132.108 0.309616
132.339 0.303914
132.547 0.3198
132.571 0.3087
132.776 0.298737
132.982 0.311895
133.187 0.323533
133.198 0.310092
133.411 0.29933
133.618 0.313664
133.637 0.302706
133.868 0.295993
134.076 0.312869
134.1 0.30276
134.328 0.296415
134.535 0.312863
134.567 0.303755
134.8 0.299036
135.007 0.315781
135.041 0.306309
135.274 0.30127
135.481 0.317861
135.514 0.308254
135.747 0.302972
135.955 0.319225
135.988 0.309322
136.221 0.304032
136.428 0.320278
136.462 0.310243
136.677 0.302588
136.885 0.316764
136.898 0.304669
137.111 0.29496
137.319 0.309965
137.334 0.29897
137.55 0.290473
137.758 0.306289
137.776 0.296253
138.004 0.289971
138.212 0.30735
138.236 0.297931
138.453 0.290815
138.661 0.306838
138.685 0.297358
138.916 0.292063
139.123 0.309556
139.156 0.300861
139.39 0.296628
139.597 0.313675
139.63 0.304466
139.864 0.299907
140.071 0.316544
140.105 0.306976
140.338 0.301979
140.545 0.318357
140.578 0.308687
140.809 0.303101
141.016 0.318963
141.031 0.306843
141.248 0.297488
141.455 0.312427
141.474 0.301623
141.695 0.293795
141.902 0.309821
141.925 0.299843
142.15 0.293238
142.358 0.309833
142.39 0.301229
142.616 0.295825
142.823 0.311972
142.849 0.302226
143.075 0.295948
143.278 0.311704
143.287 0.299241
143.508 0.290586
143.717 0.307138
143.743 0.297995
143.974 0.292871
144.181 0.310137
144.214 0.301495
144.448 0.297183
144.655 0.31416
144.688 0.305015
144.922 0.300263
145.129 0.316855
145.162 0.307373
145.395 0.302327
145.603 0.318661
145.636 0.308828
145.869 0.3036
146.076 0.3199
146.109 0.309912
146.332 0.303173
146.54 0.318277
146.556 0.306367
146.774 0.297196
146.981 0.312422
147.001 0.301744
147.223 0.294151
147.43 0.310257
147.454 0.300475
147.685 0.294666
147.892 0.311582
147.916 0.30151
148.145 0.295571
148.352 0.312375
148.385 0.303328
148.619 0.298662
148.826 0.315454
148.859 0.306147
149.093 0.301254
149.299 0.317722
149.333 0.308132
149.566 0.30299
149.774 0.319242
149.807 0.309336
150.04 0.303919
150.247 0.320179
150.277 0.309782
150.503 0.302934
150.71 0.318317
150.739 0.308153
150.971 0.302259
151.178 0.318476
151.211 0.308667
151.443 0.303208
151.651 0.319432
151.684 0.309503
151.914 0.303815
152.121 0.319713
152.146 0.308749
152.376 0.302031
152.583 0.318027
152.615 0.308148
152.848 0.302755
153.056 0.319036
153.089 0.309156
153.322 0.303887
153.529 0.320151
153.539 0.307132
153.743 0.29549
153.951 0.309179
153.965 0.298157
154.19 0.290762
154.396 0.307542
154.426 0.298724
154.659 0.294259
154.867 0.311601
154.89 0.301526
155.119 0.295335
155.326 0.312043
155.358 0.302913
155.59 0.298049
155.798 0.314918
155.831 0.305553
156.064 0.300734
156.271 0.317392
156.304 0.307718
156.528 0.301253
156.735 0.316597
156.764 0.306522
156.995 0.300707
157.202 0.316993
157.235 0.307244
157.468 0.302089
157.675 0.318578
157.708 0.30888
157.942 0.30352
158.149 0.319705
158.173 0.308617
158.402 0.301665
158.608 0.317582
158.64 0.307634
158.873 0.30218
159.079 0.318532
159.113 0.308841
159.346 0.303611
159.553 0.319784
159.587 0.309811
159.811 0.30321
160.018 0.318309
160.046 0.30802
160.278 0.302018
160.485 0.318265
160.518 0.308482
160.751 0.303047
160.958 0.319416
160.991 0.309614
161.225 0.304162
161.432 0.320267
161.456 0.309234
161.684 0.302204
161.891 0.317929
161.922 0.307938
162.155 0.302321
162.362 0.318655
162.395 0.308949
162.628 0.30358
162.836 0.319757
162.869 0.309788
163.094 0.303314
163.301 0.318525
163.328 0.308084
163.56 0.301949
163.767 0.31808
163.8 0.30832
164.008 0.299905
164.212 0.313042
164.22 0.300537
164.435 0.290845
164.643 0.306364
164.666 0.297069
164.896 0.29156
165.103 0.308865
165.135 0.300132
165.368 0.29574
165.575 0.312898
165.603 0.303036
165.829 0.296781
166.036 0.313059
166.066 0.303676
166.298 0.298342
166.505 0.315049
166.538 0.305668
166.771 0.300709
166.978 0.317246
167.012 0.30759
167.239 0.301766
167.446 0.317545
167.472 0.306977
167.702 0.300605
167.91 0.316779
167.941 0.307057
168.174 0.3018
168.382 0.3182
168.415 0.308425
168.648 0.303122
168.855 0.319482
168.884 0.309046
169.11 0.302166
169.317 0.317645
169.347 0.307564
169.578 0.301869
169.786 0.318135
169.818 0.308368
170.052 0.303072
170.259 0.319313
170.292 0.309524
170.521 0.303709
170.728 0.31937
170.754 0.308449
170.983 0.301768
171.191 0.317797
171.222 0.307947
171.455 0.302579
171.662 0.318881
171.696 0.309021
171.929 0.303644
172.136 0.319813
172.165 0.309461
172.391 0.302654
172.598 0.318072
172.627 0.307938
172.859 0.302071
173.067 0.318312
173.099 0.308523
173.332 0.303208
173.54 0.319432
173.573 0.309503
173.803 0.30369
174.01 0.319479
174.035 0.308544
174.264 0.301851
174.469 0.317494
174.674 0.328058
174.881 0.337675
174.889 0.322341
175.1 0.309548
175.307 0.322355
175.322 0.30981
175.549 0.301209
175.757 0.317058
175.781 0.306426
176.009 0.299623
176.217 0.315795
176.25 0.30632
176.483 0.30128
176.69 0.31787
176.723 0.308262
176.957 0.302979
177.164 0.319231
177.197 0.309328
177.43 0.304037
177.637 0.320282
177.671 0.310247
177.904 0.304716
178.111 0.320751
178.144 0.310782
178.37 0.30431
178.576 0.319396
178.6 0.308346
178.819 0.300178
179.027 0.315031
179.049 0.304277
179.275 0.297367
179.483 0.313446
179.513 0.304016
179.746 0.299014
179.954 0.315762
179.982 0.305667
180.209 0.299458
180.416 0.315526
180.448 0.305835
180.681 0.300606
180.888 0.31728
180.921 0.307745
181.155 0.302527
181.362 0.318836
181.395 0.308982
181.623 0.302984
181.83 0.318486
181.856 0.3078
182.086 0.30145
182.293 0.317644
182.326 0.307813
182.559 0.302462
182.766 0.318904
182.799 0.309166
183.032 0.30377
183.24 0.319924
183.268 0.309433
183.494 0.302629
183.701 0.318051
183.732 0.307919
183.964 0.302179
184.171 0.318532
184.204 0.30884
184.438 0.303485
184.645 0.319675
184.678 0.309715
184.883 0.300876
185.088 0.313641
185.295 0.324936
185.302 0.311069
185.513 0.299436
185.72 0.313256
185.743 0.302849
185.964 0.295493
186.172 0.311306
186.203 0.302268
186.436 0.29761
186.643 0.314658
186.677 0.305326
186.91 0.300535
187.117 0.317218
187.151 0.307566
187.384 0.302495
187.591 0.318808
187.624 0.308957
187.857 0.303713
188.064 0.319874
188.098 0.309889
188.331 0.304403
188.538 0.320603
188.561 0.309402
188.782 0.301227
188.99 0.316199
189.009 0.305049
189.234 0.297418
189.441 0.313241
189.469 0.303586
189.701 0.298262
189.908 0.31498
189.942 0.305607
190.166 0.299656
190.373 0.315324
190.402 0.305409
190.634 0.299858
190.841 0.316375
190.874 0.306828
191.108 0.301725
191.315 0.318134
191.348 0.308492
191.581 0.303306
191.788 0.319518
191.813 0.308453
192.04 0.301396
192.248 0.317347
192.279 0.307428
192.511 0.301875
192.718 0.318266
192.752 0.308482
192.984 0.303172
193.192 0.319401
193.225 0.309475
193.45 0.303041
193.657 0.318411
193.685 0.307985
193.915 0.301736
194.123 0.317894
194.155 0.308033
194.388 0.302654
194.595 0.318947
194.628 0.309203
194.861 0.303803
195.069 0.319953
195.094 0.309084
195.299 0.299323
195.504 0.312283
195.711 0.323872
195.919 0.334263
195.942 0.32123
196.164 0.311827
196.371 0.325723
196.403 0.314758
196.636 0.308538
196.843 0.324221
196.877 0.313693
197.11 0.307857
197.317 0.323625
197.35 0.313171
197.584 0.307275
197.791 0.322991
197.824 0.312742
198.057 0.307024
198.264 0.322771
198.298 0.312425
198.53 0.306497
198.736 0.322185
198.762 0.310911
198.979 0.302423
199.187 0.316995
199.207 0.30587
199.412 0.295637
199.617 0.308932
199.821 0.320691
200.026 0.330854
200.102 0.323747
200.238 0.309779
200.449 0.297557
200.654 0.310737
200.859 0.322145
