0.214232 476
0.221291 952
0.22835 1428
0.235409 1904
0.242467 2380
0.249526 2856
0.256585 3332
0.263644 3808
0.270703 4284
0.277762 4760
0.419411 4284
0.419411 4760
0.42647 5236
0.433518 4284
0.433529 4760
0.440587 5236
0.447635 4284
0.447646 4760
0.454705 5236
0.461753 4284
0.461764 4760
0.468823 5236
0.475871 4284
0.475882 4760
0.482941 5236
0.489999 5712
0.497058 6188
0.504117 6664
0.511176 7140
0.518235 7616
0.525294 8092
0.532353 8568
0.539411 9044
0.624579 8092
0.624579 8568
0.631638 9044
0.638697 8092
0.638697 8568
0.645755 9044
0.652814 8092
0.652814 8568
0.659873 9044
0.666932 8092
0.666932 8568
0.673991 9044
0.68105 8092
0.68105 8568
0.688109 9044
0.695167 8092
0.695167 8568
0.702226 9044
0.709285 8092
0.709285 8568
0.716344 9044
0.723403 8092
0.723403 8568
0.730462 9044
0.737521 8092
0.737521 8568
0.744579 9044
0.829747 8092
0.829747 8568
0.836806 9044
0.843865 8092
0.843865 8568
0.850923 9044
0.857982 8092
0.857982 8568
0.865041 9044
0.8721 8092
0.8721 8568
0.879159 9044
0.886218 8092
0.886218 8568
0.893277 9044
0.900335 8092
0.900335 8568
0.907394 9044
0.914453 8092
0.914453 8568
0.921512 9044
0.928571 8092
0.928571 8568
0.93563 9044
0.942689 8092
0.942689 8568
0.949747 9044
1.03491 8092
1.03491 8568
1.04197 9044
1.04903 8092
1.04903 8568
1.05609 9044
1.06315 8092
1.06315 8568
1.07021 9044
1.07727 8092
1.07727 8568
1.08433 9044
1.09139 8092
1.09139 8568
1.09844 9044
1.1055 8092
1.1055 8568
1.11256 9044
1.11962 8092
1.11962 8568
1.12668 9044
1.13374 8092
1.13374 8568
1.1408 9044
1.14786 8092
1.14786 8568
1.15492 9044
1.24008 8092
1.24008 8568
1.24714 9044
1.2542 8092
1.2542 8568
1.26126 9044
1.26832 8092
1.26832 8568
1.27538 9044
1.28244 8092
1.28244 8568
1.28949 9044
1.29655 8092
1.29655 8568
1.30361 9044
1.31067 8092
1.31067 8568
1.31773 9044
1.32479 8092
1.32479 8568
1.33185 9044
1.33891 8092
1.33891 8568
1.34597 9044
1.35302 8092
1.35302 8568
1.36008 9044
1.44525 8092
1.44525 8568
1.45231 9044
1.45937 8092
1.45937 8568
1.46643 9044
1.47349 8092
1.47349 8568
1.48055 9044
1.4876 8092
1.4876 8568
1.49466 9044
1.50172 8092
1.50172 8568
1.50878 9044
1.51584 8092
1.51584 8568
1.5229 9044
1.52996 8092
1.52996 8568
1.53702 9044
1.54407 8092
1.54407 8568
1.55113 9044
1.55819 8092
1.55819 8568
1.56525 9044
1.65042 8092
1.65042 8568
1.65748 9044
1.66454 8092
1.66454 8568
1.6716 9044
1.67865 8092
1.67865 8568
1.68571 9044
1.69277 8092
1.69277 8568
1.69983 9044
1.70689 8092
1.70689 8568
1.71395 9044
1.72101 8092
1.72101 8568
1.72807 9044
1.73513 8092
1.73513 8568
1.74218 9044
1.74924 8092
1.74924 8568
1.7563 9044
1.76336 8092
1.76336 8568
1.77042 9044
1.85559 8092
1.85559 8568
1.86265 9044
1.8697 8092
1.8697 8568
1.87676 9044
1.88382 8092
1.88382 8568
1.89088 9044
1.89794 8092
1.89794 8568
1.905 9044
1.91206 8092
1.91206 8568
1.91912 9044
1.92618 8092
1.92618 8568
1.93323 9044
1.94029 8092
1.94029 8568
1.94735 9044
1.95441 8092
1.95441 8568
1.96147 9044
1.96853 8092
1.96853 8568
1.97559 9044
2.06075 8092
2.06075 8568
2.06781 9044
2.07487 8092
2.07487 8568
2.08193 9044
2.08899 8092
2.08899 8568
2.09605 9044
2.10311 8092
2.10311 8568
2.11017 9044
2.11723 8092
2.11723 8568
2.12428 9044
2.13134 8092
2.13134 8568
2.1384 9044
2.14546 8092
2.14546 8568
2.15252 9044
2.15958 8092
2.15958 8568
2.16664 9044
2.1737 8092
2.1737 8568
2.18076 9044
2.26592 8092
2.26592 8568
2.27298 9044
2.28004 8092
2.28004 8568
2.2871 9044
2.29416 8092
2.29416 8568
2.30122 9044
2.30828 8092
2.30828 8568
2.31533 9044
2.32239 8092
2.32239 8568
2.32945 9044
2.33651 8092
2.33651 8568
2.34357 9044
2.35063 8092
2.35063 8568
2.35769 9044
2.36475 8092
2.36475 8568
2.37181 9044
2.37886 8092
2.37886 8568
2.38592 9044
2.47109 8092
2.47109 8568
2.47815 9044
2.48521 8092
2.48521 8568
2.49227 9044
2.49933 8092
2.49933 8568
2.50639 9044
2.51344 8092
2.51344 8568
2.5205 9044
2.52756 8092
2.52756 8568
2.53462 9044
2.54168 8092
2.54168 8568
2.54874 9044
2.5558 8092
2.5558 8568
2.56286 9044
2.56991 8092
2.56991 8568
2.57697 9044
2.58403 8092
2.58403 8568
2.59109 9044
2.67626 8092
2.67626 8568
2.68332 9044
2.69038 8092
2.69038 8568
2.69744 9044
2.70449 8092
2.70449 8568
2.71155 9044
2.71861 8092
2.71861 8568
2.72567 9044
2.73273 8092
2.73273 8568
2.73979 9044
2.74685 8092
2.74685 8568
2.75391 9044
2.76097 8092
2.76097 8568
2.76802 9044
2.77508 8092
2.77508 8568
2.78214 9044
2.7892 8092
2.7892 8568
2.79626 9044
2.88143 8092
2.88143 8568
2.88849 9044
2.89554 8092
2.89554 8568
2.9026 9044
2.90966 8092
2.90966 8568
2.91672 9044
2.92378 8092
2.92378 8568
2.93084 9044
2.9379 8092
2.9379 8568
2.94496 9044
2.95202 8092
2.95202 8568
2.95907 9044
2.96613 8092
2.96613 8568
2.97319 9044
2.98025 8092
2.98025 8568
2.98731 9044
2.99437 8092
2.99437 8568
3.00143 9044
3.08659 8092
3.08659 8568
3.09365 9044
3.10071 8092
3.10071 8568
3.10777 9044
3.11483 8092
3.11483 8568
3.12189 9044
3.12895 8092
3.12895 8568
3.13601 9044
3.14307 8092
3.14307 8568
3.15012 9044
3.15718 8092
3.15718 8568
3.16424 9044
3.1713 8092
3.1713 8568
3.17836 9044
3.18542 8092
3.18542 8568
3.19248 9044
3.19954 8092
3.19954 8568
3.2066 9044
3.29176 8092
3.29176 8568
3.29882 9044
3.30588 8092
3.30588 8568
3.31294 9044
3.32 8092
3.32 8568
3.32706 9044
3.33412 8092
3.33412 8568
3.34117 9044
3.34823 8092
3.34823 8568
3.35529 9044
3.36235 8092
3.36235 8568
3.36941 9044
3.37647 8092
3.37647 8568
3.38353 9044
3.39059 8092
3.39059 8568
3.39765 9044
3.4047 8092
3.4047 8568
3.41176 9044
3.49693 8092
3.49693 8568
3.50399 9044
3.51105 8092
3.51105 8568
3.51811 9044
3.52517 8092
3.52517 8568
3.53223 9044
3.53928 8092
3.53928 8568
3.54634 9044
3.5534 8092
3.5534 8568
3.56046 9044
3.56752 8092
3.56752 8568
3.57458 9044
3.58164 8092
3.58164 8568
3.5887 9044
3.59575 8092
3.59575 8568
3.60281 9044
3.60987 8092
3.60987 8568
3.61693 9044
3.7021 8092
3.7021 8568
3.70916 9044
3.71622 8092
3.71622 8568
3.72328 9044
3.73033 8092
3.73033 8568
3.73739 9044
3.74445 8092
3.74445 8568
3.75151 9044
3.75857 8092
3.75857 8568
3.76563 9044
3.77269 8092
3.77269 8568
3.77975 9044
3.78681 8092
3.78681 8568
3.79386 9044
3.80092 8092
3.80092 8568
3.80798 9044
3.81504 8092
3.81504 8568
3.8221 9044
3.90727 8092
3.90727 8568
3.91433 9044
3.92138 8092
3.92138 8568
3.92844 9044
3.9355 8092
3.9355 8568
3.94256 9044
3.94962 8092
3.94962 8568
3.95668 9044
3.96374 8092
3.96374 8568
3.9708 9044
3.97786 8092
3.97786 8568
3.98491 9044
3.99197 8092
3.99197 8568
3.99903 9044
4.00609 8092
4.00609 8568
4.01315 9044
4.02021 8092
4.02021 8568
4.02727 9044
4.11243 8092
4.11243 8568
4.11949 9044
4.12655 8092
4.12655 8568
4.13361 9044
4.14067 8092
4.14067 8568
4.14773 9044
4.15479 8092
4.15479 8568
4.16185 9044
4.16891 8092
4.16891 8568
4.17596 9044
4.18302 8092
4.18302 8568
4.19008 9044
4.19714 8092
4.19714 8568
4.2042 9044
4.21126 8092
4.21126 8568
4.21832 9044
4.22538 8092
4.22538 8568
4.23244 9044
4.3176 8092
4.3176 8568
4.32466 9044
4.33172 8092
4.33172 8568
4.33878 9044
4.34584 8092
4.34584 8568
4.3529 9044
4.35996 8092
4.35996 8568
4.36701 9044
4.37407 8092
4.37407 8568
4.38113 9044
4.38819 8092
4.38819 8568
4.39525 9044
4.40231 8092
4.40231 8568
4.40937 9044
4.41643 8092
4.41643 8568
4.42349 9044
4.43054 8092
4.43054 8568
4.4376 9044
4.52277 8092
4.52277 8568
4.52983 9044
4.53689 8092
4.53689 8568
4.54395 9044
4.55101 8092
4.55101 8568
4.55807 9044
4.56512 8092
4.56512 8568
4.57218 9044
4.57924 8092
4.57924 8568
4.5863 9044
4.59336 8092
4.59336 8568
4.60042 9044
4.60748 8092
4.60748 8568
4.61454 9044
4.62159 8092
4.62159 8568
4.62865 9044
4.63571 8092
4.63571 8568
4.64277 9044
4.72794 8092
4.72794 8568
4.735 9044
4.74206 8092
4.74206 8568
4.74912 9044
4.75617 8092
4.75617 8568
4.76323 9044
4.77029 8092
4.77029 8568
4.77735 9044
4.78441 8092
4.78441 8568
4.79147 9044
4.79853 8092
4.79853 8568
4.80559 9044
4.81265 8092
4.81265 8568
4.8197 9044
4.82676 8092
4.82676 8568
4.83382 9044
4.84088 8092
4.84088 8568
4.84794 9044
4.93311 8092
4.93311 8568
4.94017 9044
4.94722 8092
4.94722 8568
4.95428 9044
4.96134 8092
4.96134 8568
4.9684 9044
4.97546 8092
4.97546 8568
4.98252 9044
4.98958 8092
4.98958 8568
4.99664 9044
5.0037 8092
5.0037 8568
5.01075 9044
5.01781 8092
5.01781 8568
5.02487 9044
5.03193 8092
5.03193 8568
5.03899 9044
5.04605 8092
5.04605 8568
5.05311 9044
5.13827 8092
5.13827 8568
5.14533 9044
5.15239 8092
5.15239 8568
5.15945 9044
5.16651 8092
5.16651 8568
5.17357 9044
5.18063 8092
5.18063 8568
5.18769 9044
5.19475 8092
5.19475 8568
5.2018 9044
5.20886 8092
5.20886 8568
5.21592 9044
5.22298 8092
5.22298 8568
5.23004 9044
5.2371 8092
5.2371 8568
5.24416 9044
5.25122 8092
5.25122 8568
5.25828 9044
5.34344 8092
5.34344 8568
5.3505 9044
5.35756 8092
5.35756 8568
5.36462 9044
5.37168 8092
5.37168 8568
5.37874 9044
5.3858 8092
5.3858 8568
5.39285 9044
5.39991 8092
5.39991 8568
5.40697 9044
5.41403 8092
5.41403 8568
5.42109 9044
5.42815 8092
5.42815 8568
5.43521 9044
5.44227 8092
5.44227 8568
5.44933 9044
5.45638 8092
5.45638 8568
5.46344 9044
5.54861 8092
5.54861 8568
5.55567 9044
5.56273 8092
5.56273 8568
5.56979 9044
5.57685 8092
5.57685 8568
5.58391 9044
5.59096 8092
5.59096 8568
5.59802 9044
5.60508 8092
5.60508 8568
5.61214 9044
5.6192 8092
5.6192 8568
5.62626 9044
5.63332 8092
5.63332 8568
5.64038 9044
5.64743 8092
5.64743 8568
5.65449 9044
5.66155 8092
5.66155 8568
5.66861 9044
5.75378 8092
5.75378 8568
5.76084 9044
5.7679 8092
5.7679 8568
5.77496 9044
5.78201 8092
5.78201 8568
5.78907 9044
5.79613 8092
5.79613 8568
5.80319 9044
5.81025 8092
5.81025 8568
5.81731 9044
5.82437 8092
5.82437 8568
5.83143 9044
5.83849 8092
5.83849 8568
5.84554 9044
5.8526 8092
5.8526 8568
5.85966 9044
5.86672 8092
5.86672 8568
5.87378 9044
5.95895 8092
5.95895 8568
5.96601 9044
5.97306 8092
5.97306 8568
5.98012 9044
5.98718 8092
5.98718 8568
5.99424 9044
6.0013 8092
6.0013 8568
6.00836 9044
6.01542 8092
6.01542 8568
6.02248 9044
6.02954 8092
6.02954 8568
6.03659 9044
6.04365 8092
6.04365 8568
6.05071 9044
6.05777 8092
6.05777 8568
6.06483 9044
6.07189 8092
6.07189 8568
6.07895 9044
6.16411 8092
6.16411 8568
6.17117 9044
6.17823 8092
6.17823 8568
6.18529 9044
6.19235 8092
6.19235 8568
6.19941 9044
6.20647 8092
6.20647 8568
6.21353 9044
6.22059 8092
6.22059 8568
6.22764 9044
6.2347 8092
6.2347 8568
6.24176 9044
6.24882 8092
6.24882 8568
6.25588 9044
6.26294 8092
6.26294 8568
6.27 9044
6.27706 8092
6.27706 8568
6.28412 9044
6.36928 8092
6.36928 8568
6.37634 9044
6.3834 8092
6.3834 8568
6.39046 9044
6.39752 8092
6.39752 8568
6.40458 9044
6.41164 8092
6.41164 8568
6.41869 9044
6.42575 8092
6.42575 8568
6.43281 9044
6.43987 8092
6.43987 8568
6.44693 9044
6.45399 8092
6.45399 8568
6.46105 9044
6.46811 8092
6.46811 8568
6.47517 9044
6.48222 8092
6.48222 8568
6.48928 9044
6.57445 8092
6.57445 8568
6.58151 9044
6.58857 8092
6.58857 8568
6.59563 9044
6.60269 8092
6.60269 8568
6.60974 9044
6.6168 8092
6.6168 8568
6.62386 9044
6.63092 8092
6.63092 8568
6.63798 9044
6.64504 8092
6.64504 8568
6.6521 9044
6.65916 8092
6.65916 8568
6.66622 9044
6.67327 8092
6.67327 8568
6.68033 9044
6.68739 8092
6.68739 8568
6.69445 9044
6.77962 8092
6.77962 8568
6.78668 9044
6.79374 8092
6.79374 8568
6.8008 9044
6.80785 8092
6.80785 8568
6.81491 9044
6.82197 8092
6.82197 8568
6.82903 9044
6.83609 8092
6.83609 8568
6.84315 9044
6.85021 8092
6.85021 8568
6.85727 9044
6.86432 8092
6.86432 8568
6.87138 9044
6.87844 8092
6.87844 8568
6.8855 9044
6.89256 8092
6.89256 8568
6.89962 9044
6.98479 8092
6.98479 8568
6.99185 9044
6.9989 8092
6.9989 8568
7.00596 9044
7.01302 8092
7.01302 8568
7.02008 9044
7.02714 8092
7.02714 8568
7.0342 9044
7.04126 8092
7.04126 8568
7.04832 9044
7.05538 8092
7.05538 8568
7.06243 9044
7.06949 8092
7.06949 8568
7.07655 9044
7.08361 8092
7.08361 8568
7.09067 9044
7.09773 8092
7.09773 8568
7.10479 9044
7.18995 8092
7.18995 8568
7.19701 9044
7.20407 8092
7.20407 8568
7.21113 9044
7.21819 8092
7.21819 8568
7.22525 9044
7.23231 8092
7.23231 8568
7.23937 9044
7.24643 8092
7.24643 8568
7.25348 9044
7.26054 8092
7.26054 8568
7.2676 9044
7.27466 8092
7.27466 8568
7.28172 9044
7.28878 8092
7.28878 8568
7.29584 9044
7.3029 8092
7.3029 8568
7.30996 9044
7.39512 8092
7.39512 8568
7.40218 9044
7.40924 8092
7.40924 8568
7.4163 9044
7.42336 8092
7.42336 8568
7.43042 9044
7.43748 8092
7.43748 8568
7.44453 9044
7.45159 8092
7.45159 8568
7.45865 9044
7.46571 8092
7.46571 8568
7.47277 9044
7.47983 8092
7.47983 8568
7.48689 9044
7.49395 8092
7.49395 8568
7.50101 9044
7.50806 8092
7.50806 8568
7.51512 9044
7.60029 8092
7.60029 8568
7.60735 9044
7.61441 8092
7.61441 8568
7.62147 9044
7.62853 8092
7.62853 8568
7.63558 9044
7.64264 8092
7.64264 8568
7.6497 9044
7.65676 8092
7.65676 8568
7.66382 9044
7.67088 8092
7.67088 8568
7.67794 9044
7.685 8092
7.685 8568
7.69206 9044
7.69911 8092
7.69911 8568
7.70617 9044
7.71323 8092
7.71323 8568
7.72029 9044
7.80546 8092
7.80546 8568
7.81252 9044
7.81958 8092
7.81958 8568
7.82664 9044
7.83369 8092
7.83369 8568
7.84075 9044
7.84781 8092
7.84781 8568
7.85487 9044
7.86193 8092
7.86193 8568
7.86899 9044
7.87605 8092
7.87605 8568
7.88311 9044
7.89016 8092
7.89016 8568
7.89722 9044
7.90428 8092
7.90428 8568
7.91134 9044
7.9184 8092
7.9184 8568
7.92546 9044
8.01063 8092
8.01063 8568
8.01769 9044
8.02474 8092
8.02474 8568
8.0318 9044
8.03886 8092
8.03886 8568
8.04592 9044
8.05298 8092
8.05298 8568
8.06004 9044
8.0671 8092
8.0671 8568
8.07416 9044
8.08122 8092
8.08122 8568
8.08827 9044
8.09533 8092
8.09533 8568
8.10239 9044
8.10945 8092
8.10945 8568
8.11651 9044
8.12357 8092
8.12357 8568
8.13063 9044
8.21579 8092
8.21579 8568
8.22285 9044
8.22991 8092
8.22991 8568
8.23697 9044
8.24403 8092
8.24403 8568
8.25109 9044
8.25815 8092
8.25815 8568
8.26521 9044
8.27227 8092
8.27227 8568
8.27932 9044
8.28638 8092
8.28638 8568
8.29344 9044
8.3005 8092
8.3005 8568
8.30756 9044
8.31462 8092
8.31462 8568
8.32168 9044
8.32874 8092
8.32874 8568
8.3358 9044
8.42096 8092
8.42096 8568
8.42802 9044
8.43508 8092
8.43508 8568
8.44214 9044
8.4492 8092
8.4492 8568
8.45626 9044
8.46332 8092
8.46332 8568
8.47037 9044
8.47743 8092
8.47743 8568
8.48449 9044
8.49155 8092
8.49155 8568
8.49861 9044
8.50567 8092
8.50567 8568
8.51273 9044
8.51979 8092
8.51979 8568
8.52685 9044
8.5339 8092
8.5339 8568
8.54096 9044
8.62613 8092
8.62613 8568
8.63319 9044
8.64025 8092
8.64025 8568
8.64731 9044
8.65437 8092
8.65437 8568
8.66142 9044
8.66848 8092
8.66848 8568
8.67554 9044
8.6826 8092
8.6826 8568
8.68966 9044
8.69672 8092
8.69672 8568
8.70378 9044
8.71084 8092
8.71084 8568
8.7179 9044
8.72495 8092
8.72495 8568
8.73201 9044
8.73907 8092
8.73907 8568
8.74613 9044
8.8313 8092
8.8313 8568
8.83836 9044
8.84542 8092
8.84542 8568
8.85248 9044
8.85953 8092
8.85953 8568
8.86659 9044
8.87365 8092
8.87365 8568
8.88071 9044
8.88777 8092
8.88777 8568
8.89483 9044
8.90189 8092
8.90189 8568
8.90895 9044
8.916 8092
8.916 8568
8.92306 9044
8.93012 8092
8.93012 8568
8.93718 9044
8.94424 8092
8.94424 8568
8.9513 9044
9.03647 8092
9.03647 8568
9.04353 9044
9.05058 8092
9.05058 8568
9.05764 9044
9.0647 8092
9.0647 8568
9.07176 9044
9.07882 8092
9.07882 8568
9.08588 9044
9.09294 8092
9.09294 8568
9.1 9044
9.10706 8092
9.10706 8568
9.11411 9044
9.12117 8092
9.12117 8568
9.12823 9044
9.13529 8092
9.13529 8568
9.14235 9044
9.14941 8092
9.14941 8568
9.15647 9044
9.24163 8092
9.24163 8568
9.24869 9044
9.25575 8092
9.25575 8568
9.26281 9044
9.26987 8092
9.26987 8568
9.27693 9044
9.28399 8092
9.28399 8568
9.29105 9044
9.29811 8092
9.29811 8568
9.30516 9044
9.31222 8092
9.31222 8568
9.31928 9044
9.32634 8092
9.32634 8568
9.3334 9044
9.34046 8092
9.34046 8568
9.34752 9044
9.35458 8092
9.35458 8568
9.36164 9044
9.4468 8092
9.4468 8568
9.45386 9044
9.46092 8092
9.46092 8568
9.46798 9044
9.47504 8092
9.47504 8568
9.4821 9044
9.48916 8092
9.48916 8568
9.49621 9044
9.50327 8092
9.50327 8568
9.51033 9044
9.51739 8092
9.51739 8568
9.52445 9044
9.53151 8092
9.53151 8568
9.53857 9044
9.54563 8092
9.54563 8568
9.55269 9044
9.55974 8092
9.55974 8568
9.5668 9044
9.65197 8092
9.65197 8568
9.65903 9044
9.66609 8092
9.66609 8568
9.67315 9044
9.68021 8092
9.68021 8568
9.68726 9044
9.69432 8092
9.69432 8568
9.70138 9044
9.70844 8092
9.70844 8568
9.7155 9044
9.72256 8092
9.72256 8568
9.72962 9044
9.73668 8092
9.73668 8568
9.74374 9044
9.75079 8092
9.75079 8568
9.75785 9044
9.76491 8092
9.76491 8568
9.77197 9044
9.85714 8092
9.85714 8568
9.8642 9044
9.87126 8092
9.87126 8568
9.87832 9044
9.88537 8092
9.88537 8568
9.89243 9044
9.89949 8092
9.89949 8568
9.90655 9044
9.91361 8092
9.91361 8568
9.92067 9044
9.92773 8092
9.92773 8568
9.93479 9044
9.94184 8092
9.94184 8568
9.9489 9044
9.95596 8092
9.95596 8568
9.96302 9044
9.97008 8092
9.97008 8568
9.97714 9044
10.0623 8092
10.0623 8568
10.0694 9044
10.0764 8092
10.0764 8568
10.0835 9044
10.0905 8092
10.0905 8568
10.0976 9044
10.1047 8092
10.1047 8568
10.1117 9044
10.1188 8092
10.1188 8568
10.1258 9044
10.1329 8092
10.1329 8568
10.14 9044
10.147 8092
10.147 8568
10.1541 9044
10.1611 8092
10.1611 8568
10.1682 9044
10.1752 8092
10.1752 8568
10.1823 9044
10.2675 8092
10.2816 7140
10.2957 6188
10.3098 5236
10.3239 4284
10.3381 3332
10.3522 2380
10.3663 1428
10.3804 476
10.3804 952
10.3875 1428
10.5856 476
10.5856 952
10.5926 1428
10.7908 476
10.7908 952
10.7978 1428
10.9959 476
10.9959 952
11.003 1428
11.2011 476
11.2011 952
11.2081 1428
11.4063 476
11.4063 952
11.4133 1428
11.6114 476
11.6114 952
11.6185 1428
11.8166 476
11.8166 952
11.8237 1428
12.0218 476
12.0218 952
12.0288 1428
12.2269 476
12.2269 952
12.234 1428
12.4321 476
12.4321 952
12.4392 1428
12.6373 476
12.6373 952
12.6443 1428
12.8424 476
12.8424 952
12.8495 1428
13.0476 476
13.0476 952
13.0547 1428
13.2528 476
13.2528 952
13.2598 1428
13.4579 476
13.4579 952
13.465 1428
13.6631 476
13.6631 952
13.6702 1428
13.8683 476
13.8683 952
13.8753 1428
14.0734 476
14.0734 952
14.0805 1428
14.2786 476
14.2786 952
14.2857 1428
14.4838 476
14.4838 952
14.4908 1428
14.6889 476
14.6889 952
14.696 1428
14.8941 476
14.8941 952
14.9012 1428
15.0993 476
15.0993 952
15.1063 1428
15.3044 476
15.3044 952
15.3115 1428
15.5096 476
15.5096 952
15.5167 1428
15.7148 476
15.7148 952
15.7218 1428
15.92 476
15.92 952
15.927 1428
16.1251 476
16.1251 952
16.1322 1428
16.3303 476
16.3303 952
16.3373 1428
16.5355 476
16.5355 952
16.5425 1428
16.7406 476
16.7406 952
16.7477 1428
16.9458 476
16.9458 952
16.9529 1428
17.151 476
17.151 952
17.158 1428
17.3561 476
17.3561 952
17.3632 1428
17.5613 476
17.5613 952
17.5684 1428
17.7665 476
17.7665 952
17.7735 1428
17.9716 476
17.9716 952
17.9787 1428
18.1768 476
18.1768 952
18.1839 1428
18.382 476
18.382 952
18.389 1428
18.5871 476
18.5871 952
18.5942 1428
18.7923 476
18.7923 952
18.7994 1428
18.9975 476
18.9975 952
19.0045 1428
19.2026 476
19.2026 952
19.2097 1428
19.4078 476
19.4078 952
19.4149 1428
19.613 476
19.613 952
19.62 1428
19.8181 476
19.8181 952
19.8252 1428
20.0233 476
20.0233 952
20.0304 1428
20.2285 476
20.2285 952
20.2355 1428
20.4336 476
20.4336 952
20.4407 1428
20.6388 476
20.6388 952
20.6459 1428
20.8459 952
20.8459 1428
20.851 476
20.8529 952
20.86 1428
21.0581 476
21.0581 952
21.0652 1428
21.2633 476
21.2633 952
21.2703 1428
21.4684 476
21.4684 952
21.4755 1428
21.6736 476
21.6736 952
21.6807 1428
21.8788 476
21.8788 952
21.8858 1428
22.0853 476
22.0853 952
22.0924 1428
22.291 952
22.291 1428
22.2976 476
22.2981 952
22.3051 1428
22.5032 476
22.5032 952
22.5103 1428
22.7084 476
22.7084 952
22.7155 1428
22.9136 476
22.9136 952
22.9206 1428
23.1187 476
23.1187 952
23.1258 1428
23.324 476
23.324 952
23.331 1428
23.53 476
23.53 952
23.5371 1428
23.7362 952
23.7362 1428
23.7422 476
23.7433 952
23.7503 1428
23.9484 476
23.9484 952
23.9555 1428
24.1536 476
24.1536 952
24.1607 1428
24.3588 476
24.3588 952
24.3658 1428
24.5639 476
24.5639 952
24.571 1428
24.7691 476
24.7691 952
24.7762 1428
24.9762 952
24.9762 1428
24.9813 476
24.9832 952
24.9903 1428
25.1884 476
25.1884 952
25.1955 1428
25.3936 476
25.3936 952
25.4006 1428
25.5987 476
25.5987 952
25.6058 1428
25.8039 476
25.8039 952
25.811 1428
26.0091 476
26.0091 952
26.0161 1428
26.215 476
26.215 952
26.2221 1428
26.4213 952
26.4213 1428
26.4272 476
26.4284 952
26.4354 1428
26.6335 476
26.6335 952
26.6406 1428
26.8387 476
26.8387 952
26.8458 1428
27.0439 476
27.0439 952
27.0509 1428
27.249 476
27.249 952
27.2561 1428
27.4542 476
27.4542 952
27.4613 1428
27.6605 476
27.6605 952
27.6676 1428
27.8664 952
27.8664 1428
27.8727 476
27.8735 952
27.8805 1428
28.0786 476
28.0786 952
28.0857 1428
28.2838 476
28.2838 952
28.2909 1428
28.489 476
28.489 952
28.496 1428
28.6942 476
28.6942 952
28.7012 1428
28.8993 476
28.8993 952
28.9064 1428
29.1052 476
29.1052 952
29.1122 1428
29.3115 952
29.3115 1428
29.3174 476
29.3186 952
29.3257 1428
29.5238 476
29.5238 952
29.5308 1428
29.7289 476
29.7289 952
29.736 1428
29.9341 476
29.9341 952
29.9412 1428
30.1393 476
30.1393 952
30.1463 1428
30.3444 476
30.3444 952
30.3515 1428
30.5507 476
30.5507 952
30.5577 1428
30.7567 952
30.7567 1428
30.7629 476
30.7637 952
30.7708 1428
30.9689 476
30.9689 952
30.976 1428
31.1741 476
31.1741 952
31.1811 1428
31.3792 476
31.3792 952
31.3863 1428
31.5844 476
31.5844 952
31.5915 1428
31.7896 476
31.7896 952
31.7966 1428
31.9953 476
31.9953 952
32.0024 1428
32.2018 952
32.2018 1428
32.2075 476
32.2089 952
32.2159 1428
32.414 476
32.414 952
32.4211 1428
32.6192 476
32.6192 952
32.6263 1428
32.8244 476
32.8244 952
32.8314 1428
33.0295 476
33.0295 952
33.0366 1428
33.2347 476
33.2347 952
33.2418 1428
33.4399 476
33.4399 952
33.4469 1428
33.6451 476
33.6451 952
33.6522 1428
33.852 476
33.852 952
33.8591 1428
34.0574 952
34.0574 1428
34.0642 476
34.0644 952
34.0715 1428
34.2696 476
34.2696 952
34.2767 1428
34.4748 476
34.4748 952
34.4818 1428
34.6799 476
34.6799 952
34.687 1428
34.8851 476
34.8851 952
34.8922 1428
35.0906 476
35.0906 952
35.0977 1428
35.2967 476
35.2967 952
35.3037 1428
35.5029 952
35.5029 1428
35.5089 476
35.5099 952
35.517 1428
35.7151 476
35.7151 952
35.7222 1428
35.9203 476
35.9203 952
35.9273 1428
36.1254 476
36.1254 952
36.1325 1428
36.3306 476
36.3306 952
36.3377 1428
36.5358 476
36.5358 952
36.5428 1428
36.7422 476
36.7422 952
36.7492 1428
36.948 952
36.948 1428
36.9544 476
36.9551 952
36.9621 1428
37.1602 476
37.1602 952
37.1673 1428
37.3654 476
37.3654 952
37.3724 1428
37.5706 476
37.5706 952
37.5776 1428
37.7757 476
37.7757 952
37.7828 1428
37.9809 476
37.9809 952
37.988 1428
38.1868 476
38.1868 952
38.1939 1428
38.3928 476
38.3928 952
38.3999 1428
38.599 952
38.599 1428
38.6051 476
38.6061 952
38.6132 1428
38.8113 476
38.8113 952
38.8183 1428
39.0164 476
39.0164 952
39.0235 1428
39.2216 476
39.2216 952
39.2287 1428
39.4268 476
39.4268 952
39.4338 1428
39.6319 476
39.6319 952
39.639 1428
39.8375 476
39.8375 952
39.8445 1428
40.0435 476
40.0435 952
40.0506 1428
40.2497 952
40.2497 1428
40.2557 476
40.2568 952
40.2638 1428
40.4619 476
40.4619 952
40.469 1428
40.6671 476
40.6671 952
40.6742 1428
40.8723 476
40.8723 952
40.8793 1428
41.0774 476
41.0774 952
41.0845 1428
41.2826 476
41.2826 952
41.2897 1428
41.4878 476
41.4878 952
41.4948 1428
41.693 476
41.693 952
41.7 1428
41.8981 476
41.8981 952
41.9052 1428
42.1033 476
42.1033 952
42.1103 1428
42.3085 476
42.3085 952
42.3155 1428
42.5136 476
42.5136 952
42.5207 1428
42.7188 476
42.7188 952
42.7259 1428
42.924 476
42.924 952
42.931 1428
43.1291 476
43.1291 952
43.1362 1428
43.3343 476
43.3343 952
43.3414 1428
43.5395 476
43.5395 952
43.5465 1428
43.7446 476
43.7446 952
43.7517 1428
43.9498 476
43.9498 952
43.9569 1428
44.155 476
44.155 952
44.162 1428
44.3601 476
44.3601 952
44.3672 1428
44.5653 476
44.5653 952
44.5724 1428
44.7705 476
44.7705 952
44.7775 1428
44.9756 476
44.9756 952
44.9827 1428
45.1808 476
45.1808 952
45.1879 1428
45.386 476
45.386 952
45.393 1428
45.5911 476
45.5911 952
45.5982 1428
45.7963 476
45.7963 952
45.8034 1428
46.0015 476
46.0015 952
46.0085 1428
46.2066 476
46.2066 952
46.2137 1428
46.4118 476
46.4118 952
46.4189 1428
46.617 476
46.617 952
46.624 1428
46.8222 476
46.8222 952
46.8292 1428
47.0273 476
47.0273 952
47.0344 1428
47.2325 476
47.2325 952
47.2395 1428
47.4377 476
47.4377 952
47.4447 1428
47.6428 476
47.6428 952
47.6499 1428
47.848 476
47.848 952
47.8551 1428
48.0532 476
48.0532 952
48.0602 1428
48.2583 476
48.2583 952
48.2654 1428
48.4635 476
48.4635 952
48.4706 1428
48.6687 476
48.6687 952
48.6757 1428
48.8738 476
48.8738 952
48.8809 1428
49.079 476
49.079 952
49.0861 1428
49.2842 476
49.2842 952
49.2912 1428
49.4893 476
49.4893 952
49.4964 1428
49.6945 476
49.6945 952
49.7016 1428
49.8997 476
49.8997 952
49.9067 1428
50.1048 476
50.1048 952
50.1119 1428
50.31 476
50.31 952
50.3171 1428
50.5152 476
50.5152 952
50.5222 1428
50.7203 476
50.7203 952
50.7274 1428
50.9255 476
50.9255 952
50.9326 1428
51.1307 476
51.1307 952
51.1377 1428
51.3358 476
51.3358 952
51.3429 1428
51.541 476
51.541 952
51.5481 1428
51.7462 476
51.7462 952
51.7532 1428
51.9514 476
51.9514 952
51.9584 1428
52.1565 476
52.1565 952
52.1636 1428
52.3617 476
52.3617 952
52.3687 1428
52.5669 476
52.5669 952
52.5739 1428
52.772 476
52.772 952
52.7791 1428
52.9772 476
52.9772 952
52.9843 1428
53.1824 476
53.1824 952
53.1894 1428
53.3875 476
53.3875 952
53.3946 1428
53.5927 476
53.5927 952
53.5998 1428
53.7979 476
53.7979 952
53.8049 1428
54.003 476
54.003 952
54.0101 1428
54.2082 476
54.2082 952
54.2153 1428
54.4134 476
54.4134 952
54.4204 1428
54.6185 476
54.6185 952
54.6256 1428
54.8237 476
54.8237 952
54.8308 1428
55.0289 476
55.0289 952
55.0359 1428
55.234 476
55.234 952
55.2411 1428
55.4392 476
55.4392 952
55.4463 1428
55.6444 476
55.6444 952
55.6514 1428
55.8495 476
55.8495 952
55.8566 1428
56.0547 476
56.0547 952
56.0618 1428
56.2599 476
56.2599 952
56.2669 1428
56.465 476
56.465 952
56.4721 1428
56.6702 476
56.6702 952
56.6773 1428
56.8754 476
56.8754 952
56.8824 1428
57.0806 476
57.0806 952
57.0876 1428
57.2857 476
57.2857 952
57.2928 1428
57.4909 476
57.4909 952
57.4979 1428
57.6961 476
57.6961 952
57.7031 1428
57.9012 476
57.9012 952
57.9083 1428
58.1064 476
58.1064 952
58.1135 1428
58.3116 476
58.3116 952
58.3186 1428
58.5167 476
58.5167 952
58.5238 1428
58.7219 476
58.7219 952
58.729 1428
58.9271 476
58.9271 952
58.9341 1428
59.1322 476
59.1322 952
59.1393 1428
59.3374 476
59.3374 952
59.3445 1428
59.5426 476
59.5426 952
59.5496 1428
59.7477 476
59.7477 952
59.7548 1428
59.9529 476
59.9529 952
59.96 1428
60.1581 476
60.1581 952
60.1651 1428
60.3632 476
60.3632 952
60.3703 1428
60.5684 476
60.5684 952
60.5755 1428
60.7736 476
60.7736 952
60.7806 1428
60.9787 476
60.9787 952
60.9858 1428
61.1839 476
61.1839 952
61.191 1428
61.3891 476
61.3891 952
61.3961 1428
61.5942 476
61.5942 952
61.6013 1428
61.7994 476
61.7994 952
61.8065 1428
62.0046 476
62.0046 952
62.0116 1428
62.2098 476
62.2098 952
62.2168 1428
62.4149 476
62.4149 952
62.422 1428
62.6201 476
62.6201 952
62.6271 1428
62.8253 476
62.8253 952
62.8323 1428
63.0304 476
63.0304 952
63.0375 1428
63.2356 476
63.2356 952
63.2427 1428
63.4408 476
63.4408 952
63.4478 1428
63.6459 476
63.6459 952
63.653 1428
63.8511 476
63.8511 952
63.8582 1428
64.0563 476
64.0563 952
64.0633 1428
64.2614 476
64.2614 952
64.2685 1428
64.4666 476
64.4666 952
64.4737 1428
64.6718 476
64.6718 952
64.6788 1428
64.8769 476
64.8769 952
64.884 1428
65.0821 476
65.0821 952
65.0892 1428
65.2873 476
65.2873 952
65.2943 1428
65.4924 476
65.4924 952
65.4995 1428
65.6976 476
65.6976 952
65.7047 1428
65.9028 476
65.9028 952
65.9098 1428
66.1079 476
66.1079 952
66.115 1428
66.3131 476
66.3131 952
66.3202 1428
66.5183 476
66.5183 952
66.5253 1428
66.7234 476
66.7234 952
66.7305 1428
66.9286 476
66.9286 952
66.9357 1428
67.1338 476
67.1338 952
67.1408 1428
67.339 476
67.339 952
67.346 1428
67.5441 476
67.5441 952
67.5512 1428
67.7493 476
67.7493 952
67.7563 1428
67.9545 476
67.9545 952
67.9615 1428
68.1596 476
68.1596 952
68.1667 1428
68.3648 476
68.3648 952
68.3719 1428
68.57 476
68.57 952
68.577 1428
68.7751 476
68.7751 952
68.7822 1428
68.9803 476
68.9803 952
68.9874 1428
69.1855 476
69.1855 952
69.1925 1428
69.3906 476
69.3906 952
69.3977 1428
69.5958 476
69.5958 952
69.6029 1428
69.801 476
69.801 952
69.808 1428
70.0061 476
70.0061 952
70.0132 1428
70.2113 476
70.2113 952
70.2184 1428
70.4165 476
70.4165 952
70.4235 1428
70.6216 476
70.6216 952
70.6287 1428
70.8268 476
70.8268 952
70.8339 1428
71.032 476
71.032 952
71.039 1428
71.2371 476
71.2371 952
71.2442 1428
71.4423 476
71.4423 952
71.4494 1428
71.6475 476
71.6475 952
71.6545 1428
71.8526 476
71.8526 952
71.8597 1428
72.0578 476
72.0578 952
72.0649 1428
72.263 476
72.263 952
72.27 1428
72.4682 476
72.4682 952
72.4752 1428
72.6733 476
72.6733 952
72.6804 1428
72.8785 476
72.8785 952
72.8855 1428
73.0837 476
73.0837 952
73.0907 1428
73.2888 476
73.2888 952
73.2959 1428
73.494 476
73.494 952
73.5011 1428
73.6992 476
73.6992 952
73.7062 1428
73.9043 476
73.9043 952
73.9114 1428
74.1095 476
74.1095 952
74.1166 1428
74.3147 476
74.3147 952
74.3217 1428
74.5198 476
74.5198 952
74.5269 1428
74.725 476
74.725 952
74.7321 1428
74.9302 476
74.9302 952
74.9372 1428
75.1353 476
75.1353 952
75.1424 1428
75.3405 476
75.3405 952
75.3476 1428
75.5457 476
75.5457 952
75.5527 1428
75.7508 476
75.7508 952
75.7579 1428
75.956 476
75.956 952
75.9631 1428
76.1612 476
76.1612 952
76.1682 1428
76.3663 476
76.3663 952
76.3734 1428
76.5715 476
76.5715 952
76.5786 1428
76.7767 476
76.7767 952
76.7837 1428
76.9818 476
76.9818 952
76.9889 1428
77.187 476
77.187 952
77.1941 1428
77.3922 476
77.3922 952
77.3992 1428
77.5974 476
77.5974 952
77.6044 1428
77.8025 476
77.8025 952
77.8096 1428
78.0077 476
78.0077 952
78.0147 1428
78.2129 476
78.2129 952
78.2199 1428
78.418 476
78.418 952
78.4251 1428
78.6232 476
78.6232 952
78.6303 1428
78.8284 476
78.8284 952
78.8354 1428
79.0335 476
79.0335 952
79.0406 1428
79.2387 476
79.2387 952
79.2458 1428
79.4439 476
79.4439 952
79.4509 1428
79.649 476
79.649 952
79.6561 1428
79.8542 476
79.8542 952
79.8613 1428
80.0594 476
80.0594 952
80.0664 1428
80.2645 476
80.2645 952
80.2716 1428
80.4697 476
80.4697 952
80.4768 1428
80.6749 476
80.6749 952
80.6819 1428
80.88 476
80.88 952
80.8871 1428
81.0852 476
81.0852 952
81.0923 1428
81.2904 476
81.2904 952
81.2974 1428
81.4955 476
81.4955 952
81.5026 1428
81.7007 476
81.7007 952
81.7078 1428
81.9059 476
81.9059 952
81.9129 1428
82.111 476
82.111 952
82.1181 1428
82.3162 476
82.3162 952
82.3233 1428
82.5214 476
82.5214 952
82.5284 1428
82.7266 476
82.7266 952
82.7336 1428
82.9317 476
82.9317 952
82.9388 1428
83.1369 476
83.1369 952
83.1439 1428
83.3421 476
83.3421 952
83.3491 1428
83.5472 476
83.5472 952
83.5543 1428
83.7524 476
83.7524 952
83.7595 1428
83.9576 476
83.9576 952
83.9646 1428
84.1627 476
84.1627 952
84.1698 1428
84.3679 476
84.3679 952
84.375 1428
84.5731 476
84.5731 952
84.5801 1428
84.7782 476
84.7782 952
84.7853 1428
84.9834 476
84.9834 952
84.9905 1428
85.1886 476
85.1886 952
85.1956 1428
85.3937 476
85.3937 952
85.4008 1428
85.5989 476
85.5989 952
85.606 1428
85.8041 476
85.8041 952
85.8111 1428
86.0092 476
86.0092 952
86.0163 1428
86.2144 476
86.2144 952
86.2215 1428
86.4196 476
86.4196 952
86.4266 1428
86.6247 476
86.6247 952
86.6318 1428
86.8299 476
86.8299 952
86.837 1428
87.0351 476
87.0351 952
87.0421 1428
87.2402 476
87.2402 952
87.2473 1428
87.4454 476
87.4454 952
87.4525 1428
87.6506 476
87.6506 952
87.6576 1428
87.8558 476
87.8558 952
87.8628 1428
88.0609 476
88.0609 952
88.068 1428
88.2661 476
88.2661 952
88.2731 1428
88.4713 476
88.4713 952
88.4783 1428
88.6764 476
88.6764 952
88.6835 1428
88.8816 476
88.8816 952
88.8887 1428
89.0868 476
89.0868 952
89.0938 1428
89.2919 476
89.2919 952
89.299 1428
89.4971 476
89.4971 952
89.5042 1428
89.7023 476
89.7023 952
89.7093 1428
89.9074 476
89.9074 952
89.9145 1428
90.1126 476
90.1126 952
90.1197 1428
90.3178 476
90.3178 952
90.3248 1428
90.5229 476
90.5229 952
90.53 1428
90.7281 476
90.7281 952
90.7352 1428
90.9333 476
90.9333 952
90.9403 1428
91.1384 476
91.1384 952
91.1455 1428
91.3436 476
91.3436 952
91.3507 1428
91.5488 476
91.5488 952
91.5558 1428
91.7539 476
91.7539 952
91.761 1428
91.9591 476
91.9591 952
91.9662 1428
92.1643 476
92.1643 952
92.1713 1428
92.3694 476
92.3694 952
92.3765 1428
92.5746 476
92.5746 952
92.5817 1428
92.7798 476
92.7798 952
92.7868 1428
92.985 476
92.985 952
92.992 1428
93.1901 476
93.1901 952
93.1972 1428
93.3953 476
93.3953 952
93.4023 1428
93.6005 476
93.6005 952
93.6075 1428
93.8056 476
93.8056 952
93.8127 1428
94.0108 476
94.0108 952
94.0179 1428
94.216 476
94.216 952
94.223 1428
94.4211 476
94.4211 952
94.4282 1428
94.6263 476
94.6263 952
94.6334 1428
94.8315 476
94.8315 952
94.8385 1428
95.0366 476
95.0366 952
95.0437 1428
95.2418 476
95.2418 952
95.2489 1428
95.447 476
95.447 952
95.454 1428
95.6521 476
95.6521 952
95.6592 1428
95.8573 476
95.8573 952
95.8644 1428
96.0625 476
96.0625 952
96.0695 1428
96.2676 476
96.2676 952
96.2747 1428
96.4728 476
96.4728 952
96.4799 1428
96.678 476
96.678 952
96.685 1428
96.8831 476
96.8831 952
96.8902 1428
97.0883 476
97.0883 952
97.0954 1428
97.2935 476
97.2935 952
97.3005 1428
97.4986 476
97.4986 952
97.5057 1428
97.7038 476
97.7038 952
97.7109 1428
97.909 476
97.909 952
97.916 1428
98.1142 476
98.1142 952
98.1212 1428
98.3193 476
98.3193 952
98.3264 1428
98.5245 476
98.5245 952
98.5315 1428
98.7297 476
98.7297 952
98.7367 1428
98.9348 476
98.9348 952
98.9419 1428
99.14 476
99.14 952
99.1471 1428
99.3452 476
99.3452 952
99.3522 1428
99.5503 476
99.5503 952
99.5574 1428
99.7555 476
99.7555 952
99.7626 1428
99.9607 476
99.9607 952
99.9677 1428
100.166 476
100.166 952
100.173 1428
100.371 476
100.371 952
100.378 1428
100.576 476
100.576 952
100.583 1428
100.781 476
100.781 952
100.788 1428
100.987 476
100.987 952
100.994 1428
101.192 476
101.192 952
101.199 1428
101.397 476
101.397 952
101.404 1428
101.602 476
101.602 952
101.609 1428
101.807 476
101.807 952
101.814 1428
102.012 476
102.012 952
102.019 1428
102.218 476
102.218 952
102.225 1428
102.423 476
102.423 952
102.43 1428
102.628 476
102.628 952
102.635 1428
102.833 476
102.833 952
102.84 1428
103.038 476
103.038 952
103.045 1428
103.243 476
103.243 952
103.25 1428
103.449 476
103.449 952
103.456 1428
103.654 476
103.654 952
103.661 1428
103.859 476
103.859 952
103.866 1428
104.064 476
104.064 952
104.071 1428
104.269 476
104.269 952
104.276 1428
104.474 476
104.474 952
104.481 1428
104.68 476
104.68 952
104.687 1428
104.885 476
104.885 952
104.892 1428
105.09 476
105.09 952
105.097 1428
105.295 476
105.295 952
105.302 1428
105.5 476
105.5 952
105.507 1428
105.705 476
105.705 952
105.712 1428
105.911 476
105.911 952
105.918 1428
106.116 476
106.116 952
106.123 1428
106.321 476
106.321 952
106.328 1428
106.526 476
106.526 952
106.533 1428
106.731 476
106.731 952
106.738 1428
106.936 476
106.936 952
106.943 1428
107.142 476
107.142 952
107.149 1428
107.347 476
107.347 952
107.354 1428
107.552 476
107.552 952
107.559 1428
107.757 476
107.757 952
107.764 1428
107.962 476
107.962 952
107.969 1428
108.167 476
108.167 952
108.174 1428
108.373 476
108.373 952
108.38 1428
108.578 476
108.578 952
108.585 1428
108.783 476
108.783 952
108.79 1428
108.988 476
108.988 952
108.995 1428
109.193 476
109.193 952
109.2 1428
109.398 476
109.398 952
109.405 1428
109.604 476
109.604 952
109.611 1428
109.809 476
109.809 952
109.816 1428
110.014 476
110.014 952
110.021 1428
110.219 476
110.219 952
110.226 1428
110.424 476
110.424 952
110.431 1428
110.629 476
110.629 952
110.636 1428
110.835 476
110.835 952
110.842 1428
111.04 476
111.04 952
111.047 1428
111.245 476
111.245 952
111.252 1428
111.45 476
111.45 952
111.457 1428
111.655 476
111.655 952
111.662 1428
111.86 476
111.86 952
111.867 1428
112.066 476
112.066 952
112.073 1428
112.271 476
112.271 952
112.278 1428
112.476 476
112.476 952
112.483 1428
112.681 476
112.681 952
112.688 1428
112.886 476
112.886 952
112.893 1428
113.091 476
113.091 952
113.098 1428
113.297 476
113.297 952
113.304 1428
113.502 476
113.502 952
113.509 1428
113.707 476
113.707 952
113.714 1428
113.912 476
113.912 952
113.919 1428
114.117 476
114.117 952
114.124 1428
114.322 476
114.322 952
114.329 1428
114.528 476
114.528 952
114.535 1428
114.733 476
114.733 952
114.74 1428
114.938 476
114.938 952
114.945 1428
115.143 476
115.143 952
115.15 1428
115.348 476
115.348 952
115.355 1428
115.553 476
115.553 952
115.56 1428
115.759 476
115.759 952
115.766 1428
115.964 476
115.964 952
115.971 1428
116.169 476
116.169 952
116.176 1428
116.374 476
116.374 952
116.381 1428
116.579 476
116.579 952
116.586 1428
116.784 476
116.784 952
116.791 1428
116.99 476
116.99 952
116.997 1428
117.195 476
117.195 952
117.202 1428
117.4 476
117.4 952
117.407 1428
117.605 476
117.605 952
117.612 1428
117.81 476
117.81 952
117.817 1428
118.015 476
118.015 952
118.023 1428
118.221 476
118.221 952
118.228 1428
118.426 476
118.426 952
118.433 1428
118.631 476
118.631 952
118.638 1428
118.836 476
118.836 952
118.843 1428
119.041 476
119.041 952
119.048 1428
119.246 476
119.246 952
119.254 1428
119.452 476
119.452 952
119.459 1428
119.657 476
119.657 952
119.664 1428
119.862 476
119.862 952
119.869 1428
120.067 476
120.067 952
120.074 1428
120.272 476
120.272 952
120.279 1428
120.477 476
120.477 952
120.485 1428
120.683 476
120.683 952
120.69 1428
120.888 476
120.888 952
120.895 1428
121.093 476
121.093 952
121.1 1428
121.298 476
121.298 952
121.305 1428
121.503 476
121.503 952
121.51 1428
121.708 476
121.708 952
121.716 1428
121.914 476
121.914 952
121.921 1428
122.119 476
122.119 952
122.126 1428
122.324 476
122.324 952
122.331 1428
122.529 476
122.529 952
122.536 1428
122.734 476
122.734 952
122.741 1428
122.939 476
122.939 952
122.947 1428
123.145 476
123.145 952
123.152 1428
123.35 476
123.35 952
123.357 1428
123.555 476
123.555 952
123.562 1428
123.76 476
123.76 952
123.767 1428
123.965 476
123.965 952
123.972 1428
124.17 476
124.17 952
124.178 1428
124.376 476
124.376 952
124.383 1428
124.581 476
124.581 952
124.588 1428
124.786 476
124.786 952
124.793 1428
124.991 476
124.991 952
124.998 1428
125.196 476
125.196 952
125.203 1428
125.401 476
125.401 952
125.409 1428
125.607 476
125.607 952
125.614 1428
125.812 476
125.812 952
125.819 1428
126.017 476
126.017 952
126.024 1428
126.222 476
126.222 952
126.229 1428
126.427 476
126.427 952
126.434 1428
126.633 476
126.633 952
126.64 1428
126.838 476
126.838 952
126.845 1428
127.043 476
127.043 952
127.05 1428
127.248 476
127.248 952
127.255 1428
127.453 476
127.453 952
127.46 1428
127.658 476
127.658 952
127.665 1428
127.864 476
127.864 952
127.871 1428
128.069 476
128.069 952
128.076 1428
128.274 476
128.274 952
128.281 1428
128.479 476
128.479 952
128.486 1428
128.684 476
128.684 952
128.691 1428
128.889 476
128.889 952
128.896 1428
129.095 476
129.095 952
129.102 1428
129.3 476
129.3 952
129.307 1428
129.505 476
129.505 952
129.512 1428
129.71 476
129.71 952
129.717 1428
129.915 476
129.915 952
129.922 1428
130.12 476
130.12 952
130.127 1428
130.326 476
130.326 952
130.333 1428
130.531 476
130.531 952
130.538 1428
130.736 476
130.736 952
130.743 1428
130.941 476
130.941 952
130.948 1428
131.146 476
131.146 952
131.153 1428
131.351 476
131.351 952
131.358 1428
131.557 476
131.557 952
131.564 1428
131.762 476
131.762 952
131.769 1428
131.967 476
131.967 952
131.974 1428
132.172 476
132.172 952
132.179 1428
132.377 476
132.377 952
132.384 1428
132.582 476
132.582 952
132.589 1428
132.788 476
132.788 952
132.795 1428
132.993 476
132.993 952
133 1428
133.198 476
133.198 952
133.205 1428
133.403 476
133.403 952
133.41 1428
133.608 476
133.608 952
133.615 1428
133.813 476
133.813 952
133.82 1428
134.019 476
134.019 952
134.026 1428
134.224 476
134.224 952
134.231 1428
134.429 476
134.429 952
134.436 1428
134.634 476
134.634 952
134.641 1428
134.839 476
134.839 952
134.846 1428
135.044 476
135.044 952
135.051 1428
135.25 476
135.25 952
135.257 1428
135.455 476
135.455 952
135.462 1428
135.66 476
135.66 952
135.667 1428
135.865 476
135.865 952
135.872 1428
136.07 476
136.07 952
136.077 1428
136.275 476
136.275 952
136.282 1428
136.481 476
136.481 952
136.488 1428
136.686 476
136.686 952
136.693 1428
136.891 476
136.891 952
136.898 1428
137.096 476
137.096 952
137.103 1428
137.301 476
137.301 952
137.308 1428
137.506 476
137.506 952
137.513 1428
137.712 476
137.712 952
137.719 1428
137.917 476
137.917 952
137.924 1428
138.122 476
138.122 952
138.129 1428
138.327 476
138.327 952
138.334 1428
138.532 476
138.532 952
138.539 1428
138.737 476
138.737 952
138.744 1428
138.943 476
138.943 952
138.95 1428
139.148 476
139.148 952
139.155 1428
139.353 476
139.353 952
139.36 1428
139.558 476
139.558 952
139.565 1428
139.763 476
139.763 952
139.77 1428
139.968 476
139.968 952
139.975 1428
140.174 476
140.174 952
140.181 1428
140.379 476
140.379 952
140.386 1428
140.584 476
140.584 952
140.591 1428
140.789 476
140.789 952
140.796 1428
140.994 476
140.994 952
141.001 1428
141.199 476
141.199 952
141.206 1428
141.405 476
141.405 952
141.412 1428
141.61 476
141.61 952
141.617 1428
141.815 476
141.815 952
141.822 1428
142.02 476
142.02 952
142.027 1428
142.225 476
142.225 952
142.232 1428
142.43 476
142.43 952
142.437 1428
142.636 476
142.636 952
142.643 1428
142.841 476
142.841 952
142.848 1428
143.046 476
143.046 952
143.053 1428
143.251 476
143.251 952
143.258 1428
143.456 476
143.456 952
143.463 1428
143.661 476
143.661 952
143.669 1428
143.867 476
143.867 952
143.874 1428
144.072 476
144.072 952
144.079 1428
144.277 476
144.277 952
144.284 1428
144.482 476
144.482 952
144.489 1428
144.687 476
144.687 952
144.694 1428
144.892 476
144.892 952
144.9 1428
145.098 476
145.098 952
145.105 1428
145.303 476
145.303 952
145.31 1428
145.508 476
145.508 952
145.515 1428
145.713 476
145.713 952
145.72 1428
145.918 476
145.918 952
145.925 1428
146.123 476
146.123 952
146.131 1428
146.329 476
146.329 952
146.336 1428
146.534 476
146.534 952
146.541 1428
146.739 476
146.739 952
146.746 1428
146.944 476
146.944 952
146.951 1428
147.149 476
147.149 952
147.156 1428
147.354 476
147.354 952
147.362 1428
147.56 476
147.56 952
147.567 1428
147.765 476
147.765 952
147.772 1428
147.97 476
147.97 952
147.977 1428
148.175 476
148.175 952
148.182 1428
148.38 476
148.38 952
148.387 1428
148.585 476
148.585 952
148.593 1428
148.791 476
148.791 952
148.798 1428
148.996 476
148.996 952
149.003 1428
149.201 476
149.201 952
149.208 1428
149.406 476
149.406 952
149.413 1428
149.611 476
149.611 952
149.618 1428
149.816 476
149.816 952
149.824 1428
150.022 476
150.022 952
150.029 1428
150.227 476
150.227 952
150.234 1428
150.432 476
150.432 952
150.439 1428
150.637 476
150.637 952
150.644 1428
150.842 476
150.842 952
150.849 1428
151.047 476
151.047 952
151.055 1428
151.253 476
151.253 952
151.26 1428
151.458 476
151.458 952
151.465 1428
151.663 476
151.663 952
151.67 1428
151.868 476
151.868 952
151.875 1428
152.073 476
152.073 952
152.08 1428
152.279 476
152.279 952
152.286 1428
152.484 476
152.484 952
152.491 1428
152.689 476
152.689 952
152.696 1428
152.894 476
152.894 952
152.901 1428
153.099 476
153.099 952
153.106 1428
153.304 476
153.304 952
153.311 1428
153.51 476
153.51 952
153.517 1428
153.715 476
153.715 952
153.722 1428
153.92 476
153.92 952
153.927 1428
154.125 476
154.125 952
154.132 1428
154.33 476
154.33 952
154.337 1428
154.535 476
154.535 952
154.542 1428
154.741 476
154.741 952
154.748 1428
154.946 476
154.946 952
154.953 1428
155.151 476
155.151 952
155.158 1428
155.356 476
155.356 952
155.363 1428
155.561 476
155.561 952
155.568 1428
155.766 476
155.766 952
155.773 1428
155.972 476
155.972 952
155.979 1428
156.177 476
156.177 952
156.184 1428
156.382 476
156.382 952
156.389 1428
156.587 476
156.587 952
156.594 1428
156.792 476
156.792 952
156.799 1428
156.997 476
156.997 952
157.004 1428
157.203 476
157.203 952
157.21 1428
157.408 476
157.408 952
157.415 1428
157.613 476
157.613 952
157.62 1428
157.818 476
157.818 952
157.825 1428
158.023 476
158.023 952
158.03 1428
158.228 476
158.228 952
158.235 1428
158.434 476
158.434 952
158.441 1428
158.639 476
158.639 952
158.646 1428
158.844 476
158.844 952
158.851 1428
159.049 476
159.049 952
159.056 1428
159.254 476
159.254 952
159.261 1428
159.459 476
159.459 952
159.466 1428
159.665 476
159.665 952
159.672 1428
159.87 476
159.87 952
159.877 1428
160.075 476
160.075 952
160.082 1428
160.28 476
160.28 952
160.287 1428
160.485 476
160.485 952
160.492 1428
160.69 476
160.69 952
160.697 1428
160.896 476
160.896 952
160.903 1428
161.101 476
161.101 952
161.108 1428
161.306 476
161.306 952
161.313 1428
161.511 476
161.511 952
161.518 1428
161.716 476
161.716 952
161.723 1428
161.921 476
161.921 952
161.928 1428
162.127 476
162.127 952
162.134 1428
162.332 476
162.332 952
162.339 1428
162.537 476
162.537 952
162.544 1428
162.742 476
162.742 952
162.749 1428
162.947 476
162.947 952
162.954 1428
163.152 476
163.152 952
163.159 1428
163.358 476
163.358 952
163.365 1428
163.563 476
163.563 952
163.57 1428
163.768 476
163.768 952
163.775 1428
163.973 476
163.973 952
163.98 1428
164.178 476
164.178 952
164.185 1428
164.383 476
164.383 952
164.39 1428
164.589 476
164.589 952
164.596 1428
164.794 476
164.794 952
164.801 1428
164.999 476
164.999 952
165.006 1428
165.204 476
165.204 952
165.211 1428
165.409 476
165.409 952
165.416 1428
165.614 476
165.614 952
165.621 1428
165.82 476
165.82 952
165.827 1428
166.025 476
166.025 952
166.032 1428
166.23 476
166.23 952
166.237 1428
166.435 476
166.435 952
166.442 1428
166.64 476
166.64 952
166.647 1428
166.845 476
166.845 952
166.852 1428
167.051 476
167.051 952
167.058 1428
167.256 476
167.256 952
167.263 1428
167.461 476
167.461 952
167.468 1428
167.666 476
167.666 952
167.673 1428
167.871 476
167.871 952
167.878 1428
168.076 476
168.076 952
168.083 1428
168.282 476
168.282 952
168.289 1428
168.487 476
168.487 952
168.494 1428
168.692 476
168.692 952
168.699 1428
168.897 476
168.897 952
168.904 1428
169.102 476
169.102 952
169.109 1428
169.307 476
169.307 952
169.315 1428
169.513 476
169.513 952
169.52 1428
169.718 476
169.718 952
169.725 1428
169.923 476
169.923 952
169.93 1428
170.128 476
170.128 952
170.135 1428
170.333 476
170.333 952
170.34 1428
170.538 476
170.538 952
170.546 1428
170.744 476
170.744 952
170.751 1428
170.949 476
170.949 952
170.956 1428
171.154 476
171.154 952
171.161 1428
171.359 476
171.359 952
171.366 1428
171.564 476
171.564 952
171.571 1428
171.769 476
171.769 952
171.777 1428
171.975 476
171.975 952
171.982 1428
172.18 476
172.18 952
172.187 1428
172.385 476
172.385 952
172.392 1428
172.59 476
172.59 952
172.597 1428
172.795 476
172.795 952
172.802 1428
173 476
173 952
173.008 1428
173.206 476
173.206 952
173.213 1428
173.411 476
173.411 952
173.418 1428
173.616 476
173.616 952
173.623 1428
173.821 476
173.821 952
173.828 1428
174.026 476
174.026 952
174.033 1428
174.231 476
174.231 952
174.239 1428
174.437 476
174.437 952
174.444 1428
174.642 476
174.642 952
174.649 1428
174.847 476
174.847 952
174.854 1428
175.052 476
175.052 952
175.059 1428
175.257 476
175.257 952
175.264 1428
175.462 476
175.462 952
175.47 1428
175.668 476
175.668 952
175.675 1428
175.873 476
175.873 952
175.88 1428
176.078 476
176.078 952
176.085 1428
176.283 476
176.283 952
176.29 1428
176.488 476
176.488 952
176.495 1428
176.693 476
176.693 952
176.701 1428
176.899 476
176.899 952
176.906 1428
177.104 476
177.104 952
177.111 1428
177.309 476
177.309 952
177.316 1428
177.514 476
177.514 952
177.521 1428
177.719 476
177.719 952
177.726 1428
177.925 476
177.925 952
177.932 1428
178.13 476
178.13 952
178.137 1428
178.335 476
178.335 952
178.342 1428
178.54 476
178.54 952
178.547 1428
178.745 476
178.745 952
178.752 1428
178.95 476
178.95 952
178.957 1428
179.156 476
179.156 952
179.163 1428
179.361 476
179.361 952
179.368 1428
179.566 476
179.566 952
179.573 1428
179.771 476
179.771 952
179.778 1428
179.976 476
179.976 952
179.983 1428
180.181 476
180.181 952
180.188 1428
180.387 476
180.387 952
180.394 1428
180.592 476
180.592 952
180.599 1428
180.797 476
180.797 952
180.804 1428
181.002 476
181.002 952
181.009 1428
181.207 476
181.207 952
181.214 1428
181.412 476
181.412 952
181.419 1428
181.618 476
181.618 952
181.625 1428
181.823 476
181.823 952
181.83 1428
182.028 476
182.028 952
182.035 1428
182.233 476
182.233 952
182.24 1428
182.438 476
182.438 952
182.445 1428
182.643 476
182.643 952
182.65 1428
182.849 476
182.849 952
182.856 1428
183.054 476
183.054 952
183.061 1428
183.259 476
183.259 952
183.266 1428
183.464 476
183.464 952
183.471 1428
183.669 476
183.669 952
183.676 1428
183.874 476
183.874 952
183.881 1428
184.08 476
184.08 952
184.087 1428
184.285 476
184.285 952
184.292 1428
184.49 476
184.49 952
184.497 1428
184.695 476
184.695 952
184.702 1428
184.9 476
184.9 952
184.907 1428
185.105 476
185.105 952
185.112 1428
185.311 476
185.311 952
185.318 1428
185.516 476
185.516 952
185.523 1428
185.721 476
185.721 952
185.728 1428
185.926 476
185.926 952
185.933 1428
186.131 476
186.131 952
186.138 1428
186.336 476
186.336 952
186.343 1428
186.542 476
186.542 952
186.549 1428
186.747 476
186.747 952
186.754 1428
186.952 476
186.952 952
186.959 1428
187.157 476
187.157 952
187.164 1428
187.362 476
187.362 952
187.369 1428
187.567 476
187.567 952
187.574 1428
187.773 476
187.773 952
187.78 1428
187.978 476
187.978 952
187.985 1428
188.183 476
188.183 952
188.19 1428
188.388 476
188.388 952
188.395 1428
188.593 476
188.593 952
188.6 1428
188.798 476
188.798 952
188.805 1428
189.004 476
189.004 952
189.011 1428
189.209 476
189.209 952
189.216 1428
189.414 476
189.414 952
189.421 1428
189.619 476
189.619 952
189.626 1428
189.824 476
189.824 952
189.831 1428
190.029 476
190.029 952
190.036 1428
190.235 476
190.235 952
190.242 1428
190.44 476
190.44 952
190.447 1428
190.645 476
190.645 952
190.652 1428
190.85 476
190.85 952
190.857 1428
191.055 476
191.055 952
191.062 1428
191.26 476
191.26 952
191.267 1428
191.466 476
191.466 952
191.473 1428
191.671 476
191.671 952
191.678 1428
191.876 476
191.876 952
191.883 1428
192.081 476
192.081 952
192.088 1428
192.286 476
192.286 952
192.293 1428
192.491 476
192.491 952
192.498 1428
192.697 476
192.697 952
192.704 1428
192.902 476
192.902 952
192.909 1428
193.107 476
193.107 952
193.114 1428
193.312 476
193.312 952
193.319 1428
193.517 476
193.517 952
193.524 1428
193.722 476
193.722 952
193.729 1428
193.928 476
193.928 952
193.935 1428
194.133 476
194.133 952
194.14 1428
194.338 476
194.338 952
194.345 1428
194.543 476
194.543 952
194.55 1428
194.748 476
194.748 952
194.755 1428
194.953 476
194.953 952
194.961 1428
195.159 476
195.159 952
195.166 1428
195.364 476
195.364 952
195.371 1428
195.569 476
195.569 952
195.576 1428
195.774 476
195.774 952
195.781 1428
195.979 476
195.979 952
195.986 1428
196.184 476
196.184 952
196.192 1428
196.39 476
196.39 952
196.397 1428
196.595 476
196.595 952
196.602 1428
196.8 476
196.8 952
196.807 1428
197.005 476
197.005 952
197.012 1428
197.21 476
197.21 952
197.217 1428
197.415 476
197.415 952
197.423 1428
197.621 476
197.621 952
197.628 1428
197.826 476
197.826 952
197.833 1428
198.031 476
198.031 952
198.038 1428
198.236 476
198.236 952
198.243 1428
198.441 476
198.441 952
198.448 1428
198.646 476
198.646 952
198.654 1428
198.852 476
198.852 952
198.859 1428
199.057 476
199.057 952
199.064 1428
199.262 476
199.262 952
199.269 1428
199.467 476
199.467 952
199.474 1428
199.672 476
199.672 952
199.679 1428
199.877 476
199.877 952
199.885 1428
200.083 476
200.083 952
200.09 1428
200.295 0
200.295 476
200.302 952
200.309 1428
200.507 476
200.507 952
200.514 1428
200.712 476
200.712 952
200.719 1428
200.917 476
200.917 952
200.924 1428
