0.0 0
0.0941392 4294967295
0.178851 4294967295
0.184653 4294967295
0.190466 4294967295
0.196279 4294967295
0.202093 4294967295
10.1808 4294967295
10.1866 4294967295
10.1866 4294967295
10.1924 4294967295
10.1924 4294967295
10.1982 4294967295
10.1982 4294967295
10.204 4294967295
10.204 4294967295
10.2099 4294967295
10.2099 4294967295
10.2157 4294967295
10.2157 4294967295
10.2215 4294967295
10.2215 4294967295
10.2273 4294967295
10.2273 4294967295
10.2331 4294967295
10.2331 4294967295
10.2389 4294967295
10.2389 4294967295
10.2447 4294967295
10.2447 4294967295
10.2506 4294967295
10.2506 4294967295
10.2564 4294967295
10.2564 4294967295
10.2622 4294967295
10.2622 4294967295
10.3469 4294967295
10.3469 4294967295
10.4316 4294967295
10.4316 4294967295
10.5163 4294967295
10.5163 4294967295
10.601 4294967295
10.601 4294967295
10.6857 4294967295
10.6857 4294967295
10.7704 4294967295
10.7704 4294967295
10.8551 4294967295
10.8551 4294967295
10.9398 4294967295
10.9398 4294967295
11.0245 4294967295
11.0245 4294967295
11.1092 4294967295
11.1092 4294967295
11.1939 4294967295
11.1939 4294967295
11.2786 4294967295
11.2786 4294967295
11.3633 4294967295
11.3633 4294967295
11.448 4294967295
11.448 4294967295
11.5327 4294967295
11.5327 4294967295
11.6174 4294967295
11.6174 4294967295
11.7021 4294967295
11.7021 4294967295
11.7868 4294967295
11.7868 4294967295
11.8715 4294967295
11.8715 4294967295
11.9562 4294967295
11.9562 4294967295
12.0409 4294967295
12.0409 4294967295
12.1256 4294967295
12.1256 4294967295
12.2103 4294967295
12.2103 4294967295
12.295 4294967295
12.295 4294967295
12.3797 4294967295
12.3797 4294967295
12.4644 4294967295
12.4644 4294967295
12.5491 4294967295
12.5491 4294967295
12.6338 4294967295
12.6338 4294967295
12.7185 4294967295
12.7185 4294967295
12.8032 4294967295
12.8032 4294967295
12.8879 4294967295
12.8879 4294967295
12.9726 4294967295
12.9726 4294967295
13.0573 4294967295
13.0573 4294967295
13.142 4294967295
13.142 4294967295
13.2267 4294967295
13.2267 4294967295
13.3114 4294967295
13.3114 4294967295
13.3961 4294967295
13.3961 4294967295
13.4808 4294967295
13.4808 4294967295
13.5655 4294967295
13.5655 4294967295
13.6502 4294967295
13.6502 4294967295
13.7349 4294967295
13.7349 4294967295
13.8196 4294967295
13.8196 4294967295
13.9043 4294967295
13.9043 4294967295
13.989 4294967295
13.989 4294967295
14.0737 4294967295
14.0737 4294967295
14.1584 4294967295
14.1584 4294967295
14.2431 4294967295
14.2431 4294967295
14.3278 4294967295
14.3278 4294967295
14.4125 4294967295
14.4125 4294967295
14.4972 4294967295
14.4972 4294967295
14.5819 4294967295
14.5819 4294967295
14.6666 4294967295
14.6666 4294967295
14.7513 4294967295
14.7513 4294967295
14.836 4294967295
14.836 4294967295
14.9207 4294967295
14.9207 4294967295
15.0054 4294967295
15.0054 4294967295
15.0901 4294967295
15.0901 4294967295
15.1748 4294967295
15.1748 4294967295
15.2595 4294967295
15.2595 4294967295
15.3442 4294967295
15.3442 4294967295
15.4289 4294967295
15.4289 4294967295
15.5136 4294967295
15.5136 4294967295
15.5983 4294967295
15.5983 4294967295
15.683 4294967295
15.683 4294967295
15.7677 4294967295
15.7677 4294967295
15.8524 4294967295
15.8524 4294967295
15.9371 4294967295
15.9371 4294967295
16.0218 4294967295
16.0218 4294967295
16.1065 4294967295
16.1065 4294967295
16.1912 4294967295
16.1912 4294967295
16.2759 4294967295
16.2759 4294967295
16.3606 4294967295
16.3606 4294967295
16.4453 4294967295
16.4453 4294967295
16.53 4294967295
16.53 4294967295
16.6147 4294967295
16.6147 4294967295
16.6994 4294967295
16.6994 4294967295
16.7841 4294967295
16.7841 4294967295
16.8688 4294967295
16.8688 4294967295
16.9535 4294967295
16.9535 4294967295
17.0382 4294967295
17.0382 4294967295
17.1229 4294967295
17.1229 4294967295
17.2076 4294967295
17.2076 4294967295
17.2923 4294967295
17.2923 4294967295
17.377 4294967295
17.377 4294967295
17.4617 4294967295
17.4617 4294967295
17.5464 4294967295
17.5464 4294967295
17.6311 4294967295
17.6311 4294967295
17.7158 4294967295
17.7158 4294967295
17.8005 4294967295
17.8005 4294967295
17.8852 4294967295
17.8852 4294967295
17.9699 4294967295
17.9699 4294967295
18.0546 4294967295
18.0546 4294967295
18.1394 4294967295
18.1394 4294967295
18.2241 4294967295
18.2241 4294967295
18.3088 4294967295
18.3088 4294967295
18.3935 4294967295
18.3935 4294967295
18.4782 4294967295
18.4782 4294967295
18.5629 4294967295
18.5629 4294967295
18.6476 4294967295
18.6476 4294967295
18.7323 4294967295
18.7323 4294967295
18.817 4294967295
18.817 4294967295
18.9017 4294967295
18.9017 4294967295
18.9864 4294967295
18.9864 4294967295
19.0711 4294967295
19.0711 4294967295
19.1558 4294967295
19.1558 4294967295
19.2405 4294967295
19.2405 4294967295
19.3252 4294967295
19.3252 4294967295
19.4099 4294967295
19.4099 4294967295
19.4946 4294967295
19.4946 4294967295
19.5793 4294967295
19.5793 4294967295
19.664 4294967295
19.664 4294967295
19.7487 4294967295
19.7487 4294967295
19.8334 4294967295
19.8334 4294967295
19.9181 4294967295
19.9181 4294967295
20.0028 4294967295
20.0028 4294967295
20.0875 4294967295
20.0875 4294967295
20.1722 4294967295
20.1722 4294967295
20.2569 4294967295
20.2569 4294967295
20.3416 4294967295
20.3416 4294967295
20.4263 4294967295
20.4263 4294967295
20.511 4294967295
20.511 4294967295
20.5991 4294967295
20.5991 4294967295
20.7161 4294967295
20.7161 4294967295
20.8331 4294967295
20.8331 4294967295
20.9501 4294967295
20.9501 4294967295
21.0672 4294967295
21.0672 4294967295
21.1524 4294967295
21.1524 4294967295
21.2384 4294967295
21.2384 4294967295
21.3254 4294967295
21.3254 4294967295
21.4131 4294967295
21.4131 4294967295
21.5085 4294967295
21.5085 4294967295
21.6001 4294967295
21.6001 4294967295
21.6913 4294967295
21.6913 4294967295
21.7833 4294967295
21.7833 4294967295
21.8761 4294967295
21.8761 4294967295
21.9698 4294967295
21.9698 4294967295
22.0644 4294967295
22.0644 4294967295
22.1636 4294967295
22.1636 4294967295
22.2645 4294967295
22.2645 4294967295
22.3625 4294967295
22.3625 4294967295
22.4613 4294967295
22.4613 4294967295
22.5609 4294967295
22.5609 4294967295
22.6614 4294967295
22.6614 4294967295
22.7627 4294967295
22.7627 4294967295
22.8708 4294967295
22.8708 4294967295
22.9756 4294967295
22.9756 4294967295
23.0803 4294967295
23.0803 4294967295
23.1859 4294967295
23.1859 4294967295
23.2923 4294967295
23.2923 4294967295
23.3996 4294967295
23.3996 4294967295
23.509 4294967295
23.509 4294967295
23.6226 4294967295
23.6226 4294967295
23.732 4294967295
23.732 4294967295
23.8422 4294967295
23.8422 4294967295
23.9533 4294967295
23.9533 4294967295
24.0653 4294967295
24.0653 4294967295
24.178 4294967295
24.178 4294967295
24.2925 4294967295
24.2925 4294967295
24.4019 4294967295
24.4019 4294967295
24.5122 4294967295
24.5122 4294967295
24.6232 4294967295
24.6232 4294967295
24.7352 4294967295
24.7352 4294967295
24.848 4294967295
24.848 4294967295
24.9633 4294967295
24.9633 4294967295
25.0727 4294967295
25.0727 4294967295
25.1829 4294967295
25.1829 4294967295
25.294 4294967295
25.294 4294967295
25.4059 4294967295
25.4059 4294967295
25.5187 4294967295
25.5187 4294967295
25.6349 4294967295
25.6349 4294967295
25.7443 4294967295
25.7443 4294967295
25.8545 4294967295
25.8545 4294967295
25.9656 4294967295
25.9656 4294967295
26.0776 4294967295
26.0776 4294967295
26.1903 4294967295
26.1903 4294967295
26.3069 4294967295
26.3069 4294967295
26.4163 4294967295
26.4163 4294967295
26.5266 4294967295
26.5266 4294967295
26.6377 4294967295
26.6377 4294967295
26.7496 4294967295
26.7496 4294967295
26.8624 4294967295
26.8624 4294967295
26.9794 4294967295
26.9794 4294967295
27.0884 4294967295
27.0884 4294967295
27.1982 4294967295
27.1982 4294967295
27.3089 4294967295
27.3089 4294967295
27.4204 4294967295
27.4204 4294967295
27.5327 4294967295
27.5327 4294967295
27.6502 4294967295
27.6502 4294967295
27.7587 4294967295
27.7587 4294967295
27.8681 4294967295
27.8681 4294967295
27.9784 4294967295
27.9784 4294967295
28.0894 4294967295
28.0894 4294967295
28.2014 4294967295
28.2014 4294967295
28.3184 4294967295
28.3184 4294967295
28.4269 4294967295
28.4269 4294967295
28.5363 4294967295
28.5363 4294967295
28.6466 4294967295
28.6466 4294967295
28.7577 4294967295
28.7577 4294967295
28.8696 4294967295
28.8696 4294967295
28.9866 4294967295
28.9866 4294967295
29.0952 4294967295
29.0952 4294967295
29.2046 4294967295
29.2046 4294967295
29.3148 4294967295
29.3148 4294967295
29.4259 4294967295
29.4259 4294967295
29.5378 4294967295
29.5378 4294967295
29.6548 4294967295
29.6548 4294967295
29.7642 4294967295
29.7642 4294967295
29.8736 4294967295
29.8736 4294967295
29.9839 4294967295
29.9839 4294967295
30.095 4294967295
30.095 4294967295
30.2069 4294967295
30.2069 4294967295
30.293 4294967295
30.293 4294967295
30.3786 4294967295
30.3786 4294967295
30.4633 4294967295
30.4633 4294967295
30.548 4294967295
30.548 4294967295
30.6396 4294967295
30.6396 4294967295
30.7308 4294967295
30.7308 4294967295
30.8194 4294967295
30.8194 4294967295
30.9088 4294967295
30.9088 4294967295
30.9992 4294967295
30.9992 4294967295
31.0903 4294967295
31.0903 4294967295
31.1823 4294967295
31.1823 4294967295
31.2752 4294967295
31.2752 4294967295
31.3778 4294967295
31.3778 4294967295
31.4732 4294967295
31.4732 4294967295
31.5694 4294967295
31.5694 4294967295
31.6665 4294967295
31.6665 4294967295
31.7645 4294967295
31.7645 4294967295
31.8633 4294967295
31.8633 4294967295
31.9629 4294967295
31.9629 4294967295
32.0723 4294967295
32.0723 4294967295
32.1745 4294967295
32.1745 4294967295
32.2775 4294967295
32.2775 4294967295
32.3814 4294967295
32.3814 4294967295
32.4861 4294967295
32.4861 4294967295
32.5917 4294967295
32.5917 4294967295
32.7024 4294967295
32.7024 4294967295
32.813 4294967295
32.813 4294967295
32.9224 4294967295
32.9224 4294967295
33.0327 4294967295
33.0327 4294967295
33.1437 4294967295
33.1437 4294967295
33.2557 4294967295
33.2557 4294967295
33.3702 4294967295
33.3702 4294967295
33.4829 4294967295
33.4829 4294967295
33.5923 4294967295
33.5923 4294967295
33.7026 4294967295
33.7026 4294967295
33.8137 4294967295
33.8137 4294967295
33.9256 4294967295
33.9256 4294967295
34.0388 4294967295
34.0388 4294967295
34.1533 4294967295
34.1533 4294967295
34.2627 4294967295
34.2627 4294967295
34.3729 4294967295
34.3729 4294967295
34.484 4294967295
34.484 4294967295
34.5959 4294967295
34.5959 4294967295
34.7087 4294967295
34.7087 4294967295
34.8245 4294967295
34.8245 4294967295
34.9339 4294967295
34.9339 4294967295
35.0441 4294967295
35.0441 4294967295
35.1552 4294967295
35.1552 4294967295
35.2671 4294967295
35.2671 4294967295
35.3799 4294967295
35.3799 4294967295
35.4969 4294967295
35.4969 4294967295
35.6059 4294967295
35.6059 4294967295
35.7157 4294967295
35.7157 4294967295
35.8264 4294967295
35.8264 4294967295
35.9379 4294967295
35.9379 4294967295
36.0503 4294967295
36.0503 4294967295
36.1673 4294967295
36.1673 4294967295
36.2758 4294967295
36.2758 4294967295
36.3852 4294967295
36.3852 4294967295
36.4955 4294967295
36.4955 4294967295
36.6066 4294967295
36.6066 4294967295
36.7185 4294967295
36.7185 4294967295
36.8355 4294967295
36.8355 4294967295
36.9441 4294967295
36.9441 4294967295
37.0534 4294967295
37.0534 4294967295
37.1637 4294967295
37.1637 4294967295
37.2748 4294967295
37.2748 4294967295
37.3867 4294967295
37.3867 4294967295
37.5037 4294967295
37.5037 4294967295
37.614 4294967295
37.614 4294967295
37.7234 4294967295
37.7234 4294967295
37.8336 4294967295
37.8336 4294967295
37.9447 4294967295
37.9447 4294967295
38.0566 4294967295
38.0566 4294967295
38.172 4294967295
38.172 4294967295
38.2839 4294967295
38.2839 4294967295
38.3933 4294967295
38.3933 4294967295
38.5035 4294967295
38.5035 4294967295
38.6146 4294967295
38.6146 4294967295
38.7266 4294967295
38.7266 4294967295
38.8402 4294967295
38.8402 4294967295
38.9538 4294967295
38.9538 4294967295
39.0632 4294967295
39.0632 4294967295
39.1734 4294967295
39.1734 4294967295
39.2845 4294967295
39.2845 4294967295
39.3965 4294967295
39.3965 4294967295
39.5093 4294967295
39.5093 4294967295
39.6246 4294967295
39.6246 4294967295
39.734 4294967295
39.734 4294967295
39.8442 4294967295
39.8442 4294967295
39.9553 4294967295
39.9553 4294967295
40.0672 4294967295
40.0672 4294967295
40.1801 4294967295
40.1801 4294967295
40.301 4294967295
40.301 4294967295
40.4214 4294967295
40.4214 4294967295
40.5469 4294967295
40.5469 4294967295
40.6681 4294967295
40.6681 4294967295
40.8013 4294967295
40.8013 4294967295
40.9887 4294967295
40.9887 4294967295
41.1942 4294967295
41.1942 4294967295
41.2253 4294967295
41.2253 4294967295
41.4585 4294967295
41.4585 4294967295
41.6614 4294967295
41.6614 4294967295
41.6946 4294967295
41.6946 4294967295
41.9278 4294967295
41.9278 4294967295
42.1308 4294967295
42.1308 4294967295
42.1348 4294967295
42.1348 4294967295
42.3281 4294967295
42.3281 4294967295
42.5319 4294967295
42.5319 4294967295
42.5452 4294967295
42.5452 4294967295
42.7737 4294967295
42.7737 4294967295
42.9771 4294967295
42.9771 4294967295
43.0031 4294967295
43.0031 4294967295
43.2333 4294967295
43.2333 4294967295
43.4367 4294967295
43.4367 4294967295
43.467 4294967295
43.467 4294967295
43.6976 4294967295
43.6976 4294967295
43.901 4294967295
43.901 4294967295
43.927 4294967295
43.927 4294967295
44.1572 4294967295
44.1572 4294967295
44.3602 4294967295
44.3602 4294967295
44.3904 4294967295
44.3904 4294967295
44.6198 4294967295
44.6198 4294967295
44.8232 4294967295
44.8232 4294967295
44.8479 4294967295
44.8479 4294967295
45.0765 4294967295
45.0765 4294967295
45.279 4294967295
45.279 4294967295
45.3084 4294967295
45.3084 4294967295
45.5378 4294967295
45.5378 4294967295
45.7407 4294967295
45.7407 4294967295
45.7612 4294967295
45.7612 4294967295
45.983 4294967295
45.983 4294967295
46.1868 4294967295
46.1868 4294967295
46.2111 4294967295
46.2111 4294967295
46.4405 4294967295
46.4405 4294967295
46.643 4294967295
46.643 4294967295
46.6669 4294967295
46.6669 4294967295
46.8891 4294967295
46.8891 4294967295
47.0925 4294967295
47.0925 4294967295
47.118 4294967295
47.118 4294967295
47.3483 4294967295
47.3483 4294967295
47.5512 4294967295
47.5512 4294967295
47.5772 4294967295
47.5772 4294967295
47.8007 4294967295
47.8007 4294967295
48.0041 4294967295
48.0041 4294967295
48.0313 4294967295
48.0313 4294967295
48.2628 4294967295
48.2628 4294967295
48.4654 4294967295
48.4654 4294967295
48.4926 4294967295
48.4926 4294967295
48.7195 4294967295
48.7195 4294967295
48.9224 4294967295
48.9224 4294967295
48.9522 4294967295
48.9522 4294967295
49.1842 4294967295
49.1842 4294967295
49.3867 4294967295
49.3867 4294967295
49.4148 4294967295
49.4148 4294967295
49.6434 4294967295
49.6434 4294967295
49.8463 4294967295
49.8463 4294967295
49.8761 4294967295
49.8761 4294967295
50.1076 4294967295
50.1076 4294967295
50.3106 4294967295
50.3106 4294967295
50.3392 4294967295
50.3392 4294967295
50.5414 4294967295
50.5414 4294967295
50.7301 4294967295
50.7301 4294967295
50.9222 4294967295
50.9222 4294967295
51.093 4294967295
51.093 4294967295
51.2491 4294967295
51.2491 4294967295
51.4089 4294967295
51.4089 4294967295
51.5798 4294967295
51.5798 4294967295
51.7562 4294967295
51.7562 4294967295
51.9364 4294967295
51.9364 4294967295
52.1276 4294967295
52.1276 4294967295
52.331 4294967295
52.331 4294967295
52.3358 4294967295
52.3358 4294967295
52.5554 4294967295
52.5554 4294967295
52.7588 4294967295
52.7588 4294967295
52.792 4294967295
52.792 4294967295
53.0214 4294967295
53.0214 4294967295
53.2243 4294967295
53.2243 4294967295
53.255 4294967295
53.255 4294967295
53.4882 4294967295
53.4882 4294967295
53.6912 4294967295
53.6912 4294967295
53.7244 4294967295
53.7244 4294967295
53.9576 4294967295
53.9576 4294967295
54.1605 4294967295
54.1605 4294967295
54.1929 4294967295
54.1929 4294967295
54.4235 4294967295
54.4235 4294967295
54.6265 4294967295
54.6265 4294967295
54.6567 4294967295
54.6567 4294967295
54.8899 4294967295
54.8899 4294967295
55.0929 4294967295
55.0929 4294967295
55.1261 4294967295
55.1261 4294967295
55.3593 4294967295
55.3593 4294967295
55.5627 4294967295
55.5627 4294967295
55.5891 4294967295
55.5891 4294967295
55.81 4294967295
55.81 4294967295
56.013 4294967295
56.013 4294967295
56.036 4294967295
56.036 4294967295
56.2616 4294967295
56.2616 4294967295
56.465 4294967295
56.465 4294967295
56.4939 4294967295
56.4939 4294967295
56.7233 4294967295
56.7233 4294967295
56.9267 4294967295
56.9267 4294967295
56.9489 4294967295
56.9489 4294967295
57.1723 4294967295
57.1723 4294967295
57.3762 4294967295
57.3762 4294967295
57.403 4294967295
57.403 4294967295
57.6353 4294967295
57.6353 4294967295
57.8383 4294967295
57.8383 4294967295
57.8719 4294967295
57.8719 4294967295
58.0992 4294967295
58.0992 4294967295
58.3026 4294967295
58.3026 4294967295
58.326 4294967295
58.326 4294967295
58.5542 4294967295
58.5542 4294967295
58.7575 4294967295
58.7575 4294967295
58.7895 4294967295
58.7895 4294967295
59.0231 4294967295
59.0231 4294967295
59.2256 4294967295
59.2256 4294967295
59.2546 4294967295
59.2546 4294967295
59.4789 4294967295
59.4789 4294967295
59.6819 4294967295
59.6819 4294967295
59.7074 4294967295
59.7074 4294967295
59.9368 4294967295
59.9368 4294967295
60.1398 4294967295
60.1398 4294967295
60.1717 4294967295
60.1717 4294967295
60.4041 4294967295
60.4041 4294967295
60.6075 4294967295
60.6075 4294967295
60.6391 4294967295
60.6391 4294967295
60.8727 4294967295
60.8727 4294967295
61.0761 4294967295
61.0761 4294967295
61.1194 4294967295
61.1194 4294967295
61.3743 4294967295
61.3743 4294967295
61.5777 4294967295
61.5777 4294967295
61.6143 4294967295
61.6143 4294967295
61.9161 4294967295
61.9161 4294967295
62.1217 4294967295
62.1217 4294967295
62.2685 4294967295
62.2685 4294967295
62.6179 4294967295
62.6179 4294967295
62.8208 4294967295
62.8208 4294967295
62.9702 4294967295
62.9702 4294967295
63.3196 4294967295
63.3196 4294967295
63.5225 4294967295
63.5225 4294967295
63.6355 4294967295
63.6355 4294967295
63.9764 4294967295
63.9764 4294967295
64.1793 4294967295
64.1793 4294967295
64.3232 4294967295
64.3232 4294967295
64.6637 4294967295
64.6637 4294967295
64.8666 4294967295
64.8666 4294967295
65.0139 4294967295
65.0139 4294967295
65.3599 4294967295
65.3599 4294967295
65.5628 4294967295
65.5628 4294967295
65.7126 4294967295
65.7126 4294967295
66.0561 4294967295
66.0561 4294967295
66.259 4294967295
66.259 4294967295
66.405 4294967295
66.405 4294967295
66.7536 4294967295
66.7536 4294967295
66.9569 4294967295
66.9569 4294967295
67.1042 4294967295
67.1042 4294967295
67.4536 4294967295
67.4536 4294967295
67.6565 4294967295
67.6565 4294967295
67.8008 4294967295
67.8008 4294967295
68.146 4294967295
68.146 4294967295
68.3494 4294967295
68.3494 4294967295
68.492 4294967295
68.492 4294967295
68.8401 4294967295
68.8401 4294967295
69.0435 4294967295
69.0435 4294967295
69.186 4294967295
69.186 4294967295
69.532 4294967295
69.532 4294967295
69.735 4294967295
69.735 4294967295
69.8793 4294967295
69.8793 4294967295
70.2206 4294967295
70.2206 4294967295
70.4236 4294967295
70.4236 4294967295
70.5708 4294967295
70.5708 4294967295
70.9134 4294967295
70.9134 4294967295
71.1164 4294967295
71.1164 4294967295
71.2645 4294967295
71.2645 4294967295
71.6079 4294967295
71.6079 4294967295
71.8109 4294967295
71.8109 4294967295
71.8806 4294967295
71.8806 4294967295
72.1345 4294967295
72.1345 4294967295
72.3367 4294967295
72.3367 4294967295
72.394 4294967295
72.394 4294967295
72.6548 4294967295
72.6548 4294967295
72.8586 4294967295
72.8586 4294967295
72.9236 4294967295
72.9236 4294967295
73.2047 4294967295
73.2047 4294967295
73.4081 4294967295
73.4081 4294967295
73.5049 4294967295
73.5049 4294967295
73.8009 4294967295
73.8009 4294967295
74.0043 4294967295
74.0043 4294967295
74.1184 4294967295
74.1184 4294967295
74.4525 4294967295
74.4525 4294967295
74.6564 4294967295
74.6564 4294967295
74.8049 4294967295
74.8049 4294967295
75.1543 4294967295
75.1543 4294967295
75.3572 4294967295
75.3572 4294967295
75.5053 4294967295
75.5053 4294967295
75.8454 4294967295
75.8454 4294967295
76.0492 4294967295
76.0492 4294967295
76.1977 4294967295
76.1977 4294967295
76.5471 4294967295
76.5471 4294967295
76.7501 4294967295
76.7501 4294967295
76.8995 4294967295
76.8995 4294967295
77.2488 4294967295
77.2488 4294967295
77.4518 4294967295
77.4518 4294967295
77.6003 4294967295
77.6003 4294967295
77.9327 4294967295
77.9327 4294967295
78.1361 4294967295
78.1361 4294967295
78.2724 4294967295
78.2724 4294967295
78.6133 4294967295
78.6133 4294967295
78.8167 4294967295
78.8167 4294967295
78.9605 4294967295
78.9605 4294967295
79.3073 4294967295
79.3073 4294967295
79.5107 4294967295
79.5107 4294967295
79.6525 4294967295
79.6525 4294967295
79.9815 4294967295
79.9815 4294967295
80.1853 4294967295
80.1853 4294967295
80.319 4294967295
80.319 4294967295
80.6583 4294967295
80.6583 4294967295
80.8621 4294967295
80.8621 4294967295
81.0102 4294967295
81.0102 4294967295
81.3677 4294967295
81.3677 4294967295
81.5706 4294967295
81.5706 4294967295
81.7306 4294967295
81.7306 4294967295
82.0978 4294967295
82.0978 4294967295
82.3007 4294967295
82.3007 4294967295
82.4705 4294967295
82.4705 4294967295
82.7206 4294967295
82.7206 4294967295
82.9161 4294967295
82.9161 4294967295
83.0497 4294967295
83.0497 4294967295
83.1557 4294967295
83.1557 4294967295
83.2549 4294967295
83.2549 4294967295
83.3486 4294967295
83.3486 4294967295
83.4431 4294967295
83.4431 4294967295
83.5449 4294967295
83.5449 4294967295
83.6483 4294967295
83.6483 4294967295
83.7501 4294967295
83.7501 4294967295
83.854 4294967295
83.854 4294967295
83.96 4294967295
83.96 4294967295
84.0677 4294967295
84.0677 4294967295
84.1779 4294967295
84.1779 4294967295
84.2928 4294967295
84.2928 4294967295
84.4128 4294967295
84.4128 4294967295
84.5307 4294967295
84.5307 4294967295
84.6503 4294967295
84.6503 4294967295
84.7724 4294967295
84.7724 4294967295
84.897 4294967295
84.897 4294967295
85.0251 4294967295
85.0251 4294967295
85.1646 4294967295
85.1646 4294967295
85.3003 4294967295
85.3003 4294967295
85.4397 4294967295
85.4397 4294967295
85.5843 4294967295
85.5843 4294967295
85.7336 4294967295
85.7336 4294967295
85.896 4294967295
85.896 4294967295
86.0567 4294967295
86.0567 4294967295
86.2233 4294967295
86.2233 4294967295
86.3963 4294967295
86.3963 4294967295
86.5752 4294967295
86.5752 4294967295
86.7643 4294967295
86.7643 4294967295
86.956 4294967295
86.956 4294967295
87.1506 4294967295
87.1506 4294967295
87.3452 4294967295
87.3452 4294967295
87.5343 4294967295
87.5343 4294967295
87.7277 4294967295
87.7277 4294967295
87.9206 4294967295
87.9206 4294967295
88.1122 4294967295
88.1122 4294967295
88.2967 4294967295
88.2967 4294967295
88.4845 4294967295
88.4845 4294967295
88.6757 4294967295
88.6757 4294967295
88.8682 4294967295
88.8682 4294967295
89.0535 4294967295
89.0535 4294967295
89.2435 4294967295
89.2435 4294967295
89.4376 4294967295
89.4376 4294967295
89.6331 4294967295
89.6331 4294967295
89.8235 4294967295
89.8235 4294967295
90.0202 4294967295
90.0202 4294967295
90.2174 4294967295
90.2174 4294967295
90.4162 4294967295
90.4162 4294967295
90.6125 4294967295
90.6125 4294967295
90.811 4294967295
90.811 4294967295
91.0086 4294967295
91.0086 4294967295
91.2078 4294967295
91.2078 4294967295
91.4075 4294967295
91.4075 4294967295
91.6102 4294967295
91.6102 4294967295
91.8132 4294967295
91.8132 4294967295
91.8176 4294967295
91.8176 4294967295
92.024 4294967295
92.024 4294967295
92.2274 4294967295
92.2274 4294967295
92.2339 4294967295
92.2339 4294967295
92.4413 4294967295
92.4413 4294967295
92.6442 4294967295
92.6442 4294967295
92.6541 4294967295
92.6541 4294967295
92.8619 4294967295
92.8619 4294967295
93.0648 4294967295
93.0648 4294967295
93.0709 4294967295
93.0709 4294967295
93.271 4294967295
93.271 4294967295
93.4712 4294967295
93.4712 4294967295
93.6399 4294967295
93.6399 4294967295
93.7866 4294967295
93.7866 4294967295
93.9422 4294967295
93.9422 4294967295
94.1105 4294967295
94.1105 4294967295
94.2992 4294967295
94.2992 4294967295
94.4858 4294967295
94.4858 4294967295
94.68 4294967295
94.68 4294967295
94.8835 4294967295
94.8835 4294967295
95.0869 4294967295
95.0869 4294967295
95.0993 4294967295
95.0993 4294967295
95.3236 4294967295
95.3236 4294967295
95.5274 4294967295
95.5274 4294967295
95.5708 4294967295
95.5708 4294967295
95.8167 4294967295
95.8167 4294967295
96.0201 4294967295
96.0201 4294967295
96.0783 4294967295
96.0783 4294967295
96.3505 4294967295
96.3505 4294967295
96.5544 4294967295
96.5544 4294967295
96.6439 4294967295
96.6439 4294967295
96.9335 4294967295
96.9335 4294967295
97.1365 4294967295
97.1365 4294967295
97.2325 4294967295
97.2325 4294967295
97.5293 4294967295
97.5293 4294967295
97.7322 4294967295
97.7322 4294967295
97.8311 4294967295
97.8311 4294967295
98.1237 4294967295
98.1237 4294967295
98.3271 4294967295
98.3271 4294967295
98.4256 4294967295
98.4256 4294967295
98.7254 4294967295
98.7254 4294967295
98.9279 4294967295
98.9279 4294967295
99.0294 4294967295
99.0294 4294967295
99.3232 4294967295
99.3232 4294967295
99.5262 4294967295
99.5262 4294967295
99.6251 4294967295
99.6251 4294967295
99.9283 4294967295
99.9283 4294967295
100.131 4294967295
100.131 4294967295
100.235 4294967295
100.235 4294967295
100.444 4294967295
100.444 4294967295
100.574 4294967295
100.574 4294967295
100.659 4294967295
100.659 4294967295
100.744 4294967295
100.744 4294967295
100.829 4294967295
100.829 4294967295
100.914 4294967295
100.914 4294967295
100.999 4294967295
100.999 4294967295
101.084 4294967295
101.084 4294967295
101.168 4294967295
101.168 4294967295
101.253 4294967295
101.253 4294967295
101.338 4294967295
101.338 4294967295
101.423 4294967295
101.423 4294967295
101.509 4294967295
101.509 4294967295
101.6 4294967295
101.6 4294967295
101.696 4294967295
101.696 4294967295
101.789 4294967295
101.789 4294967295
101.884 4294967295
101.884 4294967295
101.983 4294967295
101.983 4294967295
102.085 4294967295
102.085 4294967295
102.19 4294967295
102.19 4294967295
102.3 4294967295
102.3 4294967295
102.418 4294967295
102.418 4294967295
102.534 4294967295
102.534 4294967295
102.656 4294967295
102.656 4294967295
102.783 4294967295
102.783 4294967295
102.915 4294967295
102.915 4294967295
103.057 4294967295
103.057 4294967295
103.203 4294967295
103.203 4294967295
103.354 4294967295
103.354 4294967295
103.513 4294967295
103.513 4294967295
103.679 4294967295
103.679 4294967295
103.859 4294967295
103.859 4294967295
104.039 4294967295
104.039 4294967295
104.218 4294967295
104.218 4294967295
104.398 4294967295
104.398 4294967295
104.574 4294967295
104.574 4294967295
104.752 4294967295
104.752 4294967295
104.933 4294967295
104.933 4294967295
105.113 4294967295
105.113 4294967295
105.283 4294967295
105.283 4294967295
105.456 4294967295
105.456 4294967295
105.633 4294967295
105.633 4294967295
105.81 4294967295
105.81 4294967295
105.982 4294967295
105.982 4294967295
106.157 4294967295
106.157 4294967295
106.334 4294967295
106.334 4294967295
106.512 4294967295
106.512 4294967295
106.684 4294967295
106.684 4294967295
106.86 4294967295
106.86 4294967295
107.038 4294967295
107.038 4294967295
107.216 4294967295
107.216 4294967295
107.39 4294967295
107.39 4294967295
107.566 4294967295
107.566 4294967295
107.742 4294967295
107.742 4294967295
107.92 4294967295
107.92 4294967295
108.092 4294967295
108.092 4294967295
108.265 4294967295
108.265 4294967295
108.441 4294967295
108.441 4294967295
108.618 4294967295
108.618 4294967295
108.788 4294967295
108.788 4294967295
108.962 4294967295
108.962 4294967295
109.139 4294967295
109.139 4294967295
109.316 4294967295
109.316 4294967295
109.489 4294967295
109.489 4294967295
109.664 4294967295
109.664 4294967295
109.841 4294967295
109.841 4294967295
110.02 4294967295
110.02 4294967295
110.195 4294967295
110.195 4294967295
110.372 4294967295
110.372 4294967295
110.551 4294967295
110.551 4294967295
110.728 4294967295
110.728 4294967295
110.904 4294967295
110.904 4294967295
111.08 4294967295
111.08 4294967295
111.236 4294967295
111.236 4294967295
111.38 4294967295
111.38 4294967295
111.523 4294967295
111.523 4294967295
111.661 4294967295
111.661 4294967295
111.794 4294967295
111.794 4294967295
111.938 4294967295
111.938 4294967295
112.091 4294967295
112.091 4294967295
112.256 4294967295
112.256 4294967295
112.431 4294967295
112.431 4294967295
112.624 4294967295
112.624 4294967295
112.827 4294967295
112.827 4294967295
112.836 4294967295
112.836 4294967295
113.055 4294967295
113.055 4294967295
113.258 4294967295
113.258 4294967295
113.282 4294967295
113.282 4294967295
113.509 4294967295
113.509 4294967295
113.711 4294967295
113.711 4294967295
113.741 4294967295
113.741 4294967295
113.972 4294967295
113.972 4294967295
114.175 4294967295
114.175 4294967295
114.208 4294967295
114.208 4294967295
114.446 4294967295
114.446 4294967295
114.65 4294967295
114.65 4294967295
114.685 4294967295
114.685 4294967295
114.926 4294967295
114.926 4294967295
115.13 4294967295
115.13 4294967295
115.172 4294967295
115.172 4294967295
115.417 4294967295
115.417 4294967295
115.621 4294967295
115.621 4294967295
115.671 4294967295
115.671 4294967295
115.921 4294967295
115.921 4294967295
116.124 4294967295
116.124 4294967295
116.178 4294967295
116.178 4294967295
116.434 4294967295
116.434 4294967295
116.637 4294967295
116.637 4294967295
116.702 4294967295
116.702 4294967295
116.96 4294967295
116.96 4294967295
117.163 4294967295
117.163 4294967295
117.228 4294967295
117.228 4294967295
117.494 4294967295
117.494 4294967295
117.697 4294967295
117.697 4294967295
117.765 4294967295
117.765 4294967295
118.03 4294967295
118.03 4294967295
118.233 4294967295
118.233 4294967295
118.302 4294967295
118.302 4294967295
118.571 4294967295
118.571 4294967295
118.774 4294967295
118.774 4294967295
118.845 4294967295
118.845 4294967295
119.112 4294967295
119.112 4294967295
119.316 4294967295
119.316 4294967295
119.387 4294967295
119.387 4294967295
119.66 4294967295
119.66 4294967295
119.862 4294967295
119.862 4294967295
119.935 4294967295
119.935 4294967295
120.205 4294967295
120.205 4294967295
120.408 4294967295
120.408 4294967295
120.481 4294967295
120.481 4294967295
120.755 4294967295
120.755 4294967295
120.958 4294967295
120.958 4294967295
121.03 4294967295
121.03 4294967295
121.3 4294967295
121.3 4294967295
121.504 4294967295
121.504 4294967295
121.578 4294967295
121.578 4294967295
121.854 4294967295
121.854 4294967295
122.057 4294967295
122.057 4294967295
122.096 4294967295
122.096 4294967295
122.296 4294967295
122.296 4294967295
122.496 4294967295
122.496 4294967295
122.7 4294967295
122.7 4294967295
122.707 4294967295
122.707 4294967295
122.929 4294967295
122.929 4294967295
123.132 4294967295
123.132 4294967295
123.169 4294967295
123.169 4294967295
123.421 4294967295
123.421 4294967295
123.624 4294967295
123.624 4294967295
123.7 4294967295
123.7 4294967295
123.974 4294967295
123.974 4294967295
124.177 4294967295
124.177 4294967295
124.257 4294967295
124.257 4294967295
124.54 4294967295
124.54 4294967295
124.743 4294967295
124.743 4294967295
124.827 4294967295
124.827 4294967295
125.11 4294967295
125.11 4294967295
125.313 4294967295
125.313 4294967295
125.399 4294967295
125.399 4294967295
125.686 4294967295
125.686 4294967295
125.888 4294967295
125.888 4294967295
125.974 4294967295
125.974 4294967295
126.263 4294967295
126.263 4294967295
126.467 4294967295
126.467 4294967295
126.552 4294967295
126.552 4294967295
126.842 4294967295
126.842 4294967295
127.045 4294967295
127.045 4294967295
127.132 4294967295
127.132 4294967295
127.42 4294967295
127.42 4294967295
127.623 4294967295
127.623 4294967295
127.711 4294967295
127.711 4294967295
128.007 4294967295
128.007 4294967295
128.21 4294967295
128.21 4294967295
128.301 4294967295
128.301 4294967295
128.595 4294967295
128.595 4294967295
128.798 4294967295
128.798 4294967295
128.893 4294967295
128.893 4294967295
129.185 4294967295
129.185 4294967295
129.388 4294967295
129.388 4294967295
129.486 4294967295
129.486 4294967295
129.784 4294967295
129.784 4294967295
129.986 4294967295
129.986 4294967295
130.086 4294967295
130.086 4294967295
130.385 4294967295
130.385 4294967295
130.589 4294967295
130.589 4294967295
130.687 4294967295
130.687 4294967295
130.99 4294967295
130.99 4294967295
131.193 4294967295
131.193 4294967295
131.301 4294967295
131.301 4294967295
131.604 4294967295
131.604 4294967295
131.808 4294967295
131.808 4294967295
131.912 4294967295
131.912 4294967295
132.219 4294967295
132.219 4294967295
132.422 4294967295
132.422 4294967295
132.53 4294967295
132.53 4294967295
132.771 4294967295
132.771 4294967295
132.974 4294967295
132.974 4294967295
133.009 4294967295
133.009 4294967295
133.254 4294967295
133.254 4294967295
133.457 4294967295
133.457 4294967295
133.512 4294967295
133.512 4294967295
133.776 4294967295
133.776 4294967295
133.979 4294967295
133.979 4294967295
134.053 4294967295
134.053 4294967295
134.339 4294967295
134.339 4294967295
134.543 4294967295
134.543 4294967295
134.65 4294967295
134.65 4294967295
134.952 4294967295
134.952 4294967295
135.156 4294967295
135.156 4294967295
135.274 4294967295
135.274 4294967295
135.587 4294967295
135.587 4294967295
135.79 4294967295
135.79 4294967295
135.91 4294967295
135.91 4294967295
136.231 4294967295
136.231 4294967295
136.434 4294967295
136.434 4294967295
136.555 4294967295
136.555 4294967295
136.875 4294967295
136.875 4294967295
137.078 4294967295
137.078 4294967295
137.207 4294967295
137.207 4294967295
137.526 4294967295
137.526 4294967295
137.729 4294967295
137.729 4294967295
137.856 4294967295
137.856 4294967295
138.185 4294967295
138.185 4294967295
138.388 4294967295
138.388 4294967295
138.513 4294967295
138.513 4294967295
138.835 4294967295
138.835 4294967295
139.038 4294967295
139.038 4294967295
139.173 4294967295
139.173 4294967295
139.501 4294967295
139.501 4294967295
139.704 4294967295
139.704 4294967295
139.838 4294967295
139.838 4294967295
140.174 4294967295
140.174 4294967295
140.377 4294967295
140.377 4294967295
140.505 4294967295
140.505 4294967295
140.841 4294967295
140.841 4294967295
141.045 4294967295
141.045 4294967295
141.182 4294967295
141.182 4294967295
141.519 4294967295
141.519 4294967295
141.723 4294967295
141.723 4294967295
141.864 4294967295
141.864 4294967295
142.206 4294967295
142.206 4294967295
142.409 4294967295
142.409 4294967295
142.546 4294967295
142.546 4294967295
142.895 4294967295
142.895 4294967295
143.098 4294967295
143.098 4294967295
143.237 4294967295
143.237 4294967295
143.503 4294967295
143.503 4294967295
143.705 4294967295
143.705 4294967295
143.77 4294967295
143.77 4294967295
144.043 4294967295
144.043 4294967295
144.246 4294967295
144.246 4294967295
144.328 4294967295
144.328 4294967295
144.619 4294967295
144.619 4294967295
144.822 4294967295
144.822 4294967295
144.92 4294967295
144.92 4294967295
145.236 4294967295
145.236 4294967295
145.439 4294967295
145.439 4294967295
145.566 4294967295
145.566 4294967295
145.895 4294967295
145.895 4294967295
146.099 4294967295
146.099 4294967295
146.245 4294967295
146.245 4294967295
146.594 4294967295
146.594 4294967295
146.797 4294967295
146.797 4294967295
146.947 4294967295
146.947 4294967295
147.296 4294967295
147.296 4294967295
147.499 4294967295
147.499 4294967295
147.645 4294967295
147.645 4294967295
147.989 4294967295
147.989 4294967295
148.193 4294967295
148.193 4294967295
148.341 4294967295
148.341 4294967295
148.691 4294967295
148.691 4294967295
148.894 4294967295
148.894 4294967295
149.043 4294967295
149.043 4294967295
149.392 4294967295
149.392 4294967295
149.595 4294967295
149.595 4294967295
149.737 4294967295
149.737 4294967295
150.068 4294967295
150.068 4294967295
150.271 4294967295
150.271 4294967295
150.388 4294967295
150.388 4294967295
150.602 4294967295
150.602 4294967295
150.748 4294967295
150.748 4294967295
150.849 4294967295
150.849 4294967295
150.934 4294967295
150.934 4294967295
151.019 4294967295
151.019 4294967295
151.103 4294967295
151.103 4294967295
151.188 4294967295
151.188 4294967295
151.273 4294967295
151.273 4294967295
151.361 4294967295
151.361 4294967295
151.458 4294967295
151.458 4294967295
151.549 4294967295
151.549 4294967295
151.641 4294967295
151.641 4294967295
151.736 4294967295
151.736 4294967295
151.832 4294967295
151.832 4294967295
151.93 4294967295
151.93 4294967295
152.03 4294967295
152.03 4294967295
152.138 4294967295
152.138 4294967295
152.244 4294967295
152.244 4294967295
152.35 4294967295
152.35 4294967295
152.459 4294967295
152.459 4294967295
152.57 4294967295
152.57 4294967295
152.684 4294967295
152.684 4294967295
152.801 4294967295
152.801 4294967295
152.923 4294967295
152.923 4294967295
153.044 4294967295
153.044 4294967295
153.167 4294967295
153.167 4294967295
153.292 4294967295
153.292 4294967295
153.42 4294967295
153.42 4294967295
153.557 4294967295
153.557 4294967295
153.691 4294967295
153.691 4294967295
153.828 4294967295
153.828 4294967295
153.967 4294967295
153.967 4294967295
154.109 4294967295
154.109 4294967295
154.261 4294967295
154.261 4294967295
154.409 4294967295
154.409 4294967295
154.561 4294967295
154.561 4294967295
154.716 4294967295
154.716 4294967295
154.873 4294967295
154.873 4294967295
155.038 4294967295
155.038 4294967295
155.203 4294967295
155.203 4294967295
155.371 4294967295
155.371 4294967295
155.542 4294967295
155.542 4294967295
155.716 4294967295
155.716 4294967295
155.887 4294967295
155.887 4294967295
156.063 4294967295
156.063 4294967295
156.239 4294967295
156.239 4294967295
156.412 4294967295
156.412 4294967295
156.584 4294967295
156.584 4294967295
156.759 4294967295
156.759 4294967295
156.935 4294967295
156.935 4294967295
157.106 4294967295
157.106 4294967295
157.275 4294967295
157.275 4294967295
157.446 4294967295
157.446 4294967295
157.619 4294967295
157.619 4294967295
157.791 4294967295
157.791 4294967295
157.96 4294967295
157.96 4294967295
158.13 4294967295
158.13 4294967295
158.303 4294967295
158.303 4294967295
158.475 4294967295
158.475 4294967295
158.643 4294967295
158.643 4294967295
158.812 4294967295
158.812 4294967295
158.984 4294967295
158.984 4294967295
159.157 4294967295
159.157 4294967295
159.324 4294967295
159.324 4294967295
159.494 4294967295
159.494 4294967295
159.665 4294967295
159.665 4294967295
159.839 4294967295
159.839 4294967295
160.007 4294967295
160.007 4294967295
160.177 4294967295
160.177 4294967295
160.35 4294967295
160.35 4294967295
160.525 4294967295
160.525 4294967295
160.693 4294967295
160.693 4294967295
160.865 4294967295
160.865 4294967295
161.04 4294967295
161.04 4294967295
161.215 4294967295
161.215 4294967295
161.355 4294967295
161.355 4294967295
161.468 4294967295
161.468 4294967295
161.573 4294967295
161.573 4294967295
161.68 4294967295
161.68 4294967295
161.79 4294967295
161.79 4294967295
161.902 4294967295
161.902 4294967295
162.021 4294967295
162.021 4294967295
162.143 4294967295
162.143 4294967295
162.269 4294967295
162.269 4294967295
162.401 4294967295
162.401 4294967295
162.543 4294967295
162.543 4294967295
162.696 4294967295
162.696 4294967295
162.86 4294967295
162.86 4294967295
163.041 4294967295
163.041 4294967295
163.232 4294967295
163.232 4294967295
163.435 4294967295
163.435 4294967295
163.44 4294967295
163.44 4294967295
163.661 4294967295
163.661 4294967295
163.864 4294967295
163.864 4294967295
163.889 4294967295
163.889 4294967295
164.113 4294967295
164.113 4294967295
164.316 4294967295
164.316 4294967295
164.338 4294967295
164.338 4294967295
164.56 4294967295
164.56 4294967295
164.762 4294967295
164.762 4294967295
164.782 4294967295
164.782 4294967295
165.002 4294967295
165.002 4294967295
165.205 4294967295
165.205 4294967295
165.227 4294967295
165.227 4294967295
165.449 4294967295
165.449 4294967295
165.652 4294967295
165.652 4294967295
165.659 4294967295
165.659 4294967295
165.863 4294967295
165.863 4294967295
166.066 4294967295
166.066 4294967295
166.072 4294967295
166.072 4294967295
166.281 4294967295
166.281 4294967295
166.484 4294967295
166.484 4294967295
166.493 4294967295
166.493 4294967295
166.698 4294967295
166.698 4294967295
166.901 4294967295
166.901 4294967295
166.91 4294967295
166.91 4294967295
167.123 4294967295
167.123 4294967295
167.326 4294967295
167.326 4294967295
167.338 4294967295
167.338 4294967295
167.547 4294967295
167.547 4294967295
167.75 4294967295
167.75 4294967295
167.764 4294967295
167.764 4294967295
167.98 4294967295
167.98 4294967295
168.182 4294967295
168.182 4294967295
168.194 4294967295
168.194 4294967295
168.405 4294967295
168.405 4294967295
168.609 4294967295
168.609 4294967295
168.624 4294967295
168.624 4294967295
168.839 4294967295
168.839 4294967295
169.043 4294967295
169.043 4294967295
169.054 4294967295
169.054 4294967295
169.264 4294967295
169.264 4294967295
169.467 4294967295
169.467 4294967295
169.482 4294967295
169.482 4294967295
169.698 4294967295
169.698 4294967295
169.901 4294967295
169.901 4294967295
169.912 4294967295
169.912 4294967295
170.121 4294967295
170.121 4294967295
170.325 4294967295
170.325 4294967295
170.338 4294967295
170.338 4294967295
170.553 4294967295
170.553 4294967295
170.756 4294967295
170.756 4294967295
170.767 4294967295
170.767 4294967295
170.977 4294967295
170.977 4294967295
171.18 4294967295
171.18 4294967295
171.194 4294967295
171.194 4294967295
171.409 4294967295
171.409 4294967295
171.612 4294967295
171.612 4294967295
171.623 4294967295
171.623 4294967295
171.786 4294967295
171.786 4294967295
171.919 4294967295
171.919 4294967295
172.051 4294967295
172.051 4294967295
172.186 4294967295
172.186 4294967295
172.33 4294967295
172.33 4294967295
172.473 4294967295
172.473 4294967295
172.624 4294967295
172.624 4294967295
172.785 4294967295
172.785 4294967295
172.949 4294967295
172.949 4294967295
173.122 4294967295
173.122 4294967295
173.305 4294967295
173.305 4294967295
173.5 4294967295
173.5 4294967295
173.702 4294967295
173.702 4294967295
173.905 4294967295
173.905 4294967295
173.921 4294967295
173.921 4294967295
174.142 4294967295
174.142 4294967295
174.345 4294967295
174.345 4294967295
174.371 4294967295
174.371 4294967295
174.599 4294967295
174.599 4294967295
174.802 4294967295
174.802 4294967295
174.833 4294967295
174.833 4294967295
175.059 4294967295
175.059 4294967295
175.262 4294967295
175.262 4294967295
175.291 4294967295
175.291 4294967295
175.524 4294967295
175.524 4294967295
175.726 4294967295
175.726 4294967295
175.759 4294967295
175.759 4294967295
175.993 4294967295
175.993 4294967295
176.196 4294967295
176.196 4294967295
176.222 4294967295
176.222 4294967295
176.452 4294967295
176.452 4294967295
176.655 4294967295
176.655 4294967295
176.685 4294967295
176.685 4294967295
176.914 4294967295
176.914 4294967295
177.117 4294967295
177.117 4294967295
177.146 4294967295
177.146 4294967295
177.375 4294967295
177.375 4294967295
177.579 4294967295
177.579 4294967295
177.611 4294967295
177.611 4294967295
177.839 4294967295
177.839 4294967295
178.042 4294967295
178.042 4294967295
178.074 4294967295
178.074 4294967295
178.301 4294967295
178.301 4294967295
178.504 4294967295
178.504 4294967295
178.535 4294967295
178.535 4294967295
178.768 4294967295
178.768 4294967295
178.971 4294967295
178.971 4294967295
178.999 4294967295
178.999 4294967295
179.23 4294967295
179.23 4294967295
179.433 4294967295
179.433 4294967295
179.461 4294967295
179.461 4294967295
179.693 4294967295
179.693 4294967295
179.897 4294967295
179.897 4294967295
179.926 4294967295
179.926 4294967295
180.157 4294967295
180.157 4294967295
180.361 4294967295
180.361 4294967295
180.387 4294967295
180.387 4294967295
180.617 4294967295
180.617 4294967295
180.821 4294967295
180.821 4294967295
180.853 4294967295
180.853 4294967295
181.081 4294967295
181.081 4294967295
181.284 4294967295
181.284 4294967295
181.316 4294967295
181.316 4294967295
181.544 4294967295
181.544 4294967295
181.747 4294967295
181.747 4294967295
181.779 4294967295
181.779 4294967295
182.01 4294967295
182.01 4294967295
182.208 4294967295
182.208 4294967295
182.38 4294967295
182.38 4294967295
182.534 4294967295
182.534 4294967295
182.699 4294967295
182.699 4294967295
182.863 4294967295
182.863 4294967295
183.034 4294967295
183.034 4294967295
183.22 4294967295
183.22 4294967295
183.408 4294967295
183.408 4294967295
183.603 4294967295
183.603 4294967295
183.807 4294967295
183.807 4294967295
183.814 4294967295
183.814 4294967295
184.035 4294967295
184.035 4294967295
184.239 4294967295
184.239 4294967295
184.266 4294967295
184.266 4294967295
184.5 4294967295
184.5 4294967295
184.702 4294967295
184.702 4294967295
184.732 4294967295
184.732 4294967295
184.965 4294967295
184.965 4294967295
185.168 4294967295
185.168 4294967295
185.202 4294967295
185.202 4294967295
185.434 4294967295
185.434 4294967295
185.637 4294967295
185.637 4294967295
185.67 4294967295
185.67 4294967295
185.898 4294967295
185.898 4294967295
186.101 4294967295
186.101 4294967295
186.134 4294967295
186.134 4294967295
186.367 4294967295
186.367 4294967295
186.57 4294967295
186.57 4294967295
186.599 4294967295
186.599 4294967295
186.833 4294967295
186.833 4294967295
187.036 4294967295
187.036 4294967295
187.064 4294967295
187.064 4294967295
187.292 4294967295
187.292 4294967295
187.495 4294967295
187.495 4294967295
187.525 4294967295
187.525 4294967295
187.754 4294967295
187.754 4294967295
187.957 4294967295
187.957 4294967295
187.986 4294967295
187.986 4294967295
188.217 4294967295
188.217 4294967295
188.42 4294967295
188.42 4294967295
188.447 4294967295
188.447 4294967295
188.677 4294967295
188.677 4294967295
188.88 4294967295
188.88 4294967295
188.913 4294967295
188.913 4294967295
189.14 4294967295
189.14 4294967295
189.343 4294967295
189.343 4294967295
189.375 4294967295
189.375 4294967295
189.601 4294967295
189.601 4294967295
189.804 4294967295
189.804 4294967295
189.832 4294967295
189.832 4294967295
190.065 4294967295
190.065 4294967295
190.268 4294967295
190.268 4294967295
190.294 4294967295
190.294 4294967295
190.524 4294967295
190.524 4294967295
190.727 4294967295
190.727 4294967295
190.756 4294967295
190.756 4294967295
190.984 4294967295
190.984 4294967295
191.187 4294967295
191.187 4294967295
191.218 4294967295
191.218 4294967295
191.448 4294967295
191.448 4294967295
191.651 4294967295
191.651 4294967295
191.679 4294967295
191.679 4294967295
191.912 4294967295
191.912 4294967295
192.115 4294967295
192.115 4294967295
192.141 4294967295
192.141 4294967295
192.371 4294967295
192.371 4294967295
192.574 4294967295
192.574 4294967295
192.607 4294967295
192.607 4294967295
192.785 4294967295
192.785 4294967295
192.942 4294967295
192.942 4294967295
193.104 4294967295
193.104 4294967295
193.273 4294967295
193.273 4294967295
193.445 4294967295
193.445 4294967295
193.623 4294967295
193.623 4294967295
193.807 4294967295
193.807 4294967295
194.008 4294967295
194.008 4294967295
194.209 4294967295
194.209 4294967295
194.412 4294967295
194.412 4294967295
194.429 4294967295
194.429 4294967295
194.65 4294967295
194.65 4294967295
194.854 4294967295
194.854 4294967295
194.884 4294967295
194.884 4294967295
195.118 4294967295
195.118 4294967295
195.321 4294967295
195.321 4294967295
195.353 4294967295
195.353 4294967295
195.582 4294967295
195.582 4294967295
195.785 4294967295
195.785 4294967295
195.818 4294967295
195.818 4294967295
196.051 4294967295
196.051 4294967295
196.254 4294967295
196.254 4294967295
196.287 4294967295
196.287 4294967295
196.521 4294967295
196.521 4294967295
196.723 4294967295
196.723 4294967295
196.751 4294967295
196.751 4294967295
196.984 4294967295
196.984 4294967295
197.187 4294967295
197.187 4294967295
197.213 4294967295
197.213 4294967295
197.442 4294967295
197.442 4294967295
197.646 4294967295
197.646 4294967295
197.677 4294967295
197.677 4294967295
197.909 4294967295
197.909 4294967295
198.111 4294967295
198.111 4294967295
198.14 4294967295
198.14 4294967295
198.369 4294967295
198.369 4294967295
198.573 4294967295
198.573 4294967295
198.6 4294967295
198.6 4294967295
198.831 4294967295
198.831 4294967295
199.035 4294967295
199.035 4294967295
199.067 4294967295
199.067 4294967295
199.235 4294967295
199.235 4294967295
199.319 4294967295
199.319 4294967295
199.404 4294967295
199.404 4294967295
199.489 4294967295
199.489 4294967295
199.573 4294967295
199.573 4294967295
199.658 4294967295
199.658 4294967295
199.743 4294967295
199.743 4294967295
199.828 4294967295
199.828 4294967295
199.912 4294967295
199.912 4294967295
199.997 4294967295
199.997 4294967295
200.085 4294967295
200.085 4294967295
200.172 4294967295
200.172 4294967295
200.257 4294967295
200.257 4294967295
200.342 4294967295
200.342 4294967295
200.426 4294967295
200.426 4294967295
200.511 4294967295
200.511 4294967295
200.596 4294967295
200.596 4294967295
200.68 4294967295
200.68 4294967295
200.765 4294967295
200.765 4294967295
200.85 4294967295
200.85 4294967295
200.934 4294967295
200.934 4294967295
