0.0 3
0.214232 0.612
0.419411 0.511125
0.433518 0.443234
0.447635 0.391455
0.461753 0.351867
0.475871 0.321516
0.624579 0.450051
0.638697 0.404979
0.652814 0.369369
0.666932 0.341083
0.68105 0.317611
0.695167 0.298939
0.709285 0.284874
0.723403 0.273367
0.737521 0.263898
0.829747 0.334677
0.843865 0.319473
0.857982 0.306136
0.8721 0.293567
0.886218 0.282801
0.900335 0.27443
0.914453 0.266985
0.928571 0.260381
0.942689 0.254536
1.03491 0.327399
1.04903 0.313428
1.06315 0.301121
1.07727 0.291166
1.09139 0.282159
1.1055 0.274055
1.11962 0.266798
1.13374 0.260323
1.14786 0.254564
1.24008 0.328496
1.2542 0.314446
1.26832 0.302931
1.28244 0.292533
1.29655 0.283192
1.31067 0.274837
1.32479 0.267391
1.33891 0.260773
1.35302 0.254031
1.44525 0.327984
1.45937 0.315064
1.47349 0.303364
1.4876 0.292832
1.50172 0.283393
1.51584 0.274968
1.52996 0.267472
1.54407 0.259944
1.55819 0.253536
1.65042 0.326401
1.66454 0.313834
1.67865 0.302404
1.69277 0.292078
1.70689 0.282799
1.72101 0.273623
1.73513 0.265706
1.74924 0.259739
1.76336 0.254331
1.85559 0.327056
1.8697 0.314258
1.88382 0.302664
1.89794 0.292221
1.91206 0.281987
1.92618 0.273115
1.94029 0.266289
1.95441 0.260113
1.96853 0.254556
2.06075 0.327263
2.07487 0.314371
2.08899 0.302711
2.10311 0.29135
2.11723 0.281445
2.13134 0.273682
2.14546 0.266659
2.15958 0.260343
2.1737 0.254687
2.26592 0.327389
2.28004 0.313559
2.29416 0.30134
2.30828 0.291435
2.32239 0.282453
2.33651 0.274357
2.35063 0.267095
2.36475 0.260608
2.37886 0.254832
2.47109 0.32866
2.48521 0.314611
2.49933 0.303091
2.51344 0.292684
2.52756 0.283333
2.54168 0.274968
2.5558 0.26751
2.56991 0.260881
2.58403 0.254129
2.67626 0.328046
2.69038 0.315123
2.70449 0.303419
2.71861 0.292882
2.73273 0.28344
2.74685 0.275011
2.76097 0.26751
2.77508 0.259978
2.7892 0.253567
2.88143 0.32642
2.89554 0.313852
2.90966 0.302421
2.92378 0.292094
2.9379 0.282814
2.95202 0.273636
2.96613 0.265718
2.98025 0.259749
2.99437 0.25434
3.08659 0.327062
3.10071 0.314264
3.11483 0.302669
3.12895 0.292226
3.14307 0.281991
3.15718 0.273119
3.1713 0.266292
3.18542 0.260116
3.19954 0.254559
3.29176 0.327265
3.30588 0.314372
3.32 0.302713
3.33412 0.291351
3.34823 0.282322
3.36235 0.274199
3.37647 0.266924
3.39059 0.260434
3.4047 0.254661
3.49693 0.327434
3.51105 0.31352
3.52517 0.301248
3.53928 0.291311
3.5534 0.282312
3.56752 0.274209
3.58164 0.266947
3.59575 0.260465
3.60987 0.254696
3.7021 0.328577
3.71622 0.314527
3.73033 0.303009
3.74445 0.292606
3.75857 0.28326
3.77269 0.2749
3.78681 0.267448
3.80092 0.260825
3.81504 0.254078
3.90727 0.328013
3.92138 0.315092
3.9355 0.303391
3.94962 0.292856
3.96374 0.283416
3.97786 0.274989
3.99197 0.26749
4.00609 0.25996
4.02021 0.253551
4.11243 0.32641
4.12655 0.313842
4.14067 0.302412
4.15479 0.292086
4.16891 0.282806
4.18302 0.273629
4.19714 0.265712
4.21126 0.259744
4.22538 0.254335
4.3176 0.327059
4.33172 0.314261
4.34584 0.302666
4.35996 0.292224
4.37407 0.281989
4.38819 0.273117
4.40231 0.26629
4.41643 0.260114
4.43054 0.254557
4.52277 0.327264
4.53689 0.314371
4.55101 0.301837
4.56512 0.290835
4.57924 0.282057
4.59336 0.274108
4.60748 0.26695
4.62159 0.260536
4.63571 0.25481
4.72794 0.327496
4.74206 0.313622
4.75617 0.301372
4.77029 0.291447
4.78441 0.282451
4.79853 0.274345
4.81265 0.267078
4.82676 0.260587
4.84088 0.25481
4.93311 0.328648
4.94722 0.314597
4.96134 0.303076
4.97546 0.292669
4.98958 0.283319
5.0037 0.274954
5.01781 0.267497
5.03193 0.260869
5.04605 0.254118
5.13827 0.328039
5.15239 0.315116
5.16651 0.303413
5.18063 0.292876
5.19475 0.283434
5.20886 0.275006
5.22298 0.267505
5.2371 0.259974
5.25122 0.253563
5.34344 0.326418
5.35756 0.31385
5.37168 0.302419
5.3858 0.292092
5.39991 0.282812
5.41403 0.273634
5.42815 0.265716
5.44227 0.259748
5.45638 0.254339
5.54861 0.327061
5.56273 0.314263
5.57685 0.302668
5.59096 0.292226
5.60508 0.281991
5.6192 0.273118
5.63332 0.266292
5.64743 0.260115
5.66155 0.254558
5.75378 0.327264
5.7679 0.314372
5.78201 0.301837
5.79613 0.290835
5.81025 0.282058
5.82437 0.274108
5.83849 0.266951
5.8526 0.260536
5.86672 0.25481
5.95895 0.327497
5.97306 0.313622
5.98718 0.301373
6.0013 0.291447
6.01542 0.282451
6.02954 0.274346
6.04365 0.267078
6.05777 0.260588
6.07189 0.25481
6.16411 0.328648
6.17823 0.315472
6.19235 0.303591
6.20647 0.292933
6.22059 0.283409
6.2347 0.274927
6.24882 0.267395
6.26294 0.26072
6.27706 0.253943
6.36928 0.32795
6.3834 0.315001
6.39752 0.303285
6.41164 0.292743
6.42575 0.283302
6.43987 0.274878
6.45399 0.267385
6.46811 0.259862
6.48222 0.25346
6.57445 0.326354
6.58857 0.313787
6.60269 0.302359
6.6168 0.292036
6.63092 0.28276
6.64504 0.273587
6.65916 0.265673
6.67327 0.259709
6.68739 0.254304
6.77962 0.327039
6.79374 0.314242
6.80785 0.302649
6.82197 0.292208
6.83609 0.281974
6.85021 0.273103
6.86432 0.266278
6.87844 0.260103
6.89256 0.254548
6.98479 0.327257
6.9989 0.314366
7.01302 0.301831
7.02714 0.29083
7.04126 0.282053
7.05538 0.274104
7.06949 0.266947
7.08361 0.260533
7.09773 0.254807
7.18995 0.327495
7.20407 0.31362
7.21819 0.301371
7.23231 0.291446
7.24643 0.282449
7.26054 0.274344
7.27466 0.267077
7.28878 0.260587
7.3029 0.254809
7.39512 0.328647
7.40924 0.315471
7.42336 0.303591
7.43748 0.292932
7.45159 0.283408
7.46571 0.274927
7.47983 0.267394
7.49395 0.26072
7.50806 0.253942
7.60029 0.32795
7.61441 0.315001
7.62853 0.303285
7.64264 0.292743
7.65676 0.283302
7.67088 0.274878
7.685 0.267385
7.69911 0.259862
7.71323 0.254335
7.80546 0.327119
7.81958 0.314238
7.83369 0.30259
7.84781 0.292115
7.86193 0.282737
7.87605 0.273497
7.89016 0.265543
7.90428 0.259556
7.9184 0.254141
8.01063 0.32695
8.02474 0.314138
8.03886 0.302538
8.05298 0.292096
8.0671 0.281866
8.08122 0.273
8.09533 0.266182
8.10945 0.260015
8.12357 0.254467
8.21579 0.327207
8.22991 0.314316
8.24403 0.301785
8.25815 0.290786
8.27227 0.282013
8.28638 0.274067
8.3005 0.266913
8.31462 0.260503
8.32874 0.25478
8.42096 0.327477
8.43508 0.313604
8.4492 0.301356
8.46332 0.291432
8.47743 0.282437
8.49155 0.274333
8.50567 0.267067
8.51979 0.260577
8.5339 0.254801
8.62613 0.328642
8.64025 0.315466
8.65437 0.303586
8.66848 0.292928
8.6826 0.283404
8.69672 0.274923
8.71084 0.267391
8.72495 0.260717
8.73907 0.25394
8.8313 0.327949
8.84542 0.315
8.85953 0.303283
8.87365 0.292742
8.88777 0.283301
8.90189 0.274877
8.916 0.266509
8.93012 0.259345
8.94424 0.254071
9.03647 0.326837
9.05058 0.314121
9.0647 0.302584
9.07882 0.292182
9.09294 0.282851
9.10706 0.273638
9.12117 0.265697
9.13529 0.259714
9.14941 0.254296
9.24163 0.327041
9.25575 0.314234
9.26987 0.302635
9.28399 0.292191
9.29811 0.281956
9.31222 0.273084
9.32634 0.26626
9.34046 0.260085
9.35458 0.254531
9.4468 0.327247
9.46092 0.314355
9.47504 0.301821
9.48916 0.29082
9.50327 0.282044
9.51739 0.274096
9.53151 0.266939
9.54563 0.260526
9.55974 0.254801
9.65197 0.327491
9.66609 0.313616
9.68021 0.301367
9.69432 0.291442
9.70844 0.282446
9.72256 0.274342
9.73668 0.267074
9.75079 0.260584
9.76491 0.254807
9.85714 0.328646
9.87126 0.31547
9.88537 0.30359
9.89949 0.292931
9.91361 0.283407
9.92773 0.274926
9.94184 0.267393
9.95596 0.260719
9.97008 0.253942
10.0623 0.32795
10.0764 0.315001
10.0905 0.303284
10.1047 0.292743
10.1188 0.283302
10.1329 0.274878
10.147 0.26651
10.1611 0.259346
10.1752 0.254071
10.2675 0.326838
10.2816 0.314121
10.2957 0.302584
10.3098 0.292183
10.3239 0.282851
10.3381 0.273638
10.3522 0.265697
10.3663 0.259714
10.3804 0.254296
10.5715 0.438416
10.5926 0.411688
10.7837 0.387907
10.8049 0.366804
10.9959 0.348117
11.0171 0.330725
11.2081 0.315633
11.2293 0.303397
11.4204 0.29251
11.4416 0.28285
11.6326 0.274296
11.6538 0.266736
11.8448 0.260065
11.866 0.253309
12.0571 0.247616
12.0782 0.243674
12.2693 0.240096
12.2905 0.236871
12.4815 0.233977
12.5027 0.231391
12.6937 0.229088
12.7149 0.227043
12.906 0.22523
12.9271 0.222752
13.1182 0.220822
13.1394 0.220185
13.3304 0.219512
13.3516 0.218835
13.5426 0.218177
13.5638 0.217553
13.7549 0.216969
13.776 0.216304
13.9671 0.215765
13.9883 0.215626
14.1793 0.215422
14.2005 0.215181
14.3916 0.214924
14.4127 0.214663
14.6038 0.214409
14.625 0.214167
14.816 0.214505
14.8372 0.21468
15.0282 0.214515
15.0494 0.214328
15.2405 0.214133
15.2616 0.213938
15.4527 0.213749
15.4739 0.213571
15.6649 0.213405
15.6861 0.214024
15.8771 0.214399
15.8983 0.214215
16.0894 0.214025
16.1105 0.213837
16.3016 0.213656
16.3228 0.213485
16.5138 0.213327
16.535 0.213182
16.726 0.213884
16.7472 0.214318
16.9383 0.214127
16.9594 0.213935
17.1505 0.213749
17.1717 0.213572
17.3627 0.213407
17.3839 0.213254
17.575 0.213136
17.5961 0.213843
17.7872 0.214294
17.8084 0.214101
17.9994 0.213909
18.0206 0.213723
18.2116 0.213547
18.2328 0.213383
18.4239 0.213233
18.445 0.213917
18.6361 0.214337
18.6573 0.214147
18.8483 0.213955
18.8695 0.213769
19.0605 0.213591
19.0817 0.213424
19.2728 0.21327
19.2939 0.213138
19.485 0.21312
19.5062 0.213771
19.6972 0.214252
19.7184 0.214056
19.9094 0.213864
19.9306 0.213679
20.1217 0.213505
20.1429 0.213344
20.3339 0.213197
20.3551 0.213894
20.5461 0.214324
20.5673 0.214133
20.7584 0.213941
20.7795 0.213754
20.9706 0.213577
20.9918 0.213411
21.1834 0.214028
21.204 0.213837
21.3966 0.214288
21.417 0.214543
21.6315 0.429087
21.6392 0.214543
21.8741 0.429087
21.8961 0.214543
22.2743 0.266413
22.3761 0.398096
22.5169 0.365885
22.6186 0.340875
22.7539 0.315747
22.8624 0.304671
22.9964 0.294382
23.1049 0.284899
23.2389 0.277335
23.3475 0.272392
23.4814 0.268229
23.59 0.263584
23.724 0.259862
23.8325 0.257985
23.9665 0.256286
24.075 0.254755
24.209 0.253383
24.3176 0.251034
24.4515 0.249209
24.5601 0.248912
24.6941 0.248532
24.8026 0.246985
24.9366 0.245814
25.0451 0.246051
25.1791 0.246111
25.2877 0.245282
25.4217 0.244636
25.5302 0.244983
25.6642 0.24515
25.7727 0.244742
25.9067 0.24439
26.0153 0.244691
26.1492 0.244836
26.2578 0.244613
26.3918 0.244386
26.5003 0.244625
26.6343 0.24473
26.7428 0.244597
26.8768 0.244428
26.9854 0.244619
27.1194 0.244694
27.2279 0.244606
27.3619 0.244467
27.4704 0.244626
27.6044 0.24468
27.713 0.244617
27.8469 0.244494
27.9555 0.244634
28.0895 0.244675
28.198 0.244649
28.332 0.24467
28.4405 0.2446
28.5745 0.244668
28.6831 0.244661
28.8171 0.244605
28.9256 0.244675
29.0596 0.244637
29.1681 0.244673
29.3021 0.244645
29.4107 0.24467
29.5446 0.244603
29.6532 0.244669
29.7872 0.244659
29.8957 0.244661
30.0297 0.244578
30.1382 0.244662
30.2722 0.244665
30.3808 0.244653
30.4844 0.270812
30.593 0.286141
30.6967 0.293884
30.8052 0.295531
30.9336 0.287016
31.0938 0.33724
31.1761 0.318035
31.3364 0.303087
31.4186 0.290275
31.5789 0.280359
31.6611 0.273777
31.8214 0.268496
31.9037 0.263109
32.0639 0.258914
32.1462 0.256757
32.1623 0.257162
32.1776 0.258173
32.1937 0.259581
32.2098 0.262361
32.2251 0.266019
32.2412 0.270199
32.2573 0.274656
32.3116 0.321966
32.3947 0.38367
32.4099 0.358001
32.4252 0.337968
32.4422 0.32051
32.4574 0.307974
32.4727 0.29903
32.4896 0.290941
32.5049 0.285446
32.5592 0.319754
32.6423 0.37412
32.6575 0.361123
32.6728 0.349308
32.6898 0.337764
32.705 0.328539
32.7203 0.320218
32.7373 0.311001
32.7525 0.305046
32.8068 0.331354
32.8899 0.378983
32.9052 0.36768
32.9204 0.356773
32.9374 0.344715
32.9527 0.335843
32.9679 0.3284
32.9849 0.319472
33.0001 0.312536
33.0544 0.336198
33.1375 0.383064
33.1528 0.371643
33.168 0.360534
33.185 0.348227
33.2003 0.339081
33.2155 0.330483
33.2325 0.320763
33.2478 0.314172
33.302 0.336971
33.3851 0.383245
33.4004 0.372227
33.4157 0.361364
33.4326 0.350067
33.4479 0.341496
33.4631 0.332293
33.4801 0.322119
33.4954 0.315189
33.5496 0.337734
33.6327 0.382693
33.648 0.371671
33.6633 0.360824
33.6802 0.348679
33.6955 0.339626
33.7108 0.331071
33.7277 0.322236
33.743 0.316149
33.7973 0.338565
33.8804 0.384539
33.8956 0.373087
33.9109 0.362788
33.9279 0.350911
33.9431 0.341057
33.9584 0.331932
33.9753 0.321821
33.9906 0.314941
34.0449 0.336439
34.128 0.381846
34.1432 0.370897
34.1585 0.360121
34.1755 0.348046
34.1907 0.339057
34.206 0.331438
34.223 0.322299
34.2382 0.315136
34.2925 0.337822
34.3756 0.383996
34.3909 0.373539
34.4061 0.362097
34.4231 0.349522
34.4383 0.34016
34.4536 0.331386
34.4706 0.322398
34.4858 0.316205
34.5401 0.338651
34.6232 0.384642
34.6385 0.373121
34.6537 0.3619
34.6707 0.350352
34.686 0.341607
34.7012 0.332286
34.7182 0.322035
34.7335 0.315057
34.7877 0.337682
34.8708 0.382695
34.8861 0.371627
34.9014 0.36075
34.9183 0.348589
34.9336 0.339527
34.9488 0.331845
34.9658 0.322652
34.9811 0.315443
35.0353 0.338023
35.1184 0.384122
35.1337 0.372786
35.149 0.362572
35.1659 0.350758
35.1812 0.34095
35.1965 0.331858
35.2134 0.321772
35.2287 0.314909
35.283 0.336412
35.3661 0.382948
35.3813 0.371867
35.3966 0.360975
35.4135 0.349671
35.4288 0.340232
35.4441 0.331406
35.461 0.321507
35.4763 0.314776
35.5306 0.337393
35.6137 0.38241
35.6289 0.372365
35.6442 0.361231
35.6612 0.348885
35.6764 0.339693
35.6917 0.331046
35.7087 0.322151
35.7239 0.316027
35.7782 0.338513
35.8613 0.384534
35.8766 0.373045
35.8918 0.361847
35.9088 0.350316
35.924 0.340708
35.9393 0.331755
35.9563 0.321763
35.9715 0.314962
36.0258 0.337536
36.1089 0.382521
36.1242 0.371569
36.1394 0.360771
36.1564 0.348661
36.1717 0.33963
36.1869 0.331965
36.2039 0.32278
36.2191 0.315572
36.2734 0.338098
36.3565 0.384158
36.3718 0.372836
36.3871 0.361754
36.404 0.349426
36.4193 0.34023
36.4345 0.331562
36.4515 0.321763
36.4668 0.315089
36.521 0.337545
36.6041 0.383577
36.6194 0.372587
36.6347 0.361732
36.6516 0.350429
36.6669 0.341842
36.6822 0.332618
36.6991 0.32242
36.7144 0.315465
36.7687 0.337906
36.8518 0.382793
36.867 0.37178
36.8823 0.360934
36.8992 0.348788
36.9145 0.33973
36.9298 0.331169
36.9467 0.322326
36.962 0.316232
37.0163 0.338617
37.0994 0.384569
37.1146 0.37312
37.1299 0.362821
37.1469 0.350944
37.1621 0.341088
37.1774 0.331962
37.1943 0.321848
37.2096 0.314966
37.2639 0.336455
37.347 0.381855
37.3623 0.370907
37.3775 0.360131
37.3945 0.348056
37.4097 0.339067
37.425 0.330572
37.442 0.321792
37.4572 0.31488
37.5115 0.337545
37.5946 0.383715
37.6099 0.373411
37.6251 0.362074
37.6421 0.349569
37.6574 0.340251
37.6726 0.331503
37.6896 0.322528
37.7048 0.316341
37.7591 0.338727
37.8422 0.384677
37.8575 0.373172
37.8727 0.361961
37.8897 0.350417
37.905 0.341672
37.9202 0.332349
37.9372 0.322095
37.9525 0.315113
38.0067 0.337716
38.0898 0.382715
38.1051 0.371649
38.1204 0.360773
38.1373 0.348612
38.1526 0.339549
38.1679 0.331866
38.1848 0.322672
38.2001 0.315461
38.2543 0.338035
38.3375 0.384129
38.3527 0.372793
38.368 0.36258
38.3849 0.350765
38.4002 0.340957
38.4155 0.331865
38.4324 0.321778
38.4477 0.314915
38.502 0.336415
38.5851 0.38295
38.6003 0.371869
38.6156 0.360977
38.6326 0.349674
38.6478 0.340234
38.6631 0.331408
38.68 0.321509
38.6953 0.314778
38.7496 0.337394
38.8327 0.38241
38.8479 0.372366
38.8632 0.361231
38.8802 0.348886
38.8954 0.339694
38.9107 0.331046
38.9277 0.322151
38.9429 0.316028
38.9972 0.338513
39.0803 0.384534
39.0956 0.373045
39.1108 0.362723
39.1278 0.350832
39.1431 0.340972
39.1583 0.331845
39.1753 0.321736
39.1905 0.31486
39.2448 0.337515
39.3279 0.382554
39.3432 0.371539
39.3584 0.360701
39.3754 0.348566
39.3907 0.339522
39.4059 0.331852
39.4229 0.322667
39.4382 0.315462
39.4924 0.338032
39.5755 0.384124
39.5908 0.372793
39.6061 0.361707
39.623 0.349379
39.6383 0.340183
39.6535 0.331517
39.6705 0.321721
39.6858 0.31505
39.74 0.337521
39.8231 0.383563
39.8384 0.372572
39.8537 0.361716
39.8706 0.350413
39.8859 0.341827
39.9012 0.332603
39.9181 0.322407
39.9334 0.315452
39.9877 0.337899
40.0708 0.382789
40.086 0.371775
40.1013 0.36093
40.1183 0.348783
40.1335 0.339725
40.1488 0.331164
40.1657 0.322322
40.181 0.315354
40.2353 0.337849
40.3184 0.383897
40.3336 0.372723
40.3489 0.362618
40.3659 0.350873
40.3811 0.341107
40.3964 0.332039
40.4134 0.321961
40.4286 0.315099
40.4829 0.336522
40.566 0.381877
40.5813 0.370955
40.5965 0.360196
40.6135 0.348129
40.6287 0.339143
40.644 0.330648
40.661 0.321866
40.6762 0.31495
40.7305 0.337588
40.8136 0.383738
40.8289 0.373438
40.8441 0.362102
40.8611 0.349598
40.8764 0.340279
40.8916 0.33153
40.9086 0.322553
40.9239 0.316364
40.9781 0.338742
41.0612 0.384685
41.0765 0.373181
41.0918 0.36197
41.1087 0.350426
41.124 0.34168
41.1392 0.332358
41.1443 0.332603
41.146 0.343183
41.1833 0.32737
41.2664 0.335696
41.2817 0.359114
41.2969 0.369917
41.3139 0.370352
41.3291 0.366658
41.3444 0.360338
41.3585 0.352462
41.3726 0.342903
41.3885 0.33079
41.4716 0.36328
41.4868 0.351655
41.5021 0.338819
41.5191 0.324744
41.5343 0.313859
41.5496 0.304471
41.5638 0.296326
41.5782 0.287471
41.5944 0.277582
41.6772 0.331711
41.692 0.320006
41.7078 0.308105
41.7242 0.29648
41.7403 0.287179
41.7555 0.278789
41.7776 0.265133
41.7996 0.262561
41.8242 0.271075
41.9429 0.390409
41.965 0.398554
41.9751 0.395693
41.9853 0.384451
41.9938 0.363403
42.004 0.339671
42.026 0.330483
42.0481 0.322375
42.0718 0.316355
42.1905 0.41655
42.2126 0.385437
42.2262 0.369068
42.2397 0.355606
42.2533 0.343564
42.2677 0.332832
42.2821 0.322419
42.2974 0.312572
42.3194 0.30241
42.4382 0.403634
42.4602 0.379921
42.4738 0.36858
42.4882 0.356682
42.5026 0.345696
42.5162 0.335653
42.5306 0.327416
42.545 0.318842
42.567 0.305396
42.6858 0.403247
42.7078 0.382054
42.7214 0.371394
42.7366 0.359855
42.7502 0.349006
42.7638 0.339823
42.779 0.329365
42.7926 0.321085
42.8147 0.30746
42.9334 0.40444
42.9554 0.382473
42.969 0.371324
42.9843 0.359498
42.9978 0.350252
43.0122 0.340302
43.0267 0.331106
43.0402 0.323569
43.0623 0.309448
43.181 0.406971
43.203 0.384608
43.2166 0.374007
43.2319 0.362425
43.2454 0.352342
43.2607 0.341777
43.2743 0.332132
43.2878 0.324267
43.3099 0.30991
43.4286 0.406234
43.4507 0.384742
43.4642 0.373802
43.4795 0.362004
43.4931 0.350918
43.5083 0.340645
43.5219 0.332102
43.5363 0.32318
43.5575 0.309945
43.6762 0.407512
43.6983 0.384824
43.7118 0.374003
43.7271 0.361401
43.7407 0.351588
43.7559 0.341223
43.7695 0.332602
43.7848 0.323613
43.8051 0.309445
43.9238 0.405868
43.9459 0.384487
43.9595 0.373628
43.9747 0.361889
43.9883 0.351719
44.0036 0.341117
44.0171 0.332343
44.0324 0.323262
44.0527 0.309919
44.1715 0.406427
44.1935 0.383803
44.2071 0.372181
44.2223 0.360893
44.2359 0.35105
44.2512 0.339808
44.2647 0.331562
44.28 0.321976
44.3004 0.309249
44.4191 0.406849
44.4411 0.384485
44.4547 0.373888
44.47 0.362312
44.4835 0.352237
44.4988 0.34168
44.5124 0.332918
44.5276 0.323827
44.548 0.311335
44.6667 0.407518
44.6887 0.385464
44.7023 0.374132
44.7176 0.362066
44.7311 0.351677
44.7464 0.340932
44.76 0.33207
44.7752 0.322065
44.7956 0.30906
44.9143 0.405756
44.9364 0.383329
44.9499 0.372726
44.9652 0.360308
44.9788 0.350649
44.994 0.33954
45.0076 0.331389
45.0229 0.322746
45.0432 0.309708
45.1619 0.406149
45.184 0.384604
45.1975 0.373633
45.2128 0.361821
45.2264 0.351605
45.2416 0.340976
45.2552 0.332189
45.2705 0.323104
45.2908 0.309764
45.4095 0.406336
45.4316 0.383706
45.4452 0.372959
45.4604 0.361314
45.474 0.351224
45.4893 0.339814
45.5028 0.331458
45.5181 0.321803
45.5384 0.309036
45.6572 0.406746
45.6792 0.384344
45.6928 0.373726
45.708 0.361267
45.7216 0.351551
45.7369 0.341251
45.7504 0.332672
45.7657 0.323708
45.7861 0.310428
45.9048 0.40669
45.9268 0.385009
45.9404 0.373937
45.9557 0.362048
45.9692 0.351776
45.9845 0.341104
45.9981 0.33141
46.0133 0.32266
46.0337 0.309554
46.1524 0.406094
46.1744 0.38362
46.188 0.372101
46.2033 0.360883
46.2168 0.351087
46.2321 0.339874
46.2457 0.331645
46.2609 0.322943
46.2813 0.309859
46.4 0.407385
46.4221 0.3848
46.4356 0.374047
46.4509 0.362364
46.4645 0.352217
46.4797 0.341613
46.4933 0.332823
46.5086 0.323716
46.5289 0.310343
46.6476 0.406688
46.6697 0.384937
46.6832 0.373822
46.6985 0.361908
46.7121 0.350748
46.7273 0.340433
46.7409 0.331868
46.7562 0.322065
46.7765 0.309191
46.8952 0.40689
46.9173 0.384421
46.9309 0.373757
46.9461 0.361266
46.9597 0.351529
46.975 0.341217
46.9885 0.33263
47.0038 0.323663
47.0241 0.310382
47.1429 0.406663
47.1649 0.38498
47.1785 0.373907
47.1937 0.362018
47.2073 0.351747
47.2226 0.341077
47.2361 0.33226
47.2514 0.323153
47.2718 0.309797
47.3905 0.406363
47.4125 0.383724
47.4261 0.372094
47.4414 0.360804
47.4549 0.350963
47.4702 0.339724
47.4838 0.331483
47.499 0.321903
47.5194 0.309182
47.6381 0.406807
47.6601 0.384445
47.6737 0.373849
47.689 0.362276
47.7025 0.352203
47.7178 0.341649
47.7314 0.33289
47.7466 0.323802
47.767 0.311313
47.8857 0.407504
47.9078 0.38545
47.9213 0.374119
47.9366 0.362055
47.9502 0.351667
47.9654 0.340923
47.979 0.332062
47.9942 0.322057
48.0146 0.309053
48.1333 0.405752
48.1554 0.383325
48.1689 0.372722
48.1842 0.360304
48.1978 0.350646
48.213 0.339537
48.2266 0.331386
48.2419 0.322744
48.2622 0.309705
48.3809 0.406147
48.403 0.384602
48.4166 0.373632
48.4318 0.361819
48.4454 0.351604
48.4606 0.340975
48.4742 0.332188
48.4895 0.323104
48.5098 0.309764
48.6286 0.406335
48.6506 0.383706
48.6642 0.372959
48.6794 0.361313
48.693 0.350349
48.7083 0.339298
48.7218 0.331194
48.7371 0.321713
48.7574 0.309062
48.8762 0.406701
48.8982 0.384383
48.9118 0.373819
48.927 0.361391
48.9406 0.351692
48.9559 0.3414
48.9694 0.33282
48.9847 0.323851
49.0051 0.310564
49.1238 0.406772
49.1458 0.385093
49.1594 0.374019
49.1747 0.362126
49.1882 0.351849
49.2035 0.341171
49.2171 0.331471
49.2323 0.322716
49.2527 0.309604
49.3714 0.406126
49.3934 0.38365
49.407 0.37213
49.4223 0.360909
49.4358 0.351111
49.4511 0.339896
49.4647 0.331665
49.4799 0.322961
49.5003 0.309875
49.619 0.407395
49.6411 0.384809
49.6546 0.374056
49.6699 0.362372
49.6835 0.352224
49.6987 0.34162
49.7123 0.332829
49.7276 0.323722
49.7479 0.311223
49.8666 0.407457
49.8887 0.385392
49.9022 0.374055
49.9175 0.361989
49.9311 0.350727
49.9463 0.340345
49.9599 0.33174
49.9752 0.321913
49.9955 0.30903
50.1142 0.406802
50.1363 0.384318
50.1499 0.373647
50.1651 0.361156
50.1787 0.351422
50.194 0.341115
50.2075 0.332534
50.2228 0.323574
50.2431 0.310302
50.3619 0.406613
50.3839 0.384931
50.3975 0.373861
50.4127 0.361975
50.4263 0.351707
50.4416 0.341041
50.4551 0.332227
50.4704 0.323123
50.4908 0.30977
50.6095 0.406346
50.6315 0.383708
50.6451 0.37208
50.6604 0.36079
50.6739 0.35095
50.6892 0.339713
50.7028 0.331473
50.718 0.321894
50.7384 0.309174
50.8571 0.406802
50.8791 0.38444
50.8927 0.373845
50.908 0.362271
50.9215 0.352199
50.9368 0.341646
50.9504 0.332887
50.9656 0.323799
50.986 0.31131
51.1047 0.407502
51.1268 0.385448
51.1403 0.374118
51.1556 0.362053
51.1692 0.351666
51.1844 0.340922
51.198 0.332061
51.2133 0.322056
51.2336 0.309052
51.3523 0.405751
51.3744 0.383325
51.3879 0.372722
51.4032 0.360304
51.4168 0.350645
51.432 0.339536
51.4456 0.331386
51.4609 0.322744
51.4812 0.309705
51.5999 0.406147
51.622 0.384602
51.6356 0.373632
51.6508 0.361819
51.6644 0.351604
51.6797 0.340975
51.6932 0.332188
51.7085 0.323104
51.7288 0.309763
51.9365 0.50646
51.9637 0.478315
52.1416 0.568732
52.1558 0.575741
52.1699 0.568974
52.184 0.553378
52.1981 0.5316
52.2122 0.508226
52.2263 0.483631
52.2405 0.459001
52.2546 0.435119
52.3468 0.441318
52.3609 0.42395
52.375 0.405054
52.3892 0.386652
52.404 0.370024
52.4174 0.354174
52.4315 0.339329
52.4456 0.325608
52.4598 0.313053
52.552 0.364755
52.5661 0.348793
52.5804 0.334075
52.5949 0.321507
52.6139 0.305462
52.6351 0.286044
52.6572 0.278888
52.6784 0.280602
52.7004 0.289427
52.82 0.412018
52.8285 0.397217
52.837 0.376747
52.8454 0.354134
52.8624 0.339666
52.8827 0.328837
52.9048 0.319642
52.9268 0.311807
52.9489 0.306233
53.0676 0.41035
53.0803 0.389378
53.0939 0.372229
53.1083 0.356342
53.1227 0.342688
53.1371 0.330049
53.1524 0.318503
53.1745 0.306716
53.1965 0.297615
53.3152 0.399685
53.3288 0.38523
53.3432 0.370769
53.3576 0.35766
53.3712 0.346725
53.3856 0.336651
53.4 0.326582
53.4221 0.310737
53.4441 0.298847
53.5628 0.397855
53.5764 0.38555
53.5917 0.372489
53.6052 0.360247
53.6188 0.349798
53.6341 0.338198
53.6476 0.328891
53.6697 0.31435
53.6917 0.303171
53.8105 0.400704
53.824 0.387255
53.8393 0.374296
53.8529 0.362939
53.8673 0.351206
53.8817 0.3405
53.8953 0.331678
53.9173 0.31646
53.9394 0.303897
54.0581 0.402252
54.0716 0.389569
54.0869 0.376134
54.1005 0.364406
54.1157 0.352385
54.1293 0.341453
54.1429 0.332452
54.1649 0.317094
54.187 0.305293
54.3057 0.402252
54.3193 0.38934
54.3345 0.375762
54.3481 0.363078
54.3634 0.351376
54.3769 0.341561
54.3913 0.331508
54.4125 0.317269
54.4346 0.304417
54.5533 0.401576
54.5669 0.388855
54.5821 0.374542
54.5957 0.363195
54.611 0.351461
54.6245 0.341621
54.6398 0.331551
54.6602 0.316425
54.6822 0.303923
54.8009 0.401111
54.8145 0.388612
54.8298 0.375328
54.8433 0.363725
54.8586 0.351807
54.8722 0.341835
54.8874 0.331671
54.9078 0.317355
54.9298 0.305325
55.0485 0.402388
55.0621 0.388441
55.0774 0.375118
55.0909 0.363496
55.1062 0.350698
55.1198 0.341089
55.135 0.330312
55.1554 0.316543
55.1774 0.30402
55.2962 0.402303
55.3097 0.389654
55.325 0.376239
55.3386 0.364521
55.3538 0.352503
55.3674 0.342444
55.3826 0.332204
55.403 0.317821
55.425 0.304857
55.5438 0.401889
55.5573 0.389109
55.5726 0.375625
55.5862 0.363882
55.6014 0.351866
55.615 0.340954
55.6303 0.330232
55.6506 0.316501
55.6727 0.30488
55.7914 0.401921
55.805 0.389116
55.8202 0.374741
55.8338 0.363346
55.849 0.350701
55.8626 0.341194
55.8779 0.331355
55.8982 0.317262
55.9203 0.304505
56.039 0.402703
56.0526 0.389912
56.0678 0.376396
56.0814 0.364607
56.0967 0.352539
56.1102 0.342447
56.1255 0.332184
56.1458 0.317788
56.1679 0.30569
56.2866 0.402634
56.3002 0.389532
56.3154 0.375824
56.329 0.363052
56.3443 0.351294
56.3578 0.341443
56.3731 0.330496
56.3935 0.316609
56.4155 0.304008
56.5342 0.402336
56.5478 0.389631
56.5631 0.375305
56.5766 0.363925
56.5919 0.352147
56.6055 0.342257
56.6207 0.332133
56.6411 0.317829
56.6631 0.304916
56.7818 0.401897
56.7954 0.389156
56.8107 0.375696
56.8242 0.363966
56.8395 0.351957
56.8531 0.341046
56.8683 0.331197
56.8887 0.317102
56.9107 0.305224
57.0295 0.402252
57.043 0.388407
57.0583 0.375153
57.0719 0.363575
57.0871 0.350803
57.1007 0.341208
57.116 0.331312
57.1363 0.317182
57.1584 0.304404
57.2771 0.402656
57.2906 0.389845
57.3059 0.376318
57.3195 0.364525
57.3347 0.352456
57.3483 0.342366
57.3636 0.332108
57.3839 0.318591
57.406 0.30614
57.5247 0.403075
57.5383 0.389746
57.5535 0.375882
57.5671 0.363006
57.5824 0.35118
57.5959 0.34129
57.6112 0.330321
57.6315 0.316425
57.6536 0.303824
57.7723 0.401104
57.7859 0.388531
57.8011 0.374326
57.8147 0.363057
57.83 0.351378
57.8435 0.341577
57.8588 0.331533
57.8792 0.3173
57.9012 0.304451
58.0199 0.401594
58.0335 0.388876
58.0488 0.37544
58.0623 0.363734
58.0776 0.351747
58.0912 0.341733
58.1064 0.331544
58.1268 0.317216
58.1488 0.305181
58.2675 0.402307
58.2811 0.38835
58.2964 0.375024
58.3099 0.363403
58.3252 0.350608
58.3388 0.341005
58.354 0.330234
58.3744 0.31647
58.3964 0.303955
58.5152 0.402261
58.5287 0.389614
58.544 0.376201
58.5576 0.364486
58.5728 0.352471
58.5864 0.342415
58.6017 0.332177
58.622 0.317797
58.6441 0.304836
58.7628 0.401875
58.7763 0.389096
58.7916 0.375613
58.8052 0.36387
58.8204 0.351856
58.834 0.340945
58.8493 0.331099
58.8696 0.317009
58.8917 0.305137
59.0104 0.402198
59.024 0.389229
59.0392 0.374742
59.0528 0.363275
59.0681 0.350584
59.0816 0.34105
59.0969 0.331198
59.1172 0.317102
59.1393 0.304348
59.258 0.402611
59.2716 0.389814
59.2868 0.376297
59.3004 0.364511
59.3157 0.352448
59.3292 0.342362
59.3445 0.332106
59.3649 0.317716
59.3869 0.305626
59.5056 0.402593
59.5192 0.389493
59.5345 0.375787
59.548 0.363018
59.5633 0.351262
59.5769 0.341415
59.5921 0.33047
59.6125 0.316586
59.6345 0.303987
59.7532 0.402323
59.7668 0.389618
59.7821 0.375293
59.7956 0.363914
59.8109 0.352137
59.8245 0.342248
59.8397 0.332125
59.8601 0.317822
59.8821 0.30491
60.0009 0.401893
60.0144 0.389152
60.0297 0.375692
60.0433 0.363963
60.0585 0.351954
60.0721 0.341043
60.0874 0.331194
60.1077 0.3171
60.1298 0.305222
60.2485 0.402251
60.262 0.388406
60.2773 0.375152
60.2909 0.363574
60.3061 0.350802
60.3197 0.341208
60.335 0.331311
60.3553 0.317182
60.3774 0.304404
60.4961 0.402656
60.5097 0.389845
60.5249 0.376318
60.5385 0.364524
60.5538 0.352456
60.5673 0.342366
60.5826 0.332107
60.6029 0.318591
60.625 0.30614
60.7437 0.403075
60.7573 0.389746
60.7725 0.375882
60.7861 0.363005
60.8014 0.35118
60.8149 0.34129
60.8302 0.330321
60.8506 0.316425
60.8726 0.303824
60.9913 0.401104
61.0049 0.388531
61.0202 0.374326
61.0337 0.363056
61.049 0.351378
61.0626 0.341577
61.0778 0.331533
61.0982 0.3173
61.1202 0.304451
61.2389 0.401594
61.2525 0.388876
61.2678 0.37544
61.2813 0.363734
61.2966 0.351747
61.3102 0.341733
61.3254 0.331544
61.3458 0.317216
61.3678 0.305181
61.4866 0.402307
61.5001 0.38835
61.5154 0.375024
61.529 0.363403
61.5442 0.350608
61.5578 0.341005
61.573 0.330234
61.5934 0.31647
61.6154 0.303955
61.7342 0.402261
61.7477 0.389614
61.763 0.375326
61.7766 0.363971
61.7918 0.352207
61.8054 0.342325
61.8207 0.332204
61.841 0.3179
61.8631 0.304985
61.9818 0.401937
61.9954 0.389198
62.0106 0.375738
62.0242 0.364006
62.0394 0.351995
62.053 0.341082
62.0683 0.331229
62.0886 0.317132
62.1107 0.305251
62.2294 0.402269
62.243 0.389299
62.2582 0.374809
62.2718 0.363337
62.2871 0.350642
62.3006 0.341103
62.3159 0.331247
62.3362 0.317146
62.3583 0.304387
62.477 0.402636
62.4906 0.389838
62.5058 0.37632
62.5194 0.364532
62.5347 0.352467
62.5482 0.342379
62.5635 0.332121
62.5839 0.31773
62.6059 0.305638
62.8135 0.502726
62.8391 0.47536
63.0187 0.565916
63.0328 0.574304
63.0469 0.568486
63.0611 0.552653
63.0752 0.531648
63.0893 0.508781
63.1034 0.4845
63.1175 0.46005
63.1317 0.436253
63.2239 0.441932
63.238 0.424677
63.2522 0.405832
63.2666 0.388314
63.281 0.370433
63.2945 0.354653
63.3086 0.33984
63.3227 0.326124
63.3368 0.313557
63.429 0.366179
63.4432 0.35009
63.4622 0.331748
63.4842 0.309126
63.5063 0.294328
63.5275 0.289451
63.5495 0.293674
63.5707 0.302861
63.5928 0.316364
63.6852 0.412401
63.6937 0.378694
63.7106 0.356146
63.7327 0.341719
63.7547 0.329791
63.7751 0.318752
63.7971 0.310859
63.8192 0.304183
63.8412 0.29964
63.9328 0.37317
63.9455 0.359789
63.9608 0.346795
63.9803 0.330118
64.0023 0.314358
64.0227 0.30416
64.0447 0.295244
64.0668 0.288354
64.0888 0.283009
64.1804 0.35566
64.194 0.350041
64.2093 0.341602
64.2279 0.330764
64.25 0.318784
64.2703 0.310022
64.2924 0.300991
64.3144 0.293876
64.3365 0.288243
64.428 0.359263
64.4416 0.354512
64.4569 0.347379
64.4755 0.336311
64.4976 0.323132
64.5179 0.315228
64.54 0.306566
64.562 0.298614
64.5841 0.292282
64.6757 0.360836
64.6892 0.355924
64.7045 0.348641
64.7231 0.33656
64.7452 0.323614
64.7655 0.314974
64.7876 0.305868
64.8096 0.299427
64.8317 0.29403
64.9233 0.362078
64.9368 0.356934
64.9521 0.348592
64.9708 0.337599
64.9928 0.325304
65.0132 0.316131
65.0352 0.306639
65.0573 0.299047
65.0793 0.292937
65.1709 0.361103
65.1845 0.356377
65.1997 0.349202
65.2184 0.338049
65.2404 0.32476
65.2608 0.315859
65.2828 0.307428
65.3049 0.300476
65.3269 0.294711
65.4185 0.36266
65.4321 0.356415
65.4473 0.349147
65.466 0.337936
65.488 0.324611
65.5084 0.315692
65.5304 0.306379
65.5525 0.298912
65.5745 0.29289
65.6661 0.362156
65.6797 0.357349
65.695 0.350089
65.7136 0.338854
65.7357 0.32636
65.756 0.317025
65.7781 0.307398
65.8001 0.299692
65.8222 0.293489
65.9137 0.361471
65.9273 0.356705
65.9426 0.349493
65.9612 0.338307
65.9833 0.324988
66.0036 0.31606
66.0257 0.307606
66.0477 0.300633
66.0698 0.294849
66.1614 0.36275
66.1749 0.357373
66.1902 0.348863
66.2088 0.337752
66.2309 0.325375
66.2512 0.316146
66.2733 0.306617
66.2953 0.299
66.3174 0.292877
66.409 0.361075
66.4225 0.356337
66.4378 0.349154
66.4565 0.337998
66.4785 0.324709
66.4989 0.315809
66.5209 0.307381
66.543 0.300431
66.565 0.29467
66.6566 0.362635
66.6702 0.357265
66.6854 0.349639
66.7041 0.337302
66.7261 0.324165
66.7465 0.315382
66.7685 0.306169
66.7906 0.298774
66.8126 0.293678
66.9042 0.36172
66.9178 0.356771
66.933 0.348562
66.9517 0.337657
66.9737 0.325417
66.9941 0.316278
67.0161 0.306804
67.0382 0.299217
67.0602 0.293106
67.1518 0.361201
67.1654 0.356483
67.1806 0.349309
67.1993 0.338154
67.2214 0.324859
67.2417 0.315952
67.2638 0.307514
67.2858 0.300555
67.3078 0.294783
67.3994 0.362706
67.413 0.357333
67.4283 0.348829
67.4469 0.337722
67.469 0.325347
67.4893 0.316122
67.5114 0.306596
67.5334 0.298982
67.5555 0.29286
67.647 0.362189
67.6606 0.357311
67.6759 0.350007
67.6945 0.338744
67.7166 0.325361
67.7369 0.317254
67.759 0.308395
67.781 0.300257
67.8031 0.293751
67.8947 0.361777
67.9082 0.356811
67.9235 0.349465
67.9422 0.337317
67.9642 0.324303
67.9846 0.315598
68.0066 0.306428
68.0286 0.299929
68.0507 0.294478
68.1423 0.362365
68.1558 0.357204
68.1711 0.348842
68.1898 0.337828
68.2118 0.325512
68.2322 0.31632
68.2542 0.306809
68.2763 0.299198
68.2983 0.293072
68.3899 0.361189
68.4035 0.356459
68.4187 0.349277
68.4374 0.338118
68.4594 0.324823
68.4798 0.315916
68.5018 0.307479
68.5239 0.300522
68.5459 0.294752
68.6375 0.362687
68.6511 0.356439
68.6663 0.34917
68.685 0.337956
68.707 0.32463
68.7274 0.315709
68.7494 0.306395
68.7715 0.298926
68.7935 0.292902
68.8851 0.362164
68.8987 0.357356
68.914 0.350096
68.9326 0.33886
68.9547 0.326366
68.975 0.31703
68.9971 0.307402
69.0191 0.299696
69.0412 0.293493
69.1327 0.361473
69.1463 0.356707
69.1616 0.349495
69.1802 0.338309
69.2023 0.32499
69.2226 0.316062
69.2447 0.307607
69.2667 0.300634
69.2888 0.29485
69.3804 0.362751
69.3939 0.357373
69.4092 0.348864
69.4278 0.337753
69.4499 0.325375
69.4702 0.316147
69.4923 0.306617
69.5143 0.299
69.5364 0.292877
69.628 0.361075
69.6415 0.356337
69.6568 0.349154
69.6755 0.337998
69.6975 0.324709
69.7179 0.315809
69.7399 0.307381
69.762 0.300432
69.784 0.293795
69.8756 0.361869
69.8892 0.356814
69.9044 0.349408
69.9231 0.337223
69.9451 0.324188
69.9655 0.315472
69.9875 0.3063
70.0096 0.298927
70.0316 0.293841
70.1232 0.36181
70.1368 0.356875
70.152 0.348672
70.1707 0.337768
70.1927 0.325525
70.2131 0.316381
70.2351 0.3069
70.2572 0.299305
70.2792 0.293187
70.3708 0.361252
70.3844 0.356532
70.3997 0.349355
70.4183 0.338197
70.4404 0.3249
70.4607 0.315989
70.4828 0.307548
70.5048 0.300585
70.5269 0.29481
70.6184 0.362723
70.632 0.356475
70.6473 0.348328
70.6659 0.337472
70.688 0.32527
70.7083 0.31616
70.7304 0.306708
70.7524 0.29914
70.7745 0.293043
70.8661 0.362283
70.8796 0.357431
70.8949 0.350139
70.9135 0.338881
70.9356 0.325497
70.9559 0.317385
70.978 0.308519
71 0.300371
71.0221 0.293857
71.1137 0.361843
71.1272 0.356876
71.1425 0.349526
71.1612 0.337374
71.1832 0.324356
71.2036 0.315646
71.2256 0.307347
71.2477 0.300484
71.2697 0.294777
71.3613 0.362669
71.3749 0.357343
71.3901 0.348868
71.4088 0.337779
71.4308 0.325415
71.4512 0.316194
71.4732 0.306669
71.4953 0.299053
71.5173 0.292928
71.6089 0.361105
71.6225 0.356369
71.6377 0.349186
71.6564 0.338029
71.6784 0.324738
71.6988 0.315836
71.7208 0.307406
71.7429 0.300454
71.7649 0.294691
71.8565 0.362648
71.8701 0.356402
71.8854 0.349135
71.904 0.337049
71.9261 0.324085
71.9464 0.315418
71.9685 0.30628
71.9905 0.298931
72.0126 0.292985
72.1041 0.362172
72.1177 0.357423
72.133 0.350199
72.1516 0.338984
72.1737 0.326499
72.194 0.317165
72.2161 0.307535
72.2381 0.299823
72.2602 0.293612
72.3518 0.361546
72.3653 0.35678
72.3806 0.349566
72.3992 0.338376
72.4213 0.325052
72.4416 0.31612
72.4637 0.30766
72.4857 0.300681
72.5078 0.294893
72.5994 0.362778
72.6129 0.357399
72.6282 0.348888
72.6469 0.337775
72.6689 0.325395
72.6893 0.316165
72.7113 0.306634
72.7334 0.299015
72.7554 0.29289
72.847 0.361084
72.8606 0.356345
72.8758 0.349162
72.8945 0.338005
72.9165 0.324715
72.9369 0.315815
72.9589 0.307386
72.981 0.300436
73.003 0.293799
73.0946 0.361872
73.1082 0.356816
73.1234 0.34941
73.1421 0.337225
73.1641 0.32419
73.1845 0.315474
73.2065 0.306301
73.2286 0.298929
73.2506 0.293843
73.3422 0.36181
73.3558 0.356876
73.371 0.348673
73.3897 0.337768
73.4118 0.325526
73.4321 0.316382
73.4542 0.3069
73.4762 0.299306
73.4982 0.293188
73.6882 0.472627
73.7105 0.490735
73.9004 0.493908
73.9227 0.487181
73.9368 0.474167
73.9509 0.457433
73.9651 0.437907
73.9792 0.418065
73.9933 0.39951
74.0074 0.381474
74.0215 0.364342
74.1056 0.387832
74.1283 0.365164
74.1427 0.352783
74.1561 0.34029
74.1702 0.328113
74.1843 0.3174
74.1985 0.307076
74.2129 0.29733
74.2273 0.287392
74.3163 0.345584
74.3503 0.325724
74.3723 0.308824
74.3935 0.303363
74.4156 0.306925
74.4368 0.314296
74.4588 0.326374
74.48 0.341413
74.5021 0.358176
74.564 0.419672
74.5979 0.395319
74.6199 0.362047
74.642 0.337085
74.664 0.320608
74.6844 0.306188
74.7064 0.296108
74.7285 0.288459
74.7505 0.282643
74.8116 0.322088
74.8455 0.315846
74.8675 0.308507
74.8896 0.302269
74.9116 0.297823
74.932 0.295536
74.954 0.290299
74.9761 0.28601
74.9981 0.282476
75.0592 0.319972
75.0931 0.313642
75.1152 0.308954
75.1372 0.304442
75.1593 0.300185
75.1796 0.29798
75.2017 0.294502
75.2237 0.291204
75.2457 0.288127
75.3068 0.322596
75.3407 0.314166
75.3628 0.31044
75.3848 0.306482
75.4069 0.302494
75.4272 0.299487
75.4493 0.29456
75.4713 0.290341
75.4934 0.286718
75.5544 0.322477
75.5883 0.31493
75.6104 0.310585
75.6324 0.306247
75.6545 0.302049
75.6748 0.299824
75.6969 0.296275
75.7189 0.292875
75.741 0.289679
75.802 0.324681
75.836 0.315443
75.858 0.310846
75.8801 0.306335
75.9021 0.30202
75.9225 0.299719
75.9445 0.295249
75.9665 0.291307
75.9886 0.287836
76.0497 0.321923
76.0836 0.313264
76.1056 0.310211
76.1277 0.306701
76.1497 0.303001
76.1701 0.300166
76.1921 0.295332
76.2142 0.291149
76.2362 0.287525
76.2973 0.322946
76.3312 0.315162
76.3532 0.310894
76.3753 0.306596
76.3973 0.302414
76.4177 0.300187
76.4397 0.296627
76.4618 0.293208
76.4838 0.289989
76.5449 0.323748
76.5788 0.314816
76.6009 0.311169
76.6229 0.307238
76.6449 0.303246
76.6653 0.300211
76.6873 0.295245
76.7094 0.290978
76.7314 0.287303
76.7925 0.322843
76.8264 0.31514
76.8485 0.310815
76.8705 0.306483
76.8926 0.302281
76.9129 0.300921
76.935 0.297
76.957 0.292458
76.9791 0.288557
77.0401 0.323686
77.074 0.315686
77.0961 0.311321
77.1181 0.306946
77.1402 0.302702
77.1605 0.300426
77.1826 0.295951
77.2046 0.292859
77.2267 0.289865
77.2877 0.323561
77.3217 0.314594
77.3437 0.311094
77.3657 0.307264
77.3878 0.303336
77.4081 0.300341
77.4302 0.295396
77.4522 0.291139
77.4743 0.287466
77.5353 0.322937
77.5693 0.315185
77.5913 0.310877
77.6134 0.306554
77.6354 0.302356
77.6558 0.300121
77.6778 0.296556
77.6999 0.293138
77.7219 0.289921
77.783 0.323707
77.8169 0.314795
77.8389 0.311142
77.861 0.30721
77.883 0.302341
77.9034 0.299667
77.9254 0.294953
77.9475 0.290862
77.9695 0.287306
78.0306 0.322784
78.0645 0.313917
78.0865 0.309818
78.1086 0.305664
78.1306 0.30248
78.151 0.300876
78.173 0.295921
78.1951 0.29164
78.2171 0.287936
78.2782 0.323225
78.3121 0.315345
78.3342 0.31106
78.3562 0.306747
78.3783 0.302549
78.3986 0.300308
78.4207 0.296734
78.4427 0.293303
78.4648 0.290073
78.5258 0.323802
78.5597 0.314849
78.5818 0.311202
78.6038 0.307271
78.6259 0.303277
78.6462 0.300241
78.6683 0.295272
78.6903 0.291003
78.7124 0.287326
78.7734 0.322857
78.8073 0.315148
78.8294 0.310824
78.8514 0.306492
78.8735 0.30229
78.8938 0.300055
78.9159 0.296492
78.9379 0.293076
78.96 0.289864
79.021 0.324797
79.055 0.315509
79.077 0.310919
79.0991 0.306409
79.1211 0.302093
79.1415 0.299788
79.1635 0.295314
79.1856 0.291368
79.2076 0.288767
79.2687 0.322724
79.3026 0.313954
79.3246 0.310628
79.3467 0.306926
79.3687 0.303092
79.3891 0.300167
79.4111 0.295274
79.4332 0.291054
79.4552 0.287408
79.5163 0.322889
79.5502 0.315146
79.5722 0.310852
79.5943 0.306538
79.6163 0.302347
79.6367 0.300117
79.6587 0.296556
79.6808 0.293139
79.7028 0.289924
79.7639 0.323708
79.7978 0.314794
79.8199 0.311143
79.8419 0.307212
79.864 0.303218
79.8843 0.300185
79.9064 0.29522
79.9284 0.290954
79.9505 0.287282
80.0115 0.32283
80.0454 0.315132
80.0675 0.310807
80.0895 0.306474
80.1116 0.302273
80.1319 0.300913
80.154 0.296992
80.176 0.292451
80.1981 0.28855
80.2591 0.323681
80.293 0.315684
80.3151 0.311318
80.3371 0.306944
80.3592 0.3027
80.3795 0.300424
80.4016 0.295948
80.4236 0.292856
80.4457 0.289863
80.5067 0.32356
80.5407 0.314593
80.5627 0.311094
80.5848 0.307263
80.6068 0.303335
80.6272 0.30034
80.6492 0.295396
80.6713 0.291138
80.6933 0.287465
80.7544 0.322936
80.7883 0.315185
80.8103 0.310877
80.8324 0.306554
80.8544 0.302355
80.8748 0.30012
80.8968 0.296556
80.9189 0.293137
80.9409 0.289921
81.002 0.323707
81.0359 0.314795
81.0579 0.311142
81.08 0.30721
81.102 0.302341
81.1224 0.299667
81.1444 0.294953
81.1665 0.290862
81.1885 0.287306
81.2496 0.322784
81.2835 0.313917
81.3056 0.309818
81.3276 0.306539
81.3497 0.302996
81.37 0.300265
81.3921 0.295495
81.4141 0.29135
81.4361 0.287743
81.4972 0.323063
81.5311 0.315209
81.5532 0.310975
81.5752 0.306697
81.5973 0.302525
81.6176 0.300301
81.6397 0.296739
81.6617 0.293315
81.6838 0.29009
81.7448 0.32381
81.7787 0.31485
81.8008 0.311208
81.8228 0.30728
81.8449 0.303287
81.8652 0.300252
81.8873 0.295283
81.9093 0.291014
81.9314 0.287337
81.9924 0.322864
82.0264 0.315152
82.0484 0.310828
82.0705 0.306496
82.0925 0.302294
82.1129 0.300059
82.1349 0.296496
82.1569 0.29308
82.179 0.289867
82.2401 0.324799
82.274 0.315511
82.296 0.31092
82.3181 0.30641
82.3401 0.302094
82.3605 0.29979
82.3825 0.295315
82.4046 0.291369
82.4266 0.288768
82.4877 0.322725
82.5216 0.313954
82.5436 0.310628
82.5657 0.306926
82.5877 0.303092
82.6081 0.300167
82.6301 0.295274
82.6522 0.291054
82.6742 0.287408
82.7353 0.322889
82.7692 0.315146
82.7913 0.310852
82.8133 0.306538
82.8353 0.302347
82.8557 0.300117
82.8777 0.296556
82.8998 0.293139
82.9218 0.289924
82.9829 0.323708
83.0168 0.314794
83.0389 0.311143
83.0609 0.307212
83.083 0.303219
83.1033 0.300185
83.1254 0.29522
83.1474 0.290954
83.1695 0.287282
83.2305 0.32283
83.2644 0.315132
83.2865 0.310807
83.3085 0.306474
83.3306 0.302273
83.3509 0.300913
83.373 0.296992
83.395 0.292451
83.4171 0.28855
83.4781 0.323681
83.5121 0.315684
83.5341 0.311318
83.5561 0.306944
83.5782 0.3027
83.5985 0.300424
83.6206 0.295948
83.6426 0.292856
83.6647 0.289863
83.7257 0.32356
83.7597 0.314593
83.7817 0.311094
83.8038 0.307263
83.8258 0.303335
83.8462 0.30034
83.8682 0.295396
83.8903 0.291138
83.9123 0.287465
83.9734 0.322936
84.0073 0.315185
84.0293 0.310877
84.0514 0.306554
84.0734 0.302355
84.0938 0.30012
84.1158 0.296556
84.1379 0.293137
84.1599 0.289921
84.221 0.323707
84.2549 0.314795
84.2769 0.311142
84.299 0.30721
84.321 0.302341
84.3414 0.299667
84.3634 0.294953
84.3855 0.290862
84.4075 0.287306
84.4686 0.322784
84.6127 0.437667
84.6808 0.462724
84.8249 0.471332
84.8931 0.468002
84.9072 0.457848
84.9213 0.444408
84.9354 0.428325
84.9495 0.411011
84.9636 0.393429
84.9779 0.376221
84.9923 0.358922
85.0301 0.333444
85.0986 0.347461
85.113 0.341015
85.1265 0.332753
85.1406 0.323557
85.1553 0.313161
85.1773 0.296209
85.1993 0.282264
85.2214 0.280447
85.2765 0.322898
85.3698 0.411196
85.3783 0.400292
85.3851 0.380159
85.3935 0.356598
85.4037 0.333586
85.4258 0.325028
85.4478 0.317474
85.4699 0.310814
85.5241 0.342074
85.6174 0.403899
85.6301 0.384601
85.6429 0.369605
85.6564 0.356963
85.6717 0.344481
85.6869 0.332525
85.7022 0.320443
85.7175 0.309594
85.7717 0.33649
85.865 0.396718
85.8786 0.382581
85.893 0.368411
85.9074 0.355568
85.921 0.344871
85.9354 0.334137
85.9498 0.325495
85.9651 0.315839
86.0194 0.339502
86.1126 0.397515
86.1262 0.384824
86.1415 0.371533
86.155 0.359168
86.1686 0.348674
86.1839 0.337954
86.1974 0.328326
86.2127 0.318842
86.267 0.34003
86.3603 0.397497
86.3738 0.385277
86.3891 0.371405
86.4027 0.360445
86.4171 0.349051
86.4315 0.338635
86.4451 0.329185
86.4603 0.320666
86.5146 0.342426
86.6079 0.397973
86.6214 0.385713
86.6367 0.372676
86.6503 0.361318
86.6655 0.349636
86.6791 0.339012
86.6927 0.33029
86.7079 0.321307
86.7622 0.343034
86.8555 0.399666
86.8691 0.386122
86.8843 0.373137
86.8979 0.361798
86.9132 0.349239
86.9267 0.339833
86.9411 0.330103
86.9556 0.32137
87.0098 0.342943
87.1031 0.399476
87.1167 0.386992
87.1319 0.373768
87.1455 0.362253
87.1608 0.350439
87.1743 0.340578
87.1896 0.330526
87.2032 0.32157
87.2574 0.343173
87.3507 0.399719
87.3643 0.387095
87.3796 0.373776
87.3931 0.361323
87.4084 0.349829
87.422 0.340197
87.4372 0.329433
87.4508 0.321824
87.5051 0.343337
87.5983 0.39982
87.6119 0.387196
87.6272 0.372999
87.6407 0.361776
87.656 0.349293
87.6696 0.339936
87.6848 0.330234
87.6984 0.322392
87.7527 0.342661
87.846 0.398317
87.8595 0.385783
87.8748 0.372564
87.8884 0.36109
87.9036 0.349339
87.9172 0.339554
87.9325 0.329585
87.946 0.320711
88.0003 0.341507
88.0936 0.39867
88.1071 0.386083
88.1224 0.37282
88.136 0.361309
88.1512 0.348652
88.1648 0.3392
88.1801 0.328585
88.1936 0.3211
88.2479 0.341729
88.3412 0.398775
88.3548 0.386231
88.37 0.372116
88.3836 0.360975
88.3989 0.349445
88.4124 0.339803
88.4277 0.329919
88.4413 0.321966
88.4955 0.34247
88.5888 0.399411
88.6024 0.386617
88.6176 0.373202
88.6312 0.36158
88.6465 0.349715
88.66 0.33897
88.6753 0.329294
88.6889 0.321497
88.7431 0.343244
88.8364 0.399882
88.85 0.387094
88.8653 0.372792
88.8788 0.361507
88.8941 0.348991
88.9077 0.339622
88.9229 0.329923
88.9365 0.322091
88.9908 0.342481
89.084 0.399346
89.0976 0.386651
89.1129 0.373299
89.1264 0.361715
89.1417 0.349872
89.1553 0.34001
89.1705 0.329976
89.1841 0.321047
89.2384 0.34173
89.3317 0.398812
89.3452 0.386218
89.3605 0.372946
89.3741 0.360551
89.3893 0.349118
89.4029 0.339549
89.4181 0.328846
89.4317 0.321296
89.486 0.341876
89.5793 0.398886
89.5928 0.386313
89.6081 0.372178
89.6217 0.361021
89.6369 0.34948
89.6505 0.339828
89.6658 0.329937
89.6793 0.32198
89.7336 0.342481
89.8269 0.398294
89.8405 0.385639
89.8557 0.372345
89.8693 0.360829
89.8845 0.349058
89.8981 0.338394
89.9134 0.32879
89.9269 0.321056
89.9812 0.342956
90.0745 0.399704
90.0881 0.386043
90.1033 0.372982
90.1169 0.3616
90.1322 0.349017
90.1457 0.339603
90.161 0.329875
90.1746 0.322026
90.2288 0.342452
90.3221 0.399342
90.3357 0.386628
90.3509 0.373265
90.3645 0.361674
90.3798 0.349828
90.3933 0.339966
90.4086 0.329932
90.4222 0.321881
90.4765 0.342471
90.5697 0.399469
90.5833 0.386597
90.5986 0.373131
90.6121 0.361478
90.6274 0.349596
90.641 0.339718
90.6562 0.328807
90.6698 0.321121
90.7241 0.342969
90.8173 0.399682
90.8309 0.386937
90.8462 0.372668
90.8597 0.361408
90.875 0.348912
90.8886 0.339559
90.9038 0.329871
90.9174 0.32205
90.9717 0.342452
91.065 0.398202
91.0785 0.385649
91.0938 0.372423
91.1074 0.360949
91.1226 0.349201
91.1362 0.339424
91.1515 0.329462
91.165 0.320598
91.2193 0.341437
91.3126 0.39863
91.3261 0.386039
91.3414 0.372774
91.355 0.361264
91.3702 0.348608
91.3838 0.339159
91.3991 0.328547
91.4126 0.321066
91.4669 0.341707
91.5602 0.398763
91.5738 0.386217
91.589 0.372102
91.6026 0.360961
91.6179 0.349432
91.6314 0.33979
91.6467 0.329907
91.6603 0.321955
91.7145 0.342463
91.8078 0.399407
91.8214 0.386613
91.8366 0.373198
91.8502 0.361575
91.8655 0.349711
91.879 0.338966
91.8943 0.32929
91.9079 0.321494
91.9621 0.343242
92.0554 0.399881
92.069 0.387092
92.0843 0.372791
92.0978 0.361506
92.1131 0.34899
92.1267 0.339621
92.1419 0.329922
92.1555 0.32209
92.2098 0.34248
92.303 0.399346
92.3166 0.38665
92.3319 0.373299
92.3454 0.361715
92.3607 0.349872
92.3743 0.34001
92.3895 0.329975
92.4031 0.321047
92.4574 0.34173
92.5507 0.398812
92.5642 0.386218
92.5795 0.372946
92.5931 0.360551
92.6083 0.349118
92.6219 0.339549
92.6372 0.328846
92.6507 0.321295
92.705 0.341876
92.7983 0.398886
92.8118 0.386313
92.8271 0.372178
92.8407 0.361021
92.8559 0.34948
92.8695 0.339828
92.8848 0.329937
92.8983 0.32198
92.9526 0.342481
93.0459 0.398294
93.0595 0.385639
93.0747 0.372345
93.0883 0.360829
93.1036 0.349058
93.1171 0.338394
93.1324 0.32879
93.146 0.321056
93.2002 0.342956
93.2935 0.399704
93.3071 0.386043
93.3223 0.372982
93.3359 0.3616
93.3512 0.349017
93.3647 0.339603
93.38 0.329
93.3936 0.321511
93.4478 0.34197
93.5411 0.398897
93.5547 0.386388
93.57 0.373167
93.5835 0.361673
93.5988 0.349891
93.6124 0.340068
93.6276 0.330057
93.6412 0.322017
93.6955 0.342544
93.7887 0.399498
93.8023 0.386647
93.8176 0.373194
93.8311 0.361546
93.8464 0.349667
93.86 0.339788
93.8752 0.328873
93.8888 0.321184
93.9431 0.343007
94.0364 0.399704
94.0499 0.386961
94.0652 0.372694
94.0788 0.361434
94.094 0.348937
94.1076 0.339582
94.1229 0.329894
94.1364 0.32207
94.1907 0.342464
94.284 0.398209
94.2975 0.385657
94.3128 0.372431
94.3264 0.360957
94.3416 0.349209
94.3552 0.339431
94.3705 0.329469
94.384 0.320605
94.4383 0.341441
94.5316 0.398633
94.5452 0.386041
94.5604 0.372777
94.574 0.361267
94.5893 0.348611
94.6028 0.339161
94.6181 0.328549
94.6317 0.321067
94.6859 0.341709
94.7792 0.398763
94.7928 0.386218
94.808 0.372103
94.8216 0.360962
94.8369 0.349433
94.8504 0.339791
94.8657 0.329908
94.8793 0.321956
94.9335 0.342464
95.0268 0.399408
95.0404 0.386613
95.0557 0.373198
95.0692 0.361576
95.0845 0.349712
95.0981 0.338966
95.1133 0.329291
95.1269 0.321494
95.1812 0.343242
95.2744 0.399881
95.288 0.386217
95.3033 0.372275
95.3168 0.361242
95.3321 0.3489
95.3457 0.339648
95.3609 0.330024
95.3745 0.322239
95.5661 0.497793
95.5867 0.507217
95.7783 0.504176
95.799 0.49305
95.8131 0.476091
95.8343 0.450615
95.8563 0.420564
95.8775 0.38867
95.8996 0.355906
95.9208 0.332648
95.9428 0.323771
96.0564 0.428359
96.0581 0.400265
96.0615 0.37211
96.0819 0.344723
96.1039 0.324651
96.126 0.309521
96.148 0.300357
96.1684 0.290957
96.1904 0.285008
96.3041 0.383917
96.3159 0.375226
96.3304 0.364797
96.3448 0.354459
96.36 0.342754
96.3744 0.33233
96.3956 0.317823
96.416 0.307402
96.438 0.296457
96.5517 0.390362
96.5652 0.379313
96.5797 0.368145
96.5941 0.356375
96.6076 0.346357
96.6229 0.336022
96.6433 0.320583
96.6636 0.309495
96.6857 0.299828
96.7993 0.392369
96.8129 0.381404
96.8281 0.368477
96.8417 0.357353
96.8553 0.34773
96.8705 0.337611
96.8909 0.323138
96.9112 0.311699
96.9333 0.300858
97.0469 0.392861
97.0605 0.382088
97.0757 0.370141
97.0893 0.359578
97.1037 0.349346
97.1181 0.338777
97.1385 0.323973
97.1588 0.31229
97.1809 0.302145
97.2945 0.393957
97.3081 0.381889
97.3234 0.370004
97.3369 0.359486
97.3522 0.347536
97.3658 0.338584
97.3861 0.323941
97.4065 0.312365
97.4285 0.301413
97.5421 0.394364
97.5557 0.383399
97.571 0.371285
97.5845 0.360575
97.5998 0.349342
97.6134 0.339897
97.6337 0.325765
97.6541 0.31356
97.6761 0.302158
97.7898 0.393901
97.8033 0.382796
97.8186 0.370608
97.8322 0.359872
97.8474 0.348643
97.861 0.339222
97.8813 0.324252
97.9017 0.312451
97.9237 0.302224
98.0374 0.394044
98.0509 0.382797
98.0662 0.369642
98.0798 0.359207
98.095 0.347321
98.1086 0.338417
98.129 0.324686
98.1493 0.312779
98.1714 0.301597
98.285 0.393463
98.2986 0.382486
98.3138 0.370392
98.3274 0.359724
98.3427 0.348544
98.3562 0.339159
98.3766 0.325089
98.3969 0.313822
98.419 0.302996
98.5326 0.394798
98.5462 0.383166
98.5614 0.370621
98.575 0.358776
98.5903 0.346884
98.6038 0.33799
98.6242 0.323403
98.6445 0.311881
98.6666 0.300979
98.7802 0.392962
98.7938 0.382153
98.8091 0.369305
98.8226 0.359082
98.8379 0.348215
98.8515 0.339045
98.8718 0.32512
98.8922 0.313072
98.9142 0.301788
99.0278 0.393626
99.0414 0.382586
99.0567 0.370448
99.0702 0.359749
99.0855 0.348549
99.0991 0.338275
99.1194 0.324556
99.1398 0.31266
99.1618 0.302364
99.2484 0.363786
99.2501 0.389544
99.2618 0.404524
99.276 0.408339
99.2907 0.403831
99.3048 0.395785
99.3246 0.379511
99.3449 0.363784
99.367 0.347158
99.4536 0.375345
99.4677 0.367441
99.4818 0.357396
99.4959 0.346261
99.51 0.333883
99.5242 0.321982
99.5383 0.311641
99.5524 0.301741
99.5722 0.28719
99.6587 0.339798
99.6729 0.328768
99.687 0.31788
99.7011 0.306551
99.7152 0.296193
99.7293 0.287671
99.7434 0.279714
99.7576 0.272375
99.7773 0.260423
99.8639 0.32295
99.878 0.311626
99.8921 0.301112
99.9063 0.292334
99.9204 0.284063
99.9345 0.276383
99.9486 0.269331
99.9627 0.262912
99.9825 0.251858
100.069 0.31865
100.083 0.307418
100.097 0.297971
100.111 0.289085
100.126 0.280845
100.14 0.273285
100.154 0.26641
100.168 0.260197
100.188 0.249869
100.274 0.31747
100.288 0.307057
100.302 0.297253
100.317 0.288155
100.331 0.279804
100.345 0.272205
100.359 0.265337
100.373 0.258288
100.393 0.248484
100.479 0.316472
100.494 0.306262
100.508 0.296617
100.522 0.287642
100.536 0.279389
100.55 0.270992
100.564 0.263669
100.578 0.258155
100.598 0.248719
100.685 0.316709
100.699 0.306372
100.713 0.29664
100.727 0.287608
100.741 0.278443
100.755 0.270383
100.769 0.264176
100.783 0.258472
100.803 0.248608
100.89 0.315429
100.904 0.305352
100.918 0.295822
100.932 0.286073
100.946 0.277392
100.96 0.270558
100.974 0.264243
100.989 0.258466
