0.0 3
0.034232 0.2
20.3613 0.225634
20.5004 0.366728
20.6412 0.507985
20.7828 0.59578
20.8786 0.592933
20.9414 0.492161
20.9674 0.460914
20.9935 0.461131
21.0221 0.445831
21.049 0.422671
21.0776 0.395982
21.1071 0.365187
21.1365 0.335378
21.1685 0.304523
21.2158 0.261789
21.3048 0.270509
21.3608 0.282122
21.4439 0.278677
21.5677 0.34852
21.7051 0.451775
21.845 0.531575
21.9866 0.580488
22.1011 0.575103
22.2181 0.533473
22.3343 0.49895
22.453 0.470234
22.5734 0.447413
22.6964 0.431517
22.8202 0.41857
22.9457 0.40693
23.0729 0.3977
23.2018 0.391558
23.3324 0.38776
23.4647 0.384619
23.5987 0.382101
23.7335 0.380164
23.87 0.378763
24.0066 0.375601
24.1448 0.372538
24.283 0.369699
24.4229 0.366032
24.5629 0.363094
24.7045 0.360788
24.8452 0.357906
24.9589 0.345388
25.0886 0.34391
25.2039 0.338006
25.321 0.342568
25.4397 0.338576
25.5609 0.329219
25.6848 0.315885
25.8103 0.300513
25.9375 0.290091
26.0664 0.285437
26.1969 0.284807
26.3292 0.288055
26.4624 0.292748
26.5955 0.29496
26.7312 0.298851
26.8677 0.303815
27.0042 0.307172
27.1425 0.310526
27.2807 0.312711
27.4206 0.315216
27.5605 0.317916
27.7013 0.319597
27.8429 0.320587
27.9837 0.32
28.1245 0.318396
28.2381 0.323508
28.3721 0.330815
28.4865 0.332117
28.6019 0.346967
28.7189 0.351276
28.8385 0.34597
28.9606 0.334677
29.0844 0.320838
29.2099 0.306761
29.3371 0.293758
29.466 0.287295
29.5966 0.286545
29.7289 0.288566
29.8629 0.292438
29.9977 0.297496
30.1325 0.301019
30.269 0.30458
30.4056 0.306992
30.5438 0.309732
30.682 0.312664
30.8219 0.314567
30.9619 0.316891
31.1026 0.318358
31.2442 0.320372
31.385 0.320494
31.5258 0.317122
31.6394 0.322996
31.7734 0.330821
31.8887 0.332461
32.0066 0.344898
32.1253 0.346032
32.2457 0.341587
32.3678 0.332808
32.4917 0.320678
32.6172 0.306853
32.7444 0.293347
32.8733 0.287369
33.0038 0.284716
33.1353 0.285515
33.2693 0.289773
33.4041 0.295168
33.5398 0.298985
33.6763 0.303927
33.8145 0.308423
33.9528 0.311423
34.0927 0.314503
34.2326 0.317603
34.3734 0.319556
34.515 0.320726
34.6557 0.320253
34.7965 0.318715
34.928 0.308726
35.0535 0.314117
35.1671 0.330713
35.2824 0.348364
35.3994 0.352685
35.519 0.34825
35.6411 0.337457
35.7649 0.323859
35.8904 0.308971
36.0176 0.294749
36.1465 0.287455
36.2771 0.286154
36.4094 0.287826
36.5425 0.291492
36.6757 0.293069
36.8114 0.296603
36.9479 0.301402
37.0844 0.304727
37.2226 0.308136
37.3609 0.310432
37.5008 0.313081
37.6407 0.315942
37.7823 0.318915
37.9231 0.320806
38.0639 0.318585
38.2046 0.317046
38.3183 0.32282
38.4522 0.330583
38.5676 0.332191
38.6846 0.34549
38.8033 0.34714
38.9246 0.341218
39.0467 0.331513
39.1705 0.319721
39.296 0.306148
39.4232 0.29283
39.5521 0.286973
39.6827 0.284412
39.8141 0.286406
39.9481 0.290327
40.0829 0.295484
40.2178 0.299134
40.3543 0.302837
40.4908 0.305398
40.6291 0.308285
40.7673 0.311358
40.9072 0.31452
41.0471 0.316578
41.1887 0.31788
41.3295 0.3198
41.4703 0.318754
41.611 0.316888
41.7247 0.323897
41.8476 0.341156
41.963 0.348322
42.08 0.354795
42.1987 0.351674
42.32 0.342481
42.4438 0.328838
42.5693 0.312859
42.6965 0.297753
42.8254 0.289616
42.956 0.286569
43.0883 0.288177
43.2214 0.29179
43.3545 0.293323
43.4902 0.296819
43.6267 0.301588
43.7633 0.304886
43.9015 0.308273
44.0397 0.31055
44.1796 0.313183
44.3196 0.316031
44.4603 0.317867
44.6019 0.319014
44.7427 0.318578
44.8835 0.317118
44.9971 0.322787
45.1311 0.330483
45.2456 0.33205
45.3609 0.347076
45.4779 0.351497
45.5975 0.346258
45.7196 0.334999
45.8434 0.321173
45.9689 0.307095
46.0961 0.293953
46.225 0.288517
46.3556 0.287309
46.4879 0.289007
46.6219 0.292652
46.7567 0.297555
46.8915 0.300974
47.0281 0.304468
47.1646 0.30684
47.3028 0.309559
47.441 0.312481
47.581 0.314384
47.7209 0.316715
47.8617 0.31819
48.0033 0.320215
48.144 0.32035
48.2848 0.31699
48.3984 0.322924
48.5324 0.330789
48.6477 0.332458
48.7656 0.344913
48.8843 0.346058
49.0048 0.341621
49.1269 0.332845
49.2507 0.320716
49.3762 0.306891
49.5034 0.293383
49.6323 0.286266
49.7629 0.283993
49.8943 0.285064
50.0283 0.289515
50.1631 0.295045
50.298 0.297829
50.4345 0.302098
50.571 0.306179
50.7092 0.308944
50.8475 0.311917
50.9874 0.313871
51.1273 0.316251
51.2689 0.317774
51.4097 0.318717
51.5505 0.318158
51.6912 0.31663
51.8049 0.323491
51.9346 0.335416
52.0499 0.338572
52.1669 0.349063
52.2857 0.348758
52.4069 0.341503
52.5307 0.329164
52.6562 0.31403
52.7834 0.299441
52.9123 0.290331
53.0429 0.286623
53.1752 0.287795
53.3084 0.291133
53.4415 0.292507
53.5772 0.295925
53.7137 0.300669
53.8502 0.303981
53.9885 0.307405
54.1267 0.309733
54.2666 0.312425
54.4065 0.315335
54.5473 0.317234
54.6889 0.318442
54.8297 0.318064
54.9704 0.316658
55.0841 0.322526
55.2181 0.33036
55.3325 0.332022
55.4479 0.347111
55.5649 0.351573
55.6845 0.346358
55.8066 0.335112
55.9304 0.32129
56.0559 0.307211
56.1831 0.294021
56.312 0.287426
56.4426 0.286585
56.5749 0.288546
56.7088 0.292379
56.8437 0.297413
56.9785 0.300923
57.115 0.304478
57.2516 0.306891
57.3898 0.309633
57.528 0.31257
57.6679 0.314479
57.8078 0.31681
57.9486 0.318284
58.0902 0.320305
58.231 0.319309
58.3718 0.316333
58.4854 0.322292
58.6194 0.330193
58.7347 0.331904
58.8526 0.344404
58.9713 0.345595
59.0917 0.341202
59.2138 0.332469
59.3376 0.320379
59.4631 0.30659
59.5903 0.293116
59.7192 0.287219
59.8498 0.284623
59.9813 0.285463
60.1153 0.28975
60.2501 0.295164
60.3849 0.297869
60.5223 0.30321
60.6605 0.309115
60.7987 0.311924
60.9387 0.314864
61.0786 0.31786
61.2193 0.319736
61.361 0.320851
61.5017 0.320337
61.6425 0.318771
61.7739 0.308777
61.8994 0.314163
62.0131 0.330755
62.1284 0.348401
62.2454 0.352718
62.365 0.349154
62.4871 0.337998
62.6109 0.324146
62.7364 0.309082
62.8636 0.294903
62.9925 0.287632
63.1231 0.286341
63.2554 0.288015
63.3885 0.291675
63.5217 0.293243
63.6573 0.296765
63.7939 0.301552
63.9304 0.304864
64.0686 0.30826
64.2069 0.310544
64.3468 0.313181
64.4867 0.316031
64.6283 0.318995
64.7691 0.320877
64.9098 0.318647
65.0506 0.317101
65.1642 0.322852
65.2982 0.330599
65.4136 0.332196
65.5306 0.345487
65.6493 0.347132
65.7706 0.341208
65.8927 0.3315
66.0165 0.319708
66.142 0.30701
66.2692 0.293333
66.3981 0.287448
66.5287 0.284854
66.6601 0.286812
66.7941 0.290697
66.9289 0.295818
67.0638 0.299435
67.2003 0.303107
67.3368 0.305639
67.475 0.308499
67.6133 0.311548
67.7532 0.314688
67.8931 0.316727
68.0347 0.318011
68.1755 0.319916
68.3163 0.318856
68.457 0.316978
68.5707 0.323949
68.6936 0.341183
68.8089 0.34833
68.926 0.354791
69.0447 0.351663
69.166 0.342464
69.2898 0.328819
69.4153 0.312839
69.5425 0.297733
69.6714 0.289604
69.802 0.286564
69.9342 0.288176
70.0674 0.291791
70.2005 0.293326
70.3362 0.296823
70.4727 0.301592
70.6093 0.304891
70.7475 0.308278
70.8857 0.310555
71.0256 0.313188
71.1655 0.316035
71.3063 0.317871
71.4479 0.319017
71.5887 0.318581
71.7295 0.317121
71.8431 0.322789
71.9771 0.330484
72.0916 0.33205
72.2069 0.347076
72.3239 0.351497
72.4435 0.346257
72.5656 0.334999
72.6894 0.321173
72.8149 0.307094
72.9421 0.293952
73.071 0.287392
73.2016 0.286575
73.3339 0.288552
73.4679 0.292394
73.6027 0.297435
73.7375 0.300948
73.8741 0.304505
74.0106 0.306917
74.1488 0.309659
74.287 0.312594
74.4269 0.314502
74.5669 0.316832
74.7076 0.318303
74.8493 0.320322
74.99 0.32045
75.1308 0.317082
75.2444 0.322974
75.3784 0.33081
75.4937 0.332459
75.6116 0.344901
75.7303 0.346038
75.8507 0.341596
75.9729 0.332818
76.0967 0.320689
76.2222 0.306863
76.3494 0.293357
76.4783 0.287375
76.6089 0.284719
76.7403 0.285516
76.8743 0.289773
77.0091 0.295167
77.1448 0.298983
77.2813 0.303926
77.4195 0.308421
77.5578 0.311421
77.6977 0.314501
77.8376 0.317601
77.9784 0.319554
78.12 0.320724
78.2608 0.320251
78.4015 0.318714
78.533 0.308725
78.6585 0.314116
78.7721 0.330713
78.8874 0.348364
79.0045 0.352686
79.124 0.34825
79.2461 0.337457
79.3699 0.32386
79.4954 0.308972
79.6226 0.294749
79.7515 0.287455
79.8821 0.286154
80.0144 0.287826
80.1476 0.291492
80.2807 0.293069
80.4164 0.296602
80.5529 0.301402
80.6894 0.304727
80.8277 0.308136
80.9659 0.310432
81.1058 0.313081
81.2457 0.315942
81.3873 0.318915
81.5281 0.320806
81.6689 0.318585
81.8096 0.317046
81.9233 0.32282
82.0573 0.330583
82.1726 0.332191
82.2896 0.34549
82.4083 0.34714
82.5296 0.341218
82.6517 0.331513
82.7755 0.319721
82.901 0.306148
83.0282 0.29283
83.1571 0.286973
83.2877 0.284412
83.4191 0.286406
83.5531 0.290327
83.688 0.295484
83.8228 0.299134
83.9593 0.302837
84.0958 0.305398
84.2341 0.308285
84.3723 0.311358
84.5122 0.31452
84.6521 0.316578
84.7937 0.31788
84.9345 0.3198
85.0753 0.318754
85.2161 0.316888
85.3297 0.323897
85.4526 0.341156
85.568 0.348322
85.685 0.354795
85.8037 0.351674
85.925 0.342481
86.0488 0.328838
86.1743 0.312859
86.3015 0.297753
86.4304 0.289616
86.561 0.286569
86.6933 0.288177
86.8264 0.29179
86.9595 0.293323
87.0952 0.296819
87.2317 0.301588
87.3683 0.304886
87.5065 0.308273
87.6447 0.31055
87.7846 0.313183
87.9246 0.316031
88.0653 0.317867
88.2069 0.319014
88.3477 0.318578
88.4885 0.317118
88.6021 0.322787
88.7361 0.330483
88.8506 0.33205
88.9659 0.347076
89.0829 0.351497
89.2025 0.346258
89.3246 0.334999
89.4484 0.321173
89.5739 0.307095
89.7011 0.293953
89.83 0.288517
89.9606 0.287309
90.0929 0.289007
90.2269 0.292652
90.3617 0.297555
90.4965 0.300974
90.6331 0.304468
90.7696 0.30684
90.9078 0.309559
91.0461 0.312481
91.186 0.314384
91.3259 0.316715
91.4667 0.31819
91.6083 0.320215
91.749 0.32035
91.8898 0.31699
92.0034 0.322924
92.1374 0.330789
92.2528 0.332458
92.3706 0.344913
92.4893 0.346058
92.6098 0.341621
92.7319 0.332845
92.8557 0.320716
92.9812 0.306891
93.1084 0.293383
93.2373 0.286266
93.3679 0.283993
93.4993 0.285064
93.6333 0.289515
93.7681 0.295045
93.903 0.297829
94.0395 0.302098
94.176 0.306179
94.3142 0.308944
94.4525 0.311917
94.5924 0.313871
94.7323 0.316251
94.8739 0.317774
95.0147 0.318717
95.1555 0.318158
95.2962 0.31663
95.4099 0.323491
95.5396 0.335416
95.6549 0.338572
95.772 0.349063
95.8907 0.348758
96.0119 0.341503
96.1357 0.329164
96.2613 0.31403
96.3885 0.299441
96.5173 0.290331
96.6479 0.286623
96.7802 0.287795
96.9134 0.291133
97.0465 0.292507
97.1822 0.295925
97.3187 0.300669
97.4552 0.303981
97.5935 0.307405
97.7317 0.309733
97.8716 0.312425
98.0115 0.315335
98.1523 0.317234
98.2939 0.318442
98.4347 0.318064
98.5754 0.316658
98.6891 0.322526
98.8231 0.33036
98.9375 0.332022
99.0529 0.347111
99.1699 0.351573
99.2895 0.346358
99.4116 0.335112
99.5354 0.32129
99.6609 0.307211
99.7881 0.294021
99.917 0.287426
100.048 0.286585
100.18 0.288546
100.314 0.292379
100.449 0.297413
100.584 0.300923
100.72 0.304478
100.857 0.306891
100.995 0.309633
101.133 0.31257
101.273 0.314479
101.413 0.31681
101.554 0.318284
101.695 0.320305
101.836 0.320434
101.977 0.317067
102.09 0.322966
102.224 0.330806
102.34 0.332458
102.458 0.344902
102.576 0.346041
102.697 0.341599
102.819 0.332822
102.943 0.320692
103.068 0.306867
103.195 0.293361
103.324 0.287377
103.455 0.28472
103.586 0.285516
103.72 0.289773
103.855 0.295167
103.991 0.298983
104.127 0.303925
104.266 0.308421
104.404 0.31142
104.544 0.314501
104.684 0.3176
104.824 0.319553
104.966 0.320724
105.107 0.320251
105.248 0.318713
105.379 0.308725
105.504 0.314116
105.618 0.330713
105.733 0.348364
105.85 0.352686
105.97 0.348251
106.092 0.337457
106.216 0.32386
106.341 0.308972
106.469 0.294749
106.598 0.287455
106.728 0.286154
106.86 0.287826
106.994 0.291492
107.127 0.293069
107.262 0.296602
107.399 0.301402
107.535 0.304727
107.674 0.308136
107.812 0.310432
107.952 0.313081
108.092 0.315942
108.233 0.318915
108.374 0.320806
108.515 0.318585
108.656 0.317046
108.769 0.32282
108.903 0.330583
109.019 0.332191
109.136 0.34549
109.254 0.34714
109.376 0.341218
109.498 0.331513
109.621 0.319721
109.747 0.307023
109.874 0.293345
110.003 0.287456
110.134 0.284858
110.265 0.286814
110.399 0.290697
110.534 0.295817
110.669 0.299433
110.805 0.303105
110.942 0.305636
111.08 0.308496
111.218 0.311545
111.358 0.314685
111.498 0.316724
111.64 0.318009
111.78 0.319914
111.921 0.318854
112.062 0.316976
112.176 0.323949
112.299 0.341182
112.414 0.34833
112.531 0.354791
112.65 0.351663
112.771 0.342465
112.895 0.32882
113.02 0.31284
113.147 0.297733
113.276 0.289605
113.407 0.286564
113.539 0.288176
113.672 0.291791
113.806 0.293326
113.941 0.296823
114.078 0.301592
114.214 0.304891
114.352 0.308278
114.491 0.310555
114.631 0.313188
114.771 0.316035
114.911 0.317871
115.053 0.319017
115.194 0.318581
115.334 0.317121
115.448 0.322789
115.582 0.330484
115.697 0.33205
115.812 0.347076
115.929 0.351497
116.048 0.346258
116.171 0.334999
116.294 0.321173
116.42 0.307094
116.547 0.293952
116.676 0.288517
116.807 0.287309
116.939 0.289007
117.073 0.292652
117.208 0.297555
117.343 0.300974
117.479 0.304468
117.616 0.306841
117.754 0.309559
117.892 0.312481
118.032 0.314384
118.172 0.316715
118.313 0.318191
118.454 0.320216
118.595 0.32035
118.736 0.31699
118.849 0.322924
118.983 0.330789
119.099 0.332458
119.217 0.344913
119.335 0.346058
119.456 0.341621
119.578 0.332845
119.702 0.320716
119.827 0.306891
119.954 0.293383
120.083 0.286266
120.214 0.283993
120.345 0.285064
120.479 0.289515
120.614 0.295045
120.749 0.297829
120.885 0.302098
121.022 0.306179
121.16 0.308944
121.298 0.311917
121.438 0.313871
121.578 0.316251
121.72 0.317774
121.861 0.318717
122.001 0.318158
122.142 0.31663
122.256 0.323491
122.386 0.335416
122.501 0.338572
122.618 0.349063
122.737 0.348758
122.858 0.341503
122.982 0.329164
123.107 0.31403
123.234 0.299441
123.363 0.290331
123.494 0.286623
123.626 0.287795
123.759 0.291133
123.892 0.292507
124.028 0.295925
124.165 0.300669
124.301 0.305106
124.439 0.308139
124.578 0.310188
124.718 0.312683
124.858 0.315455
124.998 0.31726
125.14 0.318405
125.281 0.317988
125.421 0.316558
125.535 0.322499
125.669 0.330382
125.784 0.332075
125.899 0.347184
126.016 0.351655
126.135 0.346445
126.258 0.335198
126.381 0.321375
126.507 0.307291
126.634 0.294069
126.763 0.287452
126.894 0.286596
127.026 0.288547
127.16 0.292373
127.295 0.297403
127.429 0.30091
127.566 0.304464
127.703 0.306876
127.841 0.309619
127.979 0.311431
128.119 0.313732
128.259 0.316343
128.4 0.318016
128.541 0.320175
128.682 0.319274
128.823 0.316362
128.936 0.322252
129.07 0.330109
129.186 0.331794
129.304 0.34428
129.422 0.345466
129.543 0.341073
129.665 0.332345
129.789 0.320262
129.914 0.306481
130.041 0.293015
130.17 0.287156
130.301 0.284587
130.432 0.285446
130.566 0.289745
130.701 0.295168
130.836 0.297878
130.973 0.303223
131.112 0.30913
131.25 0.311939
131.39 0.314879
131.53 0.317874
131.67 0.31975
131.812 0.320864
131.953 0.320349
132.093 0.318782
132.225 0.308783
132.35 0.314165
132.464 0.330755
132.579 0.348399
132.696 0.352716
132.816 0.349152
132.938 0.337995
133.062 0.324143
133.187 0.309079
133.315 0.294901
133.444 0.287632
133.574 0.286341
133.706 0.288015
133.84 0.291675
133.973 0.293244
134.108 0.296766
134.245 0.301553
134.381 0.304865
134.52 0.308261
134.658 0.310544
134.798 0.313182
134.938 0.316032
135.079 0.318995
135.22 0.320878
135.361 0.318648
135.502 0.317102
135.615 0.322852
135.749 0.330599
135.865 0.332196
135.982 0.345487
136.1 0.347132
136.222 0.341207
136.344 0.3315
136.467 0.319708
136.593 0.30701
136.72 0.293333
136.849 0.287448
136.98 0.284854
137.111 0.286812
137.245 0.290697
137.38 0.295818
137.515 0.299435
137.651 0.303107
137.788 0.305639
137.926 0.308499
138.064 0.311548
138.204 0.314688
138.344 0.316727
138.486 0.318011
138.626 0.319916
138.767 0.318856
138.908 0.316978
139.022 0.323949
139.145 0.341183
139.26 0.34833
139.377 0.354791
139.496 0.351663
139.617 0.342464
139.741 0.328819
139.866 0.312839
139.993 0.297733
140.122 0.289604
140.253 0.286564
140.385 0.288176
140.518 0.291791
140.652 0.293326
140.787 0.296823
140.924 0.301592
141.06 0.304891
141.198 0.308278
141.337 0.310555
141.477 0.313188
141.617 0.316035
141.757 0.317871
141.899 0.319017
142.04 0.318581
142.18 0.317121
142.294 0.322789
142.428 0.330484
142.543 0.33205
142.658 0.347076
142.775 0.351497
142.894 0.346257
143.017 0.334999
143.14 0.321173
143.266 0.307094
143.393 0.293952
143.522 0.287392
143.653 0.286575
143.785 0.288552
143.919 0.292394
144.054 0.297435
144.189 0.300948
144.325 0.304505
144.462 0.306917
144.6 0.309659
144.738 0.312594
144.878 0.314502
145.018 0.316832
145.159 0.318303
145.3 0.320322
145.441 0.32045
145.582 0.317082
145.695 0.322974
145.829 0.33081
145.945 0.332459
146.063 0.344901
146.181 0.346038
146.302 0.341596
146.424 0.332818
146.548 0.320689
146.673 0.306863
146.8 0.293357
146.929 0.287375
147.06 0.284719
147.191 0.285516
147.325 0.289773
147.46 0.295167
147.596 0.298983
147.732 0.303926
147.871 0.308421
148.009 0.311421
148.149 0.314501
148.289 0.317601
148.429 0.319554
148.571 0.320724
148.712 0.320251
148.853 0.318714
148.984 0.308725
149.109 0.314116
149.223 0.330713
149.338 0.348364
149.455 0.352686
149.575 0.34825
149.697 0.337457
149.821 0.32386
149.946 0.308972
150.074 0.294749
150.203 0.287455
150.333 0.286154
150.465 0.287826
150.599 0.291492
150.732 0.293069
150.867 0.296602
151.004 0.301402
151.14 0.304727
151.279 0.308136
151.417 0.310432
151.557 0.313081
151.697 0.315942
151.838 0.318915
151.979 0.320806
152.12 0.318585
152.261 0.317046
152.374 0.32282
152.508 0.330583
152.624 0.332191
152.741 0.34549
152.859 0.34714
152.981 0.341218
153.103 0.331513
153.226 0.319721
153.352 0.306148
153.479 0.29283
153.608 0.286973
153.739 0.284412
153.87 0.286406
154.004 0.290327
154.139 0.295484
154.274 0.299134
154.41 0.302837
154.547 0.305398
154.685 0.308285
154.823 0.311358
154.963 0.31452
155.103 0.316578
155.245 0.31788
155.386 0.3198
155.526 0.318754
155.667 0.316888
155.781 0.323897
155.904 0.341156
156.019 0.348322
156.136 0.354795
156.255 0.351674
156.376 0.342481
156.5 0.328838
156.625 0.312859
156.752 0.297753
156.881 0.289616
157.012 0.286569
157.144 0.288177
157.277 0.29179
157.411 0.293323
157.546 0.296819
157.683 0.301588
157.819 0.304886
157.957 0.308273
158.096 0.31055
158.236 0.313183
158.376 0.316031
158.516 0.317867
158.658 0.319014
158.799 0.318578
158.939 0.317118
159.053 0.322787
159.187 0.330483
159.302 0.33205
159.417 0.347076
159.534 0.351497
159.653 0.346258
159.776 0.334999
159.899 0.321173
160.025 0.307095
160.152 0.293953
160.281 0.288517
160.412 0.287309
160.544 0.289007
160.678 0.292652
160.813 0.297555
160.948 0.300974
161.084 0.304468
161.221 0.30684
161.359 0.309559
161.497 0.312481
161.637 0.314384
161.777 0.316715
161.918 0.31819
162.059 0.320215
162.2 0.32035
162.341 0.31699
162.454 0.322924
162.588 0.330789
162.704 0.332458
162.822 0.344913
162.94 0.346058
163.061 0.341621
163.183 0.332845
163.307 0.320716
163.432 0.306891
163.559 0.293383
163.688 0.286266
163.819 0.283993
163.95 0.285064
164.084 0.289515
164.219 0.295045
164.354 0.297829
164.49 0.302098
164.627 0.306179
164.765 0.308944
164.903 0.311917
165.043 0.313871
165.183 0.316251
165.325 0.317774
165.466 0.318717
165.606 0.318158
165.747 0.31663
165.861 0.323491
165.991 0.335416
166.106 0.338572
166.223 0.349063
166.342 0.348758
166.463 0.341503
166.587 0.329164
166.712 0.31403
166.839 0.299441
166.968 0.290331
167.099 0.286623
167.231 0.287795
167.364 0.291133
167.497 0.292507
167.633 0.295925
167.77 0.300669
167.906 0.303981
168.044 0.307405
168.183 0.309733
168.323 0.312425
168.463 0.315335
168.603 0.317234
168.745 0.318442
168.886 0.318064
169.026 0.316658
169.14 0.322526
169.274 0.33036
169.389 0.332022
169.504 0.347111
169.621 0.351573
169.74 0.346358
169.863 0.335112
169.986 0.32129
170.112 0.307211
170.239 0.294021
170.368 0.287426
170.499 0.286585
170.631 0.288546
170.765 0.292379
170.9 0.297413
171.034 0.300923
171.171 0.304478
171.308 0.306891
171.446 0.309633
171.584 0.31257
171.724 0.314479
171.864 0.31681
172.005 0.318284
172.146 0.320305
172.287 0.319309
172.428 0.316333
172.541 0.322292
172.675 0.330193
172.791 0.331904
172.909 0.344404
173.027 0.345595
173.148 0.341202
173.27 0.332469
173.394 0.320379
173.519 0.30659
173.646 0.293116
173.775 0.287219
173.906 0.284623
174.037 0.285463
174.171 0.28975
174.306 0.295164
174.441 0.297869
174.578 0.30321
174.717 0.309115
174.855 0.311924
174.995 0.314864
175.135 0.31786
175.275 0.319736
175.417 0.320851
175.558 0.320337
175.698 0.318771
175.83 0.308777
175.955 0.314163
176.069 0.330755
176.184 0.348401
176.301 0.352718
176.421 0.349154
176.543 0.337998
176.667 0.324146
176.792 0.309082
176.92 0.294903
177.049 0.287632
177.179 0.286341
177.311 0.288015
177.445 0.291675
177.578 0.293243
177.713 0.296765
177.85 0.301552
177.986 0.304864
178.125 0.30826
178.263 0.310544
178.403 0.313181
178.543 0.316031
178.684 0.318995
178.825 0.320877
178.966 0.318647
179.107 0.317101
179.22 0.322852
179.354 0.330599
179.47 0.332196
179.587 0.345487
179.705 0.347132
179.827 0.341208
179.949 0.3315
180.072 0.319708
180.198 0.30701
180.325 0.293333
180.454 0.287448
180.585 0.284854
180.716 0.286812
180.85 0.290697
180.985 0.295818
181.12 0.299435
181.256 0.303107
181.393 0.305639
181.531 0.308499
181.669 0.311548
181.809 0.314688
181.949 0.316727
182.091 0.318011
182.231 0.319916
182.372 0.318856
182.513 0.316978
182.627 0.323949
182.75 0.341183
182.865 0.34833
182.982 0.354791
183.101 0.351663
183.222 0.342464
183.346 0.328819
183.471 0.312839
183.598 0.297733
183.727 0.289604
183.858 0.286564
183.99 0.288176
184.123 0.291791
184.257 0.293326
184.392 0.296823
184.529 0.301592
184.665 0.304891
184.803 0.308278
184.942 0.310555
185.082 0.313188
185.222 0.316035
185.362 0.317871
185.504 0.319017
185.645 0.318581
185.785 0.317121
185.899 0.322789
186.033 0.330484
186.148 0.33205
186.263 0.347076
186.38 0.351497
186.499 0.346257
186.622 0.334999
186.745 0.321173
186.871 0.307094
186.998 0.293952
187.127 0.287392
187.258 0.286575
187.39 0.288552
187.524 0.292394
187.659 0.297435
187.794 0.300948
187.93 0.304505
188.067 0.306917
188.205 0.309659
188.343 0.312594
188.483 0.314502
188.623 0.316832
188.764 0.318303
188.905 0.320322
189.046 0.32045
189.187 0.317082
189.3 0.322974
189.434 0.33081
189.55 0.332459
189.668 0.344901
189.786 0.346038
189.907 0.341596
190.029 0.332818
190.153 0.320689
190.278 0.306863
190.405 0.293357
190.534 0.287375
190.665 0.284719
190.796 0.285516
190.93 0.289773
191.065 0.295167
191.201 0.298983
191.337 0.303926
191.476 0.308421
191.614 0.311421
191.754 0.314501
191.894 0.317601
192.034 0.319554
192.176 0.320724
192.317 0.320251
192.458 0.318714
192.589 0.308725
192.714 0.314116
192.828 0.330713
192.943 0.348364
193.06 0.352686
193.18 0.34825
193.302 0.337457
193.426 0.32386
193.551 0.308972
193.679 0.294749
193.808 0.287455
193.938 0.286154
194.07 0.287826
194.204 0.291492
194.337 0.293069
194.472 0.296602
194.609 0.301402
194.745 0.304727
194.884 0.308136
195.022 0.310432
195.162 0.313081
195.302 0.315942
195.443 0.318915
195.584 0.320806
195.725 0.318585
195.866 0.317046
195.979 0.32282
196.113 0.330583
196.229 0.332191
196.346 0.34549
196.464 0.34714
196.586 0.341218
196.708 0.331513
196.832 0.319721
196.957 0.306148
197.084 0.29283
197.213 0.286973
197.344 0.284412
197.475 0.286406
197.609 0.290327
197.744 0.295484
197.879 0.299134
198.015 0.302837
198.152 0.305398
198.29 0.308285
198.428 0.311358
198.568 0.31452
198.708 0.316578
198.85 0.31788
198.991 0.3198
199.131 0.318754
199.234 0.333705
199.328 0.3809
199.353 0.473469
199.378 0.583515
199.404 0.639936
199.429 0.658495
199.454 0.651628
199.479 0.627414
199.504 0.59348
199.529 0.554226
199.555 0.513584
199.58 0.472395
199.605 0.432133
199.63 0.392863
199.655 0.356378
199.68 0.32286
199.706 0.293212
199.731 0.266124
199.756 0.241563
199.781 0.218552
199.806 0.2
