0.0 0
0.0941392 0.084
0.184653 0.084375
0.190466 0.0848281
0.196279 0.0852246
0.202093 0.0855715
0.263552 0.0927501
0.269365 0.0921563
0.275178 0.0916368
0.280991 0.0910572
0.286804 0.09055
0.292617 0.0901063
0.298431 0.089843
0.304244 0.0896126
0.310057 0.089411
0.348252 0.0932347
0.354066 0.0925803
0.359879 0.0918828
0.365692 0.0912724
0.371505 0.0908634
0.377318 0.0905055
0.383131 0.0901923
0.388944 0.0897932
0.394758 0.0894441
0.432953 0.0932636
0.438766 0.0924806
0.444579 0.0919206
0.450393 0.0914305
0.456206 0.0910017
0.462019 0.0906265
0.467832 0.0901732
0.473645 0.0897765
0.479458 0.0895544
0.517654 0.0933601
0.523467 0.0926901
0.52928 0.0921039
0.535093 0.0915909
0.540907 0.091017
0.54672 0.0905149
0.552533 0.0902005
0.558346 0.0899255
0.564159 0.0896848
0.602355 0.0934742
0.608168 0.0927899
0.613981 0.0920662
0.619794 0.0914329
0.625607 0.0908788
0.631421 0.0905189
0.637234 0.0902041
0.643047 0.0899286
0.64886 0.0895625
0.687056 0.0933672
0.692869 0.0925713
0.698682 0.0918749
0.704495 0.0913905
0.710308 0.0909667
0.716121 0.0905959
0.721935 0.0901464
0.727748 0.0897531
0.733561 0.0895339
0.771756 0.0933422
0.77757 0.0926744
0.783383 0.0920901
0.789196 0.0915789
0.795009 0.0911315
0.800822 0.0906151
0.806635 0.0901632
0.812448 0.0898928
0.818262 0.0896562
0.856457 0.0934492
0.86227 0.092768
0.868083 0.092172
0.873897 0.0915255
0.87971 0.0909598
0.885523 0.0905898
0.891336 0.0902661
0.897149 0.0899828
0.902962 0.08961
0.941158 0.0934087
0.946971 0.0926076
0.952784 0.0919067
0.958597 0.0914184
0.964411 0.0909911
0.970224 0.0906172
0.976037 0.09029
0.98185 0.0898788
0.987663 0.0895189
1.02586 0.0933291
1.03167 0.0925379
1.03749 0.0919707
1.0433 0.0914744
1.04911 0.0910401
1.05492 0.090535
1.06074 0.0900932
1.06655 0.0898315
1.07236 0.0896026
1.11056 0.0934023
1.11637 0.092727
1.12219 0.0921361
1.128 0.0914941
1.13381 0.0909323
1.13963 0.0904408
1.14544 0.0901357
1.15125 0.0898687
1.15706 0.0896351
1.19526 0.0934307
1.20107 0.0927519
1.20689 0.0920329
1.2127 0.0914038
1.21851 0.0909783
1.22433 0.090606
1.23014 0.0902803
1.23595 0.0898702
1.24177 0.0895115
1.27996 0.0933225
1.28577 0.0925322
1.29159 0.0919657
1.2974 0.09147
1.30321 0.0910362
1.30903 0.0906567
1.31484 0.0901996
1.32065 0.0897997
1.32647 0.0895747
1.36466 0.0933779
1.37048 0.0927056
1.37629 0.0921174
1.3821 0.0916027
1.38791 0.0910274
1.39373 0.090524
1.39954 0.0902085
1.40535 0.0899324
1.41117 0.0896909
1.44936 0.0934795
1.45518 0.0927946
1.46099 0.0920702
1.4668 0.0914365
1.47262 0.0908819
1.47843 0.0905217
1.48424 0.0902065
1.49005 0.0899307
1.49587 0.0895643
1.53406 0.0933688
1.53988 0.0925727
1.54569 0.0918761
1.5515 0.0913916
1.55732 0.0909676
1.56313 0.0905967
1.56894 0.0901471
1.57476 0.0897537
1.58057 0.0895345
1.61876 0.0933427
1.62458 0.0926748
1.63039 0.0920905
1.6362 0.0915792
1.64202 0.0911318
1.64783 0.0906153
1.65364 0.0901634
1.65946 0.089893
1.66527 0.0896563
1.70347 0.0934493
1.70928 0.0927681
1.71509 0.0921721
1.7209 0.0915256
1.72672 0.0909599
1.73253 0.0905899
1.73834 0.0902662
1.74416 0.0899829
1.74997 0.08961
1.78817 0.0934088
1.79398 0.0926077
1.79979 0.0919067
1.80561 0.0914184
1.81142 0.0909911
1.81723 0.0906172
1.82304 0.09029
1.82886 0.0898788
1.83467 0.0895189
1.87287 0.0933291
1.87868 0.0925379
1.88449 0.0919707
1.89031 0.0914744
1.89612 0.0910401
1.90193 0.0905351
1.90775 0.0900932
1.91356 0.0898315
1.91937 0.0896026
1.95757 0.0934023
1.96338 0.092727
1.96919 0.0921361
1.97501 0.0916191
1.98082 0.0910417
1.98663 0.0905365
1.99245 0.0902194
1.99826 0.089942
2.00407 0.0896992
2.04227 0.0934868
2.04808 0.092801
2.05389 0.0920759
2.05971 0.0914414
2.06552 0.0910112
2.07133 0.0906348
2.07715 0.0903055
2.08296 0.0898923
2.08877 0.0895307
2.12697 0.0933394
2.13278 0.092547
2.1386 0.0919786
2.14441 0.0914813
2.15022 0.0910461
2.15603 0.0906653
2.16185 0.0902072
2.16766 0.0898063
2.17347 0.0895805
2.21167 0.0933829
2.21748 0.0927101
2.2233 0.0921213
2.22911 0.0916061
2.23492 0.0910304
2.24074 0.0905266
2.24655 0.0902108
2.25236 0.0899344
2.25818 0.0896926
2.29637 0.093481
2.30218 0.0927959
2.308 0.0920714
2.31381 0.0914375
2.31962 0.0908828
2.32544 0.0905225
2.33125 0.0902071
2.33706 0.0899313
2.34288 0.0895648
2.38107 0.0933692
2.38688 0.0925731
2.3927 0.0918764
2.39851 0.0913919
2.40432 0.0909679
2.41014 0.0905969
2.41595 0.0901473
2.42176 0.0897539
2.42758 0.0895347
2.46577 0.0933428
2.47159 0.092675
2.4774 0.0920906
2.48321 0.0915793
2.48902 0.0911319
2.49484 0.0906154
2.50065 0.0901635
2.50646 0.089893
2.51228 0.0896564
2.55047 0.0934493
2.55629 0.0927682
2.5621 0.0921722
2.56791 0.0915256
2.57373 0.0909599
2.57954 0.0905899
2.58535 0.0902662
2.59117 0.0899829
2.59698 0.0896101
2.63517 0.0934088
2.64099 0.0926077
2.6468 0.0919067
2.65261 0.0912934
2.65843 0.0908817
2.66424 0.0905215
2.67005 0.0902063
2.67587 0.0898055
2.68168 0.0894548
2.71987 0.093273
2.72569 0.0924889
2.7315 0.0919277
2.73731 0.0914368
2.74313 0.0910072
2.74894 0.0905063
2.75475 0.090068
2.76057 0.0898095
2.76638 0.0895833
2.80458 0.0933854
2.81039 0.0927122
2.8162 0.0921232
2.82201 0.0916078
2.82783 0.0910318
2.83364 0.0905278
2.83945 0.0902119
2.84527 0.0899354
2.85108 0.0896935
2.88928 0.0934818
2.89509 0.0927966
2.9009 0.092072
2.90672 0.091438
2.91253 0.0910082
2.91834 0.0906322
2.92416 0.0903032
2.92997 0.0898903
2.93578 0.089529
2.97398 0.0933379
2.97979 0.0925456
2.9856 0.0919774
2.99142 0.0914803
2.99723 0.0910452
3.00304 0.0906646
3.00886 0.0902065
3.01467 0.0898057
3.02048 0.08958
3.05868 0.0933825
3.06449 0.0927097
3.0703 0.092121
3.07612 0.0916058
3.08193 0.0910301
3.08774 0.0905263
3.09356 0.0902106
3.09937 0.0899342
3.10518 0.0896925
3.14338 0.0934809
3.14919 0.0927958
3.15501 0.0921963
3.16082 0.0915468
3.16663 0.0909784
3.17244 0.0906061
3.17826 0.0902804
3.18407 0.0899953
3.18988 0.0896209
3.22808 0.0934183
3.23389 0.092616
3.23971 0.091914
3.24552 0.0914247
3.25133 0.0909967
3.25715 0.0906221
3.26296 0.0901693
3.26877 0.0897731
3.27458 0.0895515
3.31278 0.0933576
3.31859 0.0926879
3.32441 0.0921019
3.33022 0.0915891
3.33603 0.0911405
3.34185 0.0906229
3.34766 0.0901701
3.35347 0.0898988
3.35929 0.0896615
3.39748 0.0934538
3.40329 0.0927721
3.40911 0.0921755
3.41492 0.0915286
3.42073 0.0909625
3.42655 0.0905922
3.43236 0.0902682
3.43817 0.0899847
3.44399 0.0896116
3.48218 0.0934101
3.488 0.0926089
3.49381 0.0919078
3.49962 0.0912943
3.50543 0.0908825
3.51125 0.0905222
3.51706 0.0902069
3.52287 0.089806
3.52869 0.0894553
3.56688 0.0932734
3.5727 0.0924892
3.57851 0.0919281
3.58432 0.091437
3.59014 0.0910074
3.59595 0.0905065
3.60176 0.0900682
3.60757 0.0898097
3.61339 0.0895834
3.65158 0.0933855
3.6574 0.0927123
3.66321 0.0921233
3.66902 0.0916079
3.67484 0.0910319
3.68065 0.0905279
3.68646 0.0902119
3.69228 0.0899354
3.69809 0.0896935
3.73628 0.0934818
3.7421 0.0927966
3.74791 0.092072
3.75372 0.091438
3.75954 0.0910083
3.76535 0.0906322
3.77116 0.0903032
3.77698 0.0898903
3.78279 0.089529
3.82099 0.0933379
3.8268 0.0925456
3.83261 0.0918524
3.83842 0.0913709
3.84424 0.0909495
3.85005 0.0905808
3.85586 0.0901332
3.86168 0.0897416
3.86749 0.0895239
3.90569 0.0933334
3.9115 0.0926667
3.91731 0.0920834
3.92313 0.091573
3.92894 0.0910013
3.93475 0.0905012
3.94056 0.0901885
3.94638 0.089915
3.95219 0.0896756
3.99039 0.0934661
3.9962 0.0927829
4.00201 0.092185
4.00783 0.0915369
4.01364 0.0909698
4.01945 0.0905985
4.02527 0.0902737
4.03108 0.0899895
4.03689 0.0896158
4.07509 0.0934138
4.0809 0.0926121
4.08671 0.0919106
4.09253 0.0914218
4.09834 0.0909941
4.10415 0.0906198
4.10997 0.0901673
4.11578 0.0897714
4.12159 0.08955
4.15979 0.0933562
4.1656 0.0926867
4.17141 0.0921009
4.17723 0.0915883
4.18304 0.0911397
4.18885 0.0906223
4.19467 0.0901695
4.20048 0.0898983
4.20629 0.089661
4.24449 0.0934534
4.2503 0.0927717
4.25612 0.0921752
4.26193 0.0915283
4.26774 0.0909623
4.27355 0.090592
4.27937 0.090268
4.28518 0.0899845
4.29099 0.0896114
4.32919 0.09341
4.335 0.0927338
4.34082 0.092017
4.34663 0.0913899
4.35244 0.0909662
4.35826 0.0905954
4.36407 0.090271
4.36988 0.0898621
4.3757 0.0895043
4.41389 0.0933163
4.4197 0.0925268
4.42552 0.0919609
4.43133 0.0914658
4.43714 0.0910326
4.44296 0.0905285
4.44877 0.0900874
4.45458 0.0898265
4.4604 0.0895982
4.49859 0.0933984
4.5044 0.0927236
4.51022 0.0921332
4.51603 0.0916165
4.52184 0.0910395
4.52766 0.0905345
4.53347 0.0902177
4.53928 0.0899405
4.5451 0.0896979
4.58329 0.0934857
4.58911 0.0928
4.59492 0.092075
4.60073 0.0914406
4.60654 0.0910105
4.61236 0.0906342
4.61817 0.0903049
4.62398 0.0898918
4.6298 0.0895303
4.66799 0.093214
4.67381 0.0924373
4.67962 0.0917576
4.68543 0.0912879
4.69125 0.0908769
4.69706 0.0905173
4.70287 0.0900777
4.70869 0.0896929
4.7145 0.0894813
4.75269 0.0932962
4.75851 0.0926341
4.76432 0.0920549
4.77013 0.091548
4.77595 0.0909795
4.78176 0.0904821
4.78757 0.0901718
4.79339 0.0899003
4.7992 0.0896628
4.83739 0.0934549
4.84321 0.0927731
4.84902 0.0921764
4.85483 0.0915294
4.86065 0.0909632
4.86646 0.0905928
4.87227 0.0902687
4.87809 0.0899851
4.8839 0.089612
4.9221 0.0934105
4.92791 0.0926092
4.93372 0.091908
4.93953 0.0914195
4.94535 0.0909921
4.95116 0.0906181
4.95697 0.0901658
4.96279 0.0897701
4.9686 0.0895488
5.0068 0.0933552
5.01261 0.0925608
5.01842 0.0919907
5.02424 0.0914919
5.03005 0.0910554
5.03586 0.0905485
5.04168 0.0901049
5.04749 0.0898418
5.0533 0.0896116
5.0915 0.0934101
5.09731 0.0927339
5.10312 0.0921421
5.10894 0.0914994
5.11475 0.0909369
5.12056 0.0905698
5.12638 0.0902486
5.13219 0.0899675
5.138 0.0897216
5.1762 0.0935064
5.18201 0.0928181
5.18782 0.0920908
5.19364 0.0914545
5.19945 0.0910227
5.20526 0.0906448
5.21108 0.0903142
5.21689 0.0898999
5.2227 0.0895375
5.2609 0.0933453
5.26671 0.0925521
5.27252 0.0919831
5.27834 0.0914852
5.28415 0.0910496
5.28996 0.0905434
5.29578 0.0901004
5.30159 0.0898379
5.3074 0.0896081
5.3456 0.0934071
5.35141 0.0927312
5.35723 0.0921398
5.36304 0.0916224
5.36885 0.0910446
5.37467 0.090539
5.38048 0.0902216
5.38629 0.0899439
5.3921 0.0897009
5.4303 0.0934883
5.43611 0.0928023
5.44193 0.092077
5.44774 0.0914424
5.45355 0.0910121
5.45937 0.0906356
5.46518 0.0903061
5.47099 0.0898928
5.47681 0.0895312
5.515 0.0933398
5.52081 0.0925474
5.52663 0.0918539
5.53244 0.0913722
5.53825 0.0909507
5.54407 0.0905818
5.54988 0.0901341
5.55569 0.0897423
5.56151 0.0895245
5.5997 0.093334
5.60552 0.0926672
5.61133 0.0920838
5.61714 0.0915733
5.62295 0.0910017
5.62877 0.0905015
5.63458 0.0901888
5.64039 0.0899152
5.64621 0.0896758
5.6844 0.0934663
5.69022 0.092783
5.69603 0.0921851
5.70184 0.091537
5.70766 0.0909699
5.71347 0.0905986
5.71928 0.0902738
5.72509 0.0899896
5.73091 0.0896159
5.7691 0.0934139
5.77492 0.0926122
5.78073 0.0919106
5.78654 0.0914218
5.79236 0.0909941
5.79817 0.0906198
5.80398 0.0901673
5.8098 0.0897714
5.81561 0.089425
5.8538 0.0932469
5.85962 0.092466
5.86543 0.0919078
5.87124 0.0914193
5.87706 0.0909919
5.88287 0.0904929
5.88868 0.0900563
5.8945 0.0897992
5.90031 0.0895743
5.93851 0.0933775
5.94432 0.0927054
5.95013 0.0921172
5.95594 0.0914775
5.96176 0.0909178
5.96757 0.0905531
5.97338 0.090234
5.9792 0.0899547
5.98501 0.0897104
6.02321 0.0934966
6.02902 0.0928095
6.03483 0.0920833
6.04065 0.0914479
6.04646 0.0910169
6.05227 0.0906398
6.05808 0.0903098
6.0639 0.0898961
6.06971 0.0895341
6.10791 0.0933423
6.11372 0.0925495
6.11953 0.0919808
6.12535 0.0914832
6.13116 0.0910478
6.13697 0.0905419
6.14279 0.0900991
6.1486 0.0898367
6.15441 0.0896071
6.19261 0.0934062
6.19842 0.0927305
6.20423 0.0921392
6.21005 0.0916218
6.21586 0.091044
6.22167 0.0905385
6.22749 0.0902212
6.2333 0.0899436
6.23911 0.0897006
6.27731 0.093488
6.28312 0.092802
6.28893 0.0920768
6.29475 0.0914422
6.30056 0.0910119
6.30637 0.0906354
6.31219 0.090306
6.318 0.0900177
6.32381 0.0896405
6.36201 0.0934355
6.36782 0.092631
6.37364 0.0919271
6.37945 0.0914363
6.38526 0.0910067
6.39107 0.0906309
6.39689 0.090177
6.4027 0.0897799
6.40851 0.0895574
6.44671 0.0933627
6.45252 0.0926924
6.45834 0.0921058
6.46415 0.0915926
6.46996 0.0910185
6.47578 0.0905162
6.48159 0.0902017
6.4874 0.0899265
6.49322 0.0896857
6.53141 0.093475
6.53722 0.0927906
6.54304 0.0921918
6.54885 0.0915428
6.55466 0.0909749
6.56048 0.0906031
6.56629 0.0902777
6.5721 0.089993
6.57792 0.0896189
6.61611 0.0934165
6.62192 0.0926144
6.62774 0.0919126
6.63355 0.0914236
6.63936 0.0909956
6.64518 0.0906212
6.65099 0.0901685
6.6568 0.0897724
6.66262 0.0894259
6.70081 0.0932477
6.70663 0.0924667
6.71244 0.0919084
6.71825 0.0914198
6.72406 0.0909923
6.72988 0.0904933
6.73569 0.0900566
6.7415 0.0897996
6.74732 0.0895746
6.78551 0.0933778
6.79133 0.0927056
6.79714 0.0921174
6.80295 0.0914777
6.80877 0.090918
6.81458 0.0905532
6.82039 0.0902341
6.82621 0.0899548
6.83202 0.0897105
6.87021 0.0934967
6.87603 0.0928096
6.88184 0.0920834
6.88765 0.091448
6.89347 0.091017
6.89928 0.0906398
6.90509 0.0903099
6.91091 0.0898961
6.91672 0.0895341
6.95491 0.0933423
6.96073 0.0925496
6.96654 0.0919809
6.97235 0.0914833
6.97817 0.0910478
6.98398 0.0905419
6.98979 0.0900991
6.99561 0.0898367
7.00142 0.0896071
7.03962 0.0934063
7.04543 0.0927305
7.05124 0.0921392
7.05705 0.0916218
7.06287 0.091044
7.06868 0.0905385
7.07449 0.0902212
7.08031 0.0899436
7.08612 0.0897006
7.12432 0.093488
7.13013 0.092802
7.13594 0.0920768
7.14176 0.0914422
7.14757 0.0910119
7.15338 0.0906354
7.1592 0.090306
7.16501 0.0900177
7.17082 0.0896405
7.20902 0.0934355
7.21483 0.092631
7.22064 0.0919271
7.22646 0.0914363
7.23227 0.0910067
7.23808 0.0906309
7.2439 0.090177
7.24971 0.0897799
7.25552 0.0895574
7.29372 0.0933627
7.29953 0.0926924
7.30534 0.0921058
7.31116 0.0915926
7.31697 0.0910185
7.32278 0.0905162
7.3286 0.0902017
7.33441 0.0899265
7.34022 0.0896857
7.37842 0.093475
7.38423 0.0927906
7.39004 0.0921918
7.39586 0.0915428
7.40167 0.0909749
7.40748 0.0906031
7.4133 0.0902777
7.41911 0.089993
7.42492 0.0896189
7.46312 0.0934165
7.46893 0.0926144
7.47475 0.0919126
7.48056 0.0914236
7.48637 0.0909956
7.49219 0.0906212
7.498 0.0901685
7.50381 0.0897724
7.50962 0.0894259
7.54782 0.0932477
7.55363 0.0924667
7.55945 0.0919084
7.56526 0.0914198
7.57107 0.0909923
7.57689 0.0904933
7.5827 0.0900566
7.58851 0.0897996
7.59433 0.0895746
7.63252 0.0933778
7.63833 0.0927056
7.64415 0.0921174
7.64996 0.0914777
7.65577 0.090918
7.66159 0.0905532
7.6674 0.0902341
7.67321 0.0899548
7.67903 0.0897105
7.71722 0.0934967
7.72303 0.0928096
7.72885 0.0920834
7.73466 0.091448
7.74047 0.091017
7.74629 0.0906398
7.7521 0.0903099
7.75791 0.0898961
7.76373 0.0895341
7.80192 0.0933423
7.80774 0.0925496
7.81355 0.0919809
7.81936 0.0914833
7.82518 0.0910478
7.83099 0.0905419
7.8368 0.0900991
7.84261 0.0897117
7.84843 0.0894978
7.88662 0.0933105
7.89244 0.0926467
7.89825 0.0920659
7.90406 0.0915577
7.90988 0.0909879
7.91569 0.0904895
7.9215 0.0901783
7.92732 0.089906
7.93313 0.0896677
7.97132 0.0934593
7.97714 0.0927769
7.98295 0.0920548
7.98876 0.0914229
7.99458 0.090995
8.00039 0.0906207
8.0062 0.0902931
8.01202 0.0900064
8.01783 0.0896306
8.05603 0.0934268
8.06184 0.0926235
8.06765 0.0919205
8.07346 0.0914305
8.07928 0.0910017
8.08509 0.0906264
8.0909 0.0901731
8.09672 0.0897765
8.10253 0.0895544
8.14073 0.0933601
8.14654 0.0926901
8.15235 0.0921038
8.15817 0.0915909
8.16398 0.091017
8.16979 0.0905149
8.1756 0.0902005
8.18142 0.0899255
8.18723 0.0896848
8.22543 0.0934742
8.23124 0.0927899
8.23705 0.0921912
8.24287 0.0915423
8.24868 0.0909745
8.25449 0.0906027
8.26031 0.0902773
8.26612 0.0899927
8.27193 0.0896186
8.31013 0.0934163
8.31594 0.0926142
8.32175 0.0919125
8.32757 0.0914234
8.33338 0.0909955
8.33919 0.090621
8.34501 0.0902934
8.35082 0.0898817
8.35663 0.0895215
8.39483 0.0933313
8.40064 0.0925399
8.40645 0.0919724
8.41227 0.0914759
8.41808 0.0910414
8.42389 0.0905362
8.42971 0.0900942
8.43552 0.0898324
8.44133 0.0896034
8.47953 0.0934029
8.48534 0.0927276
8.49116 0.0921366
8.49697 0.0914945
8.50278 0.0909327
8.50859 0.0905661
8.51441 0.0902454
8.52022 0.0899647
8.52603 0.0897191
8.56423 0.0935042
8.57004 0.0928162
8.57586 0.0920892
8.58167 0.091453
8.58748 0.0910214
8.5933 0.0906437
8.59911 0.0903133
8.60492 0.0898991
8.61074 0.0895367
8.64893 0.0933446
8.65474 0.0925515
8.66056 0.0919826
8.66637 0.0914848
8.67218 0.0910492
8.678 0.090543
8.68381 0.0901002
8.68962 0.0897126
8.69544 0.0894986
8.73363 0.0933112
8.73944 0.0926473
8.74526 0.0920664
8.75107 0.0915581
8.75688 0.0909883
8.7627 0.0904898
8.76851 0.0901786
8.77432 0.0899063
8.78014 0.089668
8.81833 0.0934595
8.82415 0.092777
8.82996 0.0920549
8.83577 0.091423
8.84158 0.0909952
8.8474 0.0906208
8.85321 0.0902932
8.85902 0.0900065
8.86484 0.0896307
8.90303 0.0934269
8.90885 0.0926235
8.91466 0.0919206
8.92047 0.0914305
8.92629 0.0910017
8.9321 0.0906265
8.93791 0.0901732
8.94373 0.0897765
8.94954 0.0895545
8.98773 0.0933601
8.99355 0.0926901
8.99936 0.0921039
9.00517 0.0915909
9.01099 0.091017
9.0168 0.0905149
9.02261 0.0900755
9.02843 0.0898161
9.03424 0.0895891
9.07243 0.0933904
9.07825 0.0927166
9.08406 0.0921271
9.08987 0.0914862
9.09569 0.0909254
9.1015 0.0905597
9.10731 0.0902398
9.11313 0.0899598
9.11894 0.0895898
9.15714 0.0933911
9.16295 0.0925922
9.16876 0.0918932
9.17457 0.0914065
9.18039 0.0909807
9.1862 0.0906081
9.19201 0.0902821
9.19783 0.0898718
9.20364 0.0895129
9.24184 0.0933238
9.24765 0.0925333
9.25346 0.0919666
9.25928 0.0914708
9.26509 0.0910369
9.2709 0.0905323
9.27672 0.0900908
9.28253 0.0898294
9.28834 0.0896008
9.32654 0.0934007
9.33235 0.0927256
9.33816 0.0921349
9.34398 0.091493
9.34979 0.0909314
9.3556 0.090565
9.36142 0.0902443
9.36723 0.0899638
9.37304 0.0897183
9.41124 0.0935035
9.41705 0.0928156
9.42286 0.0920886
9.42868 0.0914526
9.43449 0.091021
9.4403 0.0906434
9.44612 0.0903129
9.45193 0.0898988
9.45774 0.0895365
9.49594 0.0933444
9.50175 0.0925514
9.50756 0.0919824
9.51338 0.0914846
9.51919 0.0910491
9.525 0.0906679
9.53082 0.0902094
9.53663 0.0898083
9.54244 0.0895822
9.58064 0.0933844
9.58645 0.0927114
9.59227 0.0921225
9.59808 0.0916072
9.60389 0.0910313
9.60971 0.0905274
9.61552 0.0902114
9.62133 0.089935
9.62714 0.0896931
9.66534 0.0934815
9.67115 0.0927963
9.67697 0.0920718
9.68278 0.0914378
9.68859 0.0910081
9.69441 0.0906321
9.70022 0.090303
9.70603 0.0900152
9.71185 0.0896383
9.75004 0.0934335
9.75585 0.0926293
9.76167 0.0919256
9.76748 0.0914349
9.77329 0.0910056
9.77911 0.0906299
9.78492 0.0901761
9.79073 0.0897791
9.79655 0.0895567
9.83474 0.0933621
9.84055 0.0926919
9.84637 0.0921054
9.85218 0.0915922
9.85799 0.0910182
9.86381 0.0905159
9.86962 0.0900764
9.87543 0.0898169
9.88125 0.0895898
9.91944 0.093391
9.92526 0.0927172
9.93107 0.0921275
9.93688 0.0914866
9.9427 0.0909258
9.94851 0.09056
9.95432 0.09024
9.96013 0.08996
9.96595 0.08959
10.0041 0.0933913
10.01 0.0925924
10.0158 0.0918933
10.0216 0.0914066
10.0274 0.0909808
10.0332 0.0906082
10.039 0.0902822
10.0448 0.0898719
10.0506 0.0895129
10.0888 0.0933238
10.0947 0.0925333
10.1005 0.0919667
10.1063 0.0914708
10.1121 0.091037
10.1179 0.0905324
10.1237 0.0900908
10.1295 0.0898295
10.1353 0.0896008
10.1735 0.0934007
10.1794 0.0927256
10.1852 0.0921349
10.191 0.091493
10.1968 0.0909314
10.2026 0.09044
10.2084 0.090135
10.2142 0.0898681
10.2201 0.0896346
10.2582 0.0934303
10.3048 0.0977515
10.3459 0.0964075
10.3924 0.0953566
10.4335 0.094437
10.48 0.0935074
10.5211 0.092819
10.5676 0.0922166
10.6087 0.0915645
10.6552 0.091119
10.6963 0.0907291
10.7428 0.090263
10.7839 0.0898551
10.8304 0.0896232
10.8715 0.0894203
10.918 0.0892428
10.9591 0.0890874
11.0056 0.0888265
11.0467 0.0885982
11.0932 0.0885234
11.1343 0.088458
11.1808 0.0882757
11.2219 0.0881163
11.2684 0.0881017
11.3095 0.088089
11.356 0.0880779
11.3971 0.0880681
11.4436 0.0879346
11.4847 0.0878178
11.5313 0.0878406
11.5724 0.0878605
11.6189 0.0877529
11.66 0.0876588
11.7065 0.0877015
11.7476 0.0877388
11.7941 0.0877714
11.8352 0.0878
11.8817 0.0877
11.9228 0.0876125
11.9693 0.0876609
12.0104 0.0877033
12.0569 0.0876154
12.098 0.0876635
12.1445 0.0877055
12.1856 0.0876174
12.2321 0.0876652
12.2732 0.087707
12.3197 0.0876187
12.3608 0.0875413
12.4073 0.0875987
12.4484 0.0876488
12.4949 0.0875677
12.536 0.0876218
12.5825 0.087669
12.6236 0.0875854
12.6702 0.0876372
12.7113 0.0876826
12.7578 0.0875973
12.7989 0.0875226
12.8454 0.0875823
12.8865 0.0876345
12.933 0.0875552
12.9741 0.0876108
13.0206 0.0876594
13.0617 0.087577
13.1082 0.0876299
13.1493 0.0876761
13.1958 0.0875916
13.2369 0.0875177
13.2834 0.087578
13.3245 0.0876307
13.371 0.0876769
13.4121 0.0877173
13.4586 0.0876276
13.4997 0.0875492
13.5462 0.0876055
13.5873 0.0876548
13.6338 0.087573
13.6749 0.0875013
13.7214 0.0875637
13.7625 0.0876182
13.809 0.0876659
13.8501 0.0877077
13.8967 0.0876192
13.9378 0.0875418
13.9843 0.0875991
14.0254 0.0876492
14.0719 0.0875681
14.113 0.0874971
14.1595 0.0875599
14.2006 0.0876149
14.2471 0.0876631
14.2882 0.0877052
14.3347 0.087617
14.3758 0.0875399
14.4223 0.0875974
14.4634 0.0876477
14.5099 0.0875668
14.551 0.0876209
14.5975 0.0876683
14.6386 0.0875848
14.6851 0.0876367
14.7262 0.0876821
14.7727 0.0875968
14.8138 0.0875222
14.8603 0.0875819
14.9014 0.0876342
14.9479 0.0875549
14.989 0.0876106
15.0355 0.0876592
15.0767 0.0875768
15.1232 0.0876297
15.1643 0.087676
15.2108 0.0875915
15.2519 0.0875176
15.2984 0.0875779
15.3395 0.0876306
15.386 0.0875518
15.4271 0.0876078
15.4736 0.0876569
15.5147 0.0875747
15.5612 0.0876279
15.6023 0.0876744
15.6488 0.0875901
15.6899 0.0875163
15.7364 0.0875768
15.7775 0.0876297
15.824 0.087676
15.8651 0.0877165
15.9116 0.0876269
15.9527 0.0875486
15.9992 0.087605
16.0403 0.0876544
16.0868 0.0875726
16.1279 0.087501
16.1744 0.0875634
16.2155 0.087618
16.2621 0.0876657
16.3032 0.0877075
16.3497 0.0876191
16.3908 0.0875417
16.4373 0.087599
16.4784 0.0876491
16.5249 0.087568
16.566 0.087497
16.6125 0.0875598
16.6536 0.0876149
16.7001 0.087663
16.7412 0.0877051
16.7877 0.087617
16.8288 0.0875399
16.8753 0.0875974
16.9164 0.0876477
16.9629 0.0875667
17.004 0.0876209
17.0505 0.0876683
17.0916 0.0875847
17.1381 0.0876367
17.1792 0.0876821
17.2257 0.0875968
17.2668 0.0875222
17.3133 0.0875819
17.3544 0.0876342
17.4009 0.0875549
17.4421 0.0876106
17.4886 0.0876592
17.5297 0.0875768
17.5762 0.0876297
17.6173 0.087676
17.6638 0.0875915
17.7049 0.0875176
17.7514 0.0875779
17.7925 0.0876306
17.839 0.0875518
17.8801 0.0876078
17.9266 0.0876569
17.9677 0.0875747
18.0142 0.0876279
18.0553 0.0876744
18.1018 0.0875901
18.1429 0.0875163
18.1894 0.0875768
18.2305 0.0876297
18.277 0.087676
18.3181 0.0877165
18.3646 0.0876269
18.4057 0.0875486
18.4522 0.087605
18.4933 0.0876544
18.5398 0.0875726
18.5809 0.087501
18.6275 0.0875634
18.6686 0.087618
18.7151 0.0876657
18.7562 0.0877075
18.8027 0.0876191
18.8438 0.0875417
18.8903 0.087599
18.9314 0.0876491
18.9779 0.087568
19.019 0.087497
19.0655 0.0875598
19.1066 0.0876149
19.1531 0.087663
19.1942 0.0877051
19.2407 0.087617
19.2818 0.0875399
19.3283 0.0875974
19.3694 0.0876477
19.4159 0.0875667
19.457 0.0876209
19.5035 0.0876683
19.5446 0.0875847
19.5911 0.0876367
19.6322 0.0876821
19.6787 0.0875968
19.7198 0.0875222
19.7663 0.0875819
19.8074 0.0876342
19.854 0.0875549
19.8951 0.0876106
19.9416 0.0876592
19.9827 0.0875768
20.0292 0.0876297
20.0703 0.087676
20.1168 0.0875915
20.1579 0.0875176
20.2044 0.0875779
20.2455 0.0876306
20.292 0.0875518
20.3331 0.0876078
20.3796 0.0876569
20.4207 0.0875747
20.4672 0.0876279
20.5083 0.0876744
20.555 0.0877151
20.5996 0.0881257
20.6627 0.090485
20.72 0.0941744
20.7836 0.0975276
20.8404 0.100462
20.904 0.102904
20.9608 0.105041
21.0244 0.107036
21.0812 0.108781
21.1139 0.106309
21.1715 0.10427
21.205 0.102736
21.2636 0.101394
21.3026 0.100845
21.3768 0.102364
21.4103 0.103069
21.4722 0.102185
21.5065 0.101412
21.5752 0.101611
21.6189 0.102909
21.6846 0.103671
21.7185 0.103212
21.7851 0.102935
21.8207 0.102818
21.9046 0.104841
21.9364 0.106236
22.0056 0.105581
22.0382 0.105134
22.1141 0.105617
22.1556 0.10704
22.2235 0.107285
22.2566 0.106499
22.3252 0.105937
22.3613 0.10582
22.4457 0.107592
22.4758 0.108393
22.5466 0.107469
22.5775 0.106785
22.6564 0.107187
22.6962 0.108664
22.7641 0.108581
22.7972 0.107633
22.8658 0.106804
22.9027 0.106579
22.9867 0.108381
23.0159 0.108959
23.0876 0.107964
23.1177 0.107218
23.1987 0.107691
23.2368 0.109105
23.3047 0.108717
23.3378 0.107752
23.406 0.107033
23.4442 0.107029
23.5264 0.10865
23.5557 0.108944
23.6269 0.107826
23.657 0.107098
23.7389 0.107711
23.777 0.109247
23.8432 0.108716
23.8775 0.107626
23.9445 0.106798
23.9852 0.106948
24.0641 0.10858
24.0954 0.108757
24.1654 0.107788
24.1972 0.107064
24.279 0.107931
24.318 0.109565
24.3821 0.108744
24.4185 0.107651
24.4834 0.10682
24.5279 0.107092
24.6021 0.108581
24.6365 0.108633
24.7035 0.107679
24.7387 0.106969
24.8179 0.107848
24.8591 0.109492
24.9201 0.10868
24.9596 0.107595
25.0215 0.106771
25.0702 0.1073
25.1398 0.108637
25.1766 0.108308
25.2411 0.107519
25.2788 0.106829
25.356 0.107726
25.3988 0.10926
25.4573 0.108352
25.4993 0.107433
25.5587 0.106629
25.6112 0.107301
25.6761 0.108638
25.7164 0.108183
25.7775 0.107285
25.8186 0.106625
25.8928 0.107672
25.9382 0.109213
25.9945 0.108311
26.0395 0.107397
26.0963 0.106723
26.1531 0.107632
26.2133 0.108803
26.2566 0.108078
26.3147 0.107193
26.3588 0.106544
26.4304 0.107726
26.4775 0.109135
26.5318 0.108118
26.5788 0.107229
26.6339 0.106575
26.6937 0.107628
26.7505 0.1088
26.7963 0.108075
26.8519 0.10719
26.8985 0.106542
26.9676 0.107724
27.016 0.108883
27.0685 0.107898
27.1173 0.107161
27.1711 0.106641
27.2326 0.107686
27.2877 0.108725
27.3344 0.107884
27.3891 0.107149
27.4366 0.106505
27.5053 0.107692
27.5536 0.108855
27.6062 0.107874
27.6549 0.107014
27.7092 0.106513
27.7707 0.107698
27.825 0.108611
27.8716 0.10766
27.9263 0.106952
27.9742 0.106458
28.0429 0.107651
28.0908 0.108695
28.1438 0.107733
28.1921 0.107016
28.2477 0.106639
28.3087 0.107809
28.3626 0.108708
28.4096 0.107745
28.4639 0.106902
28.5131 0.106539
28.5814 0.107971
28.6284 0.10885
28.6823 0.107869
28.7298 0.10701
28.787 0.106759
28.8472 0.108164
28.9006 0.108769
28.9477 0.107672
29.002 0.106838
29.0516 0.106484
29.1203 0.108048
29.1661 0.108917
29.2212 0.107927
29.2674 0.107062
29.3268 0.106804
29.3853 0.108203
29.4391 0.108803
29.4862 0.107828
29.5405 0.106974
29.5913 0.106727
29.66 0.108386
29.7041 0.108963
29.7605 0.107843
29.8055 0.106987
29.8674 0.106989
29.9242 0.10849
29.978 0.108804
30.0247 0.107704
30.0794 0.106866
30.1311 0.106882
30.1998 0.108522
30.2426 0.108832
30.2874 0.106228
30.3302 0.103949
30.375 0.101831
30.4178 0.0999769
30.4626 0.0984798
30.5054 0.0971698
30.5502 0.0960236
30.593 0.0950206
30.6383 0.094143
30.682 0.0933752
30.7278 0.0928283
30.7719 0.0924747
30.8181 0.0922904
30.8622 0.0921291
30.908 0.091738
30.9521 0.0915207
30.9978 0.0913306
31.0419 0.0910393
31.0877 0.0909094
31.1318 0.0907957
31.1776 0.0906962
31.2217 0.0906092
31.2675 0.0905331
31.3116 0.0904664
31.3566 0.0902831
31.4006 0.0901227
31.4456 0.0899824
31.4897 0.0898596
31.5346 0.0897521
31.5787 0.0896581
31.6237 0.0895759
31.6678 0.0895039
31.7127 0.0894409
31.7568 0.0893858
31.8018 0.0893376
31.8458 0.0892954
31.8908 0.0892584
31.9349 0.0892261
31.9798 0.0891979
32.0239 0.0891731
32.0689 0.0891515
32.113 0.0891326
32.1579 0.089116
32.202 0.0892265
32.247 0.0891982
32.291 0.0891734
32.336 0.0891517
32.3801 0.0891328
32.425 0.0892412
32.4691 0.089211
32.5141 0.0891846
32.5582 0.0891616
32.6031 0.0891414
32.6472 0.0891237
32.6922 0.0891082
32.7362 0.0890947
32.7812 0.0890829
32.8253 0.0890725
32.8702 0.0890634
32.9143 0.0890555
32.9593 0.0890486
33.0034 0.0890425
33.0483 0.0890372
33.0924 0.0890325
33.1374 0.0890285
33.1814 0.0890249
33.2264 0.0890218
33.2705 0.0890191
33.3154 0.0890167
33.3595 0.0890146
33.4045 0.0890128
33.4486 0.0890112
33.4935 0.0890098
33.5376 0.0890086
33.5826 0.0890075
33.6266 0.0890066
33.6716 0.0890057
33.7157 0.089005
33.7606 0.0890044
33.8047 0.0890038
33.8497 0.0890034
33.8938 0.0890029
33.9387 0.0890026
33.9828 0.0890023
34.0278 0.089002
34.0718 0.0890017
34.1168 0.0890015
34.1609 0.0890013
34.2058 0.0890012
34.2499 0.089001
34.2949 0.0890009
34.339 0.0890008
34.3839 0.0890007
34.428 0.0891256
34.473 0.0891099
34.517 0.0890962
34.562 0.0890841
34.6061 0.0890736
34.651 0.0891894
34.6951 0.0891657
34.7401 0.089145
34.7842 0.0891269
34.8291 0.089111
34.8732 0.0890971
34.9182 0.089085
34.9622 0.0890744
35.0072 0.0890651
35.0513 0.0890569
35.0962 0.0890498
35.1403 0.0890436
35.1853 0.0890381
35.2294 0.0890334
35.2743 0.0890292
35.3184 0.0890256
35.3634 0.0890224
35.4074 0.0890196
35.4524 0.0890171
35.4965 0.089015
35.5414 0.0890131
35.5855 0.0890115
35.6305 0.08901
35.6746 0.0890088
35.7195 0.0890077
35.7636 0.0890067
35.8086 0.0890059
35.8526 0.0890051
35.8976 0.0890045
35.9417 0.0890039
35.9866 0.0890034
36.0307 0.089003
36.0757 0.0890026
36.1198 0.0890023
36.1647 0.089002
36.2088 0.0890018
36.2538 0.0890015
36.2978 0.0890014
36.3428 0.0890012
36.3869 0.089001
36.4318 0.0890009
36.4759 0.0890008
36.5209 0.0890007
36.565 0.0890006
36.6099 0.0890005
36.654 0.0891255
36.699 0.0891098
36.743 0.0890961
36.788 0.089084
36.8321 0.0890735
36.877 0.0891893
36.9211 0.0891657
36.9661 0.089145
37.0102 0.0891268
37.0551 0.089111
37.0992 0.0890971
37.1442 0.089085
37.1882 0.0890744
37.2332 0.0890651
37.2773 0.0890569
37.3222 0.0890498
37.3663 0.0890436
37.4113 0.0890381
37.4554 0.0890334
37.5003 0.0890292
37.5444 0.0890255
37.5894 0.0890224
37.6334 0.0890196
37.6784 0.0890171
37.7225 0.089015
37.7674 0.0890131
37.8115 0.0890115
37.8565 0.08901
37.9006 0.0890088
37.9455 0.0890077
37.9896 0.0890067
38.0346 0.0890059
38.0786 0.0890051
38.1236 0.0890045
38.1677 0.0890039
38.2126 0.0890034
38.2567 0.089003
38.3017 0.0890026
38.3458 0.0890023
38.3907 0.089002
38.4348 0.0890018
38.4798 0.0890015
38.5238 0.0890014
38.5688 0.0890012
38.6129 0.089001
38.6578 0.0890009
38.7019 0.0890008
38.7469 0.0890007
38.791 0.0890006
38.8359 0.0890005
38.88 0.0891255
38.925 0.0891098
38.969 0.0890961
39.014 0.089084
39.0581 0.0890735
39.103 0.0891893
39.1471 0.0891657
39.1921 0.089145
39.2362 0.0891268
39.2811 0.089111
39.3252 0.0890971
39.3702 0.089085
39.4142 0.0890744
39.4592 0.0890651
39.5033 0.0890569
39.5482 0.0890498
39.5923 0.0890436
39.6373 0.0890381
39.6814 0.0890334
39.7263 0.0890292
39.7704 0.0890255
39.8154 0.0890224
39.8594 0.0890196
39.9044 0.0890171
39.9485 0.089015
39.9934 0.0890131
40.0375 0.0890115
40.0825 0.08901
40.1266 0.0890088
40.1715 0.0890077
40.2156 0.0890067
40.2606 0.0890059
40.3046 0.0890051
40.3496 0.0890045
40.3937 0.0890039
40.4386 0.0890034
40.4827 0.089003
40.5277 0.0890026
40.5718 0.0890023
40.6167 0.089002
40.6608 0.0890018
40.7058 0.0890015
40.7484 0.0888764
40.7934 0.0887668
40.836 0.088671
40.881 0.0884621
40.9236 0.0882793
40.9686 0.0882444
41.0112 0.0882139
41.0562 0.0881871
41.0993 0.0881637
41.1447 0.0881433
41.188 0.0881254
41.2333 0.0882347
41.2766 0.0883304
41.3224 0.0884141
41.3656 0.0884873
41.4114 0.0885514
41.4547 0.0886075
41.5005 0.0886565
41.5437 0.0886995
41.5895 0.088737
41.6327 0.0887699
41.6785 0.0887987
41.7218 0.0888238
41.7676 0.0888459
41.8108 0.0888651
41.8566 0.088882
41.8999 0.0888967
41.9457 0.0889096
41.9889 0.0889209
42.0347 0.0889308
42.0779 0.0889395
42.1237 0.088947
42.167 0.0889537
42.2128 0.0889594
42.256 0.0890895
42.3018 0.0890783
42.3451 0.0890685
42.3909 0.08906
42.4341 0.0890525
42.4799 0.0890459
42.5231 0.0890402
42.5689 0.0890351
42.6122 0.0890308
42.658 0.0890269
42.7012 0.0890235
42.747 0.0891456
42.7903 0.0891274
42.8361 0.0891115
42.8793 0.0890975
42.9251 0.0890853
42.9683 0.0890747
43.0141 0.0890653
43.0574 0.0890572
43.1032 0.08905
43.1464 0.0890438
43.1922 0.0890383
43.2355 0.0890335
43.2813 0.0890293
43.3245 0.0890257
43.3703 0.0890225
43.4135 0.0890196
43.4593 0.0890172
43.5026 0.089015
43.5484 0.0890132
43.5916 0.0890115
43.6374 0.0890101
43.6807 0.0890088
43.7265 0.0890077
43.7697 0.0890067
43.8155 0.0890059
43.8587 0.0890052
43.9045 0.0890045
43.9478 0.089004
43.9936 0.0890035
44.0368 0.089003
44.0826 0.0890026
44.1259 0.0890023
44.1717 0.089002
44.2149 0.0890018
44.2607 0.0890016
44.3039 0.0890014
44.3497 0.0890012
44.393 0.089001
44.4388 0.0890009
44.482 0.0891258
44.5278 0.0891101
44.5711 0.0890963
44.6169 0.0890843
44.6601 0.0890737
44.7059 0.0890645
44.7491 0.0890565
44.7949 0.0890494
44.8382 0.0890432
44.884 0.0890378
44.9272 0.0890331
44.973 0.089154
45.0163 0.0891347
45.0621 0.0891179
45.1053 0.0891031
45.1511 0.0890902
45.1943 0.089079
45.2401 0.0890691
45.2834 0.0890605
45.3292 0.0890529
45.3724 0.0890463
45.4182 0.0890405
45.4615 0.0890354
45.5073 0.089031
45.5505 0.0890271
45.5963 0.0890237
45.6395 0.0890208
45.6853 0.0890182
45.7286 0.0890159
45.7744 0.0890139
45.8176 0.0890122
45.8634 0.0890107
45.9067 0.0890093
45.9525 0.0890082
45.9957 0.0890071
46.0415 0.0890062
46.0847 0.0890055
46.1305 0.0890048
46.1738 0.0890042
46.2196 0.0890037
46.2628 0.0890032
46.3086 0.0890028
46.3519 0.0890024
46.3977 0.0890021
46.4409 0.0890019
46.4867 0.0890016
46.5299 0.0890014
46.5757 0.0890013
46.619 0.0890011
46.6648 0.089001
46.708 0.0891258
46.7538 0.0891101
46.7971 0.0890963
46.8429 0.0890843
46.8861 0.0890738
46.9319 0.0890645
46.9751 0.0890565
47.0209 0.0890494
47.0642 0.0890432
47.11 0.0890378
47.1532 0.0890331
47.199 0.089154
47.2423 0.0891347
47.2881 0.0891179
47.3313 0.0891031
47.3771 0.0890903
47.4203 0.089079
47.4661 0.0890691
47.5094 0.0890605
47.5552 0.0890529
47.5984 0.0890463
47.6442 0.0890405
47.6875 0.0890354
47.7333 0.089031
47.7765 0.0890271
47.8223 0.0890237
47.8655 0.0890208
47.9113 0.0890182
47.9546 0.0890159
48.0004 0.0890139
48.0436 0.0890122
48.0894 0.0890107
48.1327 0.0890093
48.1785 0.0890082
48.2217 0.0890071
48.2675 0.0890062
48.3107 0.0890055
48.3565 0.0890048
48.3998 0.0890042
48.4456 0.0890037
48.4888 0.0890032
48.5346 0.0890028
48.5779 0.0890024
48.6237 0.0890021
48.6669 0.0890019
48.7127 0.0890016
48.7559 0.0890014
48.8017 0.0890013
48.845 0.0890011
48.8908 0.089001
48.934 0.0891258
48.9798 0.0891101
49.0231 0.0890963
49.0689 0.0890843
49.1121 0.0890738
49.1579 0.0890645
49.2011 0.0890565
49.2469 0.0890494
49.2902 0.0890432
49.336 0.0890378
49.3792 0.0890331
49.425 0.089154
49.4683 0.0891347
49.5141 0.0891179
49.5573 0.0891031
49.6031 0.0890903
49.6463 0.089079
49.6921 0.0890691
49.7354 0.0890605
49.7812 0.0890529
49.8244 0.0890463
49.8702 0.0890405
49.9135 0.0890354
49.9593 0.089031
50.0025 0.0890271
50.0483 0.0890237
50.0915 0.0890208
50.1373 0.0890182
50.1806 0.0890159
50.2264 0.0890139
50.2696 0.0890122
50.3154 0.0890107
50.3587 0.0890093
50.4045 0.0890082
50.4477 0.0890071
50.4935 0.0890062
50.5367 0.0890055
50.5825 0.0890048
50.6258 0.0890042
50.6716 0.0890037
50.7148 0.0890032
50.7606 0.0890028
50.8039 0.0890024
50.8497 0.0890021
50.8929 0.0890019
50.9387 0.0890016
50.9819 0.0890014
51.0277 0.0890013
51.071 0.0890011
51.1168 0.089001
51.16 0.0891258
51.2044 0.0889851
51.2476 0.088737
51.292 0.0885198
51.3352 0.0884549
51.3796 0.088398
51.4228 0.0882233
51.4672 0.0881953
51.5104 0.0881709
51.5553 0.0881496
51.599 0.0881309
51.6439 0.0881145
51.6876 0.0882252
51.7325 0.088322
51.7766 0.0884068
51.8216 0.0884809
51.8657 0.0885458
51.9106 0.0886026
51.9547 0.0886523
51.9996 0.0886957
52.0437 0.0887338
52.0887 0.088767
52.1328 0.0887962
52.1777 0.0888216
52.2218 0.0888439
52.2668 0.0888634
52.3109 0.0888805
52.3558 0.0888954
52.3999 0.0889085
52.4448 0.08892
52.4889 0.08893
52.5339 0.0889387
52.578 0.0889464
52.6229 0.0889531
52.667 0.0890839
52.712 0.0890734
52.7561 0.0890643
52.801 0.0890562
52.8451 0.0890492
52.89 0.0891681
52.9341 0.089147
52.9791 0.0891287
53.0232 0.0891126
53.0681 0.0890985
53.1122 0.0890862
53.1572 0.0890754
53.2013 0.089066
53.2462 0.0890577
53.2903 0.0890505
53.3352 0.0890442
53.3793 0.0890387
53.4243 0.0890338
53.4684 0.0890296
53.5133 0.0890259
53.5574 0.0890227
53.6024 0.0890198
53.6465 0.0890174
53.6914 0.0890152
53.7355 0.0890133
53.7804 0.0890116
53.8245 0.0890102
53.8695 0.0890089
53.9136 0.0890078
53.9585 0.0890068
54.0026 0.089006
54.0476 0.0890052
54.0917 0.0890046
54.1366 0.089004
54.1807 0.0890035
54.2256 0.0890031
54.2697 0.0890027
54.3147 0.0890023
54.3588 0.089002
54.4037 0.0890018
54.4478 0.0890016
54.4928 0.0890014
54.5369 0.0890012
54.5818 0.089001
54.6259 0.0890009
54.6708 0.0890008
54.7149 0.0890007
54.7599 0.0890006
54.804 0.0890005
54.8489 0.0890005
54.893 0.0891254
54.938 0.0891097
54.9821 0.089096
55.027 0.089084
55.0711 0.0890735
55.116 0.0891893
55.1601 0.0891657
55.2051 0.0891449
55.2492 0.0891268
55.2941 0.089111
55.3382 0.0890971
55.3832 0.089085
55.4273 0.0890743
55.4722 0.0890651
55.5163 0.0890569
55.5612 0.0890498
55.6053 0.0890436
55.6503 0.0890381
55.6944 0.0890334
55.7393 0.0890292
55.7834 0.0890255
55.8284 0.0890224
55.8725 0.0890196
55.9174 0.0890171
55.9615 0.089015
56.0064 0.0890131
56.0505 0.0890115
56.0955 0.08901
56.1396 0.0890088
56.1845 0.0890077
56.2286 0.0890067
56.2736 0.0890059
56.3177 0.0890051
56.3626 0.0890045
56.4067 0.0890039
56.4516 0.0890034
56.4957 0.089003
56.5407 0.0890026
56.5848 0.0890023
56.6297 0.089002
56.6738 0.0890018
56.7188 0.0890015
56.7629 0.0890014
56.8078 0.0890012
56.8519 0.089001
56.8968 0.0890009
56.9409 0.0890008
56.9859 0.0890007
57.03 0.0890006
57.0749 0.0890005
57.119 0.0891255
57.164 0.0891098
57.2081 0.0890961
57.253 0.089084
57.2971 0.0890735
57.342 0.0891893
57.3861 0.0891657
57.4311 0.089145
57.4752 0.0891268
57.5201 0.089111
57.5642 0.0890971
57.6092 0.089085
57.6533 0.0890744
57.6982 0.0890651
57.7423 0.0890569
57.7872 0.0890498
57.8313 0.0890436
57.8763 0.0890381
57.9204 0.0890334
57.9653 0.0890292
58.0094 0.0890255
58.0544 0.0890224
58.0985 0.0890196
58.1434 0.0890171
58.1875 0.089015
58.2324 0.0890131
58.2765 0.0890115
58.3215 0.08901
58.3656 0.0890088
58.4105 0.0890077
58.4546 0.0890067
58.4996 0.0890059
58.5437 0.0890051
58.5886 0.0890045
58.6327 0.0890039
58.6776 0.0890034
58.7217 0.089003
58.7667 0.0890026
58.8108 0.0890023
58.8557 0.089002
58.8998 0.0890018
58.9448 0.0890015
58.9889 0.0890014
59.0338 0.0890012
59.0779 0.089001
59.1228 0.0890009
59.1669 0.0890008
59.2119 0.0890007
59.256 0.0890006
59.3009 0.0890005
59.345 0.0891255
59.39 0.0891098
59.4341 0.0890961
59.479 0.089084
59.5231 0.0890735
59.568 0.0891893
59.6121 0.0891657
59.6571 0.089145
59.7012 0.0891268
59.7461 0.089111
59.7902 0.0890971
59.8352 0.089085
59.8793 0.0890744
59.9242 0.0890651
59.9683 0.0890569
60.0132 0.0890498
60.0573 0.0890436
60.1023 0.0890381
60.1464 0.0890334
60.1913 0.0890292
60.2354 0.0890255
60.2804 0.0890224
60.3245 0.0890196
60.3694 0.0890171
60.4135 0.089015
60.4584 0.0890131
60.5025 0.0890115
60.5475 0.08901
60.5916 0.0890088
60.6365 0.0890077
60.6806 0.0890067
60.7256 0.0890059
60.7697 0.0890051
60.8146 0.0890045
60.8587 0.0890039
60.9036 0.0890034
60.9477 0.089003
60.9927 0.0890026
61.0368 0.0890023
61.0817 0.089002
61.1258 0.0890018
61.1708 0.0890015
61.2149 0.0890014
61.2598 0.0890012
61.3039 0.089001
61.3488 0.0890009
61.3929 0.0890008
61.4379 0.0890007
61.482 0.0890006
61.5269 0.0890005
61.571 0.0891255
61.616 0.0891098
61.6586 0.0888461
61.7036 0.0887403
61.7462 0.0886478
61.7912 0.0885668
61.8338 0.0883709
61.8788 0.0881996
61.9214 0.0881746
61.9664 0.0881528
62.0096 0.0881337
62.055 0.088117
62.0982 0.0882274
62.1436 0.0883239
62.1868 0.0882834
62.2326 0.088373
62.2759 0.0884514
62.3217 0.08852
62.3649 0.08858
62.4107 0.0886325
62.4539 0.0886784
62.4997 0.0887186
62.543 0.0887538
62.5888 0.0887846
62.632 0.0889365
62.6778 0.0889444
62.7211 0.0889514
62.7669 0.0889575
62.8101 0.0889628
62.8559 0.0889674
62.8991 0.0889715
62.9449 0.0889751
62.9882 0.0889782
63.034 0.0889809
63.0772 0.0889833
63.123 0.0891104
63.1663 0.0890966
63.2121 0.0890845
63.2553 0.0890739
63.3011 0.0890647
63.3443 0.0890566
63.3901 0.0890495
63.4334 0.0890433
63.4792 0.0890379
63.5224 0.0890332
63.5682 0.089029
63.6115 0.0890254
63.6573 0.0890222
63.7005 0.0890195
63.7463 0.089017
63.7895 0.0890149
63.8353 0.089013
63.8786 0.0890114
63.9244 0.08901
63.9676 0.0890087
64.0134 0.0890076
64.0567 0.0890067
64.1025 0.0890058
64.1457 0.0890051
64.1915 0.0890045
64.2347 0.0890039
64.2805 0.0890034
64.3238 0.089003
64.3696 0.0890026
64.4128 0.0890023
64.4586 0.089002
64.5019 0.0890018
64.5477 0.0890015
64.5909 0.0890013
64.6367 0.0890012
64.6799 0.089001
64.7257 0.0890009
64.769 0.0890008
64.8148 0.0890007
64.858 0.0891256
64.9038 0.0891099
64.9471 0.0890962
64.9929 0.0890841
65.0361 0.0890736
65.0819 0.0890644
65.1251 0.0890564
65.1709 0.0890493
65.2142 0.0890432
65.26 0.0890378
65.3032 0.089033
65.349 0.0891539
65.3923 0.0891347
65.4381 0.0891178
65.4813 0.0891031
65.5271 0.0890902
65.5703 0.0890789
65.6161 0.0890691
65.6594 0.0890604
65.7052 0.0890529
65.7484 0.0890463
65.7942 0.0890405
65.8375 0.0890354
65.8833 0.089031
65.9265 0.0890271
65.9723 0.0890237
66.0155 0.0890208
66.0613 0.0890182
66.1046 0.0890159
66.1504 0.0890139
66.1936 0.0890122
66.2394 0.0890106
66.2827 0.0890093
66.3285 0.0890082
66.3717 0.0890071
66.4175 0.0890062
66.4607 0.0890055
66.5065 0.0890048
66.5498 0.0890042
66.5956 0.0890037
66.6388 0.0890032
66.6846 0.0890028
66.7279 0.0890024
66.7737 0.0890021
66.8169 0.0890019
66.8627 0.0890016
66.9059 0.0890014
66.9517 0.0890013
66.995 0.0890011
67.0408 0.089001
67.084 0.0891258
67.1298 0.0891101
67.1731 0.0890963
67.2189 0.0890843
67.2621 0.0890738
67.3079 0.0890645
67.3511 0.0890565
67.3969 0.0890494
67.4402 0.0890432
67.486 0.0890378
67.5292 0.0890331
67.575 0.089154
67.6183 0.0891347
67.6641 0.0891179
67.7073 0.0891031
67.7531 0.0890903
67.7963 0.089079
67.8421 0.0890691
67.8854 0.0890605
67.9312 0.0890529
67.9744 0.0890463
68.0202 0.0890405
68.0635 0.0890354
68.1093 0.089031
68.1525 0.0890271
68.1983 0.0890237
68.2415 0.0890208
68.2873 0.0890182
68.3306 0.0890159
68.3764 0.0890139
68.4196 0.0890122
68.4654 0.0890107
68.5087 0.0890093
68.5545 0.0890082
68.5977 0.0890071
68.6435 0.0890062
68.6867 0.0890055
68.7325 0.0890048
68.7758 0.0890042
68.8216 0.0890037
68.8648 0.0890032
68.9106 0.0890028
68.9539 0.0890024
68.9997 0.0890021
69.0429 0.0890019
69.0887 0.0890016
69.1319 0.0890014
69.1777 0.0890013
69.221 0.0890011
69.2668 0.089001
69.31 0.0891258
69.3558 0.0891101
69.3991 0.0890963
69.4449 0.0890843
69.4881 0.0890738
69.5339 0.0890645
69.5771 0.0890565
69.6229 0.0890494
69.6662 0.0890432
69.712 0.0890378
69.7552 0.0890331
69.801 0.089154
69.8443 0.0891347
69.8901 0.0891179
69.9333 0.0891031
69.9791 0.0890903
70.0223 0.089079
70.0681 0.0890691
70.1114 0.0890605
70.1572 0.0890529
70.2004 0.0890463
70.2462 0.0890405
70.2895 0.0890354
70.3353 0.089031
70.3785 0.0890271
70.4243 0.0890237
70.4675 0.0890208
70.5133 0.0890182
70.5566 0.0890159
70.6024 0.0890139
70.6456 0.0890122
70.6914 0.0890107
70.7347 0.0890093
70.7805 0.0890082
70.8237 0.0890071
70.8695 0.0890062
70.9127 0.0890055
70.9585 0.0890048
71.0018 0.0890042
71.0476 0.0890037
71.0908 0.0890032
71.1366 0.0890028
71.1799 0.0890024
71.2257 0.0890021
71.2689 0.0890019
71.3147 0.0890016
71.3579 0.0890014
71.4037 0.0890013
71.447 0.0890011
71.4928 0.089001
71.536 0.0891258
71.5818 0.0891101
71.6251 0.0890963
71.6709 0.0890843
71.7141 0.0890738
71.7599 0.0890645
71.8031 0.0890565
71.8489 0.0890494
71.8922 0.0890432
71.938 0.0890378
71.9812 0.0890331
72.027 0.089154
72.0703 0.0891347
72.1146 0.0888679
72.1579 0.0886344
72.2022 0.0885551
72.2455 0.0884857
72.2898 0.0883
72.3331 0.0882625
72.3774 0.0882297
72.421 0.088076
72.4657 0.0880665
72.5093 0.0881832
72.5543 0.0882853
72.598 0.0882496
72.6429 0.0882184
72.6874 0.0884411
72.7324 0.088636
72.7765 0.0886815
72.8214 0.0887213
72.8655 0.0887561
72.9104 0.0887866
72.9545 0.0888133
72.9995 0.0888366
73.0436 0.088857
73.0885 0.0888749
73.1326 0.0888905
73.1776 0.0889042
73.2217 0.0889162
73.2666 0.0889267
73.3107 0.0889358
73.3556 0.0889439
73.3997 0.0889509
73.4447 0.088957
73.4888 0.0889624
73.5337 0.0889671
73.5774 0.0889712
73.6223 0.0889748
73.6664 0.088978
73.7114 0.0889807
73.7555 0.0889831
73.8004 0.0889852
73.8445 0.0889871
73.8895 0.0889887
73.9336 0.0889901
73.9785 0.0889913
74.0226 0.0889924
74.0675 0.0889934
74.1116 0.0889942
74.1566 0.0889949
74.2007 0.0889956
74.2456 0.0889961
74.2897 0.0889966
74.3347 0.088997
74.3788 0.0889974
74.4237 0.0889977
74.4678 0.088998
74.5127 0.0889983
74.5568 0.0889985
74.6018 0.0889987
74.6459 0.0889988
74.6908 0.088999
74.7349 0.0889991
74.7799 0.0889992
74.824 0.0889993
74.8689 0.0889994
74.913 0.0891245
74.9579 0.0891089
75.002 0.0890953
75.047 0.0890834
75.0911 0.089073
75.136 0.0891888
75.1801 0.0891652
75.2251 0.0891446
75.2692 0.0891265
75.3141 0.0891107
75.3582 0.0890969
75.4031 0.0890847
75.4472 0.0890742
75.4922 0.0890649
75.5363 0.0890568
75.5812 0.0890497
75.6253 0.0890435
75.6703 0.089038
75.7144 0.0890333
75.7593 0.0890291
75.8034 0.0890255
75.8483 0.0890223
75.8924 0.0890195
75.9374 0.0890171
75.9815 0.0890149
76.0264 0.0890131
76.0705 0.0890114
76.1155 0.08901
76.1596 0.0890088
76.2045 0.0890077
76.2486 0.0890067
76.2935 0.0890059
76.3376 0.0890051
76.3826 0.0890045
76.4267 0.0890039
76.4716 0.0890034
76.5157 0.089003
76.5607 0.0890026
76.6048 0.0890023
76.6497 0.089002
76.6938 0.0890018
76.7387 0.0890015
76.7828 0.0890013
76.8278 0.0890012
76.8719 0.089001
76.9168 0.0890009
76.9609 0.0890008
77.0059 0.0890007
77.05 0.0890006
77.0949 0.0890005
77.139 0.0891255
77.1839 0.0891098
77.228 0.0890961
77.273 0.089084
77.3171 0.0890735
77.362 0.0891893
77.4061 0.0891657
77.4511 0.089145
77.4952 0.0891268
77.5401 0.089111
77.5842 0.0890971
77.6291 0.089085
77.6732 0.0890744
77.7182 0.0890651
77.7623 0.0890569
77.8072 0.0890498
77.8513 0.0890436
77.8963 0.0890381
77.9404 0.0890334
77.9853 0.0890292
78.0294 0.0890255
78.0743 0.0890224
78.1184 0.0890196
78.1634 0.0890171
78.2075 0.089015
78.2524 0.0890131
78.2965 0.0890115
78.3415 0.08901
78.3856 0.0890088
78.4305 0.0890077
78.4746 0.0890067
78.5195 0.0890059
78.5636 0.0890051
78.6086 0.0890045
78.6527 0.0890039
78.6976 0.0890034
78.7417 0.089003
78.7867 0.0890026
78.8308 0.0890023
78.8757 0.089002
78.9198 0.0890018
78.9647 0.0890015
79.0088 0.0890014
79.0538 0.0890012
79.0979 0.089001
79.1428 0.0890009
79.1869 0.0890008
79.2319 0.0890007
79.276 0.0890006
79.3209 0.0890005
79.365 0.0891255
79.4099 0.0891098
79.454 0.0890961
79.499 0.089084
79.5431 0.0890735
79.588 0.0891893
79.6321 0.0891657
79.6771 0.089145
79.7212 0.0891268
79.7661 0.089111
79.8102 0.0890971
79.8551 0.089085
79.8992 0.0890744
79.9442 0.0890651
79.9883 0.0890569
80.0332 0.0890498
80.0773 0.0890436
80.1223 0.0890381
80.1664 0.0890334
80.2113 0.0890292
80.2554 0.0890255
80.3003 0.0890224
80.3444 0.0890196
80.3894 0.0890171
80.4335 0.089015
80.4784 0.0890131
80.5225 0.0890115
80.5675 0.08901
80.6116 0.0890088
80.6565 0.0890077
80.7006 0.0890067
80.7455 0.0890059
80.7896 0.0890051
80.8346 0.0890045
80.8787 0.0890039
80.9236 0.0890034
80.9677 0.089003
81.0127 0.0890026
81.0568 0.0890023
81.1017 0.089002
81.1458 0.0890018
81.1907 0.0890015
81.2348 0.0890014
81.2798 0.0890012
81.3239 0.089001
81.3688 0.0890009
81.4129 0.0890008
81.4579 0.0890007
81.502 0.0890006
81.5469 0.0890005
81.591 0.0891255
81.6359 0.0891098
81.68 0.0890961
81.725 0.089084
81.7691 0.0890735
81.814 0.0891893
81.8581 0.0891657
81.9031 0.089145
81.9472 0.0891268
81.9921 0.089111
82.0362 0.0890971
82.0811 0.089085
82.1252 0.0890744
82.1702 0.0890651
82.2143 0.0890569
82.2592 0.0890498
82.3033 0.0890436
82.3483 0.0890381
82.3924 0.0890334
82.4373 0.0890292
82.4814 0.0890255
82.5263 0.0890224
82.569 0.0888946
82.614 0.0886577
82.6566 0.0884505
82.7016 0.0883942
82.7442 0.0883449
82.7892 0.0883018
82.8318 0.0881391
82.8768 0.0879967
82.9199 0.0879971
82.9652 0.0881225
83.0085 0.0882322
83.0538 0.0882031
83.0971 0.0883027
83.1429 0.0883899
83.1861 0.0884662
83.2319 0.0885329
83.2752 0.0885913
83.321 0.0886424
83.3642 0.0886871
83.41 0.0887262
83.4532 0.0887604
83.499 0.0889154
83.5423 0.0889259
83.5881 0.0889352
83.6313 0.0889433
83.6771 0.0889504
83.7204 0.0889566
83.7662 0.088962
83.8094 0.0889668
83.8552 0.0889709
83.8984 0.0889746
83.9442 0.0889777
83.9875 0.0889805
84.0333 0.088983
84.0765 0.0889851
84.1223 0.0889869
84.1656 0.0889886
84.2114 0.08899
84.2546 0.0889913
84.3004 0.0889923
84.3436 0.0889933
84.3894 0.0889941
84.4327 0.0889949
84.4785 0.0889955
84.5217 0.0889961
84.5675 0.0889966
84.6108 0.088997
84.6566 0.0889974
84.6998 0.0889977
84.7456 0.088998
84.7888 0.0889982
84.8346 0.0889985
84.8779 0.0889986
84.9237 0.0889988
84.9669 0.088999
85.0127 0.0889991
85.056 0.0889992
85.1018 0.0889993
85.145 0.0891244
85.1908 0.0891088
85.234 0.0890952
85.2798 0.0890833
85.3231 0.0890729
85.3689 0.0890638
85.4121 0.0890558
85.4579 0.0890488
85.5012 0.0890427
85.547 0.0890374
85.5902 0.0890327
85.636 0.0890286
85.6792 0.0890251
85.725 0.0891469
85.7683 0.0891286
85.8141 0.0891125
85.8573 0.0890984
85.9031 0.0890861
85.9464 0.0890754
85.9922 0.0890659
86.0354 0.0890577
86.0812 0.0890505
86.1244 0.0890442
86.1702 0.0890386
86.2135 0.0890338
86.2593 0.0890296
86.3025 0.0890259
86.3483 0.0890227
86.3916 0.0890198
86.4374 0.0890173
86.4806 0.0890152
86.5264 0.0890133
86.5696 0.0890116
86.6154 0.0890102
86.6587 0.0890089
86.7045 0.0890078
86.7477 0.0890068
86.7935 0.089006
86.8368 0.0890052
86.8826 0.0890046
86.9258 0.089004
86.9716 0.0890035
87.0148 0.0890031
87.0606 0.0890027
87.1039 0.0890023
87.1497 0.089002
87.1929 0.0890018
87.2387 0.0890016
87.282 0.0890014
87.3278 0.0890012
87.371 0.089126
87.4168 0.0891103
87.46 0.0890965
87.5058 0.0890844
87.5491 0.0890739
87.5949 0.0890646
87.6381 0.0890566
87.6839 0.0890495
87.7272 0.0890433
87.773 0.0890379
87.8162 0.0890332
87.862 0.089029
87.9052 0.0890254
87.951 0.0891472
87.9943 0.0891288
88.0401 0.0891127
88.0833 0.0890986
88.1291 0.0890863
88.1724 0.0890755
88.2182 0.0890661
88.2614 0.0890578
88.3072 0.0890506
88.3504 0.0890443
88.3962 0.0890387
88.4395 0.0890339
88.4853 0.0890296
88.5285 0.0890259
88.5743 0.0890227
88.6176 0.0890199
88.6634 0.0890174
88.7066 0.0890152
88.7524 0.0890133
88.7956 0.0890116
88.8414 0.0890102
88.8847 0.0890089
88.9305 0.0890078
88.9737 0.0890068
89.0195 0.089006
89.0628 0.0890052
89.1086 0.0890046
89.1518 0.089004
89.1976 0.0890035
89.2408 0.0890031
89.2866 0.0890027
89.3299 0.0890023
89.3757 0.089002
89.4189 0.0890018
89.4647 0.0890016
89.508 0.0890014
89.5538 0.0890012
89.597 0.089126
89.6428 0.0891103
89.686 0.0890965
89.7318 0.0890844
89.7751 0.0890739
89.8209 0.0890646
89.8641 0.0890566
89.9099 0.0890495
89.9532 0.0890433
89.999 0.0890379
90.0422 0.0890332
90.088 0.089029
90.1312 0.0890254
90.177 0.0891472
90.2203 0.0891288
90.2661 0.0891127
90.3093 0.0890986
90.3551 0.0890863
90.3984 0.0890755
90.4442 0.0890661
90.4874 0.0890578
90.5332 0.0890506
90.5764 0.0890443
90.6222 0.0890387
90.6655 0.0890339
90.7113 0.0890296
90.7545 0.0890259
90.8003 0.0890227
90.8436 0.0890199
90.8894 0.0890174
90.9326 0.0890152
90.9784 0.0890133
91.0216 0.0890116
91.0674 0.0890102
91.1107 0.0890089
91.1565 0.0890078
91.1997 0.0890068
91.2455 0.089006
91.2888 0.0890052
91.3346 0.0890046
91.3778 0.089004
91.4236 0.0890035
91.4668 0.0890031
91.5126 0.0890027
91.5559 0.0890023
91.6017 0.089002
91.6449 0.0890018
91.6907 0.0890016
91.734 0.0890014
91.7798 0.0890012
91.823 0.089126
91.8688 0.0891103
91.912 0.0890965
91.9578 0.0890844
92.0011 0.0890739
92.0469 0.0890646
92.0901 0.0890566
92.1359 0.0890495
92.1792 0.0890433
92.225 0.0890379
92.2682 0.0890332
92.314 0.089029
92.3572 0.0890254
92.403 0.0891472
92.4463 0.0891288
92.4921 0.0891127
92.5353 0.0890986
92.5811 0.0890863
92.6244 0.0890755
92.6702 0.0890661
92.7134 0.0890578
92.7592 0.0890506
92.8024 0.0890443
92.8482 0.0890387
92.8915 0.0890339
92.9373 0.0890296
92.9805 0.0890259
93.0249 0.0887727
93.0681 0.0886761
93.1125 0.0885916
93.1557 0.0883926
93.2001 0.0883436
93.2433 0.0883006
93.2877 0.088138
93.331 0.0879958
93.3758 0.0879963
93.4195 0.0881218
93.4644 0.0882316
93.5081 0.0883276
93.5531 0.0884117
93.5972 0.0884852
93.6421 0.0885495
93.6862 0.0886059
93.7311 0.0886551
93.7752 0.0886982
93.8202 0.088736
93.8643 0.088769
93.9092 0.0887978
93.9533 0.0888231
93.9983 0.0888452
94.0424 0.0888646
94.0873 0.0888815
94.1314 0.0888963
94.1763 0.0889093
94.2204 0.0889206
94.2654 0.0889305
94.3095 0.0889392
94.3544 0.0889468
94.3985 0.0889535
94.4435 0.0889593
94.4876 0.0889644
94.5325 0.0889688
94.5766 0.0889727
94.6215 0.0889761
94.6656 0.0889791
94.7106 0.0889817
94.7547 0.088984
94.7996 0.088986
94.8437 0.0889878
94.8887 0.0889893
94.9328 0.0889906
94.9777 0.0889918
95.0218 0.0889928
95.0667 0.0889937
95.1108 0.0889945
95.1558 0.0889952
95.1999 0.0889958
95.2448 0.0889963
95.2889 0.0889968
95.3339 0.0889972
95.378 0.0889975
95.4229 0.0889978
95.467 0.0889981
95.5119 0.0889983
95.556 0.0891236
95.601 0.0891081
95.6451 0.0890946
95.69 0.0892078
95.7341 0.0891818
95.7791 0.0891591
95.8232 0.0891392
95.8681 0.0891218
95.9122 0.0891066
95.9571 0.0890932
96.0012 0.0890816
96.0462 0.0890714
96.0903 0.0890625
96.1352 0.0890547
96.1793 0.0890478
96.2243 0.0890418
96.2684 0.0890366
96.3133 0.089032
96.3574 0.089028
96.4023 0.0890245
96.4464 0.0890215
96.4914 0.0890188
96.5355 0.0890164
96.5804 0.0890144
96.6245 0.0890126
96.6695 0.089011
96.7136 0.0890096
96.7585 0.0890084
96.8026 0.0890074
96.8475 0.0890065
96.8916 0.0890056
96.9366 0.0890049
96.9807 0.0890043
97.0256 0.0890038
97.0697 0.0890033
97.1147 0.0890029
97.1588 0.0890025
97.2037 0.0890022
97.2478 0.0890019
97.2927 0.0890017
97.3368 0.0890015
97.3818 0.0890013
97.4259 0.0890011
97.4708 0.089001
97.5149 0.0890009
97.5599 0.0890008
97.604 0.0890007
97.6489 0.0890006
97.693 0.0890005
97.7379 0.0890004
97.782 0.0891254
97.827 0.0891097
97.8711 0.089096
97.916 0.089209
97.9601 0.0891829
98.0051 0.08916
98.0492 0.08914
98.0941 0.0891225
98.1382 0.0891072
98.1831 0.0890938
98.2272 0.0890821
98.2722 0.0890718
98.3163 0.0890628
98.3612 0.089055
98.4053 0.0890481
98.4503 0.0890421
98.4944 0.0890368
98.5393 0.0890322
98.5834 0.0890282
98.6283 0.0890247
98.6724 0.0890216
98.7174 0.0890189
98.7615 0.0890165
98.8064 0.0890145
98.8505 0.0890127
98.8955 0.0890111
98.9396 0.0890097
98.9845 0.0890085
99.0286 0.0890074
99.0735 0.0890065
99.1176 0.0890057
99.1611 0.08888
99.2052 0.08877
99.2488 0.0885487
99.2928 0.0883551
99.3364 0.0883107
99.3805 0.0882719
99.424 0.0881129
99.4681 0.0880988
99.5116 0.0880864
99.5557 0.0879506
99.5992 0.0879568
99.6433 0.0879622
99.6868 0.0878419
99.7309 0.0877367
99.7744 0.0877696
99.8185 0.0877984
99.862 0.0878236
99.9061 0.0878456
99.9496 0.0877399
99.9937 0.0876475
100.037 0.0876915
100.081 0.0877301
100.125 0.0876388
100.169 0.087559
100.212 0.0876141
100.257 0.0876623
100.3 0.0877045
100.344 0.0877415
100.388 0.0876488
100.432 0.0875677
100.475 0.0876217
100.519 0.087669
100.563 0.0875854
100.607 0.0875122
100.65 0.0875732
100.695 0.0876265
100.738 0.0876732
100.782 0.0877141
100.826 0.0876248
100.87 0.0875467
100.913 0.0876034
100.957 0.0876529
