0.214139 476
0.221198 952
0.228257 1428
0.235316 1904
0.242375 2380
0.249433 2856
0.256492 3332
0.263551 3808
0.27061 4284
0.277669 4760
0.418851 4284
0.418851 4760
0.42591 5236
0.432958 4284
0.432969 4760
0.440027 5236
0.447075 4284
0.447086 4760
0.454145 5236
0.461193 4284
0.461204 4760
0.468263 5236
0.475311 4284
0.475322 4760
0.482381 5236
0.489439 5712
0.496498 6188
0.503557 6664
0.510616 7140
0.517675 7616
0.524734 8092
0.531793 8568
0.538851 9044
0.623552 8092
0.623552 8568
0.63061 9044
0.637669 8092
0.637669 8568
0.644728 9044
0.651787 8092
0.651787 8568
0.658846 9044
0.665905 8092
0.665905 8568
0.672964 9044
0.680022 8092
0.680022 8568
0.687081 9044
0.69414 8092
0.69414 8568
0.701199 9044
0.708258 8092
0.708258 8568
0.715317 9044
0.722376 8092
0.722376 8568
0.729434 9044
0.736493 8092
0.736493 8568
0.743552 9044
0.828252 8092
0.828252 8568
0.835311 9044
0.84237 8092
0.84237 8568
0.849429 9044
0.856488 8092
0.856488 8568
0.863547 9044
0.870606 8092
0.870606 8568
0.877664 9044
0.884723 8092
0.884723 8568
0.891782 9044
0.898841 8092
0.898841 8568
0.9059 9044
0.912959 8092
0.912959 8568
0.920018 9044
0.927076 8092
0.927076 8568
0.934135 9044
0.941194 8092
0.941194 8568
0.948253 9044
1.03295 8092
1.03295 8568
1.04001 9044
1.04707 8092
1.04707 8568
1.05413 9044
1.06119 8092
1.06119 8568
1.06825 9044
1.07531 8092
1.07531 8568
1.08237 9044
1.08942 8092
1.08942 8568
1.09648 9044
1.10354 8092
1.10354 8568
1.1106 9044
1.13178 7140
1.13178 7616
1.13884 8092
1.14589 8568
1.14589 7616
1.15295 8092
1.16001 8568
1.16707 9044
1.23765 8092
1.23765 8568
1.24471 9044
1.25177 8092
1.25177 8568
1.25883 9044
1.26589 8092
1.26589 8568
1.27295 9044
1.28708 8568
1.28708 9044
1.28708 8568
1.29413 9044
1.29413 8568
1.30119 9044
1.30119 8092
1.30825 8568
1.30825 8092
1.31531 8568
1.31531 8092
1.33649 7616
1.34355 7140
1.35061 6664
1.35766 6188
1.36472 5712
1.37178 5236
1.44236 4760
1.44942 4284
1.45648 3808
1.46354 3332
1.4706 2856
1.47766 2380
1.49179 1904
1.49884 1428
1.49884 1904
1.5059 1428
1.5059 1904
1.51295 1428
1.51296 1904
1.52002 2380
1.52708 2856
1.53414 3332
1.5412 3808
1.54826 4284
1.55532 4760
1.56237 5236
1.56943 5712
1.57649 6188
1.58355 6664
1.59061 7140
1.59767 7616
1.60473 8092
1.61179 8568
1.61885 9044
1.70355 8092
1.70355 8568
1.7106 9044
1.71766 8092
1.71766 8568
1.72472 9044
1.73178 8092
1.73178 8568
1.73884 9044
1.7459 8092
1.7459 8568
1.75296 9044
1.76002 8092
1.76002 8568
1.76708 9044
1.77413 8092
1.77413 8568
1.78119 9044
1.78825 8092
1.78825 8568
1.79531 9044
1.80237 8092
1.80237 8568
1.80943 9044
1.81649 8092
1.81649 8568
1.82355 9044
1.90825 8092
1.90825 8568
1.91531 9044
1.92236 8092
1.92236 8568
1.92942 9044
1.93648 8092
1.93648 8568
1.94354 9044
1.9506 8092
1.9506 8568
1.95766 9044
1.96472 8092
1.96472 8568
1.97178 9044
1.97884 8092
1.97884 8568
1.98589 9044
1.99295 8092
1.99295 8568
2.00001 9044
2.00707 8092
2.00707 8568
2.01413 9044
2.02119 8092
2.02119 8568
2.02825 9044
2.11295 8092
2.11295 8568
2.12001 9044
2.12706 8092
2.12706 8568
2.13412 9044
2.14118 8092
2.14118 8568
2.14824 9044
2.1553 8092
2.1553 8568
2.16236 9044
2.16942 8092
2.16942 8568
2.17648 9044
2.18354 8092
2.18354 8568
2.19059 9044
2.19765 8092
2.19765 8568
2.20471 9044
2.21177 8092
2.21177 8568
2.21883 9044
2.22589 8092
2.22589 8568
2.23295 9044
2.31765 8092
2.31765 8568
2.32471 9044
2.33177 8092
2.33177 8568
2.33882 9044
2.34588 8092
2.34588 8568
2.35294 9044
2.36 8092
2.36 8568
2.36706 9044
2.37412 8092
2.37412 8568
2.38118 9044
2.38824 8092
2.38824 8568
2.3953 9044
2.40235 8092
2.40235 8568
2.40941 9044
2.41647 8092
2.41647 8568
2.42353 9044
2.43059 8092
2.43059 8568
2.43765 9044
2.52235 8092
2.52235 8568
2.52941 9044
2.53647 8092
2.53647 8568
2.54353 9044
2.55058 8092
2.55058 8568
2.55764 9044
2.5647 8092
2.5647 8568
2.57176 9044
2.57882 8092
2.57882 8568
2.58588 9044
2.59294 8092
2.59294 8568
2.6 9044
2.60706 8092
2.60706 8568
2.61411 9044
2.62118 8568
2.62118 9044
2.62824 8568
2.62824 9044
2.6353 8092
2.6353 8568
2.64236 9044
2.64236 8568
2.72706 8092
2.73412 7616
2.74118 7140
2.74824 6664
2.75529 6188
2.76235 5712
2.76941 5236
2.77647 4760
2.78353 4284
2.79059 3808
2.79765 3332
2.80471 2856
2.81177 2380
2.81882 1904
2.82589 1428
2.82589 1904
2.83295 1428
2.83295 1904
2.84 1428
2.84001 1904
2.84707 2380
2.85413 2856
2.86119 3332
2.86825 3808
2.8753 4284
2.88236 4760
2.88942 5236
2.89648 5712
2.90354 6188
2.9106 6664
2.91766 7140
2.92472 7616
2.93178 8092
2.93883 8568
2.94589 9044
2.95295 9520
3.03059 8568
3.03059 9044
3.03765 9520
3.04471 8568
3.04471 9044
3.05177 9520
3.05883 8568
3.05883 9044
3.06589 9520
3.07295 8568
3.07295 9044
3.08001 9520
3.08706 8568
3.08706 9044
3.09412 9520
3.10118 8568
3.10118 9044
3.10824 9520
3.1153 8568
3.1153 9044
3.12236 9520
3.12942 8568
3.12942 9044
3.13648 9520
3.14354 8568
3.14354 9044
3.15059 9520
3.15765 8568
3.15765 9044
3.16471 9520
3.24235 8568
3.24235 9044
3.24941 9520
3.25647 8568
3.25647 9044
3.26353 9520
3.27059 8568
3.27059 9044
3.27765 9520
3.28471 8568
3.28471 9044
3.29177 9520
3.29882 8568
3.29882 9044
3.30588 9520
3.31294 8568
3.31294 9044
3.32 9520
3.32706 8568
3.32706 9044
3.33412 9520
3.34118 8568
3.34118 9044
3.34824 9520
3.3553 8568
3.3553 9044
3.36235 9520
3.36941 8568
3.36941 9044
3.37647 9520
3.45411 8568
3.45411 9044
3.46117 9520
3.46823 8568
3.46823 9044
3.47529 9520
3.48235 8568
3.48235 9044
3.48941 9520
3.49647 8568
3.49647 9044
3.50352 9520
3.51058 8568
3.51058 9044
3.51764 9520
3.5247 8568
3.5247 9044
3.53176 9520
3.53882 8568
3.53882 9044
3.54588 9520
3.55294 8568
3.55294 9044
3.56 9520
3.56705 8568
3.56705 9044
3.57411 9520
3.58117 8568
3.58117 9044
3.58823 9520
3.66587 8568
3.66587 9044
3.67293 9520
3.67999 8568
3.67999 9044
3.68705 9520
3.69411 8568
3.69411 9044
3.70117 9520
3.70823 8568
3.70823 9044
3.71528 9520
3.72234 8568
3.72234 9044
3.7294 9520
3.73646 8568
3.73646 9044
3.74352 9520
3.75058 8568
3.75058 9044
3.75764 9520
3.7647 8568
3.7647 9044
3.77176 9520
3.78588 9044
3.78588 9520
3.78588 9044
3.79294 9520
3.79294 9044
3.8 9520
3.87058 8568
3.87058 9044
3.87764 9520
3.87764 9044
3.8847 9520
3.8847 9044
3.89176 8568
3.89882 8092
3.90588 7616
3.91294 7140
3.92 6664
3.92705 6188
3.93411 5712
3.94117 5236
3.94823 4760
3.95529 4284
3.96235 3808
3.96941 3332
3.97647 2856
3.99059 2380
3.99765 1904
4.00471 1428
4.00471 1904
4.00533 0
4.00533 476
4.07528 0
4.07528 476
4.08234 952
4.08277 476
4.0894 952
4.09646 1428
4.10352 1904
4.11058 2380
4.11764 2856
4.1247 3332
4.13175 3808
4.13881 4284
4.14587 4760
4.15293 5236
4.15999 5712
4.16705 6188
4.17411 6664
4.18117 7140
4.18823 7616
4.19528 8092
4.20234 8568
4.2094 9044
4.20941 8092
4.21646 8568
4.22352 9044
4.23058 9520
4.23764 9996
4.2447 10472
4.25176 10948
4.25881 11424
4.30822 10472
4.30822 10948
4.31528 11424
4.32234 10472
4.32234 10948
4.3294 11424
4.33646 10472
4.33646 10948
4.34351 11424
4.35057 10472
4.35057 10948
4.35763 11424
4.36469 10472
4.36469 10948
4.37175 11424
4.37881 10472
4.37881 10948
4.38587 11424
4.39293 10472
4.39293 10948
4.39999 11424
4.40704 10472
4.40704 10948
4.4141 11424
4.42116 10472
4.42116 10948
4.42822 11424
4.43528 10472
4.43528 10948
4.44234 11424
4.4494 10472
4.4494 10948
4.45646 11424
4.46351 10472
4.46351 10948
4.47057 11424
4.5341 9520
4.5341 9996
4.54116 10472
4.54822 10948
4.54822 9996
4.55527 10472
4.56233 10948
4.56233 9996
4.56939 10472
4.57645 10948
4.57645 9996
4.58351 10472
4.59057 10948
4.59057 9996
4.59763 10472
4.60469 10948
4.60469 9996
4.61174 10472
4.6188 10948
4.6188 9996
4.62586 10472
4.63292 10948
4.63292 9996
4.63998 10472
4.64704 10948
4.64704 9996
4.6541 10472
4.66116 10948
4.66116 9996
4.66822 10472
4.67527 10948
4.67527 9996
4.68233 10472
4.68939 10948
4.69645 11424
4.74586 10472
4.74586 10948
4.75292 11424
4.75997 10472
4.75997 10948
4.76703 11424
4.77409 10472
4.77409 10948
4.78115 11424
4.78821 10472
4.78821 10948
4.79527 11424
4.80233 10472
4.80233 10948
4.80939 11424
4.81645 10472
4.81645 10948
4.8235 11424
4.83056 10472
4.83056 10948
4.83762 11424
4.84468 10472
4.84468 10948
4.85174 11424
4.8588 10472
4.8588 10948
4.86586 11424
4.87292 10472
4.87292 10948
4.87998 11424
4.88703 10472
4.88703 10948
4.89409 11424
4.90115 10472
4.90115 10948
4.90821 11424
4.95762 10472
4.95762 10948
4.96468 11424
4.97173 10472
4.97173 10948
4.97879 11424
4.98585 10472
4.98585 10948
4.99291 11424
4.99997 10472
4.99997 10948
5.00703 11424
5.01409 10472
5.01409 10948
5.02115 11424
5.02821 10472
5.02821 10948
5.03526 11424
5.04232 10472
5.04232 10948
5.04938 11424
5.05644 10472
5.05644 10948
5.0635 11424
5.07056 10472
5.07056 10948
5.07762 11424
5.08468 10472
5.08468 10948
5.09174 11424
5.09879 10472
5.09879 10948
5.10585 11424
5.11291 10472
5.11291 10948
5.11997 11424
5.16938 10472
5.16938 10948
5.17644 11424
5.18349 10472
5.18349 10948
5.19055 11424
5.19761 10472
5.19761 10948
5.20467 11424
5.21173 10472
5.21173 10948
5.21879 11424
5.22585 10472
5.22585 10948
5.23291 11424
5.23996 10472
5.23996 10948
5.24702 11424
5.25408 10472
5.25408 10948
5.26114 11424
5.2682 10472
5.2682 10948
5.27526 11424
5.28232 10472
5.28232 10948
5.28938 11424
5.29644 10472
5.29644 10948
5.30349 11424
5.31055 10472
5.31055 10948
5.31761 11424
5.32467 10472
5.32467 10948
5.33173 11424
5.38114 10472
5.38114 10948
5.38819 11424
5.39526 10948
5.39526 11424
5.40232 10948
5.40232 11424
5.40938 10472
5.40938 10948
5.41644 11424
5.41644 10948
5.4235 10472
5.43056 9996
5.43762 9520
5.44468 9044
5.45173 8568
5.45879 8092
5.46585 7616
5.47291 7140
5.47997 6664
5.48703 6188
5.49409 5712
5.50115 5236
5.50821 4760
5.51526 4284
5.52232 3808
5.52938 3332
5.53644 2856
5.58585 2380
5.59291 1904
5.59409 0
5.59409 476
5.60115 952
5.60703 476
5.6082 952
5.61408 0
5.61526 476
5.62232 952
5.62938 1428
5.63644 1904
5.79879 1428
5.79879 1904
5.83408 952
5.83408 1428
5.84114 1904
6.00349 952
6.00349 1428
6.01055 1904
6.04584 952
6.04584 1428
6.0529 1904
6.21525 952
6.21525 1428
6.22231 1904
6.2576 952
6.2576 1428
6.26466 1904
6.42701 952
6.42701 1428
6.43407 1904
6.46936 952
6.46936 1428
6.47642 1904
6.63877 952
6.63877 1428
6.64583 1904
6.68112 952
6.68112 1428
6.68818 1904
6.85053 952
6.85053 1428
6.85759 1904
6.89288 952
6.89288 1428
6.89994 1904
7.06229 952
7.06229 1428
7.06935 1904
7.10464 952
7.10464 1428
7.1117 1904
7.27405 952
7.27405 1428
7.28111 1904
7.3164 952
7.3164 1428
7.32346 1904
7.48581 952
7.48581 1428
7.49286 1904
7.52816 952
7.52816 1428
7.53522 1904
7.69757 952
7.69757 1428
7.70462 1904
7.73992 952
7.73992 1428
7.74698 1904
7.90933 952
7.90933 1428
7.91638 1904
7.95168 952
7.95168 1428
7.95874 1904
8.12108 952
8.12108 1428
8.12814 1904
8.16344 952
8.16344 1428
8.1705 1904
8.33284 952
8.33284 1428
8.3399 1904
8.3752 952
8.3752 1428
8.38226 1904
8.5446 952
8.5446 1428
8.55166 1904
8.58696 952
8.58696 1428
8.59402 1904
8.75636 952
8.75636 1428
8.76342 1904
8.79872 952
8.79872 1428
8.80578 1904
8.96812 952
8.96812 1428
8.97518 1904
9.01048 952
9.01048 1428
9.01754 1904
9.17988 952
9.17988 1428
9.18694 1904
9.22224 952
9.22224 1428
9.2293 1904
9.39164 952
9.39164 1428
9.3987 1904
9.434 952
9.434 1428
9.44105 1904
9.6034 952
9.6034 1428
9.61046 1904
9.64576 952
9.64576 1428
9.65281 1904
9.81516 952
9.81516 1428
9.82222 1904
9.85752 952
9.85752 1428
9.86457 1904
10.0269 952
10.0269 1428
10.034 1904
10.0693 952
10.0693 1428
10.0763 1904
10.2387 952
10.2387 1428
10.2457 1904
10.281 952
10.281 1428
10.2881 1904
10.4504 952
10.4504 1428
10.4575 1904
10.4928 952
10.4928 1428
10.4999 1904
10.6622 952
10.6622 1428
10.6693 1904
10.6763 2380
10.6834 2856
10.6904 3332
10.6975 3808
10.7046 4284
10.7046 3332
10.7116 3808
10.7187 4284
10.7257 4760
10.7328 5236
10.7398 5712
10.7469 6188
10.754 6664
10.761 7140
10.7681 7616
10.7751 8092
10.7822 8568
10.7893 9044
10.7963 9520
10.8034 9996
10.8104 10472
10.8175 10948
10.8246 11424
10.8316 11900
10.874 10948
10.874 11424
10.881 11900
10.8881 10948
10.8881 11424
10.8951 11900
10.9022 10948
10.9022 11424
10.9093 11900
10.9163 10948
10.9163 11424
10.9234 11900
10.9304 10948
10.9304 11424
10.9375 11900
10.9445 10948
10.9445 11424
10.9516 11900
10.9587 10948
10.9587 11424
10.9657 11900
10.9728 10948
10.9728 11424
10.9798 11900
10.9869 10948
10.9869 11424
10.994 11900
11.001 10948
11.001 11424
11.0081 11900
11.0151 10948
11.0151 11424
11.0222 11900
11.0293 10948
11.0293 11424
11.0363 11900
11.0787 10948
11.0787 11424
11.0857 11900
11.0928 10948
11.0928 11424
11.0998 11900
11.1069 10948
11.1069 11424
11.114 11900
11.121 10948
11.121 11424
11.1281 11900
11.1351 10948
11.1351 11424
11.1422 11900
11.1492 10948
11.1492 11424
11.1563 11900
11.1634 10948
11.1634 11424
11.1704 11900
11.1775 10948
11.1775 11424
11.1845 11900
11.1916 10948
11.1916 11424
11.1987 11900
11.2057 10948
11.2057 11424
11.2128 11900
11.2198 10948
11.2198 11424
11.2269 11900
11.234 10948
11.234 11424
11.241 11900
11.2834 10948
11.2834 11424
11.2904 11900
11.2975 10948
11.2975 11424
11.3045 11900
11.3116 10948
11.3116 11424
11.3187 11900
11.3257 10948
11.3257 11424
11.3328 11900
11.3398 10948
11.3398 11424
11.3469 11900
11.354 10948
11.354 11424
11.361 11900
11.3681 10948
11.3681 11424
11.3751 11900
11.3822 10948
11.3822 11424
11.3892 11900
11.3963 10948
11.3963 11424
11.4034 11900
11.4104 10948
11.4104 11424
11.4175 11900
11.4245 10948
11.4245 11424
11.4316 11900
11.4387 10948
11.4387 11424
11.4457 11900
11.4881 10948
11.4881 11424
11.4951 11900
11.5022 10948
11.5022 11424
11.5092 11900
11.5163 10948
11.5163 11424
11.5234 11900
11.5304 10948
11.5304 11424
11.5375 11900
11.5445 10948
11.5445 11424
11.5516 11900
11.5587 10948
11.5587 11424
11.5657 11900
11.5728 10948
11.5728 11424
11.5798 11900
11.5869 10948
11.5869 11424
11.5939 11900
11.601 10948
11.601 11424
11.6081 11900
11.6151 10948
11.6151 11424
11.6222 11900
11.6292 10948
11.6292 11424
11.6363 11900
11.6434 10948
11.6434 11424
11.6504 11900
11.6928 10948
11.6928 11424
11.6998 11900
11.7069 10948
11.7069 11424
11.7139 11900
11.721 10948
11.721 11424
11.7281 11900
11.7351 10948
11.7351 11424
11.7422 11900
11.7492 10948
11.7492 11424
11.7563 11900
11.7634 11424
11.7634 11900
11.7704 11424
11.7704 11900
11.7775 10948
11.7775 11424
11.7845 11900
11.7845 11424
11.7916 10948
11.7987 10472
11.8057 9996
11.8128 9520
11.8198 9044
11.8269 8568
11.834 8092
11.841 7616
11.8481 7140
11.8551 6664
11.8975 6188
11.9045 5712
11.9116 5236
11.9187 4760
11.9257 4284
11.9328 3808
11.9398 3332
11.9469 2856
11.9539 2380
11.961 1904
11.9681 1428
11.9681 1904
11.9751 1428
11.9751 1904
11.9822 1428
11.9822 1904
11.9892 2380
11.9963 2856
12.0034 3332
12.0104 3808
12.0175 4284
12.0245 4760
12.0316 5236
12.0387 5712
12.0457 6188
12.0528 6664
12.0598 7140
12.0669 7616
12.074 8092
12.081 8568
12.0881 9044
12.0951 9520
12.1022 9996
12.1092 10472
12.1163 10948
12.1234 11424
12.1304 11900
12.1375 12376
12.1728 11424
12.1728 11900
12.1798 12376
12.1869 11424
12.1869 11900
12.1939 12376
12.201 11424
12.201 11900
12.2081 12376
12.2151 11424
12.2151 11900
12.2222 12376
12.2292 11424
12.2292 11900
12.2363 12376
12.2434 11424
12.2434 11900
12.2504 12376
12.2575 11424
12.2575 11900
12.2645 12376
12.2716 11424
12.2716 11900
12.2787 12376
12.2857 11424
12.2857 11900
12.2928 12376
12.2998 11424
12.2998 11900
12.3069 12376
12.314 11424
12.314 11900
12.321 12376
12.3281 11424
12.3281 11900
12.3351 12376
12.3422 11424
12.3422 11900
12.3492 12376
12.3845 11424
12.3845 11900
12.3916 12376
12.3987 11900
12.3987 12376
12.4057 11900
12.4057 12376
12.4128 11424
12.4128 11900
12.4198 12376
12.4198 11900
12.4269 11424
12.434 10948
12.441 10472
12.4481 9996
12.4551 9520
12.4622 9044
12.4692 8568
12.4763 8092
12.4834 7616
12.4904 7140
12.4975 6664
12.5045 6188
12.5116 5712
12.5187 5236
12.5257 4760
12.5328 4284
12.5398 3808
12.5469 3332
12.554 2856
12.5892 2380
12.5963 1904
12.6034 1428
12.6034 1904
12.6104 1428
12.6104 1904
12.6175 1428
12.6175 1904
12.6245 2380
12.6316 2856
12.6387 3332
12.6457 3808
12.6528 4284
12.6598 4760
12.6669 5236
12.674 5712
12.681 6188
12.6881 6664
12.6951 7140
12.7022 7616
12.7093 8092
12.7163 8568
12.7234 9044
12.7304 9520
12.7375 9996
12.7445 10472
12.7516 10948
12.7587 11424
12.7657 11900
12.7728 12376
12.7798 12852
12.8081 11900
12.8081 12376
12.8151 12852
12.8222 11900
12.8222 12376
12.8292 12852
12.8363 11900
12.8363 12376
12.8434 12852
12.8504 11900
12.8504 12376
12.8575 12852
12.8645 11900
12.8645 12376
12.8716 12852
12.8787 11900
12.8787 12376
12.8857 12852
12.8928 11900
12.8928 12376
12.8998 12852
12.9069 11900
12.9069 12376
12.914 12852
12.921 11900
12.921 12376
12.9281 12852
12.9351 11900
12.9351 12376
12.9422 12852
12.9492 11900
12.9492 12376
12.9563 12852
12.9775 10948
12.9775 11424
12.9845 11900
12.9916 12376
12.9987 12852
13.0128 11900
13.0128 12376
13.0198 12852
13.0269 11900
13.0269 12376
13.0339 12852
13.041 11900
13.041 12376
13.0481 12852
13.0551 11900
13.0551 12376
13.0622 12852
13.0692 11900
13.0692 12376
13.0763 12852
13.0834 11900
13.0834 12376
13.0904 12852
13.0975 11900
13.0975 12376
13.1045 12852
13.1116 11900
13.1116 12376
13.1187 12852
13.1257 11900
13.1257 12376
13.1328 12852
13.1398 11900
13.1398 12376
13.1469 12852
13.1539 11900
13.1539 12376
13.161 12852
13.1822 11900
13.1822 12376
13.1892 12852
13.1963 11900
13.1963 12376
13.2034 12852
13.2175 11900
13.2175 12376
13.2245 12852
13.2316 11900
13.2316 12376
13.2386 12852
13.2457 11900
13.2457 12376
13.2528 12852
13.2598 11900
13.2598 12376
13.2669 12852
13.2739 11900
13.2739 12376
13.281 12852
13.2881 11900
13.2881 12376
13.2951 12852
13.3022 11900
13.3022 12376
13.3092 12852
13.3163 11900
13.3163 12376
13.3234 12852
13.3304 11900
13.3304 12376
13.3375 12852
13.3445 11900
13.3445 12376
13.3516 12852
13.3586 11900
13.3586 12376
13.3657 12852
13.3869 11900
13.3869 12376
13.3939 12852
13.401 11900
13.401 12376
13.4081 12852
13.4222 11900
13.4222 12376
13.4292 12852
13.4363 11900
13.4363 12376
13.4434 12852
13.4504 11900
13.4504 12376
13.4575 12852
13.4645 11900
13.4645 12376
13.4716 12852
13.4786 11900
13.4786 12376
13.4857 12852
13.4928 11900
13.4928 12376
13.4998 12852
13.5069 11900
13.5069 12376
13.5139 12852
13.521 11900
13.521 12376
13.5281 12852
13.5351 11900
13.5351 12376
13.5422 12852
13.5492 11900
13.5492 12376
13.5563 12852
13.5704 12376
13.5704 12852
13.5704 12376
13.5775 12852
13.5916 12376
13.5916 12852
13.5987 11900
13.5987 12376
13.6057 12852
13.6128 12376
13.6198 12852
13.6269 12376
13.634 11424
13.641 10948
13.6481 10472
13.6551 9996
13.6622 9520
13.6692 9044
13.6763 8568
13.6834 8092
13.6904 7616
13.6975 7140
13.7045 6664
13.7116 6188
13.7187 5712
13.7257 5236
13.7328 4760
13.7398 4284
13.7469 3808
13.754 3332
13.761 2856
13.7751 2380
13.7822 1904
13.7952 0
13.7952 476
13.8022 952
13.8034 0
13.8093 476
13.8163 952
13.8175 476
13.8234 952
13.8305 1428
13.8375 1904
13.9999 0
13.9999 476
14.0069 952
14.0069 476
14.014 0
14.014 476
14.021 952
14.0281 1428
14.0352 1904
14.2258 952
14.2258 1428
14.2328 1904
14.2399 952
14.2399 1428
14.2469 1904
14.4375 952
14.4375 1428
14.4446 1904
14.6422 1428
14.6422 1904
14.6422 1428
14.6493 1904
14.6493 1428
14.6563 1904
14.8469 952
14.8469 1428
14.854 1904
14.854 1428
14.861 1904
14.861 1428
14.8681 1904
15.0516 1428
15.0587 1904
15.0591 1428
15.0657 1904
15.0728 2380
15.0728 1428
15.0799 1904
15.0869 2380
15.2705 1428
15.2705 1904
15.2775 2380
15.2916 1904
15.2916 2380
15.2916 1904
15.2987 2380
15.4752 1904
15.4752 2380
15.4822 1428
15.4822 1904
15.4893 2380
15.4963 1904
15.5034 2380
15.5034 1904
15.6458 0
15.6458 476
15.6799 952
15.6869 0
15.6869 476
15.694 952
15.701 1428
15.701 952
15.7081 1428
15.7152 1904
15.8505 1428
15.8505 1904
15.9128 952
15.9128 1428
15.9199 1904
16.0552 952
16.0552 1428
16.0623 1904
16.1246 952
16.1246 1428
16.1316 1904
16.267 952
16.267 1428
16.274 1904
16.3363 952
16.3363 1428
16.3434 1904
16.4787 952
16.4787 1428
16.4858 1904
16.5481 952
16.5481 1428
16.5551 1904
16.6905 952
16.6905 1428
16.6975 1904
16.7598 952
16.7598 1428
16.7669 1904
16.9022 952
16.9022 1428
16.9093 1904
16.9716 952
16.9716 1428
16.9787 1904
17.114 952
17.114 1428
17.1211 1904
17.1834 952
17.1834 1428
17.1904 1904
17.3258 952
17.3258 1428
17.3328 1904
17.3951 952
17.3951 1428
17.4022 1904
17.5375 952
17.5375 1428
17.5446 1904
17.6069 952
17.6069 1428
17.6139 1904
17.7493 952
17.7493 1428
17.7563 1904
17.8186 952
17.8186 1428
17.8257 1904
17.961 952
17.961 1428
17.9681 1904
18.0304 952
18.0304 1428
18.0375 1904
18.1728 952
18.1728 1428
18.1799 1904
18.2422 952
18.2422 1428
18.2492 1904
18.3846 952
18.3846 1428
18.3916 1904
18.4539 952
18.4539 1428
18.461 1904
18.5963 952
18.5963 1428
18.6034 1904
18.6657 952
18.6657 1428
18.6727 1904
18.8081 952
18.8081 1428
18.8151 1904
18.8774 952
18.8774 1428
18.8845 1904
19.0198 952
19.0198 1428
19.0269 1904
19.0892 952
19.0892 1428
19.0963 1904
19.2316 952
19.2316 1428
19.2387 1904
19.301 952
19.301 1428
19.308 1904
19.4434 952
19.4434 1428
19.4504 1904
19.5127 952
19.5127 1428
19.5198 1904
19.6551 952
19.6551 1428
19.6622 1904
19.7245 952
19.7245 1428
19.7315 1904
19.8669 952
19.8669 1428
19.8739 1904
19.9362 952
19.9362 1428
19.9433 1904
20.0786 952
20.0786 1428
20.0857 1904
20.148 952
20.148 1428
20.1551 1904
20.2904 952
20.2904 1428
20.2975 1904
20.3598 952
20.3598 1428
20.3668 1904
20.5022 952
20.5022 1428
20.5092 1904
20.5715 952
20.5715 1428
20.5786 1904
20.7139 952
20.7139 1428
20.721 1904
20.7833 1428
20.7833 1904
20.9186 1428
20.9186 1904
20.9257 952
20.9257 1428
20.9274 0
20.9274 476
20.988 952
20.9951 1428
21.0021 1904
21.1233 0
21.1233 476
21.1304 0
21.1304 476
21.1375 952
21.1445 1428
21.1516 1904
21.1927 2380
21.3422 1428
21.3422 1904
21.3492 2380
21.3563 1428
21.3563 1904
21.3633 2380
21.5469 1428
21.5469 1904
21.5539 2380
21.561 1428
21.561 1904
21.568 2380
21.7516 1428
21.7516 1904
21.7586 2380
21.7657 1428
21.7657 1904
21.7727 2380
21.9563 1428
21.9563 1904
21.9633 2380
21.9704 1428
21.9704 1904
21.9774 2380
22.161 1428
22.161 1904
22.168 2380
22.1751 1428
22.1751 1904
22.1821 2380
22.3657 1428
22.3657 1904
22.3727 2380
22.3798 1904
22.3798 2380
22.3868 1904
22.3868 2380
22.5704 1428
22.5704 1904
22.5774 2380
22.5774 1904
22.5845 1428
22.5845 1904
22.5916 1428
22.5916 1904
22.7751 1428
22.7751 1904
22.7821 2380
22.7892 2856
22.7892 1904
22.7962 2380
22.8033 2856
22.9798 1904
22.9798 2380
22.9868 2856
22.9939 1904
22.9939 2380
23.0009 2856
23.1915 952
23.1915 1428
23.1986 1904
23.2056 2380
23.2056 1428
23.2127 1904
23.2198 2380
23.2268 2856
23.4033 1904
23.4033 2380
23.4103 2856
23.4174 1904
23.4174 2380
23.4245 2856
23.4315 1904
23.4315 2380
23.4386 2856
23.615 1904
23.615 2380
23.6221 2856
23.6292 1904
23.6292 2380
23.6362 2856
23.6433 1904
23.6433 2380
23.6503 2856
23.8268 1904
23.8268 2380
23.8339 2856
23.8409 1904
23.8409 2380
23.848 2856
23.855 1904
23.855 2380
23.8621 2856
24.0386 1904
24.0386 2380
24.0456 2856
24.0668 952
24.0668 1428
24.0739 1904
24.0809 2380
24.088 2856
24.2503 1904
24.2503 2380
24.2574 2856
24.2786 1904
24.2786 2380
24.2856 2856
24.2927 1904
24.2927 2380
24.2997 2856
24.4621 1904
24.4621 2380
24.4691 2856
24.4903 1904
24.4903 2380
24.4974 2856
24.5044 1904
24.5044 2380
24.5115 2856
24.6738 1904
24.6738 2380
24.6809 2856
24.7021 1904
24.7021 2380
24.7091 2856
24.7162 1904
24.7162 2380
24.7233 2856
24.8856 1904
24.8856 2380
24.8927 2856
24.9138 1904
24.9138 2380
24.9209 2856
24.928 1904
24.928 2380
24.935 2856
25.0974 1904
25.0974 2380
25.1044 2856
25.1256 1904
25.1256 2380
25.1327 2856
25.1397 1904
25.1397 2380
25.1468 2856
25.3091 1904
25.3091 2380
25.3162 2856
25.3374 1904
25.3374 2380
25.3444 2856
25.3515 1904
25.3515 2380
25.3585 2856
25.5209 1904
25.5209 2380
25.5279 2856
25.5491 1904
25.5491 2380
25.5562 2856
25.5632 1904
25.5632 2380
25.5703 2856
25.7326 1904
25.7326 2380
25.7397 2856
25.7609 1904
25.7609 2380
25.7679 2856
25.775 1904
25.775 2380
25.7821 2856
25.9444 1904
25.9444 2380
25.9515 2856
25.9726 1904
25.9726 2380
25.9797 2856
25.9868 1904
25.9868 2380
25.9938 2856
26.1562 1904
26.1562 2380
26.1632 2856
26.1844 1904
26.1844 2380
26.1915 2856
26.1985 1904
26.1985 2380
26.2056 2856
26.3679 1904
26.3679 2380
26.375 2856
26.3962 1904
26.3962 2380
26.4032 2856
26.4103 1904
26.4103 2380
26.4173 2856
26.5797 1904
26.5797 2380
26.5867 2856
26.6079 1904
26.6079 2380
26.615 2856
26.622 1904
26.622 2380
26.6291 2856
26.7914 1904
26.7914 2380
26.7985 2856
26.8267 2380
26.8267 2856
26.8267 2380
26.8338 2856
26.8338 2380
26.8409 2856
26.9962 1904
26.9962 2380
27.0032 2856
27.0032 2380
27.0103 2856
27.0315 2380
27.0385 1904
27.0456 1428
27.0456 1904
27.0476 0
27.0476 476
27.2009 0
27.2009 476
27.2079 952
27.2083 476
27.215 952
27.222 1428
27.2291 1904
27.2362 2380
27.2432 2856
27.2503 3332
27.2503 2380
27.2573 2856
27.2644 3332
27.2714 3808
27.2785 4284
27.2856 4760
27.4338 3808
27.4338 4284
27.4409 4760
27.4479 3808
27.4479 4284
27.455 4760
27.462 3808
27.462 4284
27.4691 4760
27.4761 3808
27.4761 4284
27.4832 4760
27.4903 3808
27.4903 4284
27.4973 4760
27.6456 3808
27.6456 4284
27.6526 4760
27.6597 3808
27.6597 4284
27.6667 4760
27.6738 3808
27.6738 4284
27.6808 4760
27.6879 3808
27.6879 4284
27.695 4760
27.702 3808
27.702 4284
27.7091 4760
27.8573 3808
27.8573 4284
27.8644 4760
27.8714 3808
27.8714 4284
27.8785 4760
27.8855 3808
27.8855 4284
27.8926 4760
27.8997 3808
27.8997 4284
27.9067 4760
27.9138 3808
27.9138 4284
27.9208 4760
28.0691 3808
28.0691 4284
28.0761 4760
28.0832 3808
28.0832 4284
28.0902 4760
28.0973 3808
28.0973 4284
28.1044 4760
28.1114 3808
28.1114 4284
28.1185 4760
28.1255 3808
28.1255 4284
28.1326 4760
28.2808 3808
28.2808 4284
28.2879 4760
28.2949 3808
28.2949 4284
28.302 4760
28.3091 3808
28.3091 4284
28.3161 4760
28.3232 3808
28.3232 4284
28.3302 4760
28.3373 3808
28.3373 4284
28.3444 4760
28.4926 3808
28.4926 4284
28.4996 4760
28.5067 3808
28.5067 4284
28.5138 4760
28.5208 3808
28.5208 4284
28.5279 4760
28.5349 3808
28.5349 4284
28.542 4760
28.5491 3808
28.5491 4284
28.5561 4760
28.7044 3808
28.7044 4284
28.7114 4760
28.7185 3808
28.7185 4284
28.7255 4760
28.7326 3808
28.7326 4284
28.7396 4760
28.7467 3808
28.7467 4284
28.7538 4760
28.7608 3808
28.7608 4284
28.7679 4760
28.9161 3808
28.9161 4284
28.9232 4760
28.9302 3808
28.9302 4284
28.9373 4760
28.9443 3808
28.9443 4284
28.9514 4760
28.9585 3808
28.9585 4284
28.9655 4760
28.9726 3808
28.9726 4284
28.9796 4760
29.1279 3808
29.1279 4284
29.1349 4760
29.142 3808
29.142 4284
29.149 4760
29.1561 3808
29.1561 4284
29.1632 4760
29.1702 3808
29.1702 4284
29.1773 4760
29.1843 3808
29.1843 4284
29.1914 4760
29.3396 3808
29.3396 4284
29.3467 4760
29.3537 3808
29.3537 4284
29.3608 4760
29.3679 3808
29.3679 4284
29.3749 4760
29.382 3808
29.382 4284
29.389 4760
29.3961 3808
29.3961 4284
29.4032 4760
29.5514 3808
29.5514 4284
29.5584 4760
29.5655 3808
29.5655 4284
29.5726 4760
29.5796 3808
29.5796 4284
29.5867 4760
29.5937 3808
29.5937 4284
29.6008 4760
29.6079 3808
29.6079 4284
29.6149 4760
29.7631 3808
29.7631 4284
29.7702 4760
29.7773 3808
29.7773 4284
29.7843 4760
29.7914 3808
29.7914 4284
29.7984 4760
29.8055 3808
29.8055 4284
29.8126 4760
29.8196 3808
29.8196 4284
29.8267 4760
29.9749 3808
29.9749 4284
29.982 4760
29.989 3808
29.989 4284
29.9961 4760
30.0031 3808
30.0031 4284
30.0102 4760
30.0173 3808
30.0173 4284
30.0243 4760
30.0314 3808
30.0314 4284
30.0384 4760
30.1867 3808
30.1867 4284
30.1937 4760
30.2008 3808
30.2008 4284
30.2078 4760
30.2149 3808
30.2149 4284
30.222 4760
30.229 3808
30.229 4284
30.2361 4760
30.2431 3808
30.2431 4284
30.2502 4760
30.3984 3808
30.3984 4284
30.4055 4760
30.4125 3808
30.4125 4284
30.4196 4760
30.4267 3808
30.4267 4284
30.4337 4760
30.4408 3808
30.4408 4284
30.4478 4760
30.4549 3808
30.4549 4284
30.462 4760
30.6102 3808
30.6102 4284
30.6172 4760
30.6243 3808
30.6243 4284
30.6314 4760
30.6384 3808
30.6384 4284
30.6455 4760
30.6525 3808
30.6525 4284
30.6596 4760
30.6667 3808
30.6667 4284
30.6737 4760
30.8219 3808
30.8219 4284
30.829 4760
30.8361 3808
30.8361 4284
30.8431 4760
30.8502 3808
30.8502 4284
30.8572 4760
30.8643 3808
30.8643 4284
30.8714 4760
30.8784 3808
30.8784 4284
30.8855 4760
31.0337 3808
31.0337 4284
31.0408 4760
31.0478 3808
31.0478 4284
31.0549 4760
31.0619 3808
31.0619 4284
31.069 4760
31.0761 3808
31.0761 4284
31.0831 4760
31.0902 3808
31.0902 4284
31.0972 4760
31.2455 3808
31.2455 4284
31.2525 4760
31.2596 3808
31.2596 4284
31.2666 4760
31.2737 3808
31.2737 4284
31.2808 4760
31.2878 3808
31.2878 4284
31.2949 4760
31.3019 3808
31.3019 4284
31.309 4760
31.4572 3808
31.4572 4284
31.4643 4760
31.4713 3808
31.4713 4284
31.4784 4760
31.4855 3808
31.4855 4284
31.4925 4760
31.4996 3808
31.4996 4284
31.5066 4760
31.5137 3808
31.5137 4284
31.5208 4760
31.669 3808
31.669 4284
31.676 4760
31.6831 3808
31.6831 4284
31.6902 4760
31.6972 3808
31.6972 4284
31.7043 4760
31.7113 3808
31.7113 4284
31.7184 4760
31.7255 3808
31.7255 4284
31.7325 4760
31.8807 3808
31.8807 4284
31.8878 4760
31.8949 3808
31.8949 4284
31.9019 4760
31.909 3808
31.909 4284
31.916 4760
31.9231 3808
31.9231 4284
31.9302 4760
31.9372 3808
31.9372 4284
31.9443 4760
32.0925 3808
32.0925 4284
32.0996 4760
32.1066 3808
32.1066 4284
32.1137 4760
32.1349 2856
32.1349 3332
32.1419 3808
32.149 4284
32.149 3332
32.156 3808
32.1631 4284
32.1702 4760
32.3043 3808
32.3043 4284
32.3113 4760
32.3184 4284
32.3184 4760
32.3396 4284
32.3396 4760
32.3466 3808
32.3466 4284
32.3537 4760
32.3537 4284
32.3607 3808
32.3678 3332
32.3749 2856
32.509 2380
32.516 1904
32.5179 0
32.5179 476
32.5249 952
32.532 1428
32.539 1904
32.5443 0
32.5461 476
32.5513 0
32.5532 476
32.5602 952
32.5673 1428
32.5743 1904
32.7226 1428
32.7226 1904
32.772 952
32.772 1428
32.779 1904
32.9273 952
32.9273 1428
32.9343 1904
32.9837 952
32.9837 1428
32.9908 1904
33.139 952
33.139 1428
33.1461 1904
33.1955 952
33.1955 1428
33.2026 1904
33.3508 952
33.3508 1428
33.3578 1904
33.4073 952
33.4073 1428
33.4143 1904
33.5625 952
33.5625 1428
33.5696 1904
33.619 952
33.619 1428
33.6261 1904
33.7743 952
33.7743 1428
33.7814 1904
33.8308 952
33.8308 1428
33.8378 1904
33.9861 952
33.9861 1428
33.9931 1904
34.0425 952
34.0425 1428
34.0496 1904
34.1978 952
34.1978 1428
34.2049 1904
34.2543 952
34.2543 1428
34.2614 1904
34.4096 952
34.4096 1428
34.4166 1904
34.4661 952
34.4661 1428
34.4731 1904
34.6213 952
34.6213 1428
34.6284 1904
34.6778 952
34.6778 1428
34.6849 1904
34.8331 952
34.8331 1428
34.8402 1904
34.8896 952
34.8896 1428
34.8966 1904
35.0449 952
35.0449 1428
35.0519 1904
35.1013 952
35.1013 1428
35.1084 1904
35.2566 952
35.2566 1428
35.2637 1904
35.3131 952
35.3131 1428
35.3202 1904
35.4684 952
35.4684 1428
35.4754 1904
35.5249 952
35.5249 1428
35.5319 1904
35.6801 952
35.6801 1428
35.6872 1904
35.7366 952
35.7366 1428
35.7437 1904
35.8919 952
35.8919 1428
35.899 1904
35.9484 952
35.9484 1428
35.9554 1904
36.1037 952
36.1037 1428
36.1107 1904
36.1601 952
36.1601 1428
36.1672 1904
36.3154 952
36.3154 1428
36.3225 1904
36.3719 952
36.3719 1428
36.379 1904
36.5272 952
36.5272 1428
36.5342 1904
36.5837 952
36.5837 1428
36.5907 1904
36.7389 952
36.7389 1428
36.746 1904
36.7954 952
36.7954 1428
36.8025 1904
36.9507 952
36.9507 1428
36.9578 1904
37.0072 952
37.0072 1428
37.0142 1904
37.1625 952
37.1625 1428
37.1695 1904
37.2189 952
37.2189 1428
37.226 1904
37.3742 952
37.3742 1428
37.3813 1904
37.4307 952
37.4307 1428
37.4377 1904
37.586 952
37.586 1428
37.593 1904
37.6424 952
37.6424 1428
37.6495 1904
37.7977 952
37.7977 1428
37.8048 1904
37.8542 952
37.8542 1428
37.8613 1904
38.0095 952
38.0095 1428
38.0166 1904
38.066 952
38.066 1428
38.073 1904
38.2213 952
38.2213 1428
38.2283 1904
38.2777 952
38.2777 1428
38.2848 1904
38.433 952
38.433 1428
38.4401 1904
38.4895 952
38.4895 1428
38.4965 1904
38.6448 952
38.6448 1428
38.6518 1904
38.7012 952
38.7012 1428
38.7083 1904
38.8565 952
38.8565 1428
38.8636 1904
38.913 952
38.913 1428
38.9201 1904
39.0683 952
39.0683 1428
39.0754 1904
39.1248 952
39.1248 1428
39.1318 1904
39.2801 952
39.2801 1428
39.2871 1904
39.3365 952
39.3365 1428
39.3436 1904
39.4918 952
39.4918 1428
39.4989 1904
39.5483 952
39.5483 1428
39.5553 1904
39.7036 952
39.7036 1428
39.7106 1904
39.9153 0
39.9153 476
39.9224 952
39.9295 1428
39.9365 1904
40.1271 952
40.1271 1428
40.1342 1904
40.1412 952
40.1412 1428
40.1483 1904
40.3389 952
40.3389 1428
40.3459 1904
40.353 952
40.353 1428
40.36 1904
40.5506 952
40.5506 1428
40.5577 1904
40.5647 952
40.5647 1428
40.5718 1904
40.7624 952
40.7624 1428
40.7694 1904
40.7765 952
40.7765 1428
40.7836 1904
40.9741 952
40.9741 1428
40.9812 1904
40.9883 952
40.9883 1428
40.9953 1904
41.1859 952
41.1859 1428
41.193 1904
41.2 952
41.2 1428
41.2071 1904
41.3977 952
41.3977 1428
41.4047 1904
41.4118 952
41.4118 1428
41.4188 1904
41.6094 952
41.6094 1428
41.6165 1904
41.6235 952
41.6235 1428
41.6306 1904
41.8212 952
41.8212 1428
41.8282 1904
41.8353 952
41.8353 1428
41.8423 1904
42.0329 952
42.0329 1428
42.04 1904
42.047 952
42.047 1428
42.0541 1904
42.2447 952
42.2447 1428
42.2518 1904
42.2588 952
42.2588 1428
42.2659 1904
42.4565 952
42.4565 1428
42.4635 1904
42.4706 952
42.4706 1428
42.4776 1904
42.6682 952
42.6682 1428
42.6753 1904
42.6823 952
42.6823 1428
42.6894 1904
42.88 952
42.88 1428
42.887 1904
42.8941 952
42.8941 1428
42.9011 1904
43.0917 952
43.0917 1428
43.0988 1904
43.1058 2380
43.1058 1428
43.1129 1904
43.12 2380
43.127 2856
43.1341 3332
43.1411 3808
43.1482 4284
43.1553 4760
43.1623 5236
43.3035 4284
43.3035 4760
43.3105 5236
43.3176 4284
43.3176 4760
43.3247 5236
43.3317 4284
43.3317 4760
43.3388 5236
43.3458 4284
43.3458 4760
43.3529 5236
43.36 4284
43.36 4760
43.367 5236
43.5082 4284
43.5082 4760
43.5152 5236
43.5223 4284
43.5223 4760
43.5294 5236
43.5364 4284
43.5364 4760
43.5435 5236
43.5505 4284
43.5505 4760
43.5576 5236
43.5647 4284
43.5647 4760
43.5717 5236
43.7129 4284
43.7129 4760
43.7199 5236
43.727 4284
43.727 4760
43.7341 5236
43.7411 4284
43.7411 4760
43.7482 5236
43.7552 4284
43.7552 4760
43.7623 5236
43.7694 4284
43.7694 4760
43.7764 5236
43.9176 4284
43.9176 4760
43.9247 5236
43.9317 4284
43.9317 4760
43.9388 5236
43.9458 4284
43.9458 4760
43.9529 5236
43.9599 4284
43.9599 4760
43.967 5236
43.9741 4284
43.9741 4760
43.9811 5236
44.1223 4284
44.1223 4760
44.1294 5236
44.1364 4284
44.1364 4760
44.1435 5236
44.1505 4284
44.1505 4760
44.1576 5236
44.1646 4284
44.1646 4760
44.1717 5236
44.1788 4284
44.1788 4760
44.1858 5236
44.327 4284
44.327 4760
44.3341 5236
44.3552 3332
44.3552 3808
44.3623 4284
44.3693 4760
44.3693 3808
44.3764 4284
44.3835 4760
44.3835 3808
44.3905 4284
44.3976 4760
44.4046 5236
44.5317 4284
44.5317 4760
44.5388 5236
44.5599 4284
44.5599 4760
44.567 5236
44.574 4284
44.574 4760
44.5811 5236
44.5882 4284
44.5882 4760
44.5952 5236
44.6023 4284
44.6023 4760
44.6093 5236
44.7364 4284
44.7364 4760
44.7435 5236
44.7646 4284
44.7646 4760
44.7717 5236
44.7787 4284
44.7787 4760
44.7858 5236
44.7929 4284
44.7929 4760
44.7999 5236
44.807 4284
44.807 4760
44.814 5236
44.9411 4284
44.9411 4760
44.9482 5236
44.9693 4284
44.9693 4760
44.9764 5236
44.9835 4760
44.9835 5236
44.9905 4760
44.9905 5236
44.9976 4284
44.9976 4760
45.0046 5236
45.0046 4760
45.0117 4284
45.0188 3808
45.1458 3332
45.1529 2856
45.174 2380
45.1811 1904
45.1882 1428
45.1882 1904
45.1952 1428
45.1952 1904
45.2023 1428
45.2023 1904
45.2093 2380
45.2164 2856
45.2235 3332
45.2305 3808
45.2376 4284
45.2446 4760
45.2517 5236
45.2588 5712
45.3929 4760
45.3929 5236
45.3999 5712
45.407 4760
45.407 5236
45.414 5712
45.4211 4760
45.4211 5236
45.4282 5712
45.4352 4760
45.4352 5236
45.4423 5712
45.4493 4760
45.4493 5236
45.4564 5712
45.4635 4760
45.4635 5236
45.4705 5712
45.6046 4760
45.6046 5236
45.6117 5712
45.6187 4760
45.6187 5236
45.6258 5712
45.6329 4760
45.6329 5236
45.6399 5712
45.647 4760
45.647 5236
45.654 5712
45.6611 4760
45.6611 5236
45.6682 5712
45.6752 4760
45.6752 5236
45.6823 5712
45.8164 4760
45.8164 5236
45.8234 5712
45.8305 4760
45.8305 5236
45.8376 5712
45.8446 4760
45.8446 5236
45.8517 5712
45.8587 4760
45.8587 5236
45.8658 5712
45.8729 4760
45.8729 5236
45.8799 5712
45.887 4760
45.887 5236
45.894 5712
46.0281 4760
46.0281 5236
46.0352 5712
46.0423 4760
46.0423 5236
46.0493 5712
46.0564 4760
46.0564 5236
46.0634 5712
46.0705 4760
46.0705 5236
46.0776 5712
46.0846 4760
46.0846 5236
46.0917 5712
46.0987 4760
46.0987 5236
46.1058 5712
46.2399 4760
46.2399 5236
46.247 5712
46.254 4760
46.254 5236
46.2611 5712
46.2681 4760
46.2681 5236
46.2752 5712
46.2823 4760
46.2823 5236
46.2893 5712
46.2964 4760
46.2964 5236
46.3034 5712
46.3105 4760
46.3105 5236
46.3176 5712
46.4517 4760
46.4517 5236
46.4587 5712
46.4658 4760
46.4658 5236
46.4728 5712
46.4799 4760
46.4799 5236
46.487 5712
46.5081 3808
46.5081 4284
46.5152 4760
46.5223 5236
46.5223 4284
46.5293 4760
46.5364 5236
46.5434 5712
46.6634 4760
46.6634 5236
46.6705 5712
46.6846 5236
46.6846 5712
46.6846 5236
46.6917 5712
46.6917 5236
46.6987 5712
46.7128 4760
46.7128 5236
46.7199 5712
46.7199 5236
46.727 5712
46.727 5236
46.734 4760
46.7411 4284
46.7481 3808
46.8681 3332
46.8752 2856
46.8893 2380
46.8964 1904
46.9034 1428
46.9034 1904
46.9071 0
46.9071 476
46.9176 0
46.9176 476
46.9246 952
46.925 476
46.9317 952
46.9387 1428
46.9458 1904
46.9528 2380
46.9599 2856
46.967 3332
46.974 3808
46.9811 4284
46.9881 4760
46.9952 5236
47.0023 5712
47.0093 6188
47.0164 6664
47.0234 7140
47.0305 7616
47.1081 6664
47.1081 7140
47.1152 7616
47.1505 6664
47.1505 7140
47.1575 7616
47.1646 6664
47.1646 7140
47.1717 7616
47.1787 6664
47.1787 7140
47.1858 7616
47.1928 6664
47.1928 7140
47.1999 7616
47.207 6664
47.207 7140
47.214 7616
47.2211 6664
47.2211 7140
47.2281 7616
47.2352 6664
47.2352 7140
47.2423 7616
47.3199 6664
47.3199 7140
47.327 7616
47.3622 6664
47.3622 7140
47.3693 7616
47.3764 6664
47.3764 7140
47.3834 7616
47.3905 6664
47.3905 7140
47.3975 7616
47.4046 6664
47.4046 7140
47.4117 7616
47.4187 6664
47.4187 7140
47.4258 7616
47.4328 6664
47.4328 7140
47.4399 7616
47.447 6664
47.447 7140
47.454 7616
47.5317 6664
47.5317 7140
47.5387 7616
47.574 6664
47.574 7140
47.5811 7616
47.5881 6664
47.5881 7140
47.5952 7616
47.6022 6664
47.6022 7140
47.6093 7616
47.6164 6664
47.6164 7140
47.6234 7616
47.6305 6664
47.6305 7140
47.6375 7616
47.6446 6664
47.6446 7140
47.6517 7616
47.6587 6664
47.6587 7140
47.6658 7616
47.7434 6664
47.7434 7140
47.7505 7616
47.7858 6664
47.7858 7140
47.7928 7616
47.7999 7140
47.7999 7616
47.807 7140
47.807 7616
47.814 6664
47.814 7140
47.8211 7616
47.8211 7140
47.8281 6664
47.8352 6188
47.8493 5712
47.8564 5236
47.8634 4284
47.8705 3808
47.9481 3332
47.9552 2856
47.9905 2380
47.9975 1904
47.9989 0
47.9989 476
48.006 952
48.013 1428
48.0187 0
48.0201 476
48.0272 952
48.0342 1428
48.0413 1904
48.2036 0
48.2036 476
48.2107 952
48.2107 476
48.2178 952
48.2178 476
48.2248 0
48.2248 476
48.2319 952
48.2389 1428
48.246 1904
48.4366 952
48.4366 1428
48.4436 1904
48.4507 952
48.4507 1428
48.4578 1904
48.6483 952
48.6483 1428
48.6554 1904
48.6625 952
48.6625 1428
48.6695 1904
48.8601 952
48.8601 1428
48.8672 1904
48.8742 952
48.8742 1428
48.8813 1904
49.0719 952
49.0719 1428
49.0789 1904
49.086 952
49.086 1428
49.093 1904
49.2836 1428
49.2836 1904
49.2907 1428
49.2907 1904
49.2977 952
49.2977 1428
49.2995 0
49.2995 476
49.4883 952
49.4954 1428
49.4954 476
49.5024 0
49.5025 476
49.5095 952
49.5166 1428
49.5236 1904
49.7142 952
49.7142 1428
49.7213 1904
49.7283 952
49.7283 1428
49.7354 1904
49.926 952
49.926 1428
49.933 1904
49.9401 952
49.9401 1428
49.9472 1904
50.1377 952
50.1377 1428
50.1448 1904
50.1519 952
50.1519 1428
50.1589 1904
50.3495 952
50.3495 1428
50.3566 1904
50.3636 952
50.3636 1428
50.3707 1904
50.5613 952
50.5613 1428
50.5683 1904
50.5754 952
50.5754 1428
50.5824 1904
50.773 952
50.773 1428
50.7801 1904
50.7871 952
50.7871 1428
50.7942 1904
50.9848 952
50.9848 1428
50.9918 1904
50.9989 952
50.9989 1428
51.0059 1904
51.1965 952
51.1965 1428
51.2036 1904
51.2106 952
51.2106 1428
51.2177 1904
51.4083 952
51.4083 1428
51.4154 1904
51.4224 952
51.4224 1428
51.4295 1904
51.6201 952
51.6201 1428
51.6271 1904
51.6342 952
51.6342 1428
51.6412 1904
51.8318 952
51.8318 1428
51.8389 1904
51.8459 952
51.8459 1428
51.853 1904
52.0436 952
52.0436 1428
52.0506 1904
52.0577 952
52.0577 1428
52.0647 1904
52.2553 952
52.2553 1428
52.2624 1904
52.2694 952
52.2694 1428
52.2765 1904
52.4671 952
52.4671 1428
52.4741 1904
52.4812 952
52.4812 1428
52.4883 1904
52.6788 952
52.6788 1428
52.6859 1904
52.693 952
52.693 1428
52.7 1904
52.8906 952
52.8906 1428
52.8977 1904
52.9047 952
52.9047 1428
52.9118 1904
53.1024 952
53.1024 1428
53.1094 1904
53.1165 952
53.1165 1428
53.1235 1904
53.3141 952
53.3141 1428
53.3212 1904
53.3282 952
53.3282 1428
53.3353 1904
53.5259 952
53.5259 1428
53.5329 1904
53.54 952
53.54 1428
53.5471 1904
53.7376 952
53.7376 1428
53.7447 1904
53.7518 2380
53.7518 1428
53.7588 1904
53.7659 2380
53.9494 1428
53.9494 1904
53.9565 2380
53.9635 1428
53.9635 1904
53.9706 2380
54.1541 1428
54.1541 1904
54.1612 2380
54.1682 1428
54.1682 1904
54.1753 2380
54.3588 1428
54.3588 1904
54.3659 2380
54.3729 1428
54.3729 1904
54.38 2380
54.5635 1428
54.5635 1904
54.5706 2380
54.5776 1428
54.5776 1904
54.5847 2380
54.7682 1428
54.7682 1904
54.7753 2380
54.7823 1428
54.7823 1904
54.7894 2380
54.9729 1428
54.9729 1904
54.98 2380
54.987 1428
54.987 1904
54.9941 2380
55.1776 1428
55.1776 1904
55.1847 2380
55.1917 1428
55.1917 1904
55.1988 2380
55.3823 1428
55.3823 1904
55.3894 2380
55.3964 1428
55.3964 1904
55.4035 2380
55.587 1428
55.587 1904
55.5941 2380
55.6011 1428
55.6011 1904
55.6082 2380
55.7917 1428
55.7917 1904
55.7988 2380
55.8058 1428
55.8058 1904
55.8129 2380
55.9964 1428
55.9964 1904
56.0035 2380
56.0105 1428
56.0105 1904
56.0176 2380
56.2011 1428
56.2011 1904
56.2082 2380
56.2152 1428
56.2152 1904
56.2223 2380
56.4058 1428
56.4058 1904
56.4129 2380
56.4199 1428
56.4199 1904
56.427 2380
56.6105 1428
56.6105 1904
56.6176 2380
56.6246 1428
56.6246 1904
56.6317 2380
56.8152 1428
56.8152 1904
56.8223 2380
56.8293 1428
56.8293 1904
56.8364 2380
57.0199 1428
57.0199 1904
57.027 2380
57.034 1428
57.034 1904
57.0411 2380
57.2246 1428
57.2246 1904
57.2317 2380
57.2387 1428
57.2387 1904
57.2458 2380
57.4293 1428
57.4293 1904
57.4364 2380
57.4434 1428
57.4434 1904
57.4505 2380
57.634 1428
57.634 1904
57.6411 2380
57.6481 1428
57.6481 1904
57.6552 2380
57.8387 1428
57.8387 1904
57.8458 2380
57.8528 1428
57.8528 1904
57.8599 2380
58.0434 1428
58.0434 1904
58.0505 2380
58.0575 1428
58.0575 1904
58.0646 2380
58.2481 1428
58.2481 1904
58.2552 2380
58.2622 1428
58.2622 1904
58.2693 2380
58.4528 1428
58.4528 1904
58.4599 2380
58.4669 1428
58.4669 1904
58.474 2380
58.6575 1428
58.6575 1904
58.6646 2380
58.6716 1428
58.6716 1904
58.6787 2380
58.8622 1428
58.8622 1904
58.8693 2380
58.8763 1428
58.8763 1904
58.8834 2380
59.0669 1428
59.0669 1904
59.074 2380
59.081 1428
59.081 1904
59.0881 2380
59.2716 1428
59.2716 1904
59.2787 2380
59.2857 1428
59.2857 1904
59.2928 2380
59.4763 1428
59.4763 1904
59.4834 2380
59.4904 1428
59.4904 1904
59.4975 2380
59.681 1428
59.681 1904
59.6881 2380
59.6951 1428
59.6951 1904
59.7022 2380
59.8857 1428
59.8857 1904
59.8928 2380
59.8998 1428
59.8998 1904
59.9069 2380
60.0904 1428
60.0904 1904
60.0975 2380
60.1045 1428
60.1045 1904
60.1116 2380
60.2951 1428
60.2951 1904
60.3022 2380
60.3092 1428
60.3092 1904
60.3163 2380
60.4998 1428
60.4998 1904
60.5069 2380
60.514 1428
60.514 1904
60.521 2380
60.7045 1428
60.7045 1904
60.7116 2380
60.7187 1428
60.7187 1904
60.7257 2380
60.9092 1428
60.9092 1904
60.9163 2380
60.9234 1428
60.9234 1904
60.9304 2380
61.1139 1428
61.1139 1904
61.121 2380
61.1281 1428
61.1281 1904
61.1351 2380
61.3186 1428
61.3186 1904
61.3257 2380
61.3328 1428
61.3328 1904
61.3398 2380
61.5233 1428
61.5233 1904
61.5304 2380
61.5375 1428
61.5375 1904
61.5445 2380
61.728 1428
61.728 1904
61.7351 2380
61.7422 1428
61.7422 1904
61.7492 2380
61.9327 1428
61.9327 1904
61.9398 2380
61.9469 1428
61.9469 1904
61.9539 2380
62.1374 1428
62.1374 1904
62.1445 2380
62.1516 1428
62.1516 1904
62.1586 2380
62.3421 1428
62.3421 1904
62.3492 2380
62.3563 1428
62.3563 1904
62.3633 2380
62.5468 1428
62.5468 1904
62.5539 2380
62.561 1428
62.561 1904
62.568 2380
62.7657 476
62.7657 952
62.7727 1428
62.7798 1904
62.7868 2380
62.9704 1428
62.9704 1904
62.9774 2380
62.9845 1428
62.9845 1904
62.9915 2380
63.1751 1428
63.1751 1904
63.1821 2380
63.1892 1428
63.1892 1904
63.1962 2380
63.3798 1428
63.3798 1904
63.3868 2380
63.3939 1428
63.3939 1904
63.4009 2380
63.5845 1428
63.5845 1904
63.5915 2380
63.5986 1428
63.5986 1904
63.6056 2380
63.7892 1428
63.7892 1904
63.8033 952
63.8033 1428
63.8103 1904
63.9939 952
63.9939 1428
64.0009 1904
64.015 952
64.015 1428
64.0221 1904
64.0292 2380
64.2056 1428
64.2056 1904
64.2127 2380
64.2268 1428
64.2268 1904
64.2339 2380
64.4103 1428
64.4103 1904
64.4174 2380
64.4315 1428
64.4315 1904
64.4386 2380
64.615 1428
64.615 1904
64.6221 2380
64.6362 1428
64.6362 1904
64.6433 2380
64.8197 1428
64.8197 1904
64.8268 2380
64.8409 1428
64.8409 1904
64.848 2380
65.0244 1428
65.0244 1904
65.0315 2380
65.0456 1428
65.0456 1904
65.0527 2380
65.2291 1428
65.2291 1904
65.2362 2380
65.2503 1428
65.2503 1904
65.2574 2380
65.4338 1428
65.4338 1904
65.4409 2380
65.455 1428
65.455 1904
65.4621 2380
65.6385 1428
65.6385 1904
65.6456 2380
65.6597 1428
65.6597 1904
65.6668 2380
65.8432 1428
65.8432 1904
65.8503 2380
65.8644 1428
65.8644 1904
65.8715 2380
66.0479 1428
66.0479 1904
66.055 2380
66.0691 1428
66.0691 1904
66.0762 2380
66.2526 1428
66.2526 1904
66.2597 2380
66.2738 1428
66.2738 1904
66.2809 2380
66.4573 1428
66.4573 1904
66.4644 2380
66.4785 1428
66.4785 1904
66.4856 2380
66.662 1428
66.662 1904
66.6691 2380
66.6832 1428
66.6832 1904
66.6903 2380
66.8667 1428
66.8667 1904
66.8738 2380
66.8879 1428
66.8879 1904
66.895 2380
67.0714 1428
67.0714 1904
67.0785 2380
67.0926 1428
67.0926 1904
67.0997 2380
67.2761 1428
67.2761 1904
67.2832 2380
67.2973 1428
67.2973 1904
67.3044 2380
67.4808 1428
67.4808 1904
67.4879 2380
67.502 1428
67.502 1904
67.5091 2380
67.6855 1428
67.6855 1904
67.6926 2380
67.7067 1428
67.7067 1904
67.7138 2380
67.8902 1428
67.8902 1904
67.8973 2380
67.9114 1428
67.9114 1904
67.9185 2380
68.0949 1428
68.0949 1904
68.102 2380
68.1161 1428
68.1161 1904
68.1232 2380
68.2996 1428
68.2996 1904
68.3067 2380
68.3208 1904
68.3208 2380
68.3279 1904
68.3279 2380
68.5043 1428
68.5043 1904
68.5114 2380
68.5114 1904
68.5255 1428
68.5255 1904
68.5326 1428
68.5326 1904
68.7091 1428
68.7091 1904
68.7161 2380
68.7232 2856
68.7302 1904
68.7302 2380
68.7373 2856
68.9138 1904
68.9138 2380
68.9208 2856
68.9279 1904
68.9279 2380
68.9349 2856
68.942 1904
68.942 2380
68.9491 2856
69.1255 1904
69.1255 2380
69.1326 2856
69.1396 1904
69.1396 2380
69.1467 2856
69.1538 1904
69.1538 2380
69.1608 2856
69.3373 1904
69.3373 2380
69.3443 2856
69.3514 1904
69.3514 2380
69.3584 2856
69.3655 1904
69.3655 2380
69.3726 2856
69.549 1904
69.549 2380
69.5561 2856
69.5631 1904
69.5631 2380
69.5702 2856
69.5773 1904
69.5773 2380
69.5843 2856
69.7608 1904
69.7608 2380
69.7678 2856
69.7749 1904
69.7749 2380
69.782 2856
69.789 1904
69.789 2380
69.7961 2856
69.9725 1904
69.9725 2380
69.9796 2856
69.9867 1904
69.9867 2380
69.9937 2856
70.0008 1904
70.0008 2380
70.0079 2856
70.1843 1904
70.1843 2380
70.1914 2856
70.1984 1904
70.1984 2380
70.2055 2856
70.2126 1904
70.2126 2380
70.2196 2856
70.3961 1904
70.3961 2380
70.4031 2856
70.4102 1904
70.4102 2380
70.4172 2856
70.4243 1904
70.4243 2380
70.4314 2856
70.6078 1904
70.6078 2380
70.6149 2856
70.6219 1904
70.6219 2380
70.629 2856
70.6361 1904
70.6361 2380
70.6431 2856
70.8196 1904
70.8196 2380
70.8266 2856
70.8337 1904
70.8337 2380
70.8408 2856
70.8478 1904
70.8478 2380
70.8549 2856
71.0313 1904
71.0313 2380
71.0384 2856
71.0455 1904
71.0455 2380
71.0525 2856
71.0596 1904
71.0596 2380
71.0667 2856
71.2431 1904
71.2431 2380
71.2502 2856
71.2572 1904
71.2572 2380
71.2643 2856
71.2714 1904
71.2714 2380
71.2784 2856
71.4549 1904
71.4549 2380
71.4619 2856
71.469 1904
71.469 2380
71.476 2856
71.4831 1904
71.4831 2380
71.4902 2856
71.6666 1904
71.6666 2380
71.6737 2856
71.6807 1904
71.6807 2380
71.6878 2856
71.6949 1904
71.6949 2380
71.7019 2856
71.8784 1904
71.8784 2380
71.8854 2856
71.8925 1904
71.8925 2380
71.8996 2856
71.9066 1904
71.9066 2380
71.9137 2856
72.0901 1904
72.0901 2380
72.0972 2856
72.1043 1904
72.1043 2380
72.1113 2856
72.1184 1904
72.1184 2380
72.1255 2856
72.3019 1904
72.3019 2380
72.309 2856
72.316 1904
72.316 2380
72.3231 2856
72.3302 1904
72.3302 2380
72.3372 2856
72.5137 1904
72.5137 2380
72.5207 2856
72.5278 1904
72.5278 2380
72.5348 2856
72.5419 1904
72.5419 2380
72.549 2856
72.7254 1904
72.7254 2380
72.7325 2856
72.7395 1904
72.7395 2380
72.7466 2856
72.7537 1904
72.7537 2380
72.7607 2856
72.9372 1904
72.9372 2380
72.9442 2856
72.9513 1904
72.9513 2380
72.9584 2856
72.9654 1904
72.9654 2380
72.9725 2856
73.1489 1904
73.1489 2380
73.156 2856
73.1631 1904
73.1631 2380
73.1701 2856
73.1772 1904
73.1772 2380
73.1842 2856
73.3607 1904
73.3607 2380
73.3678 2856
73.3748 1904
73.3748 2380
73.3819 2856
73.3889 1904
73.3889 2380
73.396 2856
73.5725 1904
73.5725 2380
73.5795 2856
73.5866 1904
73.5866 2380
73.5936 2856
73.6007 1904
73.6007 2380
73.6078 2856
73.7983 952
73.7983 1428
73.8054 1904
73.8125 2380
73.8125 1428
73.8195 1904
73.8266 2380
73.8336 2856
74.0101 1904
74.0101 2380
74.0172 2856
74.0242 1904
74.0242 2380
74.0313 2856
74.0383 1904
74.0383 2380
74.0454 2856
74.2219 1904
74.2219 2380
74.2289 2856
74.236 1904
74.236 2380
74.243 2856
74.2501 1904
74.2501 2380
74.2572 2856
74.4336 1904
74.4336 2380
74.4407 2856
74.4477 1904
74.4477 2380
74.4548 2856
74.4619 1904
74.4619 2380
74.4689 2856
74.6454 1904
74.6454 2380
74.6524 2856
74.6595 1904
74.6595 2380
74.6666 2856
74.6736 1904
74.6736 2380
74.6807 2856
74.8571 1904
74.8571 2380
74.8642 2856
74.8713 1904
74.8713 2380
74.8783 2856
74.8854 1904
74.8854 2380
74.8924 2856
75.0689 1904
75.0689 2380
75.076 2856
75.083 1904
75.083 2380
75.0901 2856
75.0971 1904
75.0971 2380
75.1042 2856
75.2807 1904
75.2807 2380
75.2877 2856
75.2948 1904
75.2948 2380
75.3018 2856
75.3089 1904
75.3089 2380
75.316 2856
75.4924 1904
75.4924 2380
75.4995 2856
75.5065 1904
75.5065 2380
75.5136 2856
75.5207 1904
75.5207 2380
75.5277 2856
75.7042 1904
75.7042 2380
75.7112 2856
75.7183 1904
75.7183 2380
75.7254 2856
75.7324 1904
75.7324 2380
75.7395 2856
75.9159 1904
75.9159 2380
75.923 2856
75.9301 1904
75.9301 2380
75.9371 2856
75.9442 1904
75.9442 2380
75.9512 2856
76.1277 1904
76.1277 2380
76.1348 2856
76.1418 1904
76.1418 2380
76.1489 2856
76.1559 1904
76.1559 2380
76.163 2856
76.3395 1904
76.3395 2380
76.3465 2856
76.3536 1904
76.3536 2380
76.3606 2856
76.3677 1904
76.3677 2380
76.3748 2856
76.5512 1904
76.5512 2380
76.5583 2856
76.5653 1904
76.5653 2380
76.5724 2856
76.5795 1904
76.5795 2380
76.5865 2856
76.763 1904
76.763 2380
76.77 2856
76.7771 1904
76.7771 2380
76.7842 2856
76.7912 1904
76.7912 2380
76.7983 2856
76.9747 1904
76.9747 2380
76.9818 2856
76.9889 1904
76.9889 2380
76.9959 2856
77.003 1904
77.003 2380
77.01 2856
77.1865 1904
77.1865 2380
77.1936 2856
77.2006 1904
77.2006 2380
77.2077 2856
77.2147 1904
77.2147 2380
77.2218 2856
77.3983 1904
77.3983 2380
77.4053 2856
77.4124 1904
77.4124 2380
77.4194 2856
77.4265 1904
77.4265 2380
77.4335 2856
77.61 1904
77.61 2380
77.6171 2856
77.6241 1904
77.6241 2380
77.6312 2856
77.6383 1904
77.6383 2380
77.6453 2856
77.8218 1904
77.8218 2380
77.8288 2856
77.8359 1904
77.8359 2380
77.843 2856
77.85 1904
77.85 2380
77.8571 2856
78.0335 1904
78.0335 2380
78.0406 2856
78.0477 1904
78.0477 2380
78.0547 2856
78.0618 1904
78.0618 2380
78.0688 2856
78.2453 1904
78.2453 2380
78.2524 2856
78.2594 1904
78.2594 2380
78.2665 2856
78.2735 1904
78.2735 2380
78.2806 2856
78.4571 1904
78.4571 2380
78.4641 2856
78.4712 1904
78.4712 2380
78.4782 2856
78.4853 1904
78.4853 2380
78.4923 2856
78.6688 1904
78.6688 2380
78.6759 2856
78.6829 1904
78.6829 2380
78.69 2856
78.697 1904
78.697 2380
78.7041 2856
78.8806 1904
78.8806 2380
78.8876 2856
78.8947 1904
78.8947 2380
78.9017 2856
78.9088 1904
78.9088 2380
78.9159 2856
79.0923 1904
79.0923 2380
79.0994 2856
79.1065 1904
79.1065 2380
79.1135 2856
79.1206 1904
79.1206 2380
79.1276 2856
79.3041 1904
79.3041 2380
79.3112 2856
79.3182 1904
79.3182 2380
79.3253 2856
79.3323 1904
79.3323 2380
79.3394 2856
79.53 952
79.53 1428
79.537 1904
79.5441 2380
79.5441 1428
79.5511 1904
79.5582 2380
79.5653 2856
79.7417 1904
79.7417 2380
79.7488 2856
79.77 952
79.77 1428
79.777 1904
79.7841 2380
79.7911 2856
79.9535 1904
79.9535 2380
79.9605 2856
79.9817 1904
79.9817 2380
79.9888 2856
79.9958 1904
79.9958 2380
80.0029 2856
80.1652 1904
80.1652 2380
80.1723 2856
80.1935 1904
80.1935 2380
80.2005 2856
80.2076 1904
80.2076 2380
80.2147 2856
80.377 1904
80.377 2380
80.3841 2856
80.4052 1904
80.4052 2380
80.4123 2856
80.4194 1904
80.4194 2380
80.4264 2856
80.5888 1904
80.5888 2380
80.5958 2856
80.617 1904
80.617 2380
80.6241 2856
80.6311 1904
80.6311 2380
80.6382 2856
80.8005 1904
80.8005 2380
80.8076 2856
80.8288 1904
80.8288 2380
80.8358 2856
80.8429 1904
80.8429 2380
80.8499 2856
81.0123 1904
81.0123 2380
81.0193 2856
81.0405 1904
81.0405 2380
81.0476 2856
81.0546 1904
81.0546 2380
81.0617 2856
81.224 1904
81.224 2380
81.2311 2856
81.2523 1904
81.2523 2380
81.2593 2856
81.2664 1904
81.2664 2380
81.2735 2856
81.4358 1904
81.4358 2380
81.4429 2856
81.464 1904
81.464 2380
81.4711 2856
81.4782 1904
81.4782 2380
81.4852 2856
81.6476 1904
81.6476 2380
81.6546 2856
81.6758 1904
81.6758 2380
81.6829 2856
81.6899 1904
81.6899 2380
81.697 2856
81.8593 1904
81.8593 2380
81.8664 2856
81.8876 1904
81.8876 2380
81.8946 2856
81.9017 1904
81.9017 2380
81.9087 2856
82.0711 1904
82.0711 2380
82.0781 2856
82.0993 1904
82.0993 2380
82.1064 2856
82.1134 1904
82.1134 2380
82.1205 2856
82.2828 1904
82.2828 2380
82.2899 2856
82.3111 1904
82.3111 2380
82.3181 2856
82.3252 1904
82.3252 2380
82.3323 2856
82.4946 1904
82.4946 2380
82.5017 2856
82.5228 1904
82.5228 2380
82.5299 2856
82.537 1904
82.537 2380
82.544 2856
82.7064 1904
82.7064 2380
82.7134 2856
82.7346 1904
82.7346 2380
82.7417 2856
82.7487 1904
82.7487 2380
82.7558 2856
82.9181 1904
82.9181 2380
82.9252 2856
82.9464 1904
82.9464 2380
82.9534 2856
82.9605 1904
82.9605 2380
82.9675 2856
83.1299 1904
83.1299 2380
83.1369 2856
83.1581 1904
83.1581 2380
83.1652 2856
83.1722 1904
83.1722 2380
83.1793 2856
83.3416 1904
83.3416 2380
83.3487 2856
83.3699 1904
83.3699 2380
83.3769 2856
83.384 1904
83.384 2380
83.3911 2856
83.5534 1904
83.5534 2380
83.5605 2856
83.5816 1904
83.5816 2380
83.5887 2856
83.5958 1904
83.5958 2380
83.6028 2856
83.7652 1904
83.7652 2380
83.7722 2856
83.7934 1904
83.7934 2380
83.8005 2856
83.8075 1904
83.8075 2380
83.8146 2856
83.9769 1904
83.9769 2380
83.984 2856
84.0052 1904
84.0052 2380
84.0122 2856
84.0193 1904
84.0193 2380
84.0263 2856
84.1887 1904
84.1887 2380
84.1957 2856
84.2169 1904
84.2169 2380
84.224 2856
84.231 1904
84.231 2380
84.2381 2856
84.4004 1904
84.4004 2380
84.4075 2856
84.4287 1904
84.4287 2380
84.4357 2856
84.4428 1904
84.4428 2380
84.4499 2856
84.6122 1904
84.6122 2380
84.6193 2856
84.6404 1904
84.6404 2380
84.6475 2856
84.6546 1904
84.6546 2380
84.6616 2856
84.824 1904
84.824 2380
84.831 2856
84.8522 1904
84.8522 2380
84.8593 2856
84.8663 1904
84.8663 2380
84.8734 2856
85.064 952
85.064 1428
85.071 1904
85.0781 2380
85.0781 1428
85.0851 1904
85.0922 2380
85.0993 2856
85.2757 1904
85.2757 2380
85.2828 2856
85.2898 1904
85.2898 2380
85.2969 2856
85.304 1904
85.304 2380
85.311 2856
85.4875 1904
85.4875 2380
85.4945 2856
85.5016 1904
85.5016 2380
85.5087 2856
85.5157 1904
85.5157 2380
85.5228 2856
85.6992 1904
85.6992 2380
85.7063 2856
85.7134 1904
85.7134 2380
85.7204 2856
85.7275 1904
85.7275 2380
85.7345 2856
85.911 1904
85.911 2380
85.9181 2856
85.9251 1904
85.9251 2380
85.9322 2856
85.9392 1904
85.9392 2380
85.9463 2856
86.1228 1904
86.1228 2380
86.1298 2856
86.1369 1904
86.1369 2380
86.1439 2856
86.151 1904
86.151 2380
86.158 2856
86.3345 1904
86.3345 2380
86.3416 2856
86.3486 1904
86.3486 2380
86.3557 2856
86.3627 1904
86.3627 2380
86.3698 2856
86.5463 1904
86.5463 2380
86.5533 2856
86.5604 1904
86.5604 2380
86.5675 2856
86.5745 1904
86.5745 2380
86.5816 2856
86.758 1904
86.758 2380
86.7651 2856
86.7722 1904
86.7722 2380
86.7792 2856
86.7863 1904
86.7863 2380
86.7933 2856
86.9698 1904
86.9698 2380
86.9769 2856
86.9839 1904
86.9839 2380
86.991 2856
86.998 1904
86.998 2380
87.0051 2856
87.1816 1904
87.1816 2380
87.1886 2856
87.1957 1904
87.1957 2380
87.2027 2856
87.2098 1904
87.2098 2380
87.2168 2856
87.3933 1904
87.3933 2380
87.4004 2856
87.4074 1904
87.4074 2380
87.4145 2856
87.4215 1904
87.4215 2380
87.4286 2856
87.6051 1904
87.6051 2380
87.6121 2856
87.6192 1904
87.6192 2380
87.6262 2856
87.6333 1904
87.6333 2380
87.6404 2856
87.8168 1904
87.8168 2380
87.8239 2856
87.8309 1904
87.8309 2380
87.838 2856
87.8451 1904
87.8451 2380
87.8521 2856
88.0286 1904
88.0286 2380
88.0357 2856
88.0427 1904
88.0427 2380
88.0498 2856
88.0568 1904
88.0568 2380
88.0639 2856
88.2404 1904
88.2404 2380
88.2474 2856
88.2545 1904
88.2545 2380
88.2615 2856
88.2686 1904
88.2686 2380
88.2756 2856
88.4521 1904
88.4521 2380
88.4592 2856
88.4662 1904
88.4662 2380
88.4733 2856
88.4803 1904
88.4803 2380
88.4874 2856
88.6639 1904
88.6639 2380
88.6709 2856
88.678 1904
88.678 2380
88.685 2856
88.6921 1904
88.6921 2380
88.6992 2856
88.8756 1904
88.8756 2380
88.8827 2856
88.8897 1904
88.8897 2380
88.8968 2856
88.9039 1904
88.9039 2380
88.9109 2856
89.0874 1904
89.0874 2380
89.0944 2856
89.1015 1904
89.1015 2380
89.1086 2856
89.1156 1904
89.1156 2380
89.1227 2856
89.2991 1904
89.2991 2380
89.3062 2856
89.3133 1904
89.3133 2380
89.3203 2856
89.3274 1904
89.3274 2380
89.3344 2856
89.5109 1904
89.5109 2380
89.518 2856
89.525 1904
89.525 2380
89.5321 2856
89.5391 1904
89.5391 2380
89.5462 2856
89.7227 1904
89.7227 2380
89.7297 2856
89.7368 1904
89.7368 2380
89.7438 2856
89.7509 1904
89.7509 2380
89.758 2856
89.9344 1904
89.9344 2380
89.9415 2856
89.9485 1904
89.9485 2380
89.9556 2856
89.9627 1904
89.9627 2380
89.9697 2856
90.1462 1904
90.1462 2380
90.1532 2856
90.1603 1904
90.1603 2380
90.1674 2856
90.1744 1904
90.1744 2380
90.1815 2856
90.3579 1904
90.3579 2380
90.365 2856
90.3721 1904
90.3721 2380
90.3791 2856
90.3862 1904
90.3862 2380
90.3932 2856
90.5697 1904
90.5697 2380
90.5768 2856
90.5838 1904
90.5838 2380
90.5909 2856
90.5979 1904
90.5979 2380
90.605 2856
90.7815 1904
90.7815 2380
90.7885 2856
90.7956 1904
90.7956 2380
90.8026 2856
90.8097 1904
90.8097 2380
90.8168 2856
90.9932 1904
90.9932 2380
91.0003 2856
91.0073 1904
91.0073 2380
91.0144 2856
91.0215 1904
91.0215 2380
91.0285 2856
91.205 1904
91.205 2380
91.212 2856
91.2191 1904
91.2191 2380
91.2262 2856
91.2332 1904
91.2332 2380
91.2403 2856
91.4167 1904
91.4167 2380
91.4238 2856
91.4309 1904
91.4309 2380
91.4379 2856
91.445 1904
91.445 2380
91.452 2856
91.6285 1904
91.6285 2380
91.6356 2856
91.6426 1904
91.6426 2380
91.6497 2856
91.6567 1904
91.6567 2380
91.6638 2856
91.8403 1904
91.8403 2380
91.8473 2856
91.8544 1904
91.8544 2380
91.8614 2856
91.8685 1904
91.8685 2380
91.8756 2856
92.052 1904
92.052 2380
92.0591 2856
92.0661 1904
92.0661 2380
92.0732 2856
92.0803 1904
92.0803 2380
92.0873 2856
92.2638 1904
92.2638 2380
92.2708 2856
92.2779 1904
92.2779 2380
92.285 2856
92.292 1904
92.292 2380
92.2991 2856
92.4755 1904
92.4755 2380
92.4826 2856
92.4897 1904
92.4897 2380
92.4967 2856
92.5038 1904
92.5038 2380
92.5108 2856
92.6873 1904
92.6873 2380
92.6944 2856
92.7014 1904
92.7014 2380
92.7085 2856
92.7155 1904
92.7155 2380
92.7226 2856
92.8991 1904
92.8991 2380
92.9061 2856
92.9132 1904
92.9132 2380
92.9202 2856
92.9273 1904
92.9273 2380
92.9344 2856
93.1108 1904
93.1108 2380
93.1179 2856
93.1249 1904
93.1249 2380
93.132 2856
93.1391 1904
93.1391 2380
93.1461 2856
93.3226 1904
93.3226 2380
93.3296 2856
93.3367 1904
93.3367 2380
93.3438 2856
93.3508 1904
93.3508 2380
93.3579 2856
93.5343 1904
93.5343 2380
93.5414 2856
93.5485 1904
93.5485 2380
93.5555 2856
93.5626 1904
93.5626 2380
93.5696 2856
93.7461 1904
93.7461 2380
93.7532 2856
93.7602 1904
93.7602 2380
93.7673 2856
93.7743 1904
93.7743 2380
93.7814 2856
93.9579 1904
93.9579 2380
93.9649 2856
93.979 2380
93.979 2856
93.979 2380
93.9861 2856
93.9861 2380
93.9932 2856
94.1626 1904
94.1626 2380
94.1696 2856
94.1696 2380
94.1767 2856
94.1838 2380
94.1908 1904
94.1979 1428
94.1979 1904
94.2002 0
94.2002 476
94.3673 0
94.3673 476
94.3743 952
94.3748 476
94.3814 952
94.3884 1428
94.3955 1904
94.4026 2380
94.4026 1428
94.4096 1904
94.4167 2380
94.4237 2856
94.4308 3332
94.4379 3808
94.4449 4284
94.452 4760
94.6002 3808
94.6002 4284
94.6073 4760
94.6143 3808
94.6143 4284
94.6214 4760
94.6284 3808
94.6284 4284
94.6355 4760
94.6426 3808
94.6426 4284
94.6496 4760
94.6567 3808
94.6567 4284
94.6637 4760
94.812 3808
94.812 4284
94.819 4760
94.8261 3808
94.8261 4284
94.8331 4760
94.8402 3808
94.8402 4284
94.8473 4760
94.8543 3808
94.8543 4284
94.8614 4760
94.8684 3808
94.8684 4284
94.8755 4760
95.0237 3808
95.0237 4284
95.0308 4760
95.0378 3808
95.0378 4284
95.0449 4760
95.052 3808
95.052 4284
95.059 4760
95.0661 3808
95.0661 4284
95.0731 4760
95.0802 3808
95.0802 4284
95.0873 4760
95.2355 3808
95.2355 4284
95.2425 4760
95.2496 3808
95.2496 4284
95.2567 4760
95.2637 3808
95.2637 4284
95.2708 4760
95.2778 3808
95.2778 4284
95.2849 4760
95.292 3808
95.292 4284
95.299 4760
95.4472 3808
95.4614 3332
95.4684 2856
95.4755 1904
95.4755 2380
95.4826 1904
95.4896 1428
95.4896 1904
95.4967 1428
95.4967 1904
95.5037 1428
95.5037 1904
95.6608 0
95.6608 476
95.6802 0
95.6802 476
95.6873 952
95.6943 1428
95.7014 1904
95.7014 952
95.7084 1428
95.7155 1904
95.7225 2380
95.7296 2856
95.7367 3332
95.7437 3808
95.7508 4284
95.7578 4760
95.8655 4284
95.8655 4760
95.9131 3808
95.9131 4284
95.9202 4760
95.9272 3808
95.9272 4284
95.9343 4760
95.9414 3808
95.9414 4284
95.9484 4760
95.9555 3808
95.9555 4284
95.9625 4760
96.1178 4284
96.1178 4760
96.1178 4284
96.1249 4760
96.1249 4284
96.132 4760
96.132 3808
96.139 4284
96.139 3808
96.1461 4284
96.1461 3808
96.1531 3332
96.1602 2856
96.1673 2380
96.3226 1904
96.3296 1428
96.3296 1904
96.3367 1428
96.3367 1904
96.3437 1428
96.3437 1904
96.3508 2380
96.3578 2856
96.3649 3332
96.372 3808
96.379 4284
96.3861 4760
96.5343 3808
96.5343 4284
96.5414 4760
96.5484 3808
96.5484 4284
96.5555 4760
96.5625 3808
96.5625 4284
96.5696 4760
96.5767 3808
96.5767 4284
96.5837 4760
96.5908 3808
96.5908 4284
96.5978 4760
96.7461 3808
96.7461 4284
96.7531 4760
96.7602 3808
96.7602 4284
96.7672 4760
96.7743 3808
96.7743 4284
96.7814 4760
96.7884 3808
96.7884 4284
96.7955 4760
96.8025 3808
96.8025 4284
96.8096 4760
96.9578 3808
96.9578 4284
96.9649 4760
96.9719 3808
96.9719 4284
96.979 4760
96.9861 3808
96.9861 4284
96.9931 4760
97.0002 3808
97.0002 4284
97.0072 4760
97.0143 3808
97.0143 4284
97.0214 4760
97.1696 3808
97.1696 4284
97.1766 4760
97.1837 3808
97.1837 4284
97.1908 4760
97.1978 3808
97.1978 4284
97.2049 4760
97.2119 3808
97.2119 4284
97.219 4760
97.2261 3808
97.2261 4284
97.2331 4760
97.3813 3808
97.3813 4284
97.3884 4760
97.3955 3808
97.3955 4284
97.4025 4760
97.4096 4284
97.4096 4760
97.4167 4284
97.4167 4760
97.4237 3808
97.4237 4284
97.4308 4760
97.4308 4284
97.4378 3808
97.5861 3332
97.5931 2856
97.6002 2380
97.6072 1904
97.6143 1428
97.6143 1904
97.6214 1428
97.6214 1904
97.6277 0
97.6277 476
97.6284 0
97.6348 476
97.6419 952
97.6489 1428
97.656 1904
97.663 2380
97.6701 2856
97.6771 3332
97.6842 3808
97.6913 4284
97.6983 4760
97.7054 5236
97.7124 5712
97.7195 6188
97.7266 6664
97.819 5712
97.819 6188
97.8261 6664
97.8324 6188
97.8331 6664
97.8677 5712
97.8677 6188
97.8748 6664
97.8818 5712
97.8818 6188
97.8889 6664
97.896 5712
97.896 6188
97.903 6664
97.9101 5712
97.9101 6188
97.9171 6664
97.9242 5712
97.9242 6188
97.9313 6664
98.0237 5712
98.0237 6188
98.0308 6664
98.0378 5712
98.0378 6188
98.0449 6664
98.0795 5712
98.0795 6188
98.0865 6664
98.0936 5712
98.0936 6188
98.1007 6664
98.1077 5712
98.1077 6188
98.1148 6664
98.1218 5712
98.1218 6188
98.1289 6664
98.136 5712
98.136 6188
98.143 6664
98.2355 5712
98.2355 6188
98.2425 6664
98.2496 5712
98.2496 6188
98.2566 6664
98.2913 5712
98.2913 6188
98.2983 6664
98.3054 5712
98.3054 6188
98.3124 6664
98.3195 5712
98.3195 6188
98.3265 6664
98.3336 5712
98.3336 6188
98.3407 6664
98.3477 5712
98.3477 6188
98.3548 6664
98.4472 5712
98.4472 6188
98.4543 6664
98.4613 5712
98.4613 6188
98.4684 6664
98.503 5712
98.503 6188
98.5101 6664
98.5171 5712
98.5171 6188
98.5242 6664
98.5312 5712
98.5312 6188
98.5383 6664
98.5454 5712
98.5454 6188
98.5524 6664
98.5595 6188
98.5595 6664
98.6519 6188
98.6519 6664
98.659 5712
98.659 6188
98.6661 6664
98.6661 6188
98.6731 5712
98.7077 5236
98.7148 4760
98.7218 4284
98.7289 3808
98.736 3332
98.743 2856
98.7501 2380
98.7571 1904
98.7642 1428
98.7642 1904
98.7651 0
98.7651 476
98.8566 952
98.8637 0
98.8637 476
98.8708 952
98.8778 1428
98.8849 1904
98.9689 952
98.9689 1428
98.976 1904
99.0896 952
99.0896 1428
99.0966 1904
99.1807 952
99.1807 1428
99.1877 1904
99.3013 952
99.3013 1428
99.3084 1904
99.3924 952
99.3924 1428
99.3995 1904
99.5131 952
99.5131 1428
99.5202 1904
99.6042 1428
99.6042 1904
99.7178 1428
99.7178 1904
99.7249 952
99.7249 1428
99.729 0
99.729 476
99.8089 952
99.816 1428
99.823 1904
99.9225 0
99.9225 476
99.9296 0
99.9296 476
99.9366 952
99.9437 1428
99.9508 1904
100.141 952
100.141 1428
100.148 1904
100.155 952
100.155 1428
100.163 1904
100.353 952
100.353 1428
100.36 1904
100.367 952
100.367 1428
100.374 1904
100.565 952
100.565 1428
100.572 1904
100.579 952
100.579 1428
100.586 1904
100.777 952
100.777 1428
100.784 1904
100.791 952
100.791 1428
100.798 1904
100.988 952
100.988 1428
100.995 1904
