0.0 0
0.0941392 0.084
0.184653 0.084375
0.190466 0.0848281
0.196279 0.0852246
0.202093 0.0855715
0.263552 0.0927501
0.269365 0.0921563
0.275178 0.0916368
0.280991 0.0910572
0.286804 0.09055
0.292617 0.0901063
0.298431 0.089843
0.304244 0.0896126
0.310057 0.089411
0.348252 0.0932347
0.354066 0.0925803
0.359879 0.0918828
0.365692 0.0912724
0.371505 0.0908634
0.377318 0.0905055
0.383131 0.0901923
0.388944 0.0897932
0.394758 0.0894441
0.432953 0.0932636
0.438766 0.0924806
0.444579 0.0919206
0.450393 0.0914305
0.456206 0.0910017
0.462019 0.0906265
0.467832 0.0901732
0.473645 0.0897765
0.479458 0.0895544
0.517654 0.0933601
0.523467 0.0926901
0.52928 0.0921039
0.535093 0.0915909
0.540907 0.091017
0.54672 0.0905149
0.552533 0.0902005
0.558346 0.0899255
0.564159 0.0896848
0.602355 0.0934742
0.608168 0.0927899
0.613981 0.0920662
0.619794 0.0914329
0.625607 0.0908788
0.631421 0.0905189
0.637234 0.0902041
0.643047 0.0899286
0.64886 0.0895625
0.687056 0.0933672
0.692869 0.0925713
0.698682 0.0918749
0.704495 0.0913905
0.710308 0.0909667
0.716121 0.0905959
0.721935 0.0901464
0.727748 0.0897531
0.733561 0.0895339
0.771756 0.0933422
0.77757 0.0926744
0.783383 0.0920901
0.789196 0.0915789
0.795009 0.0911315
0.800822 0.0906151
0.806635 0.0901632
0.812448 0.0898928
0.818262 0.0896562
0.856457 0.0934492
0.86227 0.092768
0.868083 0.092172
0.873897 0.0915255
0.87971 0.0909598
0.885523 0.0905898
0.891336 0.0902661
0.897149 0.0899828
0.902962 0.08961
0.941158 0.0934087
0.946971 0.0926076
0.952784 0.0919067
0.958597 0.0914184
0.964411 0.0909911
0.970224 0.0906172
0.976037 0.09029
0.98185 0.0898788
0.987663 0.0895189
1.02586 0.0933291
1.03167 0.0925379
1.03749 0.0919707
1.0433 0.0914744
1.04911 0.0910401
1.05492 0.090535
1.06074 0.0900932
1.06655 0.0898315
1.07236 0.0896026
1.11056 0.0934023
1.11637 0.092727
1.12219 0.0921361
1.128 0.0914941
1.13381 0.0909323
1.13963 0.0904408
1.14544 0.0901357
1.15125 0.0898687
1.15706 0.0896351
1.19526 0.0934307
1.20107 0.0927519
1.20689 0.0920329
1.2127 0.0914038
1.21851 0.0909783
1.22433 0.090606
1.23014 0.0902803
1.23595 0.0898702
1.24177 0.0895115
1.27996 0.0933225
1.28577 0.0925322
1.29159 0.0919657
1.2974 0.09147
1.30321 0.0910362
1.30903 0.0906567
1.31484 0.0901996
1.32065 0.0897997
1.32647 0.0895747
1.36466 0.0933779
1.37048 0.0927056
1.37629 0.0921174
1.3821 0.0916027
1.38791 0.0910274
1.39373 0.090524
1.39954 0.0902085
1.40535 0.0899324
1.41117 0.0896909
1.44936 0.0934795
1.45518 0.0927946
1.46099 0.0920702
1.4668 0.0914365
1.47262 0.0908819
1.47843 0.0905217
1.48424 0.0902065
1.49005 0.0899307
1.49587 0.0895643
1.53406 0.0933688
1.53988 0.0925727
1.54569 0.0918761
1.5515 0.0913916
1.55732 0.0909676
1.56313 0.0905967
1.56894 0.0901471
1.57476 0.0897537
1.58057 0.0895345
1.61876 0.0933427
1.62458 0.0926748
1.63039 0.0920905
1.6362 0.0915792
1.64202 0.0911318
1.64783 0.0906153
1.65364 0.0901634
1.65946 0.089893
1.66527 0.0896563
1.70347 0.0934493
1.70928 0.0927681
1.71509 0.0921721
1.7209 0.0915256
1.72672 0.0909599
1.73253 0.0905899
1.73834 0.0902662
1.74416 0.0899829
1.74997 0.08961
1.78817 0.0934088
1.79398 0.0926077
1.79979 0.0919067
1.80561 0.0914184
1.81142 0.0909911
1.81723 0.0906172
1.82304 0.09029
1.82886 0.0898788
1.83467 0.0895189
1.87287 0.0933291
1.87868 0.0925379
1.88449 0.0919707
1.89031 0.0914744
1.89612 0.0910401
1.90193 0.0905351
1.90775 0.0900932
1.91356 0.0898315
1.91937 0.0896026
1.95757 0.0934023
1.96338 0.092727
1.96919 0.0921361
1.97501 0.0916191
1.98082 0.0910417
1.98663 0.0905365
1.99245 0.0902194
1.99826 0.089942
2.00407 0.0896992
2.04227 0.0934868
2.04808 0.092801
2.05389 0.0920759
2.05971 0.0914414
2.06552 0.0910112
2.07133 0.0906348
2.07715 0.0903055
2.08296 0.0898923
2.08877 0.0895307
2.12697 0.0933394
2.13278 0.092547
2.1386 0.0919786
2.14441 0.0914813
2.15022 0.0910461
2.15603 0.0906653
2.16185 0.0902072
2.16766 0.0898063
2.17347 0.0895805
2.21167 0.0933829
2.21748 0.0927101
2.2233 0.0921213
2.22911 0.0916061
2.23492 0.0910304
2.24074 0.0905266
2.24655 0.0902108
2.25236 0.0899344
2.25818 0.0896926
2.29637 0.093481
2.30218 0.0927959
2.308 0.0920714
2.31381 0.0914375
2.31962 0.0908828
2.32544 0.0905225
2.33125 0.0902071
2.33706 0.0899313
2.34288 0.0895648
2.38107 0.0933692
2.38688 0.0925731
2.3927 0.0918764
2.39851 0.0913919
2.40432 0.0909679
2.41014 0.0905969
2.41595 0.0901473
2.42176 0.0897539
2.42758 0.0895347
2.46577 0.0933428
2.47159 0.092675
2.4774 0.0920906
2.48321 0.0915793
2.48902 0.0911319
2.49484 0.0906154
2.50065 0.0901635
2.50646 0.089893
2.51228 0.0896564
2.55047 0.0934493
2.55629 0.0927682
2.5621 0.0921722
2.56791 0.0915256
2.57373 0.0909599
2.57954 0.0905899
2.58535 0.0902662
2.59117 0.0899829
2.59698 0.0896101
2.63517 0.0934088
2.64099 0.0926077
2.6468 0.0919067
2.65261 0.0912934
2.65843 0.0908817
2.66424 0.0905215
2.67005 0.0902063
2.67587 0.0898055
2.68168 0.0894548
2.71987 0.093273
2.72569 0.0924889
2.7315 0.0919277
2.73731 0.0914368
2.74313 0.0910072
2.74894 0.0905063
2.75475 0.090068
2.76057 0.0898095
2.76638 0.0895833
2.80458 0.0933854
2.81039 0.0927122
2.8162 0.0921232
2.82201 0.0916078
2.82783 0.0910318
2.83364 0.0905278
2.83945 0.0902119
2.84527 0.0899354
2.85108 0.0896935
2.88928 0.0934818
2.89509 0.0927966
2.9009 0.092072
2.90672 0.091438
2.91253 0.0910082
2.91834 0.0906322
2.92416 0.0903032
2.92997 0.0898903
2.93578 0.089529
2.97398 0.0933379
2.97979 0.0925456
2.9856 0.0919774
2.99142 0.0914803
2.99723 0.0910452
3.00304 0.0906646
3.00886 0.0902065
3.01467 0.0898057
3.02048 0.08958
3.05868 0.0933825
3.06449 0.0927097
3.0703 0.092121
3.07612 0.0916058
3.08193 0.0910301
3.08774 0.0905263
3.09356 0.0902106
3.09937 0.0899342
3.10518 0.0896925
3.14338 0.0934809
3.14919 0.0927958
3.15501 0.0921963
3.16082 0.0915468
3.16663 0.0909784
3.17244 0.0906061
3.17826 0.0902804
3.18407 0.0899953
3.18988 0.0896209
3.22808 0.0934183
3.23389 0.092616
3.23971 0.091914
3.24552 0.0914247
3.25133 0.0909967
3.25715 0.0906221
3.26296 0.0901693
3.26877 0.0897731
3.27458 0.0895515
3.31278 0.0933576
3.31859 0.0926879
3.32441 0.0921019
3.33022 0.0915891
3.33603 0.0911405
3.34185 0.0906229
3.34766 0.0901701
3.35347 0.0898988
3.35929 0.0896615
3.39748 0.0934538
3.40329 0.0927721
3.40911 0.0921755
3.41492 0.0915286
3.42073 0.0909625
3.42655 0.0905922
3.43236 0.0902682
3.43817 0.0899847
3.44399 0.0896116
3.48218 0.0934101
3.488 0.0926089
3.49381 0.0919078
3.49962 0.0912943
3.50543 0.0908825
3.51125 0.0905222
3.51706 0.0902069
3.52287 0.089806
3.52869 0.0894553
3.56688 0.0932734
3.5727 0.0924892
3.57851 0.0919281
3.58432 0.091437
3.59014 0.0910074
3.59595 0.0905065
3.60176 0.0900682
3.60757 0.0898097
3.61339 0.0895834
3.65158 0.0933855
3.6574 0.0927123
3.66321 0.0921233
3.66902 0.0916079
3.67484 0.0910319
3.68065 0.0905279
3.68646 0.0902119
3.69228 0.0899354
3.69809 0.0896935
3.73628 0.0934818
3.7421 0.0927966
3.74791 0.092072
3.75372 0.091438
3.75954 0.0910083
3.76535 0.0906322
3.77116 0.0903032
3.77698 0.0898903
3.78279 0.089529
3.82099 0.0933379
3.8268 0.0925456
3.83261 0.0918524
3.83842 0.0913709
3.84424 0.0909495
3.85005 0.0905808
3.85586 0.0901332
3.86168 0.0897416
3.86749 0.0895239
3.90569 0.0933334
3.9115 0.0926667
3.91731 0.0920834
3.92313 0.091573
3.92894 0.0910013
3.93475 0.0905012
3.94056 0.0901885
3.94638 0.089915
3.95219 0.0896756
3.99039 0.0934661
3.9962 0.0927829
4.00201 0.092185
4.00783 0.0915369
4.01364 0.0909698
4.01945 0.0905985
4.02527 0.0902737
4.03108 0.0899895
4.03689 0.0896158
4.07509 0.0934138
4.0809 0.0926121
4.08671 0.0919106
4.09253 0.0914218
4.09834 0.0909941
4.10415 0.0906198
4.10997 0.0901673
4.11578 0.0897714
4.12159 0.08955
4.15979 0.0933562
4.1656 0.0926867
4.17141 0.0921009
4.17723 0.0915883
4.18304 0.0911397
4.18885 0.0906223
4.19467 0.0901695
4.20048 0.0898983
4.20629 0.089661
4.24449 0.0934534
4.2503 0.0927717
4.25612 0.0921752
4.26193 0.0915283
4.26774 0.0909623
4.27355 0.090592
4.27937 0.090268
4.28518 0.0899845
4.29099 0.0896114
4.32919 0.09341
4.335 0.0927338
4.34082 0.092017
4.34663 0.0913899
4.35244 0.0909662
4.35826 0.0905954
4.36407 0.090271
4.36988 0.0898621
4.3757 0.0895043
4.41389 0.0933163
4.4197 0.0925268
4.42552 0.0919609
4.43133 0.0914658
4.43714 0.0910326
4.44296 0.0905285
4.44877 0.0900874
4.45458 0.0898265
4.4604 0.0895982
4.49859 0.0933984
4.5044 0.0927236
4.51022 0.0921332
4.51603 0.0916165
4.52184 0.0910395
4.52766 0.0905345
4.53347 0.0902177
4.53928 0.0899405
4.5451 0.0896979
4.58329 0.0934857
4.58911 0.0928
4.59492 0.092075
4.60073 0.0914406
4.60654 0.0910105
4.61236 0.0906342
4.61817 0.0903049
4.62398 0.0898918
4.6298 0.0895303
4.66799 0.093214
4.67381 0.0924373
4.67962 0.0917576
4.68543 0.0912879
4.69125 0.0908769
4.69706 0.0905173
4.70287 0.0900777
4.70869 0.0896929
4.7145 0.0894813
4.75269 0.0932962
4.75851 0.0926341
4.76432 0.0920549
4.77013 0.091548
4.77595 0.0909795
4.78176 0.0904821
4.78757 0.0901718
4.79339 0.0899003
4.7992 0.0896628
4.83739 0.0934549
4.84321 0.0927731
4.84902 0.0921764
4.85483 0.0915294
4.86065 0.0909632
4.86646 0.0905928
4.87227 0.0902687
4.87809 0.0899851
4.8839 0.089612
4.9221 0.0934105
4.92791 0.0926092
4.93372 0.091908
4.93953 0.0914195
4.94535 0.0909921
4.95116 0.0906181
4.95697 0.0901658
4.96279 0.0897701
4.9686 0.0895488
5.0068 0.0933552
5.01261 0.0925608
5.01842 0.0919907
5.02424 0.0914919
5.03005 0.0910554
5.03586 0.0905485
5.04168 0.0901049
5.04749 0.0898418
5.0533 0.0896116
5.0915 0.0934101
5.09731 0.0927339
5.10312 0.0921421
5.10894 0.0914994
5.11475 0.0909369
5.12056 0.0905698
5.12638 0.0902486
5.13219 0.0899675
5.138 0.0897216
5.1762 0.0935064
5.18201 0.0928181
5.18782 0.0920908
5.19364 0.0914545
5.19945 0.0910227
5.20526 0.0906448
5.21108 0.0903142
5.21689 0.0898999
5.2227 0.0895375
5.2609 0.0933453
5.26671 0.0925521
5.27252 0.0919831
5.27834 0.0914852
5.28415 0.0910496
5.28996 0.0905434
5.29578 0.0901004
5.30159 0.0898379
5.3074 0.0896081
5.3456 0.0934071
5.35141 0.0927312
5.35723 0.0921398
5.36304 0.0916224
5.36885 0.0910446
5.37467 0.090539
5.38048 0.0902216
5.38629 0.0899439
5.3921 0.0897009
5.4303 0.0934883
5.43611 0.0928023
5.44193 0.092077
5.44774 0.0914424
5.45355 0.0910121
5.45937 0.0906356
5.46518 0.0903061
5.47099 0.0898928
5.47681 0.0895312
5.515 0.0933398
5.52081 0.0925474
5.52663 0.0918539
5.53244 0.0913722
5.53825 0.0909507
5.54407 0.0905818
5.54988 0.0901341
5.55569 0.0897423
5.56151 0.0895245
5.5997 0.093334
5.60552 0.0926672
5.61133 0.0920838
5.61714 0.0915733
5.62295 0.0910017
5.62877 0.0905015
5.63458 0.0901888
5.64039 0.0899152
5.64621 0.0896758
5.6844 0.0934663
5.69022 0.092783
5.69603 0.0921851
5.70184 0.091537
5.70766 0.0909699
5.71347 0.0905986
5.71928 0.0902738
5.72509 0.0899896
5.73091 0.0896159
5.7691 0.0934139
5.77492 0.0926122
5.78073 0.0919106
5.78654 0.0914218
5.79236 0.0909941
5.79817 0.0906198
5.80398 0.0901673
5.8098 0.0897714
5.81561 0.089425
5.8538 0.0932469
5.85962 0.092466
5.86543 0.0919078
5.87124 0.0914193
5.87706 0.0909919
5.88287 0.0904929
5.88868 0.0900563
5.8945 0.0897992
5.90031 0.0895743
5.93851 0.0933775
5.94432 0.0927054
5.95013 0.0921172
5.95594 0.0914775
5.96176 0.0909178
5.96757 0.0905531
5.97338 0.090234
5.9792 0.0899547
5.98501 0.0897104
6.02321 0.0934966
6.02902 0.0928095
6.03483 0.0920833
6.04065 0.0914479
6.04646 0.0910169
6.05227 0.0906398
6.05808 0.0903098
6.0639 0.0898961
6.06971 0.0895341
6.10791 0.0933423
6.11372 0.0925495
6.11953 0.0919808
6.12535 0.0914832
6.13116 0.0910478
6.13697 0.0905419
6.14279 0.0900991
6.1486 0.0898367
6.15441 0.0896071
6.19261 0.0934062
6.19842 0.0927305
6.20423 0.0921392
6.21005 0.0916218
6.21586 0.091044
6.22167 0.0905385
6.22749 0.0902212
6.2333 0.0899436
6.23911 0.0897006
6.27731 0.093488
6.28312 0.092802
6.28893 0.0920768
6.29475 0.0914422
6.30056 0.0910119
6.30637 0.0906354
6.31219 0.090306
6.318 0.0900177
6.32381 0.0896405
6.36201 0.0934355
6.36782 0.092631
6.37364 0.0919271
6.37945 0.0914363
6.38526 0.0910067
6.39107 0.0906309
6.39689 0.090177
6.4027 0.0897799
6.40851 0.0895574
6.44671 0.0933627
6.45252 0.0926924
6.45834 0.0921058
6.46415 0.0915926
6.46996 0.0910185
6.47578 0.0905162
6.48159 0.0902017
6.4874 0.0899265
6.49322 0.0896857
6.53141 0.093475
6.53722 0.0927906
6.54304 0.0921918
6.54885 0.0915428
6.55466 0.0909749
6.56048 0.0906031
6.56629 0.0902777
6.5721 0.089993
6.57792 0.0896189
6.61611 0.0934165
6.62192 0.0926144
6.62774 0.0919126
6.63355 0.0914236
6.63936 0.0909956
6.64518 0.0906212
6.65099 0.0901685
6.6568 0.0897724
6.66262 0.0894259
6.70081 0.0932477
6.70663 0.0924667
6.71244 0.0919084
6.71825 0.0914198
6.72406 0.0909923
6.72988 0.0904933
6.73569 0.0900566
6.7415 0.0897996
6.74732 0.0895746
6.78551 0.0933778
6.79133 0.0927056
6.79714 0.0921174
6.80295 0.0914777
6.80877 0.090918
6.81458 0.0905532
6.82039 0.0902341
6.82621 0.0899548
6.83202 0.0897105
6.87021 0.0934967
6.87603 0.0928096
6.88184 0.0920834
6.88765 0.091448
6.89347 0.091017
6.89928 0.0906398
6.90509 0.0903099
6.91091 0.0898961
6.91672 0.0895341
6.95491 0.0933423
6.96073 0.0925496
6.96654 0.0919809
6.97235 0.0914833
6.97817 0.0910478
6.98398 0.0905419
6.98979 0.0900991
6.99561 0.0898367
7.00142 0.0896071
7.03962 0.0934063
7.04543 0.0927305
7.05124 0.0921392
7.05705 0.0916218
7.06287 0.091044
7.06868 0.0905385
7.07449 0.0902212
7.08031 0.0899436
7.08612 0.0897006
7.12432 0.093488
7.13013 0.092802
7.13594 0.0920768
7.14176 0.0914422
7.14757 0.0910119
7.15338 0.0906354
7.1592 0.090306
7.16501 0.0900177
7.17082 0.0896405
7.20902 0.0934355
7.21483 0.092631
7.22064 0.0919271
7.22646 0.0914363
7.23227 0.0910067
7.23808 0.0906309
7.2439 0.090177
7.24971 0.0897799
7.25552 0.0895574
7.29372 0.0933627
7.29953 0.0926924
7.30534 0.0921058
7.31116 0.0915926
7.31697 0.0910185
7.32278 0.0905162
7.3286 0.0902017
7.33441 0.0899265
7.34022 0.0896857
7.37842 0.093475
7.38423 0.0927906
7.39004 0.0921918
7.39586 0.0915428
7.40167 0.0909749
7.40748 0.0906031
7.4133 0.0902777
7.41911 0.089993
7.42492 0.0896189
7.46312 0.0934165
7.46893 0.0926144
7.47475 0.0919126
7.48056 0.0914236
7.48637 0.0909956
7.49219 0.0906212
7.498 0.0901685
7.50381 0.0897724
7.50962 0.0894259
7.54782 0.0932477
7.55363 0.0924667
7.55945 0.0919084
7.56526 0.0914198
7.57107 0.0909923
7.57689 0.0904933
7.5827 0.0900566
7.58851 0.0897996
7.59433 0.0895746
7.63252 0.0933778
7.63833 0.0927056
7.64415 0.0921174
7.64996 0.0914777
7.65577 0.090918
7.66159 0.0905532
7.6674 0.0902341
7.67321 0.0899548
7.67903 0.0897105
7.71722 0.0934967
7.72303 0.0928096
7.72885 0.0920834
7.73466 0.091448
7.74047 0.091017
7.74629 0.0906398
7.7521 0.0903099
7.75791 0.0898961
7.76373 0.0895341
7.80192 0.0933423
7.80774 0.0925496
7.81355 0.0919809
7.81936 0.0914833
7.82518 0.0910478
7.83099 0.0905419
7.8368 0.0900991
7.84261 0.0897117
7.84843 0.0894978
7.88662 0.0933105
7.89244 0.0926467
7.89825 0.0920659
7.90406 0.0915577
7.90988 0.0909879
7.91569 0.0904895
7.9215 0.0901783
7.92732 0.089906
7.93313 0.0896677
7.97132 0.0934593
7.97714 0.0927769
7.98295 0.0920548
7.98876 0.0914229
7.99458 0.090995
8.00039 0.0906207
8.0062 0.0902931
8.01202 0.0900064
8.01783 0.0896306
8.05603 0.0934268
8.06184 0.0926235
8.06765 0.0919205
8.07346 0.0914305
8.07928 0.0910017
8.08509 0.0906264
8.0909 0.0901731
8.09672 0.0897765
8.10253 0.0895544
8.14073 0.0933601
8.14654 0.0926901
8.15235 0.0921038
8.15817 0.0915909
8.16398 0.091017
8.16979 0.0905149
8.1756 0.0902005
8.18142 0.0899255
8.18723 0.0896848
8.22543 0.0934742
8.23124 0.0927899
8.23705 0.0921912
8.24287 0.0915423
8.24868 0.0909745
8.25449 0.0906027
8.26031 0.0902773
8.26612 0.0899927
8.27193 0.0896186
8.31013 0.0934163
8.31594 0.0926142
8.32175 0.0919125
8.32757 0.0914234
8.33338 0.0909955
8.33919 0.090621
8.34501 0.0902934
8.35082 0.0898817
8.35663 0.0895215
8.39483 0.0933313
8.40064 0.0925399
8.40645 0.0919724
8.41227 0.0914759
8.41808 0.0910414
8.42389 0.0905362
8.42971 0.0900942
8.43552 0.0898324
8.44133 0.0896034
8.47953 0.0934029
8.48534 0.0927276
8.49116 0.0921366
8.49697 0.0914945
8.50278 0.0909327
8.50859 0.0905661
8.51441 0.0902454
8.52022 0.0899647
8.52603 0.0897191
8.56423 0.0935042
8.57004 0.0928162
8.57586 0.0920892
8.58167 0.091453
8.58748 0.0910214
8.5933 0.0906437
8.59911 0.0903133
8.60492 0.0898991
8.61074 0.0895367
8.64893 0.0933446
8.65474 0.0925515
8.66056 0.0919826
8.66637 0.0914848
8.67218 0.0910492
8.678 0.090543
8.68381 0.0901002
8.68962 0.0897126
8.69544 0.0894986
8.73363 0.0933112
8.73944 0.0926473
8.74526 0.0920664
8.75107 0.0915581
8.75688 0.0909883
8.7627 0.0904898
8.76851 0.0901786
8.77432 0.0899063
8.78014 0.089668
8.81833 0.0934595
8.82415 0.092777
8.82996 0.0920549
8.83577 0.091423
8.84158 0.0909952
8.8474 0.0906208
8.85321 0.0902932
8.85902 0.0900065
8.86484 0.0896307
8.90303 0.0934269
8.90885 0.0926235
8.91466 0.0919206
8.92047 0.0914305
8.92629 0.0910017
8.9321 0.0906265
8.93791 0.0901732
8.94373 0.0897765
8.94954 0.0895545
8.98773 0.0933601
8.99355 0.0926901
8.99936 0.0921039
9.00517 0.0915909
9.01099 0.091017
9.0168 0.0905149
9.02261 0.0900755
9.02843 0.0898161
9.03424 0.0895891
9.07243 0.0933904
9.07825 0.0927166
9.08406 0.0921271
9.08987 0.0914862
9.09569 0.0909254
9.1015 0.0905597
9.10731 0.0902398
9.11313 0.0899598
9.11894 0.0895898
9.15714 0.0933911
9.16295 0.0925922
9.16876 0.0918932
9.17457 0.0914065
9.18039 0.0909807
9.1862 0.0906081
9.19201 0.0902821
9.19783 0.0898718
9.20364 0.0895129
9.24184 0.0933238
9.24765 0.0925333
9.25346 0.0919666
9.25928 0.0914708
9.26509 0.0910369
9.2709 0.0905323
9.27672 0.0900908
9.28253 0.0898294
9.28834 0.0896008
9.32654 0.0934007
9.33235 0.0927256
9.33816 0.0921349
9.34398 0.091493
9.34979 0.0909314
9.3556 0.090565
9.36142 0.0902443
9.36723 0.0899638
9.37304 0.0897183
9.41124 0.0935035
9.41705 0.0928156
9.42286 0.0920886
9.42868 0.0914526
9.43449 0.091021
9.4403 0.0906434
9.44612 0.0903129
9.45193 0.0898988
9.45774 0.0895365
9.49594 0.0933444
9.50175 0.0925514
9.50756 0.0919824
9.51338 0.0914846
9.51919 0.0910491
9.525 0.0906679
9.53082 0.0902094
9.53663 0.0898083
9.54244 0.0895822
9.58064 0.0933844
9.58645 0.0927114
9.59227 0.0921225
9.59808 0.0916072
9.60389 0.0910313
9.60971 0.0905274
9.61552 0.0902114
9.62133 0.089935
9.62714 0.0896931
9.66534 0.0934815
9.67115 0.0927963
9.67697 0.0920718
9.68278 0.0914378
9.68859 0.0910081
9.69441 0.0906321
9.70022 0.090303
9.70603 0.0900152
9.71185 0.0896383
9.75004 0.0934335
9.75585 0.0926293
9.76167 0.0919256
9.76748 0.0914349
9.77329 0.0910056
9.77911 0.0906299
9.78492 0.0901761
9.79073 0.0897791
9.79655 0.0895567
9.83474 0.0933621
9.84055 0.0926919
9.84637 0.0921054
9.85218 0.0915922
9.85799 0.0910182
9.86381 0.0905159
9.86962 0.0900764
9.87543 0.0898169
9.88125 0.0895898
9.91944 0.093391
9.92526 0.0927172
9.93107 0.0921275
9.93688 0.0914866
9.9427 0.0909258
9.94851 0.09056
9.95432 0.09024
9.96013 0.08996
9.96595 0.08959
10.0041 0.0933913
10.01 0.0925924
10.0158 0.0918933
10.0216 0.0914066
10.0274 0.0909808
10.0332 0.0906082
10.039 0.0902822
10.0448 0.0898719
10.0506 0.0895129
10.0888 0.0933238
10.0947 0.0925333
10.1005 0.0919667
10.1063 0.0914708
10.1121 0.091037
10.1179 0.0905324
10.1237 0.0900908
10.1295 0.0898295
10.1353 0.0896008
10.1735 0.0934007
10.1794 0.0927256
10.1852 0.0921349
10.191 0.091493
10.1968 0.0909314
10.2026 0.09044
10.2084 0.090135
10.2142 0.0898681
10.2201 0.0896346
10.2582 0.0934303
10.3048 0.0977515
10.3459 0.0964075
10.3924 0.0953566
10.4335 0.094437
10.48 0.0935074
10.5211 0.092819
10.5676 0.0922166
10.6087 0.0915645
10.6552 0.091119
10.6963 0.0907291
10.7428 0.090263
10.7839 0.0898551
10.8304 0.0896232
10.8715 0.0894203
10.918 0.0892428
10.9591 0.0890874
11.0056 0.0888265
11.0467 0.0885982
11.0932 0.0885234
11.1343 0.088458
11.1808 0.0882757
11.2219 0.0881163
11.2684 0.0881017
11.3095 0.088089
11.356 0.0880779
11.3971 0.0880681
11.4436 0.0879346
11.4847 0.0878178
11.5313 0.0878406
11.5724 0.0878605
11.6189 0.0877529
11.66 0.0876588
11.7065 0.0877015
11.7476 0.0877388
11.7941 0.0877714
11.8352 0.0878
11.8817 0.0877
11.9228 0.0876125
11.9693 0.0876609
12.0104 0.0877033
12.0569 0.0876154
12.098 0.0876635
12.1445 0.0877055
12.1856 0.0876174
12.2321 0.0876652
12.2732 0.087707
12.3197 0.0876187
12.3608 0.0875413
12.4073 0.0875987
12.4484 0.0876488
12.4949 0.0875677
12.536 0.0876218
12.5825 0.087669
12.6236 0.0875854
12.6702 0.0876372
12.7113 0.0876826
12.7578 0.0875973
12.7989 0.0875226
12.8454 0.0875823
12.8865 0.0876345
12.933 0.0875552
12.9741 0.0876108
13.0206 0.0876594
13.0617 0.087577
13.1082 0.0876299
13.1493 0.0876761
13.1958 0.0875916
13.2369 0.0875177
13.2834 0.087578
13.3245 0.0876307
13.371 0.0876769
13.4121 0.0877173
13.4586 0.0876276
13.4997 0.0875492
13.5462 0.0876055
13.5873 0.0876548
13.6338 0.087573
13.6749 0.0875013
13.7214 0.0875637
13.7625 0.0876182
13.809 0.0876659
13.8501 0.0877077
13.8967 0.0876192
13.9378 0.0875418
13.9843 0.0875991
14.0254 0.0876492
14.0719 0.0875681
14.113 0.0874971
14.1595 0.0875599
14.2006 0.0876149
14.2471 0.0876631
14.2882 0.0877052
14.3347 0.087617
14.3758 0.0875399
14.4223 0.0875974
14.4634 0.0876477
14.5099 0.0875668
14.551 0.0876209
14.5975 0.0876683
14.6386 0.0875848
14.6851 0.0876367
14.7262 0.0876821
14.7727 0.0875968
14.8138 0.0875222
14.8603 0.0875819
14.9014 0.0876342
14.9479 0.0875549
14.989 0.0876106
15.0355 0.0876592
15.0767 0.0875768
15.1232 0.0876297
15.1643 0.087676
15.2108 0.0875915
15.2519 0.0875176
15.2984 0.0875779
15.3395 0.0876306
15.386 0.0875518
15.4271 0.0876078
15.4736 0.0876569
15.5147 0.0875747
15.5612 0.0876279
15.6023 0.0876744
15.6488 0.0875901
15.6899 0.0875163
15.7364 0.0875768
15.7775 0.0876297
15.824 0.087676
15.8651 0.0877165
15.9116 0.0876269
15.9527 0.0875486
15.9992 0.087605
16.0403 0.0876544
16.0868 0.0875726
16.1279 0.087501
16.1744 0.0875634
16.2155 0.087618
16.2621 0.0876657
16.3032 0.0877075
16.3497 0.0876191
16.3908 0.0875417
16.4373 0.087599
16.4784 0.0876491
16.5249 0.087568
16.566 0.087497
16.6125 0.0875598
16.6536 0.0876149
16.7001 0.087663
16.7412 0.0877051
16.7877 0.087617
16.8288 0.0875399
16.8753 0.0875974
16.9164 0.0876477
16.9629 0.0875667
17.004 0.0876209
17.0505 0.0876683
17.0916 0.0875847
17.1381 0.0876367
17.1792 0.0876821
17.2257 0.0875968
17.2668 0.0875222
17.3133 0.0875819
17.3544 0.0876342
17.4009 0.0875549
17.4421 0.0876106
17.4886 0.0876592
17.5297 0.0875768
17.5762 0.0876297
17.6173 0.087676
17.6638 0.0875915
17.7049 0.0875176
17.7514 0.0875779
17.7925 0.0876306
17.839 0.0875518
17.8801 0.0876078
17.9266 0.0876569
17.9677 0.0875747
18.0142 0.0876279
18.0553 0.0876744
18.1018 0.0875901
18.1429 0.0875163
18.1894 0.0875768
18.2305 0.0876297
18.277 0.087676
18.3181 0.0877165
18.3646 0.0876269
18.4057 0.0875486
18.4522 0.087605
18.4933 0.0876544
18.5398 0.0875726
18.5809 0.087501
18.6275 0.0875634
18.6686 0.087618
18.7151 0.0876657
18.7562 0.0877075
18.8027 0.0876191
18.8438 0.0875417
18.8903 0.087599
18.9314 0.0876491
18.9779 0.087568
19.019 0.087497
19.0655 0.0875598
19.1066 0.0876149
19.1531 0.087663
19.1942 0.0877051
19.2407 0.087617
19.2818 0.0875399
19.3283 0.0875974
19.3694 0.0876477
19.4159 0.0875667
19.457 0.0876209
19.5035 0.0876683
19.5446 0.0875847
19.5911 0.0876367
19.6322 0.0876821
19.6787 0.0875968
19.7198 0.0875222
19.7663 0.0875819
19.8074 0.0876342
19.854 0.0875549
19.8951 0.0876106
19.9416 0.0876592
19.9827 0.0875768
20.0292 0.0876297
20.0703 0.087676
20.1168 0.0875915
20.1579 0.0875176
20.2044 0.0875779
20.2455 0.0876306
20.292 0.0875518
20.3331 0.0876078
20.3796 0.0876569
20.4207 0.0875747
20.4672 0.0876279
20.5083 0.0876744
20.555 0.0877151
20.5959 0.0876257
20.6455 0.0879225
20.7091 0.0911822
20.7664 0.0949094
20.83 0.0980457
20.8868 0.10079
20.9504 0.103316
21.0072 0.105527
21.0708 0.107336
21.1276 0.108919
21.1912 0.110429
21.2156 0.107625
21.2797 0.105172
21.3047 0.103151
21.3687 0.101382
21.3975 0.100334
21.4773 0.101417
21.504 0.10199
21.568 0.100491
21.5955 0.09943
21.6647 0.0991262
21.6994 0.0997355
21.7719 0.100644
21.7986 0.100438
21.8665 0.0997583
21.894 0.0992885
21.9759 0.100502
22.0111 0.102565
22.0742 0.102119
22.109 0.101604
22.1726 0.101154
22.2163 0.101884
22.2909 0.103899
22.3244 0.104412
22.3922 0.10411
22.4262 0.103846
22.5067 0.105116
22.5466 0.106976
22.6085 0.106354
22.6471 0.105685
22.7098 0.105099
22.7577 0.105712
22.8277 0.107248
22.8642 0.107217
22.929 0.106565
22.9663 0.105994
23.0444 0.10712
23.0863 0.10873
23.1453 0.107764
23.1868 0.106793
23.2466 0.106069
23.2988 0.10681
23.3641 0.108209
23.4039 0.107808
23.4654 0.106957
23.5061 0.106462
23.5807 0.10753
23.6257 0.108963
23.6821 0.108093
23.727 0.107206
23.7838 0.106431
23.8406 0.107377
23.9008 0.10858
23.9441 0.108007
24.0022 0.107256
24.0463 0.106599
24.1179 0.107649
24.165 0.108943
24.2193 0.108075
24.2663 0.107316
24.3214 0.106651
24.3812 0.107695
24.438 0.108858
24.4838 0.108001
24.5394 0.107126
24.586 0.10661
24.6551 0.107784
24.7035 0.108936
24.756 0.107944
24.8048 0.107076
24.8587 0.106441
24.9201 0.107636
24.9753 0.108807
25.0219 0.107831
25.0766 0.106977
25.1241 0.10648
25.1928 0.10767
25.2411 0.108836
25.2937 0.107857
25.3424 0.107
25.3967 0.1065
25.4582 0.107687
25.5125 0.108726
25.5591 0.10776
25.6138 0.106915
25.6617 0.106301
25.7304 0.107638
25.7783 0.108809
25.8313 0.107832
25.8796 0.106978
25.9352 0.106606
25.9962 0.107905
26.0501 0.108792
26.0972 0.107818
26.1514 0.106966
26.2006 0.10647
26.2689 0.107786
26.3159 0.108688
26.3698 0.107727
26.4173 0.107011
26.4745 0.10676
26.5347 0.10804
26.5881 0.108785
26.6352 0.107812
26.6895 0.10696
26.7391 0.10659
26.8078 0.108016
26.8536 0.108764
26.9087 0.107794
26.9549 0.106945
27.0143 0.106827
27.0728 0.108223
27.1266 0.108695
27.1737 0.107733
27.228 0.106892
27.2788 0.106655
27.3475 0.108323
27.3916 0.108908
27.448 0.107919
27.493 0.107055
27.5549 0.106923
27.6117 0.108432
27.6655 0.108753
27.7122 0.107784
27.7669 0.106936
27.8186 0.106819
27.8873 0.108592
27.9301 0.109018
27.9878 0.107891
28.0314 0.107029
28.0963 0.107276
28.1514 0.108866
28.2053 0.108883
28.2519 0.107772
28.3066 0.106926
28.3596 0.10706
28.4275 0.108803
28.4694 0.108952
28.5279 0.107833
28.5708 0.106979
28.6378 0.107357
28.6912 0.109062
28.745 0.108929
28.7917 0.107813
28.8464 0.106962
28.9006 0.107216
28.9668 0.108814
29.0088 0.108713
29.0673 0.107748
29.1101 0.10703
29.1784 0.107526
29.2305 0.109085
29.2839 0.108575
29.331 0.107628
29.3853 0.106924
29.4412 0.107309
29.5053 0.108895
29.5481 0.108658
29.6062 0.107701
29.6499 0.106863
29.719 0.107505
29.7703 0.109192
29.8228 0.108543
29.8708 0.107475
29.9242 0.106791
29.9823 0.107442
30.0437 0.108887
30.0878 0.108401
30.1451 0.107601
30.19 0.107026
30.2591 0.107898
30.2973 0.107785
30.3467 0.105187
30.3849 0.102914
30.4344 0.10105
30.4725 0.0994183
30.522 0.0978661
30.5601 0.0966328
30.6096 0.0955537
30.6484 0.0946095
30.6985 0.0939083
30.7379 0.0932948
30.7888 0.0928829
30.8286 0.0926475
30.8795 0.0924416
30.9194 0.0922614
30.9703 0.0921037
31.0101 0.0919658
31.061 0.09172
31.1008 0.091505
31.1517 0.0914419
31.1916 0.0913867
31.2425 0.0913383
31.2823 0.091296
31.3332 0.091259
31.3731 0.0912267
31.4239 0.0910733
31.4629 0.0908142
31.5138 0.0907124
31.5528 0.0906233
31.6037 0.0905454
31.6427 0.0904772
31.6936 0.0904176
31.7326 0.0903654
31.7835 0.0903197
31.8225 0.0902797
31.8734 0.0902448
31.9124 0.0902142
31.9633 0.0901874
32.0023 0.090164
32.0531 0.0901435
32.0922 0.0901255
32.143 0.0901099
32.182 0.0900961
32.2329 0.0899591
32.2719 0.0898392
32.3228 0.0898593
32.3618 0.0898769
32.4127 0.0898923
32.4517 0.0899058
32.5026 0.0899175
32.5416 0.0899278
32.5925 0.0899369
32.6315 0.0899448
32.6824 0.0899517
32.7214 0.0899577
32.7723 0.089963
32.8113 0.0899676
32.8621 0.0899717
32.9011 0.0899752
32.952 0.0899783
32.991 0.089981
33.0419 0.0898584
33.0809 0.0897511
33.1318 0.0897822
33.1708 0.0898094
33.2217 0.0898332
33.2607 0.0898541
33.3116 0.0898723
33.3506 0.0898883
33.4015 0.0899023
33.4405 0.0899145
33.4914 0.0899252
33.5304 0.0899345
33.5812 0.0899427
33.6203 0.0899499
33.6711 0.0899561
33.7101 0.0899616
33.761 0.0899664
33.8 0.0899706
33.8509 0.0898493
33.8899 0.0897431
33.9408 0.0897752
33.9798 0.0898033
34.0307 0.0898279
34.0697 0.0898494
34.1206 0.0898682
34.1596 0.0898847
34.2105 0.0898991
34.2495 0.0899117
34.3003 0.0899228
34.3394 0.0899324
34.3902 0.0899409
34.4292 0.0899483
34.4801 0.0899547
34.5191 0.0899604
34.57 0.0899653
34.609 0.0899697
34.6599 0.0898485
34.6989 0.0897424
34.7498 0.0897746
34.7888 0.0898028
34.8397 0.0898274
34.8787 0.089849
34.9296 0.0898679
34.9686 0.0898844
35.0195 0.0898988
35.0585 0.0899115
35.1093 0.0899225
35.1483 0.0899322
35.1992 0.0899407
35.2382 0.0899481
35.2891 0.0899546
35.3281 0.0899603
35.379 0.0899652
35.418 0.0899696
35.4689 0.0898484
35.5079 0.0897423
35.5588 0.0897745
35.5978 0.0898027
35.6487 0.0898274
35.6877 0.089849
35.7386 0.0898678
35.7776 0.0898844
35.8284 0.0898988
35.8675 0.0899115
35.9183 0.0899225
35.9573 0.0899322
36.0082 0.0899407
36.0472 0.0899481
36.0981 0.0899546
36.1371 0.0899603
36.188 0.0898402
36.227 0.0898602
36.2779 0.0898777
36.3169 0.089768
36.3678 0.089797
36.4068 0.0898223
36.4577 0.0898446
36.4967 0.089864
36.5475 0.089881
36.5866 0.0898959
36.6374 0.0899089
36.6764 0.0899203
36.7273 0.0899302
36.7663 0.089939
36.8172 0.0899466
36.8562 0.0899533
36.9071 0.0899591
36.9461 0.0899642
36.997 0.0898437
37.036 0.0897382
37.0869 0.0897709
37.1259 0.0897996
37.1768 0.0898246
37.2158 0.0898466
37.2667 0.0898657
37.3057 0.0898825
37.3565 0.0898972
37.3955 0.0899101
37.4464 0.0899213
37.4854 0.0899311
37.5363 0.0899397
37.5753 0.0899473
37.6262 0.0899539
37.6652 0.0899596
37.7161 0.0899647
37.7551 0.0899691
37.806 0.089848
37.845 0.089742
37.8959 0.0897742
37.9349 0.0898024
37.9858 0.0898271
38.0248 0.0898487
38.0756 0.0898676
38.1147 0.0898842
38.1655 0.0898987
38.2045 0.0899113
38.2554 0.0899224
38.2944 0.0899321
38.3453 0.0899406
38.3843 0.089948
38.4352 0.0899545
38.4742 0.0899602
38.5251 0.0899652
38.5641 0.0899695
38.615 0.0898483
38.654 0.0897423
38.7049 0.0897745
38.7439 0.0898027
38.7947 0.0898274
38.8338 0.0898489
38.8846 0.0898678
38.9236 0.0898843
38.9745 0.0898988
39.0135 0.0899114
39.0644 0.0899225
39.1034 0.0899322
39.1543 0.0899407
39.1933 0.0899481
39.2442 0.0899546
39.2832 0.0899603
39.3341 0.0899652
39.3731 0.0899696
39.424 0.0898484
39.463 0.0897423
39.5139 0.0897745
39.5529 0.0898027
39.6037 0.0898274
39.6427 0.089849
39.6936 0.0898678
39.7326 0.0898844
39.7835 0.0898988
39.8225 0.0899115
39.8734 0.0899225
39.9124 0.0899322
39.9633 0.0899407
40.0023 0.0899481
40.0532 0.0899546
40.0922 0.0899603
40.1431 0.0899652
40.1821 0.0899696
40.233 0.0898484
40.272 0.0897423
40.3228 0.0897745
40.3619 0.0898027
40.4127 0.0898274
40.4517 0.089849
40.5026 0.0898678
40.5416 0.0898844
40.5925 0.0898988
40.6315 0.0899115
40.6824 0.0899225
40.7214 0.0899322
40.7723 0.0899407
40.809 0.0896981
40.8599 0.0893608
40.8966 0.0890657
40.9475 0.0889325
40.9842 0.0888159
41.0353 0.088714
41.0718 0.0884997
41.123 0.0884372
41.16 0.0883826
41.2113 0.0883348
41.2486 0.0884179
41.3003 0.0884907
41.3376 0.0885543
41.3898 0.0886101
41.4271 0.0887838
41.4788 0.0888108
41.5161 0.0888345
41.5678 0.0888552
41.6052 0.0888733
41.6569 0.0888891
41.6942 0.088903
41.7459 0.0889151
41.7832 0.0889257
41.835 0.088935
41.8723 0.0889431
41.924 0.0890752
41.9613 0.0890658
42.013 0.0890576
42.0504 0.0890504
42.1021 0.0890441
42.1394 0.0890386
42.1911 0.0890338
42.2284 0.0890295
42.2797 0.0889008
42.3171 0.0889132
42.3688 0.0889241
42.4061 0.0889336
42.4578 0.0889419
42.4951 0.0889491
42.5469 0.0889555
42.5842 0.0889611
42.6359 0.0889659
42.6732 0.0889702
42.7249 0.0889739
42.7623 0.0889772
42.814 0.08898
42.8513 0.0889825
42.903 0.0891097
42.9403 0.089096
42.9921 0.089084
43.0294 0.0890735
43.0811 0.0890643
43.1184 0.0890563
43.1701 0.0890492
43.2075 0.0890431
43.2592 0.0890377
43.2965 0.089033
43.3482 0.0890289
43.3855 0.0890253
43.4373 0.0890221
43.4746 0.0890193
43.5263 0.0890169
43.5636 0.0890148
43.6153 0.0890129
43.6527 0.0890113
43.7044 0.0890099
43.7417 0.0890087
43.7934 0.0890076
43.8307 0.0890066
43.8825 0.0890058
43.9198 0.0890051
43.9715 0.0890044
44.0088 0.0890039
44.0605 0.0890034
44.0979 0.089003
44.1496 0.0890026
44.1869 0.0890023
44.2386 0.089002
44.2759 0.0890017
44.3277 0.0890015
44.365 0.0890013
44.4167 0.0890012
44.454 0.089126
44.5057 0.0891103
44.5431 0.0890965
44.5948 0.0890844
44.6321 0.0890739
44.6838 0.0890646
44.7211 0.0890566
44.7729 0.0890495
44.8102 0.0890433
44.8619 0.0890379
44.8992 0.0890332
44.9509 0.089029
44.9883 0.0890254
45.04 0.0890222
45.0773 0.0890194
45.129 0.089142
45.1663 0.0891243
45.2181 0.0891087
45.2554 0.0890951
45.3071 0.0890832
45.3444 0.0890728
45.3961 0.0890637
45.4335 0.0890558
45.4852 0.0890488
45.5225 0.0890427
45.5742 0.0890374
45.6115 0.0890327
45.6633 0.0890286
45.7006 0.089025
45.7523 0.0890219
45.7896 0.0890192
45.8413 0.0890168
45.8787 0.0890147
45.9304 0.0890128
45.9677 0.0890112
46.0194 0.0890098
46.0567 0.0890086
46.1085 0.0890075
46.1458 0.0890066
46.1975 0.0890058
46.2348 0.089005
46.2865 0.0890044
46.3239 0.0890039
46.3756 0.0890034
46.4129 0.089003
46.4646 0.0890026
46.5019 0.0890023
46.5537 0.089002
46.591 0.0890017
46.6427 0.0890015
46.68 0.0891263
46.7317 0.0891105
46.7691 0.0890967
46.8208 0.0890846
46.8581 0.089074
46.9098 0.0890648
46.9471 0.0890567
46.9989 0.0890496
47.0362 0.0890434
47.0879 0.089038
47.1252 0.0890332
47.1769 0.0890291
47.2143 0.0890254
47.266 0.0890223
47.3033 0.0890195
47.355 0.089142
47.3923 0.0891243
47.4441 0.0891088
47.4814 0.0890952
47.5331 0.0890833
47.5704 0.0890729
47.6221 0.0890637
47.6595 0.0890558
47.7112 0.0890488
47.7485 0.0890427
47.8002 0.0890374
47.8375 0.0890327
47.8893 0.0890286
47.9266 0.089025
47.9783 0.0890219
48.0156 0.0890192
48.0673 0.0890168
48.1047 0.0890147
48.1564 0.0890128
48.1937 0.0890112
48.2454 0.0890098
48.2827 0.0890086
48.3345 0.0890075
48.3718 0.0890066
48.4235 0.0890058
48.4608 0.089005
48.5125 0.0890044
48.5499 0.0890039
48.6016 0.0890034
48.6389 0.089003
48.6906 0.0890026
48.7279 0.0890023
48.7797 0.089002
48.817 0.0890017
48.8687 0.0890015
48.906 0.0891263
48.9577 0.0891105
48.9951 0.0890967
49.0468 0.0890846
49.0841 0.089074
49.1358 0.0890648
49.1731 0.0890567
49.2249 0.0890496
49.2622 0.0890434
49.3139 0.089038
49.3512 0.0890332
49.4029 0.0890291
49.4403 0.0890254
49.492 0.0890223
49.5293 0.0890195
49.581 0.089142
49.6183 0.0891243
49.6701 0.0891088
49.7074 0.0890952
49.7591 0.0890833
49.7964 0.0890729
49.8481 0.0890637
49.8855 0.0890558
49.9372 0.0890488
49.9745 0.0890427
50.0262 0.0890374
50.0635 0.0890327
50.1138 0.0887786
50.1511 0.0886813
50.2012 0.0885961
50.2385 0.0883966
50.2887 0.088222
50.326 0.0880693
50.376 0.0880606
50.4133 0.088053
50.4634 0.0879214
50.5007 0.0878062
50.5508 0.0877055
50.5881 0.0877423
50.6383 0.0877745
50.6754 0.0876777
50.7257 0.087593
50.7628 0.0875188
50.8131 0.087579
50.8502 0.0876316
50.9005 0.0875527
50.9377 0.0874836
50.9878 0.0874231
51.0252 0.0874952
51.0752 0.0875583
51.1127 0.0874885
51.1626 0.0874275
51.2002 0.087499
51.25 0.0875617
51.2876 0.0874915
51.3375 0.08743
51.375 0.0873763
51.4249 0.0873292
51.4624 0.0874131
51.5124 0.0874864
51.5497 0.0874256
51.5998 0.0873724
51.6371 0.0874509
51.6872 0.0875195
51.7246 0.0874546
51.7745 0.0873978
51.8121 0.087473
51.8619 0.0874139
51.8996 0.0873622
51.9494 0.0874419
51.9871 0.0875117
52.0368 0.0874477
52.0745 0.0873917
52.1243 0.0874678
52.1619 0.0874093
52.2117 0.0873581
52.2493 0.0874384
52.2992 0.0875086
52.3367 0.087445
52.3866 0.0873894
52.4243 0.0874657
52.474 0.0875325
52.5119 0.0874659
52.5614 0.0874077
52.5992 0.0874817
52.6488 0.0874215
52.6868 0.0873688
52.7362 0.0874477
52.7743 0.0875168
52.8237 0.0874522
52.8617 0.0873956
52.9112 0.0874712
52.9493 0.0875373
52.9987 0.0874701
53.0368 0.0874114
53.0862 0.0874849
53.1244 0.0875493
53.1736 0.0874807
53.2119 0.0874206
53.2611 0.087493
53.2993 0.0875564
53.3485 0.0874868
53.3866 0.087426
53.4359 0.0873727
53.474 0.0874511
53.5232 0.0875197
53.5616 0.0874548
53.6108 0.0873979
53.649 0.0874732
53.6983 0.087539
53.7364 0.0874717
53.7858 0.0874127
53.8238 0.0873611
53.8733 0.087441
53.9112 0.0875109
53.9606 0.087447
53.9986 0.0873911
54.0481 0.0874672
54.086 0.0874088
54.1357 0.0873577
54.1735 0.087438
54.2232 0.0875083
54.2611 0.0875697
54.3107 0.0874985
54.3487 0.0874362
54.3982 0.0875067
54.4362 0.0875683
54.4856 0.0874973
54.5236 0.0874351
54.5729 0.0873807
54.611 0.0874581
54.6603 0.0875259
54.6985 0.0874601
54.7477 0.0874026
54.7859 0.0873523
54.8351 0.0874333
54.8733 0.0875041
54.9226 0.0874411
54.9607 0.087386
55.01 0.0874627
55.0482 0.0875299
55.0974 0.0874636
55.1356 0.0874057
55.1848 0.087355
55.223 0.0874356
55.2723 0.0875061
55.3105 0.0874429
55.3597 0.0873875
55.3978 0.0873391
55.4471 0.0874217
55.4852 0.087494
55.5345 0.0874322
55.5728 0.0873782
55.6219 0.0873309
55.6602 0.0874146
55.7094 0.0874877
55.7475 0.0874268
55.7968 0.0873734
55.835 0.0874517
55.8842 0.0875203
55.9224 0.0874552
55.9716 0.0873983
56.0098 0.0873485
56.059 0.087305
56.0972 0.0873919
56.1464 0.0874679
56.1845 0.0874094
56.2337 0.0873582
56.272 0.0873134
56.3211 0.0873993
56.3593 0.0874743
56.4085 0.0874151
56.4467 0.0873632
56.4959 0.0873178
56.5343 0.0874031
56.5833 0.0874777
56.6217 0.087418
56.6709 0.0873657
56.709 0.087445
56.7582 0.0875144
56.7965 0.0874501
56.8456 0.0873938
56.8839 0.0873446
56.9331 0.0874265
56.9714 0.0874982
57.0205 0.0874359
57.0589 0.0873814
57.1079 0.0873338
57.1463 0.087417
57.1952 0.0874899
57.2338 0.0874287
57.2826 0.0873751
57.3212 0.0874532
57.37 0.0875215
57.4086 0.0874564
57.4574 0.0873993
57.4959 0.0873494
57.5448 0.0873057
57.5835 0.0873925
57.6324 0.0874684
57.6708 0.0874099
57.7197 0.0873586
57.7583 0.0874388
57.8071 0.087509
57.8459 0.0874453
57.8946 0.0873897
57.9332 0.087466
57.982 0.0875327
58.0206 0.0874661
58.0695 0.0874079
58.1082 0.0874819
58.157 0.0874216
58.1957 0.0873689
58.2444 0.0874478
58.2832 0.0875168
58.3318 0.0874522
58.3707 0.0873957
58.4192 0.0874712
58.4581 0.0875373
58.5066 0.0874702
58.5455 0.0874114
58.594 0.087485
58.6328 0.0874243
58.6815 0.0873713
58.7202 0.0874499
58.7689 0.0873937
58.8076 0.0873444
58.8564 0.0874264
58.895 0.0873731
58.9439 0.0873265
58.9824 0.0874106
59.0313 0.0874843
59.0697 0.0874238
59.1187 0.0873708
59.1571 0.0874495
59.2063 0.0875183
59.2445 0.0874535
59.2938 0.0873968
59.3319 0.0873472
59.3813 0.0874288
59.4193 0.0875002
59.4687 0.0874377
59.5069 0.087383
59.5562 0.0874601
59.5943 0.0875276
59.6435 0.0874616
59.6817 0.0874039
59.7309 0.0873534
59.7692 0.0874343
59.8183 0.087505
59.8565 0.0874419
59.9057 0.0873866
59.944 0.0873383
59.993 0.087421
60.0313 0.0874934
60.0804 0.0874317
60.1189 0.0873777
60.1678 0.0873305
60.2063 0.0874142
60.2552 0.0874874
60.2936 0.0874265
60.3426 0.0873732
60.381 0.0874515
60.4299 0.0873951
60.4684 0.0873457
60.5174 0.0874275
60.5558 0.0873741
60.6049 0.0873273
60.6434 0.0874114
60.6924 0.087485
60.7308 0.0874243
60.7798 0.0873713
60.8184 0.0874499
60.8672 0.0875187
60.9058 0.0874538
60.9546 0.0873971
60.9933 0.0874725
61.042 0.0875384
61.0806 0.0874711
61.1294 0.0874122
61.168 0.0874857
61.217 0.087425
61.2554 0.0873718
61.3043 0.0874504
61.3428 0.0873941
61.3917 0.0873448
61.4301 0.0874267
61.4791 0.0874984
61.5176 0.0874361
61.5665 0.0873816
61.605 0.0873339
61.6539 0.0872921
61.6925 0.0873806
61.7414 0.087458
61.7801 0.0875258
61.8289 0.0874601
61.8675 0.0874026
61.9165 0.0874772
61.955 0.0874176
62.0039 0.0873654
62.0425 0.0874447
62.0913 0.0875141
62.1299 0.0874499
62.1787 0.0873936
62.2172 0.0874694
62.2661 0.0875357
62.3046 0.0874688
62.3536 0.0874102
62.392 0.0873589
62.4411 0.087439
62.4794 0.0875092
62.5285 0.0874455
62.5667 0.0873898
62.616 0.0874661
62.6543 0.0875328
62.7036 0.0874662
62.7418 0.0874079
62.7911 0.087482
62.8294 0.0875467
62.8787 0.0874784
62.9169 0.0874186
62.9662 0.0874913
63.0045 0.0875548
63.0538 0.0874855
63.092 0.0875498
63.1413 0.0876061
63.1796 0.0875303
63.2289 0.087464
63.2671 0.087531
63.3164 0.0875896
63.3547 0.0875159
63.404 0.0874514
63.4422 0.08752
63.4915 0.08758
63.5298 0.0875075
63.5791 0.0875691
63.6173 0.0876229
63.6666 0.0875451
63.7049 0.0874769
63.7542 0.0875423
63.7924 0.0875995
63.8417 0.0875246
63.88 0.087459
63.9293 0.0875266
63.9675 0.0875858
64.0168 0.0875126
64.0551 0.0875735
64.1044 0.0876268
64.1426 0.0875485
64.1919 0.0874799
64.2302 0.0875449
64.2795 0.0876018
64.3177 0.0875266
64.367 0.0875858
64.4053 0.0876375
64.4546 0.0875578
64.4928 0.0874881
64.5421 0.0875521
64.5804 0.0876081
64.6297 0.0875321
64.6679 0.0874656
64.7172 0.0875324
64.7555 0.0875908
64.8048 0.087517
64.843 0.0875773
64.8923 0.0876302
64.9306 0.0875514
64.9799 0.0874825
65.0181 0.0875472
65.0674 0.0876038
65.1057 0.0875283
65.155 0.0874623
65.1932 0.0875295
65.2425 0.0875883
65.2808 0.0875148
65.3301 0.0875754
65.3683 0.0876285
65.4176 0.0875499
65.4559 0.0874812
65.5052 0.087546
65.5434 0.0876028
65.5927 0.0875274
65.631 0.0874615
65.6803 0.0875288
65.7185 0.0875877
65.7678 0.0875142
65.8061 0.087575
65.8554 0.0876281
65.8936 0.0875496
65.9428 0.0874809
65.9812 0.0875458
66.0301 0.0876026
66.0687 0.0875272
66.1177 0.0874613
66.1563 0.0875287
66.2052 0.0875876
66.2438 0.0875141
66.2928 0.0874499
66.3314 0.0875186
66.3803 0.0875788
66.4189 0.0875065
66.4679 0.0874431
66.5065 0.0875128
66.5554 0.0875737
66.594 0.0876269
66.643 0.0875486
66.6816 0.08748
66.7305 0.087545
66.7691 0.0876019
66.8181 0.0876516
66.8567 0.0875702
66.9056 0.0874989
66.9442 0.0875616
66.9932 0.0876164
67.0318 0.0875393
67.0807 0.0874719
67.1193 0.0875379
67.1683 0.0875957
67.2069 0.0875212
67.2558 0.0874561
67.2942 0.0875241
67.3434 0.0875835
67.3816 0.0875106
67.4309 0.0874468
67.4691 0.0875159
67.5185 0.0875764
67.5567 0.0875044
67.606 0.0875663
67.6442 0.0876205
67.6936 0.087543
67.7318 0.0874751
67.7811 0.0875407
67.8193 0.0875981
67.8687 0.0875234
67.9069 0.0874579
67.9562 0.0875257
67.9944 0.087585
68.0438 0.0875119
68.082 0.0874479
68.1313 0.0875169
68.1695 0.0875773
68.2189 0.0875051
68.2571 0.087567
68.3064 0.0876211
68.3446 0.0875435
68.394 0.0874755
68.4322 0.0875411
68.4815 0.0875985
68.5197 0.0875236
68.5691 0.0875832
68.6073 0.0876353
68.6566 0.0875559
68.6948 0.0874864
68.7442 0.0875506
68.7824 0.0876068
68.8317 0.0875309
68.8699 0.0874646
68.9193 0.0875315
68.9575 0.0875901
69.0068 0.0875163
69.045 0.0875768
69.0944 0.0876297
69.1326 0.087551
69.1819 0.0874821
69.2201 0.0875468
69.2695 0.0876035
69.3077 0.087528
69.357 0.087587
69.3952 0.0876387
69.4446 0.0875588
69.4828 0.087489
69.5321 0.0875528
69.5703 0.0876087
69.6197 0.0875326
69.6579 0.0874661
69.7072 0.0875328
69.7454 0.0875912
69.7948 0.0875173
69.833 0.0874526
69.8823 0.0875211
69.9205 0.0875809
69.9699 0.0875083
70.0081 0.0875698
70.0574 0.0876235
70.0956 0.0875456
70.145 0.0874774
70.1832 0.0875427
70.2325 0.0875999
70.2707 0.0875249
70.3201 0.0875843
70.3583 0.0876363
70.4076 0.0875567
70.4458 0.0874871
70.4952 0.0875512
70.5334 0.0876073
70.5827 0.0875314
70.6209 0.087465
70.6703 0.0875319
70.7085 0.0875904
70.7578 0.0875166
70.796 0.087577
70.8452 0.0876299
70.8836 0.0875511
70.9327 0.0874823
70.9711 0.087547
71.0203 0.0876036
71.0587 0.0875281
71.1078 0.0874621
71.1462 0.0875294
71.1954 0.0875882
71.2338 0.0875147
71.2829 0.0874503
71.3213 0.087519
71.3705 0.0875792
71.4089 0.0875068
71.458 0.0875684
71.4964 0.0876224
71.5456 0.0875446
71.584 0.0874765
71.6331 0.0875419
71.6715 0.0875992
71.7207 0.0875243
71.7591 0.0875838
71.8082 0.0876358
71.8466 0.0875563
71.8958 0.0874868
71.9342 0.0875509
71.9833 0.0876071
72.0217 0.0875312
72.0707 0.0874648
72.1093 0.0875317
72.1581 0.0875902
72.1967 0.0875164
72.2455 0.0874519
72.2842 0.0875204
72.3331 0.0875804
72.3717 0.0875078
72.4206 0.0874443
72.4593 0.0875138
72.5082 0.0875746
72.5468 0.0875027
72.5957 0.0874399
72.6344 0.0875099
72.6833 0.0875712
72.7219 0.0874998
72.7708 0.0874373
72.8095 0.0875076
72.8584 0.0875692
72.897 0.087623
72.9459 0.0875452
72.9846 0.087477
73.0335 0.0875424
73.0721 0.0875996
73.121 0.0876496
73.1597 0.0875684
73.2085 0.0874974
73.2472 0.0875602
73.2959 0.0874902
73.3348 0.0874289
73.3834 0.0875003
73.4222 0.0875628
73.471 0.0874924
73.5095 0.0874309
73.5585 0.087502
73.597 0.0875642
73.6461 0.0876187
73.6846 0.0875414
73.7336 0.0874737
73.7721 0.0875395
73.8212 0.0875971
73.8597 0.0875224
73.9087 0.0874571
73.9472 0.087525
73.9963 0.0875844
74.0348 0.0875113
74.0838 0.0874474
74.1223 0.0875165
74.1714 0.0875769
74.2099 0.0875048
74.2589 0.0874417
74.2974 0.0875115
74.3465 0.0875725
74.385 0.087501
74.434 0.0875634
74.4725 0.0876179
74.5214 0.0875407
74.56 0.0874731
74.6088 0.087414
74.6474 0.0874872
74.6963 0.0875513
74.7349 0.0874824
74.7839 0.0874221
74.8225 0.0874943
74.8714 0.0875575
74.91 0.0876129
74.959 0.0875362
74.9976 0.0874692
75.0465 0.0875356
75.0851 0.0875936
75.1341 0.0876444
75.1727 0.0875639
75.2216 0.0874934
75.2602 0.0875567
75.3092 0.0876121
75.3478 0.0875356
75.3967 0.0874687
75.4353 0.0875351
75.4843 0.0875932
75.5229 0.087519
75.5718 0.0874542
75.6104 0.0875224
75.6592 0.0875821
75.698 0.0875093
75.7467 0.0874457
75.7855 0.087515
75.8342 0.0875756
75.8729 0.0875036
75.9218 0.0874407
75.9603 0.0875106
76.0093 0.0875718
76.0478 0.0875003
76.0969 0.0874378
76.1353 0.087508
76.1844 0.0875695
76.2229 0.0874983
76.272 0.0874361
76.3104 0.0875065
76.3595 0.0875682
76.398 0.0874972
76.4471 0.08756
76.4855 0.087615
76.5346 0.0875382
76.5731 0.0875959
76.6222 0.0876464
76.6606 0.0875656
76.7097 0.0874949
76.7482 0.087558
76.7973 0.0876133
76.8357 0.0875366
76.8848 0.0874695
76.9233 0.0875359
76.9724 0.0875939
77.0107 0.0875196
77.0599 0.0874547
77.0982 0.0875228
77.1475 0.0875825
77.1857 0.0875097
77.235 0.087571
77.2733 0.0876246
77.3226 0.0875465
77.3608 0.0874782
77.4101 0.0875434
77.4484 0.0876005
77.4977 0.0875254
77.5359 0.0874598
77.5852 0.0875273
77.6235 0.0875864
77.6728 0.0875131
77.711 0.0875739
77.7603 0.0876272
77.7986 0.0875488
77.8479 0.0874802
77.8861 0.0875452
77.9354 0.087602
77.9737 0.0875268
78.0229 0.0874609
78.0612 0.0875283
78.1102 0.0875873
78.1488 0.0875139
78.1978 0.0874496
78.2363 0.0875184
78.2853 0.0875786
78.3239 0.0875063
78.3729 0.087443
78.4114 0.0875126
78.4604 0.0875736
78.499 0.0875019
78.548 0.0874391
78.5865 0.0875092
78.6355 0.0875706
78.6741 0.0876243
78.7231 0.0876712
78.7616 0.0875873
78.8106 0.0875139
78.8492 0.0875747
78.8982 0.0876278
78.9367 0.0875494
78.9857 0.0874807
79.0243 0.0875456
79.0733 0.0876024
79.1118 0.0875271
79.1608 0.0874612
79.1994 0.0875286
79.2484 0.0875875
79.2869 0.0875141
79.3358 0.0874498
79.3743 0.0875186
79.4232 0.0875787
79.4617 0.0875064
79.5107 0.0874431
79.5493 0.0875127
79.5983 0.0875736
79.6368 0.0875019
79.6858 0.0874392
79.7244 0.0875093
79.7734 0.0875706
79.8119 0.0874993
79.8609 0.0874369
79.8995 0.0875073
79.9485 0.0875689
79.987 0.0876228
80.036 0.0876699
80.0746 0.0875862
80.1236 0.0875129
80.1621 0.0875738
80.2111 0.0876271
80.2497 0.0875487
80.2987 0.0874801
80.3372 0.0875451
80.3862 0.0876019
80.4248 0.0875267
80.4736 0.0874609
80.5123 0.0875283
80.561 0.0874622
80.5999 0.0874044
80.6485 0.0874789
80.6873 0.087544
80.7361 0.087601
80.7746 0.0875259
80.8236 0.0874602
80.8622 0.0875276
80.9112 0.0875867
80.9497 0.0875133
80.9987 0.0874492
81.0373 0.087518
81.0863 0.0875783
81.1248 0.087506
81.1738 0.0874427
81.2124 0.0875124
81.2614 0.0875733
81.2999 0.0875017
81.3489 0.087439
81.3875 0.0875091
81.4365 0.0875705
81.475 0.0876242
81.524 0.0876711
81.5626 0.0875872
81.6116 0.0875138
81.6501 0.0875746
81.6991 0.0876278
81.7377 0.0875493
81.7865 0.0874806
81.8251 0.0875456
81.874 0.0874774
81.9125 0.0874177
81.9615 0.0874905
82 0.0875542
82.0491 0.0876099
82.0876 0.0875337
82.1366 0.087467
82.1751 0.0875336
82.2242 0.0875919
82.2627 0.0875179
82.3117 0.0874532
82.3502 0.0875215
82.3993 0.0875813
82.4378 0.0875087
82.4868 0.0874451
82.5253 0.0875144
82.5744 0.0875751
82.6129 0.0875032
82.6619 0.0874403
82.7004 0.0875103
82.7495 0.0875715
82.788 0.0875001
82.8369 0.0874376
82.8755 0.0875079
82.9243 0.0875694
82.9631 0.0876232
83.0118 0.0875453
83.0506 0.0874771
83.0993 0.0875425
83.138 0.0874747
83.1869 0.0874154
83.2255 0.0874884
83.2744 0.0875524
83.313 0.0876083
83.362 0.0875323
83.4006 0.0874658
83.4495 0.0875325
83.4881 0.087591
83.5371 0.0876421
83.5757 0.0875618
83.6246 0.0874916
83.6632 0.0875552
83.712 0.0874858
83.7506 0.087425
83.7994 0.0874969
83.838 0.0874348
83.8867 0.0873804
83.9253 0.0874579
83.9741 0.0875257
84.0127 0.0874599
84.0615 0.0874025
84.1001 0.0874771
84.1489 0.0874175
84.1875 0.0873653
84.2364 0.0874446
84.2748 0.0873891
84.324 0.0873404
84.3623 0.0874229
84.4115 0.087495
84.4499 0.0874331
84.4991 0.087504
84.5374 0.087566
84.5866 0.0874952
84.625 0.0874333
84.6742 0.0875042
84.7125 0.0875662
84.7617 0.0874954
84.8001 0.0875585
84.8493 0.0876137
84.8876 0.0875369
84.9368 0.0874698
84.9752 0.0875361
85.0244 0.0875941
85.0627 0.0875198
85.1119 0.0874548
85.1503 0.087523
85.1995 0.0875826
85.2378 0.0875098
85.2869 0.0874461
85.3254 0.0875153
85.3745 0.0875759
85.4129 0.0875039
85.462 0.0874409
85.5003 0.0875108
85.5495 0.0875719
85.5879 0.0875005
85.6371 0.0875629
85.6754 0.0876175
85.7246 0.0875403
85.763 0.0874728
85.8122 0.0875387
85.8505 0.0875964
85.8997 0.0875218
85.9381 0.0875816
85.9873 0.0876339
86.0256 0.0875547
86.0748 0.0874853
86.1132 0.0875497
86.1624 0.0876059
86.2007 0.0875302
86.2499 0.0874639
86.2883 0.0875309
86.3375 0.0875896
86.3758 0.0875159
86.4251 0.0875764
86.4634 0.0876293
86.5124 0.0875507
86.5509 0.0874818
86.5999 0.0874216
86.6384 0.0874939
86.6874 0.0875572
86.7259 0.0874875
86.775 0.0874266
86.8135 0.0874983
86.8625 0.087561
86.901 0.0876159
86.9501 0.0876639
86.9886 0.0875809
87.0376 0.0875083
87.0761 0.0875697
87.1252 0.0876235
87.1637 0.0875456
87.2127 0.0874774
87.2512 0.0875427
87.3003 0.0875999
87.3388 0.0875249
87.3878 0.0874593
87.4263 0.0875269
87.4754 0.087586
87.5139 0.0875128
87.5629 0.0874487
87.6014 0.0875176
87.6505 0.0875779
87.689 0.0875056
87.7379 0.0874424
87.7765 0.0875121
87.8255 0.0875731
87.8639 0.0875015
87.913 0.0875638
87.9514 0.0876183
88.0006 0.087541
88.0389 0.0874734
88.0881 0.0875392
88.1265 0.0875968
88.1757 0.0875222
88.214 0.0875819
88.2632 0.0876342
88.3016 0.0875549
88.3508 0.0874856
88.3891 0.0875499
88.4383 0.0876061
88.4767 0.0875304
88.5259 0.0874641
88.5642 0.0875311
88.6134 0.0875897
88.6518 0.087516
88.701 0.0874515
88.7393 0.08752
88.7885 0.08758
88.8269 0.0875075
88.8761 0.0875691
88.9144 0.0876229
88.9635 0.0875451
89.002 0.0874769
89.051 0.0875423
89.0894 0.0875995
89.1386 0.0875246
89.177 0.087459
89.2261 0.0875266
89.2645 0.0875858
89.3137 0.0875126
89.3521 0.0875735
89.4012 0.0876268
89.4396 0.0875485
89.4888 0.0874799
89.5272 0.0875449
89.5763 0.0876018
89.6147 0.0875266
89.6639 0.0874608
89.7023 0.0875282
89.7514 0.0875871
89.7898 0.0875137
89.839 0.0874495
89.8774 0.0875183
89.9265 0.0875785
89.9649 0.0875062
90.0141 0.0875679
90.0525 0.087622
90.1016 0.0875442
90.14 0.0876012
90.1891 0.087651
90.2276 0.0875697
90.2766 0.0874984
90.315 0.0874361
90.3642 0.0875066
90.4025 0.0875683
90.4517 0.0874973
90.4901 0.0875601
90.5393 0.0876151
90.5776 0.0875382
90.6268 0.0874709
90.6652 0.0875371
90.7144 0.0875949
90.7527 0.0875206
90.8019 0.0874555
90.8403 0.0875236
90.8895 0.0875831
90.9278 0.0875102
90.977 0.0875714
91.0154 0.087625
91.0646 0.0875469
91.1029 0.0874785
91.1521 0.0875437
91.1905 0.0876007
91.2397 0.0875256
91.278 0.0875849
91.3271 0.0876368
91.3656 0.0875572
91.4145 0.0874876
91.4531 0.0875516
91.5021 0.0876077
91.5406 0.0875317
91.5896 0.0874652
91.6281 0.0875321
91.6772 0.0875906
91.7157 0.0875168
91.7647 0.0874522
91.8032 0.0875206
91.8523 0.0875806
91.8908 0.087508
91.9398 0.0874445
91.9783 0.0875139
92.0274 0.0875747
92.0659 0.0875029
92.1149 0.08744
92.1534 0.08751
92.2025 0.0875712
92.241 0.0874998
92.29 0.0875624
92.3285 0.0876171
92.3776 0.0875399
92.4161 0.0875974
92.4651 0.0876478
92.5036 0.0875668
92.5526 0.0874959
92.5912 0.0875589
92.6401 0.0876141
92.6785 0.0875373
92.7277 0.0874702
92.766 0.0875364
92.8152 0.0875943
92.8536 0.08752
92.9028 0.087455
92.9411 0.0875232
92.9903 0.0875828
93.0287 0.0875099
93.0779 0.0874462
93.1162 0.0875154
93.1654 0.087576
93.2038 0.087504
93.253 0.087441
93.2913 0.0875109
93.3405 0.087572
93.3788 0.0875005
93.4281 0.0875629
93.4664 0.0876176
93.5156 0.0875404
93.5539 0.0874728
93.6032 0.0875387
93.6415 0.0875964
93.6907 0.0875218
93.729 0.0875816
93.7781 0.0876339
93.8166 0.0875547
93.8657 0.0874853
93.904 0.0875497
93.9532 0.087606
93.9916 0.0875302
94.0408 0.0874639
94.0791 0.0875309
94.1283 0.0875896
94.1667 0.0875159
94.2159 0.0874514
94.2542 0.08752
94.3034 0.08758
94.3418 0.0875075
94.391 0.087444
94.4293 0.0875135
94.4785 0.0875743
94.5169 0.0875025
94.5661 0.0875647
94.6044 0.0876191
94.6536 0.0875417
94.692 0.087474
94.7412 0.0875398
94.7795 0.0875973
94.8287 0.0875226
94.8671 0.0875823
94.9162 0.0876345
94.9546 0.0875552
95.0037 0.0874858
95.0422 0.0875501
95.0913 0.0876063
95.1296 0.0875305
95.1786 0.0874642
95.217 0.0874062
95.266 0.0874804
95.3043 0.0875454
95.3534 0.0874772
95.3917 0.0874175
95.4408 0.0873653
95.4791 0.0874447
95.5281 0.0875141
95.5665 0.0874498
95.6155 0.0873936
95.654 0.0874694
95.703 0.0874107
95.7416 0.0873594
95.7905 0.0874395
95.8291 0.0875095
95.8781 0.0875708
95.9167 0.0874995
95.9656 0.087437
96.0042 0.0875074
96.0531 0.087569
96.0918 0.0874979
96.1406 0.0874356
96.1793 0.0875062
96.2282 0.0875679
96.2669 0.0874969
96.3157 0.0874348
96.3544 0.0875054
96.4033 0.0875673
96.442 0.0874964
96.4908 0.0874343
96.5295 0.087505
96.5782 0.0875669
96.6171 0.087621
96.6658 0.0875434
96.7046 0.0874755
96.7533 0.087541
96.7922 0.0875984
96.8409 0.0875236
96.8797 0.0874582
96.9284 0.0875259
96.9671 0.0875852
97.016 0.087512
97.0545 0.087448
97.1035 0.087517
97.142 0.0875774
97.1911 0.0876302
97.2296 0.0875514
97.2786 0.0874825
97.3171 0.0875472
97.3662 0.0876038
97.4045 0.0875283
97.4537 0.0874623
97.4921 0.0875295
97.5413 0.0875883
97.5796 0.0875148
97.6288 0.0874504
97.6672 0.0875191
97.7164 0.0875792
97.7547 0.0875068
97.8039 0.0874435
97.8423 0.087513
97.8915 0.0875739
97.9297 0.0875022
97.979 0.0875644
98.0173 0.0876188
98.0666 0.0875415
98.1048 0.0874738
98.1541 0.0875396
98.1924 0.0875971
98.2417 0.0875225
98.2799 0.0874572
98.3292 0.087525
98.3675 0.0875844
98.4167 0.0875114
98.455 0.0875724
98.5042 0.0876259
98.5426 0.0875476
98.5918 0.0874792
98.6301 0.0875443
98.6793 0.0876013
98.7177 0.0875261
98.7669 0.0874603
98.8052 0.0875278
98.8544 0.0875868
98.8928 0.0875135
98.942 0.0874493
98.9803 0.0875181
99.0294 0.0875784
99.0679 0.0875061
99.1168 0.0874428
99.1554 0.0875125
99.2044 0.0875734
99.243 0.0875017
99.2919 0.087439
99.3305 0.0875091
99.3795 0.0875705
99.4181 0.0876242
99.467 0.0876712
99.5056 0.0875873
99.5546 0.0875139
99.5932 0.0875746
99.6421 0.0876278
99.6807 0.0875493
99.7297 0.0874807
99.7681 0.0875456
99.8172 0.0876024
99.8557 0.0875271
99.9048 0.0874612
99.9432 0.0875285
99.9923 0.0875875
100.031 0.087514
100.08 0.0874498
100.132 0.0892686
100.201 0.093235
100.253 0.0967056
100.321 0.0996174
100.374 0.102165
100.441 0.10452
100.494 0.106455
100.562 0.108148
100.614 0.109754
100.682 0.11116
100.735 0.112265
100.803 0.113232
100.855 0.114203
100.923 0.115053
100.976 0.115671
101.043 0.116212
101.096 0.116811
101.164 0.117209
101.216 0.117558
101.284 0.117988
101.337 0.11824
101.405 0.11846
101.426 0.114777
101.493 0.111555
101.514 0.108736
101.582 0.106269
101.603 0.103985
101.671 0.102112
101.692 0.100473
101.76 0.0990389
101.781 0.0977841
101.85 0.096686
101.87 0.0957253
101.939 0.0948846
101.959 0.094149
102.028 0.0935054
102.048 0.0929422
102.117 0.0924495
102.137 0.0920183
102.206 0.091641
102.226 0.0914359
102.295 0.0911314
102.315 0.090865
102.384 0.0906318
102.404 0.0904279
102.472 0.0902494
102.493 0.0899682
102.561 0.0897222
102.581 0.0895069
102.649 0.0893185
102.669 0.0892787
102.737 0.0891189
102.757 0.088979
102.825 0.0889816
102.845 0.0888589
102.913 0.0887516
102.934 0.0886576
103.002 0.0885754
103.022 0.0885035
103.09 0.0884406
103.11 0.0885105
103.178 0.0884467
103.198 0.0883908
103.266 0.088467
103.286 0.0884086
103.354 0.0883575
103.375 0.0883128
103.442 0.0882737
103.463 0.0882395
103.531 0.0882096
103.551 0.0883084
103.619 0.0882698
103.639 0.0882361
103.707 0.0883316
103.727 0.0882901
103.795 0.0882539
103.816 0.0882221
103.883 0.0881944
103.904 0.0881701
103.972 0.0881488
103.992 0.0881302
104.06 0.0881139
104.08 0.0882247
104.148 0.0883216
104.168 0.0882814
104.236 0.0882462
104.257 0.0882154
104.324 0.0881885
104.345 0.088165
104.413 0.0881443
104.433 0.0881263
104.501 0.0881105
104.521 0.0882217
104.589 0.088194
104.609 0.0881697
104.677 0.0882735
104.698 0.0882393
104.765 0.0882094
104.786 0.0881832
104.854 0.0881603
104.874 0.0881403
104.942 0.0881228
104.962 0.0882324
105.03 0.0882034
105.05 0.0881779
105.118 0.0882807
105.138 0.0882456
105.206 0.0882149
105.227 0.088188
105.295 0.0881645
105.315 0.088144
105.383 0.088126
105.403 0.0882352
105.471 0.0882058
105.491 0.0881801
105.559 0.0882826
105.579 0.0882473
105.647 0.0882163
105.668 0.0881893
105.735 0.0881656
105.756 0.0881449
105.824 0.0881268
105.844 0.088236
105.912 0.0882065
105.932 0.0881807
106 0.0882831
106.02 0.0882477
106.088 0.0882167
106.109 0.0881896
106.176 0.0881659
106.197 0.0881452
106.265 0.088127
106.285 0.0881112
106.353 0.0880973
106.373 0.0882101
106.441 0.0883088
106.461 0.0882702
106.529 0.0882365
106.55 0.0882069
106.617 0.088181
106.638 0.0881584
106.706 0.0881386
106.726 0.0881213
106.794 0.0881061
106.814 0.0882179
106.882 0.0881906
106.902 0.0881668
106.97 0.0882709
106.991 0.0882371
107.058 0.0882074
107.079 0.0881815
107.147 0.0881588
107.167 0.088139
107.235 0.0881216
107.255 0.0882314
107.323 0.0882025
107.343 0.0881772
107.411 0.08828
107.431 0.088245
107.499 0.0882144
107.52 0.0881876
107.588 0.0881641
107.608 0.0881436
107.676 0.0881257
107.696 0.088235
107.764 0.0882056
107.784 0.0881799
107.852 0.0882824
107.872 0.0882471
107.94 0.0882162
107.961 0.0881892
108.028 0.0881655
108.049 0.0881448
108.117 0.0881267
108.137 0.0882359
108.205 0.0882064
108.225 0.0881806
108.293 0.088283
108.313 0.0882477
108.381 0.0880917
108.401 0.0879552
108.468 0.0879608
108.489 0.0879657
108.556 0.087845
108.576 0.0878644
108.643 0.0878813
108.664 0.0878962
108.732 0.0879091
108.753 0.0879205
108.82 0.0880554
108.841 0.0881735
108.909 0.0882768
108.93 0.0883672
108.998 0.0884463
109.02 0.0885155
109.087 0.0885761
109.109 0.0886291
109.176 0.0886754
109.198 0.088716
109.265 0.0887515
109.287 0.0887826
109.354 0.0888097
109.376 0.0888335
109.444 0.0888543
109.465 0.0888725
109.533 0.0888885
109.554 0.0889024
109.622 0.0889146
109.643 0.0889253
109.711 0.0889346
109.732 0.0889428
109.8 0.0889499
109.821 0.0889562
109.889 0.0889617
109.91 0.0889665
109.978 0.0889707
109.999 0.0889743
110.067 0.0889775
110.088 0.0891053
110.156 0.0890922
110.177 0.0890807
110.245 0.0890706
110.266 0.0890617
110.334 0.089054
110.355 0.0890473
110.423 0.0890414
110.444 0.0890362
110.512 0.0891567
110.533 0.0891371
110.601 0.0891199
110.622 0.089105
110.69 0.0890918
110.711 0.0890804
110.779 0.0890703
110.8 0.0890615
110.868 0.0890538
110.889 0.0890471
110.957 0.0890412
110.978 0.0890361
111.046 0.0890316
111.067 0.0890276
111.135 0.0890242
111.156 0.0890211
111.224 0.0890185
111.246 0.0890162
111.313 0.0890142
111.335 0.0890124
111.402 0.0890108
111.424 0.0890095
111.491 0.0890083
111.513 0.0890073
111.58 0.0890064
111.602 0.0890056
111.67 0.0890049
111.691 0.0890043
111.759 0.0890037
111.78 0.0890033
111.848 0.0890028
111.869 0.0890025
111.937 0.0890022
111.958 0.0890019
112.026 0.0890017
112.047 0.0890015
112.115 0.0890013
112.136 0.0890011
112.204 0.089001
112.225 0.0890009
112.293 0.0890007
112.314 0.0891257
112.382 0.0891099
112.403 0.0890962
112.471 0.0890842
112.492 0.0890737
112.56 0.0890644
112.581 0.0890564
112.649 0.0890493
112.67 0.0890432
112.738 0.0891628
112.759 0.0891424
112.827 0.0891246
112.848 0.089109
112.916 0.0890954
112.937 0.0890835
113.005 0.0890731
113.026 0.0890639
113.094 0.0890559
113.115 0.0890489
113.183 0.0890428
113.204 0.0890375
113.272 0.0890328
113.293 0.0890287
113.361 0.0890251
113.382 0.089022
113.45 0.0890192
113.472 0.0890168
113.539 0.0890147
113.561 0.0890129
113.628 0.0890113
113.65 0.0890099
113.717 0.0890086
113.739 0.0890075
113.806 0.0890066
113.828 0.0890058
113.896 0.0890051
113.917 0.0890044
113.985 0.0890039
114.006 0.0890034
114.074 0.089003
114.095 0.0890026
114.163 0.0890023
114.184 0.089002
114.252 0.0890017
114.273 0.0890015
114.341 0.0890013
114.362 0.0890012
114.43 0.089001
114.451 0.0890009
114.519 0.0890008
114.54 0.0891257
114.608 0.08911
114.629 0.0890962
114.697 0.0890842
114.718 0.0890737
114.786 0.0890645
114.807 0.0890564
114.875 0.0890494
114.896 0.0890432
114.964 0.0891628
114.985 0.0891424
115.053 0.0891246
115.074 0.0891091
115.142 0.0890954
115.163 0.0890835
115.231 0.0890731
115.252 0.0890639
115.32 0.0890559
115.341 0.0890489
115.409 0.0890428
115.43 0.0890375
115.498 0.0890328
115.519 0.0890287
115.587 0.0890251
115.608 0.089022
115.676 0.0890192
115.698 0.0890168
115.765 0.0890147
115.787 0.0890129
115.854 0.0890113
115.876 0.0890099
115.943 0.0890086
115.965 0.0890075
116.032 0.0890066
116.054 0.0890058
116.122 0.0890051
116.143 0.0890044
116.211 0.0890039
116.232 0.0890034
116.3 0.089003
116.321 0.0890026
116.389 0.0890023
116.41 0.089002
116.478 0.0890017
116.499 0.0890015
116.567 0.0890013
116.588 0.0890012
116.656 0.089001
116.677 0.0890009
116.745 0.0890008
116.766 0.0891257
116.834 0.08911
116.855 0.0890962
116.923 0.0890842
116.944 0.0890737
117.012 0.0890645
117.033 0.0890564
117.101 0.0890494
117.122 0.0890432
117.19 0.0891628
117.211 0.0891424
117.279 0.0891246
117.3 0.0891091
117.368 0.0890954
117.389 0.0890835
117.457 0.0890731
117.478 0.0890639
117.546 0.0890559
117.567 0.0890489
117.635 0.0890428
117.656 0.0890375
117.724 0.0890328
117.745 0.0890287
117.813 0.0890251
117.834 0.089022
117.902 0.0890192
117.924 0.0890168
117.991 0.0890147
118.013 0.0890129
118.08 0.0890113
118.102 0.0890099
118.169 0.0890086
118.191 0.0890075
118.258 0.0890066
118.28 0.0890058
118.348 0.0890051
118.369 0.0890044
118.437 0.0890039
118.458 0.0890034
118.526 0.089003
118.547 0.0890026
118.615 0.0890023
118.636 0.089002
118.704 0.0890017
118.725 0.0890015
118.793 0.0890013
118.812 0.0888762
118.88 0.0887666
118.9 0.0886708
118.968 0.088462
118.988 0.0882792
119.056 0.0882443
119.075 0.0882138
119.144 0.0881871
119.164 0.0881637
119.233 0.0882682
119.253 0.0883597
119.322 0.0885647
119.342 0.0887441
119.411 0.0887761
119.431 0.0888041
119.5 0.0888286
119.52 0.08885
119.589 0.0888688
119.609 0.0888852
119.678 0.0888995
119.699 0.0889121
119.767 0.0889231
119.788 0.0889327
119.856 0.0889411
119.877 0.0889485
119.945 0.0889549
119.966 0.0889605
120.034 0.0889655
120.055 0.0889698
120.123 0.0889736
120.144 0.0889769
120.212 0.0889798
120.233 0.0889823
120.301 0.0889845
120.322 0.0889864
120.391 0.0889881
120.411 0.0889896
120.48 0.0889909
120.5 0.088992
120.569 0.088993
120.589 0.0889939
120.658 0.0889947
120.678 0.0889953
120.747 0.0889959
120.767 0.0891214
120.836 0.0891063
120.856 0.089093
120.925 0.0890813
120.945 0.0890712
121.014 0.0890623
121.034 0.0890545
121.103 0.0890477
121.123 0.0890417
121.192 0.0890365
121.212 0.0890319
121.281 0.0890279
121.301 0.0890245
121.37 0.0890214
121.39 0.0890187
121.459 0.0890164
121.479 0.0890143
121.548 0.0891375
121.568 0.0891203
121.637 0.0891053
121.657 0.0890921
121.726 0.0890806
121.746 0.0890705
121.815 0.0890617
121.835 0.089054
121.904 0.0890473
121.925 0.0890414
121.993 0.0890362
122.014 0.0890317
122.082 0.0890277
122.103 0.0890242
122.171 0.0890212
122.192 0.0890186
122.26 0.0890162
122.281 0.0890142
122.349 0.0890124
122.37 0.0890109
122.438 0.0890095
122.459 0.0890083
122.527 0.0890073
122.548 0.0890064
122.617 0.0890056
122.637 0.0890049
122.706 0.0890043
122.726 0.0890037
122.795 0.0890033
122.815 0.0890029
122.884 0.0890025
122.904 0.0890022
122.973 0.0890019
122.993 0.0891267
123.062 0.0891108
123.082 0.089097
123.151 0.0890849
123.171 0.0890743
123.24 0.089065
123.26 0.0890568
123.329 0.0890497
123.349 0.0890435
123.418 0.0890381
123.438 0.0890333
123.507 0.0890292
123.527 0.0890255
123.596 0.0890223
123.616 0.0890195
123.685 0.0890171
123.705 0.089015
123.774 0.0891381
123.794 0.0891208
123.863 0.0891057
123.883 0.0890925
123.952 0.0890809
123.972 0.0890708
124.041 0.089062
124.061 0.0890542
124.13 0.0890474
124.151 0.0890415
124.219 0.0890363
124.24 0.0890318
124.308 0.0890278
124.329 0.0890243
124.397 0.0890213
124.418 0.0890186
124.486 0.0890163
124.507 0.0890143
124.575 0.0890125
124.596 0.0890109
124.664 0.0890096
124.685 0.0890084
124.753 0.0890073
124.774 0.0890064
124.843 0.0890056
124.863 0.0890049
124.932 0.0890043
124.952 0.0890038
125.021 0.0890033
125.041 0.0890029
125.11 0.0890025
125.13 0.0890022
125.199 0.0890019
125.219 0.0891267
125.288 0.0891108
125.308 0.089097
125.377 0.0890849
125.397 0.0890743
125.466 0.089065
125.486 0.0890569
125.555 0.0890497
125.575 0.0890435
125.644 0.0890381
125.664 0.0890333
125.733 0.0890292
125.753 0.0890255
125.822 0.0890223
125.842 0.0890195
125.911 0.0890171
125.931 0.089015
126 0.0891381
126.02 0.0891208
126.089 0.0891057
126.109 0.0890925
126.178 0.0890809
126.198 0.0890708
126.267 0.089062
126.287 0.0890542
126.356 0.0890474
126.377 0.0890415
126.445 0.0890363
126.466 0.0890318
126.534 0.0890278
126.555 0.0890243
126.623 0.0890213
126.644 0.0890186
126.712 0.0890163
126.733 0.0890143
126.801 0.0890125
126.822 0.0890109
126.89 0.0890096
126.911 0.0890084
126.979 0.0890073
127 0.0890064
127.069 0.0890056
127.089 0.0890049
127.158 0.0890043
127.178 0.0890038
127.247 0.0890033
127.267 0.0890029
127.336 0.0890025
127.356 0.0890022
127.425 0.0890019
127.445 0.0891267
127.514 0.0891108
127.534 0.089097
127.603 0.0890849
127.623 0.0890743
127.692 0.089065
127.712 0.0890569
127.781 0.0890497
127.801 0.0890435
127.87 0.0890381
127.89 0.0890333
127.959 0.0890292
127.979 0.0890255
128.048 0.0890223
128.068 0.0890195
128.137 0.0890171
128.157 0.089015
128.226 0.0891381
128.246 0.0891208
128.315 0.0891057
128.335 0.0890925
128.404 0.0890809
128.424 0.0890708
128.493 0.089062
128.513 0.0890542
128.582 0.0890474
128.603 0.0890415
128.671 0.0890363
128.692 0.0890318
128.76 0.0890278
128.781 0.0890243
128.849 0.0890213
128.87 0.0890186
128.938 0.0890163
128.959 0.0890143
129.027 0.0890125
129.048 0.0890109
129.116 0.0890096
129.137 0.0890084
129.205 0.0890073
129.226 0.0890064
129.293 0.0888806
129.313 0.0887705
129.381 0.0885492
129.401 0.0884806
129.468 0.0884205
129.489 0.0882429
129.556 0.0880876
129.577 0.0880766
129.644 0.088192
129.665 0.088293
129.733 0.0882564
129.754 0.0883494
129.821 0.0884307
129.843 0.0885018
129.91 0.0885641
129.933 0.0886186
130 0.0886663
130.022 0.088708
130.089 0.0887445
130.111 0.0887764
130.178 0.0888044
130.2 0.0888288
130.267 0.0888502
130.289 0.0888689
130.356 0.0888853
130.378 0.0888997
130.445 0.0889122
130.467 0.0889232
130.534 0.0889328
130.556 0.0889412
130.623 0.0889485
130.645 0.088955
130.712 0.0889606
130.734 0.0889655
130.801 0.0889698
130.823 0.0889736
130.89 0.0889769
130.912 0.0889798
130.979 0.0889823
131.001 0.0891095
131.068 0.0890958
131.09 0.0890839
131.157 0.0891984
131.179 0.0891736
131.246 0.0891519
131.268 0.0891329
131.335 0.0891163
131.357 0.0891017
131.424 0.089089
131.446 0.0890779
131.513 0.0890682
131.535 0.0890596
131.602 0.0890522
131.624 0.0890457
131.691 0.08904
131.713 0.089035
131.78 0.0890306
131.802 0.0890268
131.869 0.0890234
131.891 0.0890205
131.958 0.0890179
131.98 0.0890157
132.047 0.0890137
132.069 0.089012
132.136 0.0890105
132.159 0.0890092
132.226 0.089008
132.248 0.089007
132.315 0.0890062
132.337 0.0890054
132.404 0.0890047
132.426 0.0890041
132.493 0.0890036
132.515 0.0890032
132.582 0.0890028
132.604 0.0890024
132.671 0.0890021
132.693 0.0890018
132.76 0.0890016
132.782 0.0890014
132.849 0.0890012
132.871 0.0890011
132.938 0.0890009
132.96 0.0890008
133.027 0.0890007
133.049 0.0890006
133.116 0.0890006
133.138 0.0890005
133.205 0.0890004
133.227 0.0891254
133.294 0.0891097
133.316 0.089096
133.383 0.089209
133.405 0.0891829
133.472 0.08916
133.494 0.08914
133.561 0.0891225
133.583 0.0891072
133.65 0.0890938
133.672 0.0890821
133.739 0.0890718
133.761 0.0890628
133.828 0.089055
133.85 0.0890481
133.917 0.0890421
133.939 0.0890368
134.006 0.0890322
134.028 0.0890282
134.095 0.0890247
134.117 0.0890216
134.184 0.0890189
134.206 0.0890165
134.273 0.0890145
134.295 0.0890127
134.362 0.0890111
134.385 0.0890097
134.452 0.0890085
134.474 0.0890074
134.541 0.0890065
134.563 0.0890057
134.63 0.089005
134.652 0.0890043
134.719 0.0890038
134.741 0.0890033
134.808 0.0890029
134.83 0.0890025
134.897 0.0890022
134.919 0.0890019
134.986 0.0890017
135.008 0.0890015
135.075 0.0890013
135.097 0.0890011
135.164 0.089001
135.186 0.0890009
135.253 0.0890008
135.275 0.0890007
135.342 0.0890006
135.364 0.0890005
135.431 0.0890004
135.453 0.0891254
135.52 0.0891097
135.542 0.089096
135.609 0.089209
135.631 0.0891829
135.698 0.08916
135.72 0.08914
135.787 0.0891225
135.809 0.0891072
135.876 0.0890938
135.898 0.0890821
135.965 0.0890718
135.987 0.0890628
136.054 0.089055
136.076 0.0890481
136.143 0.0890421
136.165 0.0890368
136.232 0.0890322
136.254 0.0890282
136.321 0.0890247
136.343 0.0890216
136.41 0.0890189
136.432 0.0890165
136.499 0.0890145
136.521 0.0890127
136.588 0.0890111
136.611 0.0890097
136.678 0.0890085
136.7 0.0890074
136.767 0.0890065
136.789 0.0890057
136.856 0.089005
136.878 0.0890043
136.945 0.0890038
136.967 0.0890033
137.034 0.0890029
137.056 0.0890025
137.123 0.0890022
137.145 0.0890019
137.212 0.0890017
137.234 0.0890015
137.301 0.0890013
137.323 0.0890011
137.39 0.089001
137.412 0.0890009
137.479 0.0890008
137.501 0.0890007
137.568 0.0890006
137.59 0.0890005
137.657 0.0890004
137.679 0.0891254
137.746 0.0891097
137.768 0.089096
137.835 0.089209
137.857 0.0891829
137.924 0.08916
137.946 0.08914
138.013 0.0891225
138.035 0.0891072
138.102 0.0890938
138.124 0.0890821
138.191 0.0890718
138.213 0.0890628
138.28 0.089055
138.302 0.0890481
138.369 0.0890421
138.391 0.0890368
138.458 0.0890322
138.48 0.0890282
138.547 0.0890247
138.569 0.0890216
138.636 0.0890189
138.658 0.0890165
138.725 0.0890145
138.747 0.0890127
138.814 0.0890111
138.837 0.0890097
138.904 0.0890085
138.926 0.0890074
138.993 0.0890065
139.015 0.0890057
139.082 0.089005
139.104 0.0890043
139.171 0.0890038
139.193 0.0890033
139.26 0.0890029
139.282 0.0890025
139.349 0.0890022
139.371 0.0890019
139.438 0.0890017
139.46 0.0890015
139.527 0.0890013
139.549 0.0890011
139.616 0.089001
139.638 0.0890009
139.705 0.0890008
139.725 0.0888757
139.792 0.0887662
139.813 0.0886704
139.88 0.0885866
139.901 0.0883883
139.968 0.0882148
139.988 0.0881879
140.055 0.0881644
140.076 0.0881439
140.144 0.0881259
140.165 0.0882352
140.232 0.0883308
140.254 0.0884144
140.321 0.0884876
140.343 0.0885517
140.41 0.0886077
140.432 0.0886567
140.499 0.0886996
140.521 0.0887372
140.588 0.08877
140.61 0.0887988
140.677 0.0888239
140.699 0.0888459
140.766 0.0888652
140.789 0.0888821
140.856 0.0888968
140.878 0.0889097
140.945 0.088921
140.967 0.0889309
141.034 0.0889395
141.056 0.0889471
141.123 0.0889537
141.145 0.0889595
141.212 0.0889645
141.234 0.088969
141.301 0.0889728
141.323 0.0889762
141.39 0.0889792
141.412 0.0889818
141.479 0.0889841
141.501 0.0889861
141.568 0.0889878
141.59 0.0889893
141.657 0.0889907
141.679 0.0889918
141.746 0.0889929
141.768 0.0889937
141.835 0.0889945
141.857 0.0891202
141.924 0.0892302
141.946 0.0892014
142.013 0.0891762
142.035 0.0891542
142.102 0.0891349
142.124 0.0891181
142.191 0.0891033
142.213 0.0890904
142.28 0.0890791
142.302 0.0890692
142.369 0.0890606
142.391 0.089053
142.458 0.0890464
142.48 0.0890406
142.547 0.0890355
142.569 0.0890311
142.636 0.0890272
142.658 0.0890238
142.725 0.0890208
142.747 0.0890182
142.814 0.0890159
142.836 0.0890139
142.903 0.0890122
142.925 0.0890107
142.992 0.0890093
143.015 0.0890082
143.082 0.0890071
143.104 0.0890063
143.171 0.0890055
143.193 0.0890048
143.26 0.0890042
143.282 0.0890037
143.349 0.0890032
143.371 0.0890028
143.438 0.0890025
143.46 0.0890021
143.527 0.0890019
143.549 0.0890016
143.616 0.0890014
143.638 0.0890013
143.705 0.0890011
143.727 0.089001
143.794 0.0890008
143.816 0.0890007
143.883 0.0890006
143.905 0.0890006
143.972 0.0890005
143.994 0.0890004
144.061 0.0890004
144.083 0.0891253
144.15 0.0892347
144.172 0.0892053
144.239 0.0891797
144.261 0.0891572
144.328 0.0891376
144.35 0.0891204
144.417 0.0891053
144.439 0.0890921
144.506 0.0890806
144.528 0.0890705
144.595 0.0890617
144.617 0.089054
144.684 0.0890473
144.706 0.0890414
144.773 0.0890362
144.795 0.0890317
144.862 0.0890277
144.884 0.0890242
144.951 0.0890212
144.973 0.0890186
145.04 0.0890162
145.062 0.0890142
145.129 0.0890124
145.151 0.0890109
145.218 0.0890095
145.241 0.0890083
145.308 0.0890073
145.33 0.0890064
145.397 0.0890056
145.419 0.0890049
145.486 0.0890043
145.508 0.0890037
145.575 0.0890033
145.597 0.0890029
145.664 0.0890025
145.686 0.0890022
145.753 0.0890019
145.775 0.0890017
145.842 0.0890015
145.864 0.0890013
145.931 0.0890011
145.953 0.089001
146.02 0.0890009
146.042 0.0890007
146.109 0.0890007
146.131 0.0890006
146.198 0.0890005
146.22 0.0890004
146.287 0.0890004
146.309 0.0891253
146.376 0.0892347
146.398 0.0892053
146.465 0.0891797
146.487 0.0891572
146.554 0.0891376
146.576 0.0891204
146.643 0.0891053
146.665 0.0890922
146.732 0.0890806
146.754 0.0890706
146.821 0.0890617
146.843 0.089054
146.91 0.0890473
146.932 0.0890414
146.999 0.0890362
147.021 0.0890317
147.088 0.0890277
147.11 0.0890242
147.177 0.0890212
147.199 0.0890186
147.266 0.0890162
147.288 0.0890142
147.355 0.0890124
147.377 0.0890109
147.444 0.0890095
147.467 0.0890083
147.534 0.0890073
147.556 0.0890064
147.623 0.0890056
147.645 0.0890049
147.712 0.0890043
147.734 0.0890037
147.801 0.0890033
147.823 0.0890029
147.89 0.0890025
147.912 0.0890022
147.979 0.0890019
148.001 0.0890017
148.068 0.0890015
148.09 0.0890013
148.157 0.0890011
148.179 0.089001
148.246 0.0890009
148.268 0.0890007
148.335 0.0890007
148.357 0.0890006
148.424 0.0890005
148.446 0.0890004
148.513 0.0890004
148.535 0.0891253
148.602 0.0892347
148.624 0.0892053
148.691 0.0891797
148.713 0.0891572
148.78 0.0891376
148.802 0.0891204
148.869 0.0891053
148.891 0.0890922
148.958 0.0890806
148.98 0.0890706
149.047 0.0890617
149.069 0.089054
149.136 0.0890473
149.158 0.0890414
149.225 0.0890362
149.247 0.0890317
149.314 0.0890277
149.336 0.0890242
149.403 0.0890212
149.425 0.0890186
149.492 0.0890162
149.514 0.0890142
149.581 0.0890124
149.603 0.0890109
149.67 0.0890095
149.693 0.0890083
149.76 0.0890073
149.782 0.0890064
149.849 0.0890056
149.871 0.0890049
149.938 0.0890043
149.96 0.0890037
150.027 0.0890033
150.049 0.0890029
150.114 0.0888775
150.136 0.0887678
150.202 0.0885468
150.224 0.0883535
150.289 0.0883093
150.311 0.0882706
150.376 0.0881118
150.398 0.0879728
150.464 0.0878512
150.486 0.0877448
150.551 0.0877767
150.573 0.0878046
150.639 0.087704
150.661 0.087616
150.726 0.087664
150.748 0.087706
150.814 0.0876178
150.836 0.0875406
150.901 0.087473
150.923 0.0874139
150.988 0.0874871
151.01 0.0875512
151.076 0.0874823
151.098 0.087422
151.163 0.0874943
151.185 0.0875575
151.251 0.0874878
151.272 0.0874268
151.338 0.0874985
151.36 0.0874362
151.426 0.0873816
151.447 0.0874589
151.513 0.0874016
151.535 0.0873514
151.6 0.0874325
151.622 0.0875034
151.688 0.0874405
151.71 0.0873854
151.775 0.0874622
151.797 0.0875295
151.863 0.0874633
151.885 0.0874054
151.95 0.0873547
151.972 0.0873104
152.037 0.0873966
152.059 0.087472
152.125 0.087413
152.147 0.0873614
152.212 0.0874412
152.234 0.087511
152.3 0.0874472
152.322 0.0873913
152.387 0.0874674
152.409 0.0875339
152.475 0.0874672
152.497 0.0874088
152.562 0.0873577
152.584 0.087438
152.649 0.0875082
152.672 0.0874447
152.737 0.0873891
152.759 0.0874655
152.824 0.0875323
152.847 0.0874658
152.912 0.0874075
152.934 0.0874816
152.999 0.0875464
153.022 0.0874781
153.087 0.0874183
153.109 0.087491
153.174 0.0875547
153.196 0.0874853
153.261 0.0874247
153.284 0.0873716
153.349 0.0873251
153.371 0.0874095
153.436 0.0874833
153.459 0.0874229
153.524 0.08737
153.546 0.0874488
153.611 0.0875177
153.634 0.087453
153.698 0.0873963
153.721 0.0873468
153.786 0.0873035
153.808 0.0873905
153.873 0.0874667
153.896 0.0874084
153.961 0.0873573
153.983 0.0874377
154.048 0.0875079
154.071 0.0874445
154.136 0.0873889
154.158 0.0874653
154.223 0.0875321
154.245 0.0874656
154.31 0.0874074
154.333 0.0873565
154.398 0.0873119
154.42 0.0873979
154.485 0.0874732
154.508 0.087414
154.573 0.0873623
154.595 0.087442
154.66 0.0875117
154.683 0.0874478
154.748 0.0873918
154.77 0.0873428
154.835 0.087425
154.857 0.0874969
154.922 0.0874347
154.945 0.0875054
155.01 0.0874422
155.032 0.0873869
155.097 0.0874636
155.12 0.0874056
155.185 0.0873549
155.207 0.0874356
155.272 0.0873811
155.295 0.0873335
155.359 0.0874168
155.382 0.0874897
155.447 0.0874285
155.469 0.0873749
155.534 0.0874531
155.557 0.0873964
155.622 0.0873469
155.644 0.0874285
155.709 0.0874999
155.732 0.0874375
155.797 0.0873828
155.819 0.0874599
155.884 0.0875274
155.906 0.0874615
155.972 0.0874038
155.994 0.0873533
156.059 0.0874342
156.081 0.0875049
156.147 0.0874418
156.169 0.0873866
156.234 0.0874632
156.256 0.0875303
156.322 0.087464
156.344 0.087406
156.409 0.0874803
156.431 0.0875452
156.496 0.0874771
156.519 0.0874175
156.584 0.0873653
156.606 0.0873196
156.671 0.0874047
156.693 0.0874791
156.759 0.0874192
156.781 0.0873668
156.846 0.0874459
156.868 0.0875152
156.934 0.0874508
156.956 0.0873944
157.021 0.0874701
157.043 0.0874114
157.109 0.08736
157.13 0.08744
157.196 0.087385
157.218 0.0873368
157.283 0.0874197
157.305 0.0874923
157.371 0.0874307
157.393 0.0873769
157.458 0.0874548
157.48 0.0875229
157.546 0.0874576
157.568 0.0874004
157.633 0.0873503
157.655 0.0874315
157.72 0.0875026
157.742 0.0874398
157.808 0.0873848
157.83 0.0873367
157.895 0.0874196
157.918 0.0874922
157.983 0.0874306
158.005 0.0875018
158.07 0.0875641
158.093 0.0874936
158.158 0.0874319
158.18 0.0873779
158.245 0.0874557
158.267 0.0875237
158.333 0.0874582
158.355 0.087401
158.42 0.0874758
158.442 0.0875414
158.507 0.0874737
158.529 0.0874145
158.595 0.0873627
158.617 0.0874423
158.682 0.087512
158.704 0.087448
158.77 0.087392
158.792 0.087343
158.857 0.0874251
158.879 0.087497
158.944 0.0874349
158.967 0.0873805
159.032 0.087333
159.054 0.0874163
159.119 0.0874893
159.142 0.0874281
159.207 0.0873746
159.229 0.0874528
159.294 0.0875212
159.316 0.087456
159.381 0.087399
159.404 0.0873492
159.469 0.0873055
159.491 0.0873923
159.556 0.0874683
159.579 0.0874097
159.644 0.0873585
159.666 0.0874387
159.731 0.0875089
159.754 0.0874453
159.819 0.0873896
159.841 0.0874659
159.906 0.0874077
159.929 0.0873567
159.993 0.0874371
160.016 0.0875075
160.081 0.087444
160.104 0.0873885
160.168 0.087465
160.191 0.0874068
160.256 0.087356
160.278 0.0874365
160.343 0.0873819
160.366 0.0873342
160.43 0.0874174
160.453 0.0874902
160.518 0.087429
160.54 0.0873753
160.605 0.0874534
160.628 0.0873967
160.693 0.0873471
160.715 0.0874288
160.78 0.0875002
160.803 0.0874376
160.868 0.0873829
160.89 0.0874601
160.955 0.0875276
160.978 0.0874616
161.043 0.0874039
161.065 0.0873534
161.13 0.0874342
161.152 0.087505
161.218 0.0874418
161.24 0.0873866
161.305 0.0874633
161.327 0.0875304
161.392 0.0874641
161.415 0.0874061
161.48 0.0873553
161.502 0.0874359
161.567 0.0875064
161.59 0.0874431
161.655 0.0873877
161.677 0.0873393
161.742 0.0874218
161.764 0.0874941
161.829 0.0874323
161.852 0.0873783
161.917 0.087331
161.939 0.0874146
162.004 0.0874878
162.026 0.0874268
162.092 0.0873735
162.114 0.0873268
162.179 0.0874109
162.201 0.0874846
162.266 0.087424
162.289 0.087371
162.354 0.0874496
162.376 0.0875184
162.441 0.0874536
162.464 0.0873969
162.529 0.0873473
162.551 0.0874289
162.616 0.0875003
162.639 0.0874377
162.704 0.087383
162.726 0.0873351
162.791 0.0874183
162.814 0.087491
162.879 0.0874296
162.901 0.0875009
162.966 0.0875633
162.989 0.0874929
163.054 0.0874313
163.076 0.0873774
163.141 0.0874552
163.163 0.0875233
163.229 0.0874579
163.251 0.0874006
163.316 0.0873506
163.338 0.0874317
163.403 0.0875028
163.426 0.0874399
163.491 0.0873849
163.513 0.0873368
163.578 0.0874197
163.6 0.0874922
163.665 0.0874307
163.688 0.0873769
163.753 0.0873298
163.775 0.0874135
163.84 0.0874869
163.863 0.087426
163.928 0.0873727
163.95 0.0873262
164.015 0.0874104
164.038 0.0874841
164.103 0.0874236
164.125 0.0874956
164.19 0.0875587
164.213 0.0874888
164.278 0.0874277
164.3 0.0874993
164.365 0.0875619
164.388 0.0874916
164.452 0.0874302
164.475 0.0875014
164.54 0.0875637
164.563 0.0874933
164.628 0.0874316
164.65 0.0875027
164.715 0.0875648
164.738 0.0874942
164.803 0.0874324
164.825 0.0875034
164.89 0.0875655
164.913 0.0876198
164.978 0.0875423
165.001 0.0874745
165.065 0.0875402
165.088 0.0875977
165.153 0.087523
165.176 0.0874576
165.24 0.0875254
165.263 0.0875847
165.328 0.0875116
165.351 0.0874477
165.416 0.0875167
165.438 0.0875771
165.503 0.08763
165.526 0.0875512
165.591 0.0874823
165.613 0.087547
165.678 0.0876037
165.701 0.0876532
165.766 0.0875715
165.789 0.0875001
165.853 0.0875626
165.876 0.0876173
165.941 0.0875401
165.964 0.0874726
166.028 0.0875385
166.051 0.0875962
166.116 0.0875217
166.138 0.0874565
166.203 0.0875244
166.226 0.0875839
166.291 0.0876359
166.314 0.0875564
166.379 0.0874868
166.401 0.087551
166.466 0.0876071
166.489 0.0875312
166.554 0.0874648
166.576 0.0875317
166.641 0.0875903
166.664 0.0875165
166.729 0.0874519
166.751 0.0875204
166.816 0.0875804
166.839 0.0875078
166.903 0.0874443
166.926 0.0875138
166.991 0.0874496
167.014 0.0873934
167.078 0.0874692
167.102 0.0875356
167.166 0.0874686
167.189 0.087535
167.253 0.0875932
167.277 0.087519
167.341 0.0875791
167.364 0.0876317
167.429 0.0875528
167.452 0.0874837
167.516 0.0875482
167.539 0.0876047
167.604 0.0875291
167.627 0.087463
167.691 0.0875301
167.714 0.0875888
167.779 0.0875152
167.802 0.0874508
167.866 0.0875195
167.889 0.0875795
167.954 0.0875071
167.977 0.0875687
168.041 0.0876226
168.065 0.0875448
168.129 0.0874767
168.152 0.0875421
168.217 0.0875993
168.24 0.0875244
168.304 0.0875839
168.327 0.0876359
168.392 0.0875564
168.415 0.0874869
168.479 0.087551
168.502 0.0876071
168.567 0.0875312
168.59 0.0874648
168.654 0.0875317
168.677 0.0875903
168.742 0.0875165
168.765 0.0874519
168.829 0.0875204
168.852 0.0875804
168.917 0.0875078
168.94 0.0874443
169.004 0.0875138
169.027 0.0875746
169.092 0.0875028
169.115 0.0874399
169.179 0.0875099
169.202 0.0875712
169.267 0.0874998
169.29 0.0874373
169.354 0.0875076
169.377 0.0875692
169.442 0.087498
169.465 0.0875608
169.53 0.0876157
169.553 0.0875387
169.617 0.0875964
169.64 0.0876468
169.705 0.087566
169.728 0.0874952
169.792 0.0875583
169.815 0.0876135
169.88 0.0875368
169.903 0.0874697
169.967 0.087536
169.99 0.087594
170.055 0.0875198
170.078 0.0874548
170.142 0.0875229
170.165 0.0875826
170.23 0.0875098
170.253 0.087446
170.317 0.0875153
170.341 0.0875759
170.405 0.0876289
170.428 0.0876753
170.493 0.0875909
170.516 0.087517
170.58 0.0875774
170.603 0.0876302
170.668 0.0875514
170.691 0.0874825
170.755 0.0875472
170.778 0.0876038
170.843 0.0875283
170.866 0.0874623
170.93 0.0875295
170.953 0.0875883
171.018 0.0875148
171.041 0.0874504
171.105 0.0875191
171.128 0.0875792
171.193 0.0875068
171.216 0.0874435
171.281 0.087513
171.303 0.0875739
171.368 0.0876272
171.391 0.0875488
171.455 0.0874802
171.478 0.0875452
171.543 0.087602
171.566 0.0875268
171.63 0.0874609
171.654 0.0875283
171.718 0.0874623
171.741 0.0875295
171.805 0.0875883
171.829 0.0875148
171.893 0.0874504
171.916 0.0875191
171.981 0.0875792
172.004 0.0875068
172.068 0.0875685
172.091 0.0876224
172.156 0.0875446
172.179 0.0874765
172.243 0.087542
172.266 0.0875992
172.331 0.0875243
172.354 0.0874588
172.418 0.0875264
172.441 0.0875856
172.506 0.0875124
172.529 0.0875734
172.593 0.0876267
172.617 0.0875484
172.681 0.0874798
172.704 0.0875448
172.768 0.0876017
172.792 0.0875265
172.856 0.0875857
172.879 0.0876375
172.944 0.0875578
172.967 0.0874881
173.031 0.0875521
173.054 0.0876081
173.119 0.087532
173.142 0.0874655
173.206 0.0875323
173.229 0.0875908
173.294 0.087517
173.317 0.0874523
173.381 0.0875208
173.404 0.0875807
173.469 0.0875081
173.492 0.0874446
173.556 0.087514
173.579 0.0875748
173.644 0.0876279
173.667 0.0875494
173.732 0.0874807
173.754 0.0875457
173.819 0.0874774
173.842 0.0874178
173.906 0.0874905
173.929 0.0875542
173.994 0.0874849
174.016 0.0874243
174.081 0.0874963
174.104 0.0874343
174.168 0.08738
174.192 0.0874575
174.256 0.0874003
174.279 0.0874753
174.343 0.0875408
174.367 0.0874732
174.431 0.0874141
174.454 0.0874873
174.518 0.0875514
174.542 0.0874825
174.606 0.0874222
174.629 0.0874944
174.694 0.0875576
174.717 0.0874879
174.781 0.0874269
174.804 0.0874985
174.869 0.0875612
174.892 0.0874911
174.956 0.0875547
174.98 0.0876104
175.044 0.0875341
175.067 0.0875923
175.131 0.0876433
175.155 0.0875629
175.219 0.0874925
175.242 0.0875559
175.306 0.0876114
175.33 0.087535
175.394 0.0874681
175.417 0.0875346
175.481 0.0875928
175.505 0.0875187
175.569 0.0874539
175.592 0.0875221
175.656 0.0875819
175.68 0.0875091
175.744 0.0875705
175.767 0.0876242
175.832 0.0875461
175.855 0.0876029
175.919 0.0876525
175.942 0.087571
176.007 0.0874996
176.03 0.0874371
176.094 0.0875075
176.117 0.0875691
176.182 0.0874979
176.205 0.0874357
176.269 0.0875062
176.292 0.0875679
176.357 0.087497
176.38 0.0875598
176.444 0.0876149
176.468 0.087538
176.532 0.0874707
176.555 0.0875369
176.619 0.0875948
176.643 0.0875204
176.707 0.0874554
176.73 0.0875235
176.794 0.087583
176.818 0.0875101
176.882 0.0874464
176.905 0.0875156
176.969 0.0875761
176.993 0.0875041
177.057 0.0875661
177.08 0.0876203
177.145 0.0875428
177.168 0.0874749
177.232 0.0875406
177.255 0.087598
177.32 0.0875233
177.343 0.0874578
177.407 0.0875256
177.431 0.0875849
177.495 0.0875118
177.518 0.0875728
177.582 0.0876262
177.606 0.0875479
177.67 0.0874794
177.693 0.0875445
177.757 0.0876015
177.781 0.0875263
177.845 0.0874605
177.868 0.0875279
177.932 0.0875869
177.956 0.0875136
178.02 0.0874494
178.043 0.0875182
178.108 0.0875784
178.131 0.0875061
178.195 0.0875679
178.218 0.0876219
178.283 0.0875441
178.306 0.0876011
178.37 0.087651
178.394 0.0875696
178.458 0.0874984
178.481 0.0875611
178.545 0.087616
178.569 0.087539
178.633 0.0874716
178.656 0.0875376
178.72 0.0875954
178.744 0.087521
178.808 0.0874559
178.831 0.0875239
178.895 0.0875834
178.919 0.0875105
178.983 0.0875717
179.006 0.0876252
179.07 0.0875471
179.094 0.0874787
179.158 0.0874188
179.181 0.0874915
179.246 0.0875551
179.269 0.0874857
179.333 0.08755
179.356 0.0876062
179.421 0.0875304
179.444 0.0874641
179.508 0.0875311
179.532 0.0875897
179.596 0.087516
179.619 0.0875765
179.683 0.0876294
179.707 0.0875508
179.771 0.0874819
179.794 0.0875467
179.858 0.0876033
179.882 0.0875279
179.946 0.0874619
179.969 0.0875292
180.033 0.087588
180.057 0.0875145
180.121 0.0874502
180.144 0.0875189
180.208 0.0875791
180.232 0.0875067
180.296 0.0875684
180.319 0.0876223
180.384 0.0875445
180.407 0.0876015
180.471 0.0876513
180.495 0.0875699
180.559 0.0874986
180.582 0.0875613
180.646 0.0876161
180.67 0.0875391
180.734 0.0874717
180.757 0.0875378
180.821 0.0875955
180.845 0.0875211
180.909 0.087456
180.932 0.087524
180.996 0.0875835
181.02 0.0875105
181.084 0.0874467
181.107 0.0875159
181.172 0.0875764
181.195 0.0875043
181.259 0.0875663
181.282 0.0876205
181.347 0.0875429
181.37 0.0874751
181.434 0.0874157
181.457 0.0874887
181.521 0.0875526
181.545 0.0874836
181.609 0.0874231
181.632 0.0874952
181.697 0.0875583
181.72 0.0874885
181.784 0.0875525
181.807 0.0876084
181.872 0.0875324
181.895 0.0874658
181.959 0.0875326
181.983 0.087591
182.047 0.0875171
182.07 0.0875775
182.134 0.0876303
182.158 0.0875515
182.222 0.0874826
182.245 0.0875473
182.309 0.0876038
182.333 0.0875284
182.397 0.0874623
182.42 0.0875295
182.484 0.0875883
182.508 0.0875148
182.572 0.0874504
182.595 0.0875191
182.659 0.0875792
182.683 0.0875068
182.747 0.0875685
182.77 0.0876224
182.835 0.0875446
182.858 0.0876015
182.922 0.0876513
182.946 0.0875699
183.01 0.0874987
183.033 0.0875614
183.097 0.0876162
183.121 0.0875392
183.185 0.0874718
183.208 0.0875378
183.272 0.0875956
183.296 0.0875211
183.36 0.087456
183.383 0.087524
183.447 0.0875835
183.471 0.0875105
183.535 0.0874467
183.558 0.0875159
183.623 0.0875764
183.646 0.0875044
183.71 0.0875663
183.733 0.0876205
183.798 0.087543
183.821 0.0874751
183.885 0.0875407
183.908 0.0875981
183.973 0.0875233
183.996 0.0874579
184.06 0.0875257
184.084 0.087585
184.148 0.0875119
184.171 0.0875729
184.235 0.0876263
184.259 0.087548
184.323 0.0874795
184.346 0.0875445
184.41 0.0876015
184.434 0.0875263
184.498 0.0874605
184.521 0.0875279
184.585 0.0875869
184.609 0.0875136
184.673 0.0874494
184.696 0.0875182
184.76 0.0875784
184.784 0.0875061
184.848 0.0874429
184.871 0.0875125
184.936 0.0875734
184.959 0.0876268
185.023 0.0876734
185.047 0.0875892
185.111 0.0875156
185.134 0.0875761
185.198 0.0876291
185.222 0.0875505
185.286 0.0874817
185.309 0.0875465
185.373 0.0876032
185.397 0.0875278
185.461 0.0874618
185.484 0.0875291
185.548 0.0875879
185.572 0.0875144
185.636 0.0874501
185.659 0.0875189
185.723 0.087579
185.747 0.0875066
185.811 0.0875683
185.834 0.0876223
185.899 0.0875445
185.922 0.0874764
185.986 0.0875419
186.009 0.0875991
186.074 0.0875242
186.097 0.0874587
186.161 0.0875264
186.184 0.0875856
186.249 0.0875124
186.272 0.0874483
186.336 0.0875173
186.359 0.0875776
186.424 0.0875054
186.447 0.0874422
186.511 0.087512
186.535 0.087573
186.599 0.0875013
186.622 0.0875637
186.686 0.0876182
186.71 0.0875409
186.774 0.0874733
186.797 0.0875392
186.861 0.0875968
186.885 0.0875222
186.949 0.0874569
186.972 0.0875248
187.036 0.0875842
187.06 0.0875112
187.124 0.0874473
187.147 0.0875164
187.211 0.0875768
187.235 0.0875047
187.299 0.0875666
187.322 0.0876208
187.387 0.0875432
187.41 0.0876003
187.474 0.0876503
187.498 0.087569
187.562 0.0874979
187.585 0.0875606
187.649 0.0876155
187.673 0.0875386
187.737 0.0874713
187.76 0.0875374
187.824 0.0875952
187.848 0.0875208
187.912 0.0874557
187.935 0.0875237
187.999 0.0875833
188.023 0.0875104
188.087 0.0874466
188.11 0.0875157
188.175 0.0875763
188.198 0.0875042
188.262 0.0875662
188.285 0.0876204
188.35 0.0875429
188.373 0.087475
188.437 0.0875406
188.461 0.0875981
188.525 0.0875233
188.548 0.0875829
188.612 0.087635
188.636 0.0875556
188.7 0.0874862
188.723 0.0875504
188.787 0.0876066
188.811 0.0875308
188.875 0.0874644
188.898 0.0875314
188.962 0.08759
188.986 0.0875162
189.05 0.0874517
189.073 0.0875202
189.137 0.0875802
189.161 0.0875077
189.225 0.0874442
189.248 0.0875137
189.312 0.0875745
189.336 0.0875027
189.4 0.0874398
189.423 0.0875099
189.488 0.0875711
189.511 0.0876247
189.575 0.0876716
189.599 0.0875877
189.663 0.0875142
189.686 0.0875749
189.75 0.0876281
189.774 0.0875496
189.838 0.0874809
189.861 0.0875458
189.925 0.0876025
189.949 0.0875272
190.013 0.0874613
190.036 0.0875287
190.1 0.0875876
190.124 0.0875141
190.188 0.0874499
190.211 0.0875186
190.275 0.0875788
190.299 0.0875064
190.363 0.0875681
190.386 0.0876221
190.451 0.0875444
190.474 0.0874763
190.538 0.0874168
190.561 0.0874897
190.625 0.0875535
190.649 0.0874843
190.713 0.0874237
190.736 0.0873708
190.8 0.0874494
190.823 0.0875183
190.887 0.0874535
190.911 0.0873968
190.975 0.0873472
190.998 0.0874288
191.062 0.0875002
191.086 0.0874377
191.15 0.087383
191.173 0.0874601
191.237 0.0875276
191.261 0.0874616
191.325 0.0874039
191.348 0.0874784
191.413 0.0875436
191.436 0.0874757
191.5 0.0875412
191.523 0.0875986
191.587 0.0875237
191.611 0.0874583
191.675 0.087401
191.698 0.0874759
191.763 0.0875414
191.786 0.0874737
191.85 0.0875395
191.873 0.0875971
191.938 0.0875224
191.961 0.0874571
192.025 0.087525
192.048 0.0875844
192.113 0.0875113
192.136 0.0874474
192.2 0.0875165
192.224 0.0875769
192.288 0.0875048
192.311 0.0875667
192.375 0.0876209
192.399 0.0875433
192.463 0.0874753
192.486 0.0875409
192.55 0.0875983
192.574 0.0875235
192.638 0.0874581
192.661 0.0875258
192.725 0.0875851
192.749 0.087512
192.813 0.087448
192.836 0.087517
192.901 0.0875773
192.924 0.0875052
192.988 0.087567
193.011 0.0876211
193.076 0.0875435
193.099 0.0874756
193.163 0.0875411
193.186 0.0875985
193.251 0.0875237
193.274 0.0874582
193.338 0.0875259
193.361 0.0875852
193.426 0.087512
193.449 0.087448
193.513 0.087517
193.536 0.0875774
193.601 0.0875052
193.624 0.0874421
193.688 0.0875118
193.711 0.0875728
193.776 0.0875012
193.799 0.0874386
193.863 0.0875088
193.887 0.0875702
193.951 0.0874989
193.974 0.0875615
194.038 0.0876163
194.061 0.0875393
194.126 0.0874719
194.149 0.0875379
194.213 0.0875957
194.237 0.0875212
194.301 0.087456
194.324 0.087524
194.388 0.0875835
194.412 0.0875106
194.476 0.0874468
194.499 0.0875159
194.564 0.0875764
194.587 0.0875044
194.651 0.0874413
194.674 0.0875112
194.738 0.0875723
194.762 0.0875007
194.826 0.0874381
194.849 0.0875084
194.914 0.0875698
194.937 0.0874986
195.001 0.0875613
195.024 0.0876161
195.089 0.0875391
195.112 0.0874717
195.176 0.0875377
195.199 0.0875955
195.264 0.0875211
195.287 0.087456
195.351 0.087524
195.374 0.0875835
195.439 0.0875105
195.462 0.0875717
195.526 0.0876252
195.55 0.0875471
195.614 0.0874787
195.637 0.0875439
195.701 0.0876009
195.725 0.0875258
195.789 0.08746
195.812 0.0875275
195.876 0.0875866
195.9 0.0875133
195.964 0.0874491
195.987 0.087518
196.051 0.0875782
196.075 0.0875059
196.139 0.0874427
196.162 0.0875124
196.227 0.0875733
196.25 0.0875017
196.314 0.0875639
196.337 0.0876185
196.401 0.0875411
196.425 0.0874735
196.489 0.0875393
196.512 0.0875969
196.577 0.0875223
196.6 0.087457
196.664 0.0875249
196.687 0.0875843
196.752 0.0875112
196.775 0.0874473
196.839 0.0875164
196.862 0.0875769
196.927 0.0875048
196.95 0.0874417
197.014 0.0875114
197.038 0.0875725
197.102 0.087501
197.125 0.0875633
197.189 0.0876179
197.213 0.0875407
197.277 0.0874731
197.3 0.087539
197.364 0.0875966
197.388 0.087522
197.452 0.0874568
197.475 0.0875247
197.539 0.0875841
197.563 0.0875111
197.627 0.0874472
197.65 0.0875163
197.715 0.0875768
197.738 0.0875047
197.802 0.0875666
197.825 0.0876208
197.89 0.0875432
197.913 0.0874753
197.977 0.0875409
198 0.0875982
198.065 0.0875235
198.088 0.087458
198.152 0.0875258
198.175 0.0875851
198.24 0.0875119
198.263 0.0874479
198.327 0.0875169
198.35 0.0875773
198.415 0.0875052
198.438 0.087442
198.502 0.0875118
198.525 0.0875728
198.59 0.0875012
198.613 0.0875635
198.677 0.0876181
198.701 0.0875408
198.765 0.0874732
198.788 0.0875391
198.852 0.0875967
198.875 0.0875221
198.94 0.0874568
198.963 0.0875247
199.027 0.0875841
199.051 0.0875111
199.115 0.0874472
199.138 0.0873913
199.202 0.0874674
199.225 0.087534
199.289 0.0874672
199.313 0.0874088
199.377 0.0873577
199.4 0.087438
199.464 0.0875083
199.487 0.0874447
199.552 0.0873891
199.575 0.0873405
199.639 0.0872979
199.662 0.0873857
199.726 0.0874625
199.75 0.0874047
199.814 0.0873541
199.837 0.0873098
199.901 0.0873961
199.924 0.0874716
199.988 0.0874126
200.012 0.0873611
200.076 0.0873159
200.099 0.0874014
200.163 0.0874763
200.187 0.0874167
200.251 0.0874896
200.275 0.0875534
200.339 0.0874842
200.362 0.0875487
200.426 0.0876051
200.45 0.0875295
200.514 0.0874633
200.537 0.0875304
200.601 0.0875891
200.625 0.0875155
200.689 0.087576
200.713 0.087629
200.777 0.0875504
200.8 0.0876066
200.864 0.0876558
200.888 0.0875738
200.952 0.0875021
200.975 0.0875643
