0.0 0
0.214139 0.204
0.432958 0.204875
0.447075 0.205766
0.461193 0.206545
0.475311 0.207227
0.623552 0.224573
0.637669 0.223002
0.651787 0.221502
0.665905 0.220189
0.680022 0.219165
0.69414 0.21827
0.708258 0.217486
0.722376 0.2168
0.736493 0.2162
0.828252 0.225425
0.84237 0.223747
0.856488 0.222279
0.870606 0.220994
0.884723 0.21987
0.898841 0.218761
0.912959 0.217791
0.927076 0.217067
0.941194 0.216434
1.03295 0.225504
1.04707 0.223816
1.06119 0.222339
1.07531 0.221047
1.08942 0.219916
1.10354 0.218926
1.11766 0.218061
1.13178 0.217178
1.14589 0.216406
1.23765 0.22548
1.25177 0.22367
1.26589 0.222086
1.28001 0.220826
1.29412 0.219722
1.30824 0.218757
1.32236 0.217912
1.33648 0.217173
1.3506 0.216527
1.44235 0.225711
1.45647 0.223997
1.47059 0.222497
1.48471 0.221185
1.49883 0.219912
1.51294 0.218798
1.52706 0.217948
1.54118 0.217205
1.5553 0.216554
1.64706 0.225735
1.66117 0.224018
1.67529 0.222516
1.68941 0.221201
1.70353 0.220051
1.71764 0.219045
1.73176 0.218039
1.74588 0.217159
1.76 0.216389
1.85176 0.225466
1.86587 0.223657
1.87999 0.222075
1.89411 0.220816
1.90823 0.219714
1.92234 0.21875
1.93646 0.217906
1.95058 0.217168
1.9647 0.216522
2.05646 0.225582
2.07057 0.223884
2.08469 0.222398
2.09881 0.220974
2.11293 0.219727
2.12705 0.218761
2.14116 0.217916
2.15528 0.217176
2.1694 0.216529
2.26116 0.225713
2.27528 0.223999
2.28939 0.222499
2.30351 0.221187
2.31763 0.220038
2.33175 0.219034
2.34586 0.218029
2.35998 0.217151
2.3741 0.216507
2.46586 0.225569
2.47998 0.223747
2.49409 0.222279
2.50821 0.220994
2.52233 0.21987
2.53645 0.218886
2.55057 0.218025
2.56468 0.217272
2.5788 0.216488
2.67056 0.225552
2.68468 0.223858
2.6988 0.222251
2.71291 0.220845
2.72703 0.219739
2.74115 0.218772
2.75527 0.217925
2.76938 0.217184
2.7835 0.216536
2.87526 0.225719
2.88938 0.224004
2.9035 0.222504
2.91761 0.221191
2.93173 0.220042
2.94585 0.218912
2.95997 0.217923
2.97408 0.217182
2.9882 0.216535
3.07996 0.225593
3.09408 0.223894
3.1082 0.222407
3.12231 0.221106
3.13643 0.219968
3.15055 0.218972
3.16467 0.2181
3.17879 0.217213
3.1929 0.216436
3.28466 0.225507
3.29878 0.223693
3.3129 0.222107
3.32702 0.220843
3.34113 0.219738
3.35525 0.218771
3.36937 0.217924
3.38349 0.217184
3.3976 0.216536
3.48936 0.225719
3.50348 0.224004
3.5176 0.222503
3.53172 0.221191
3.54583 0.219917
3.55995 0.218802
3.57407 0.217952
3.58819 0.217208
3.6023 0.216557
3.69406 0.225737
3.70818 0.22402
3.7223 0.222518
3.73642 0.221203
3.75053 0.220053
3.76465 0.219046
3.77877 0.21804
3.79289 0.21716
3.80701 0.216515
3.89876 0.225576
3.91288 0.223754
3.927 0.22216
3.94112 0.22089
3.95524 0.219778
3.96935 0.218806
3.98347 0.217955
3.99759 0.217211
4.01171 0.21656
4.10347 0.225615
4.11758 0.223913
4.1317 0.222424
4.14582 0.220996
4.15994 0.219746
4.17405 0.218778
4.18817 0.217931
4.20229 0.217189
4.21641 0.216541
4.30817 0.225723
4.32228 0.224008
4.3364 0.222507
4.35052 0.221193
4.36464 0.220044
4.37875 0.219039
4.39287 0.218034
4.40699 0.217155
4.42111 0.21651
4.51287 0.225572
4.52698 0.22375
4.5411 0.222281
4.55522 0.220996
4.56934 0.219872
4.58346 0.218888
4.59757 0.218027
4.61169 0.217273
4.62581 0.216489
4.71757 0.225553
4.73169 0.223859
4.7458 0.222252
4.75992 0.220845
4.77404 0.219739
4.78816 0.218772
4.80227 0.217926
4.81639 0.217185
4.83051 0.216537
4.92227 0.22572
4.93639 0.224005
4.9505 0.222504
4.96462 0.221191
4.97874 0.220042
4.99286 0.218912
5.00697 0.217923
5.02109 0.217183
5.03521 0.216535
5.12697 0.225593
5.14109 0.223894
5.1552 0.222407
5.16932 0.221106
5.18344 0.219968
5.19756 0.218972
5.21168 0.2181
5.22579 0.217213
5.23991 0.216436
5.33167 0.225507
5.34579 0.223693
5.35991 0.222107
5.37402 0.220843
5.38814 0.219738
5.40226 0.218771
5.41638 0.217924
5.43049 0.217184
5.44461 0.216536
5.53637 0.225719
5.55049 0.224004
5.56461 0.222504
5.57872 0.221191
5.59284 0.219917
5.60696 0.218802
5.62108 0.217952
5.63519 0.217208
5.64931 0.216557
5.74107 0.225737
5.75519 0.22402
5.76931 0.222518
5.78342 0.221203
5.79754 0.220053
5.81166 0.219046
5.82578 0.21804
5.8399 0.21716
5.85401 0.216515
5.94577 0.225576
5.95989 0.223754
5.97401 0.222285
5.98813 0.220999
6.00224 0.219874
6.01636 0.21889
6.03048 0.218029
6.0446 0.217275
6.05871 0.216616
6.15047 0.225664
6.16459 0.223956
6.17871 0.222461
6.19283 0.221029
6.20694 0.219775
6.22106 0.218803
6.23518 0.217953
6.2493 0.217209
6.26341 0.216558
6.35517 0.225738
6.36929 0.224021
6.38341 0.222518
6.39753 0.221203
6.41164 0.220053
6.42576 0.218921
6.43988 0.217931
6.454 0.217065
6.46812 0.216432
6.55987 0.225503
6.57399 0.22369
6.58811 0.222229
6.60223 0.22095
6.61635 0.219831
6.63046 0.218852
6.64458 0.217996
6.6587 0.217246
6.67282 0.216466
6.76458 0.225532
6.77869 0.223841
6.79281 0.222236
6.80693 0.220831
6.82105 0.219727
6.83516 0.218761
6.84928 0.217916
6.8634 0.217177
6.87752 0.21653
6.96928 0.225713
6.98339 0.223999
6.99751 0.222499
7.01163 0.221187
7.02575 0.220039
7.03986 0.218909
7.05398 0.21792
7.0681 0.21718
7.08222 0.216533
7.17398 0.225591
7.18809 0.223892
7.20221 0.222406
7.21633 0.221105
7.23045 0.219967
7.24457 0.218971
7.25868 0.2181
7.2728 0.217212
7.28692 0.216436
7.37868 0.225506
7.3928 0.223693
7.40691 0.222106
7.42103 0.220843
7.43515 0.219738
7.44927 0.21877
7.46338 0.217924
7.4775 0.217184
7.49162 0.216536
7.58338 0.225719
7.5975 0.224004
7.61161 0.222503
7.62573 0.22119
7.63985 0.219917
7.65397 0.218802
7.66809 0.217952
7.6822 0.217208
7.69632 0.216557
7.78808 0.225737
7.8022 0.22402
7.81631 0.222518
7.83043 0.221203
7.84455 0.220053
7.85867 0.219046
7.87279 0.21804
7.8869 0.21716
7.90102 0.216515
7.99278 0.225576
8.0069 0.223754
8.02102 0.222285
8.03513 0.220999
8.04925 0.219874
8.06337 0.21889
8.07749 0.218029
8.0916 0.217275
8.10572 0.216616
8.19748 0.225664
8.2116 0.223956
8.22572 0.222461
8.23983 0.221029
8.25395 0.219775
8.26807 0.218803
8.28219 0.217953
8.29631 0.217209
8.31042 0.216558
8.40218 0.225738
8.4163 0.224021
8.43042 0.222518
8.44454 0.221203
8.45865 0.220053
8.47277 0.218921
8.48689 0.217931
8.50101 0.21719
8.51512 0.216541
8.60688 0.225598
8.621 0.223899
8.63512 0.222411
8.64924 0.22111
8.66335 0.219971
8.67747 0.218975
8.69159 0.218103
8.70571 0.21734
8.71982 0.216548
8.81158 0.225604
8.8257 0.223904
8.83982 0.222291
8.85394 0.220879
8.86805 0.219769
8.88217 0.218798
8.89629 0.217948
8.91041 0.217205
8.92453 0.216554
9.01628 0.225735
9.0304 0.224018
9.04452 0.222516
9.05864 0.221201
9.07276 0.220051
9.08687 0.21892
9.10099 0.21793
9.11511 0.217189
9.12923 0.21654
9.22099 0.225598
9.2351 0.223898
9.24922 0.222411
9.26334 0.221109
9.27746 0.219971
9.29157 0.218974
9.30569 0.218102
9.31981 0.217215
9.33393 0.216438
9.42569 0.225508
9.4398 0.223695
9.45392 0.222108
9.46804 0.220844
9.48216 0.219739
9.49627 0.218771
9.51039 0.217925
9.52451 0.217184
9.53863 0.216536
9.63039 0.225719
9.6445 0.224004
9.65862 0.222504
9.67274 0.221191
9.68686 0.219917
9.70098 0.218802
9.71509 0.217952
9.72921 0.217208
9.74333 0.216557
9.83509 0.225737
9.84921 0.22402
9.86332 0.222518
9.87744 0.221203
9.89156 0.220053
9.90568 0.219046
9.91979 0.21804
9.93391 0.21716
9.94803 0.216515
10.0398 0.225576
10.0539 0.223754
10.068 0.222285
10.0821 0.220999
10.0963 0.219874
10.1104 0.21889
10.1245 0.218029
10.1386 0.217275
10.1527 0.216616
10.2445 0.225664
10.2586 0.223956
10.2727 0.222461
10.2868 0.221029
10.301 0.219775
10.3151 0.218803
10.3292 0.217953
10.3433 0.217209
10.3574 0.216558
10.4492 0.225738
10.4633 0.224021
10.4774 0.222518
10.4915 0.221203
10.5057 0.220053
10.5198 0.218921
10.5339 0.217931
10.548 0.21719
10.5621 0.216541
10.7527 0.237973
10.7739 0.234602
10.9645 0.231776
10.9857 0.229304
11.1762 0.227141
11.1974 0.225249
11.388 0.223468
11.4092 0.222034
11.5998 0.22078
11.6209 0.219557
11.8115 0.218613
11.8327 0.217786
12.0233 0.217063
12.0444 0.21643
12.235 0.215876
12.2562 0.215392
12.4468 0.214843
12.468 0.214362
12.6586 0.214067
12.6797 0.213809
12.8703 0.213583
12.8915 0.213385
13.0821 0.213212
13.1032 0.21306
13.2938 0.212803
13.315 0.212702
13.5056 0.212615
13.5268 0.212413
13.7173 0.212361
13.7385 0.212316
13.9291 0.212277
13.9503 0.212242
14.1409 0.212087
14.162 0.212076
14.3526 0.212066
14.3738 0.211933
14.5644 0.211941
14.5856 0.211949
14.7761 0.211955
14.7973 0.211961
14.9879 0.211841
15.0091 0.211861
15.1997 0.211878
15.2208 0.211768
15.4114 0.211797
15.4326 0.211823
15.6232 0.211845
15.6444 0.211864
15.8349 0.211756
15.8561 0.211787
16.0467 0.211813
16.0679 0.211712
16.2585 0.211748
16.2796 0.211779
16.4702 0.211807
16.4914 0.211831
16.682 0.211727
16.7032 0.211761
16.8937 0.211791
16.9149 0.211692
17.1055 0.211731
17.1267 0.211764
17.3173 0.211794
17.3384 0.21182
17.529 0.211842
17.5502 0.211862
17.7408 0.211754
17.762 0.21166
17.9525 0.211702
17.9737 0.21174
18.1643 0.211772
18.1855 0.211801
18.3761 0.211826
18.3972 0.211847
18.5878 0.211741
18.609 0.211649
18.7996 0.211693
18.8208 0.211731
19.0113 0.211765
19.0325 0.211794
19.2231 0.21182
19.2443 0.211842
19.4349 0.211737
19.456 0.21177
19.6466 0.211799
19.6678 0.211699
19.8584 0.211736
19.8796 0.211769
20.0701 0.211798
20.0913 0.211823
20.2819 0.211721
20.3031 0.211755
20.4937 0.211786
20.5148 0.211688
20.7054 0.211727
20.7266 0.211761
20.9172 0.211791
20.9384 0.211817
21.1289 0.211715
21.1501 0.211751
21.3407 0.211782
21.3619 0.211684
21.5528 0.211723
21.5737 0.211758
21.7648 0.211788
21.7855 0.211815
21.9768 0.211838
21.9975 0.211858
22.1891 0.212001
22.2093 0.212001
22.4008 0.211876
22.4214 0.211891
22.6126 0.211905
22.6335 0.211917
22.8246 0.211927
22.8455 0.211936
23.0364 0.211944
23.0577 0.211951
23.2485 0.211957
23.2699 0.211963
23.4605 0.211967
23.482 0.212096
23.6727 0.212084
23.6942 0.212074
23.8849 0.212065
23.9064 0.212056
24.097 0.212174
24.1182 0.212153
24.3092 0.212134
24.3301 0.212117
24.5214 0.212102
24.542 0.212089
24.7335 0.212078
24.754 0.211943
24.9455 0.211951
24.9659 0.211957
25.1574 0.211962
25.1779 0.211967
25.3694 0.211971
25.3897 0.211975
25.5813 0.211978
25.6016 0.211981
25.7931 0.211983
25.8133 0.211985
26.0052 0.211987
26.0253 0.211989
26.217 0.211865
26.2371 0.211882
26.4291 0.212022
26.4488 0.211894
26.6412 0.211907
26.6606 0.211919
26.8529 0.211804
26.8727 0.211828
27.0651 0.211975
27.0844 0.211978
27.2768 0.211856
27.2964 0.211874
27.4889 0.21189
27.5082 0.211903
27.7007 0.211915
27.7204 0.211926
27.9125 0.211935
27.9326 0.211943
28.1244 0.21195
28.1447 0.211957
28.3366 0.211962
28.3569 0.211967
28.5488 0.211971
28.5691 0.2121
28.7609 0.212087
28.7813 0.212076
28.9727 0.212067
28.9934 0.212058
29.1848 0.212051
29.2056 0.212045
29.3969 0.212039
29.4178 0.212034
29.609 0.212155
29.6299 0.212136
29.8212 0.212119
29.8421 0.212229
30.0334 0.2122
30.0539 0.21205
30.2455 0.212044
30.266 0.212038
30.4577 0.212034
30.4781 0.212154
30.6695 0.212135
30.6899 0.211993
30.8812 0.211994
30.9016 0.211995
31.0933 0.211995
31.1134 0.211996
31.3054 0.211997
31.3254 0.211997
31.5175 0.211997
31.5375 0.211998
31.7297 0.211998
31.7496 0.211998
31.9418 0.211998
31.9618 0.211999
32.154 0.211999
32.1739 0.211999
32.3661 0.212124
32.3861 0.212234
32.5783 0.212204
32.5982 0.212179
32.7904 0.212156
32.8104 0.212137
33.0026 0.21212
33.0225 0.212105
33.2147 0.212092
33.2347 0.21208
33.4268 0.21207
33.4468 0.212061
33.639 0.212054
33.6589 0.212047
33.8511 0.212166
33.8711 0.21227
34.0633 0.212237
34.0832 0.212207
34.2754 0.212181
34.2954 0.212158
34.4876 0.212139
34.5075 0.212121
34.6997 0.212106
34.7193 0.212093
34.9119 0.212081
34.9311 0.212071
35.124 0.212187
35.1432 0.212164
35.336 0.212143
35.3554 0.212125
35.5481 0.21211
35.5675 0.212096
35.7603 0.212084
35.7796 0.212074
35.9724 0.212064
35.9918 0.212056
36.1846 0.212049
36.2039 0.212043
36.3967 0.212038
36.4161 0.212158
36.6089 0.212138
36.6282 0.212121
36.821 0.212231
36.8404 0.212202
37.0332 0.212177
37.0525 0.212155
37.2453 0.212135
37.2647 0.212118
37.4574 0.212104
37.4768 0.212091
37.6696 0.212079
37.6889 0.212069
37.8817 0.212061
37.9011 0.212178
38.0939 0.212156
38.1132 0.212136
38.306 0.212244
38.3254 0.212214
38.5182 0.212187
38.5375 0.212164
38.7303 0.212143
38.7497 0.212125
38.9425 0.21211
38.9618 0.212096
39.1546 0.212084
39.174 0.212073
39.3667 0.212064
39.3861 0.212181
39.5789 0.212159
39.5982 0.212139
39.791 0.212246
39.8104 0.212216
40.0032 0.212189
40.0225 0.212165
40.2153 0.212144
40.2347 0.212126
40.4275 0.212111
40.4468 0.212097
40.6396 0.212085
40.6586 0.212074
40.8518 0.212065
40.8704 0.212057
41.0637 0.21205
41.0823 0.212043
41.2759 0.212038
41.2941 0.212033
41.488 0.212154
41.506 0.212135
41.6998 0.211993
41.7182 0.211994
41.9178 0.212745
41.9348 0.213152
42.1461 0.215133
42.1652 0.217116
42.3874 0.220102
42.4065 0.222714
42.6282 0.225
42.6469 0.226875
42.8691 0.22864
42.8877 0.230185
43.1099 0.231412
43.1286 0.232611
43.3507 0.233659
43.3694 0.234577
43.592 0.23538
43.6102 0.236082
43.8328 0.236697
43.8511 0.237235
44.0737 0.237706
44.0919 0.237992
44.3145 0.238368
44.3327 0.238697
44.5553 0.238985
44.5735 0.239237
44.7961 0.239457
44.8144 0.23965
45.037 0.239694
45.0552 0.239857
45.2778 0.24
45.296 0.240125
45.5186 0.240234
45.5369 0.240205
45.7595 0.240304
45.7777 0.240391
46.0003 0.240467
46.019 0.240534
46.2411 0.240592
46.2598 0.240643
46.4824 0.240688
46.5006 0.240727
46.7232 0.240761
46.7419 0.240791
46.9641 0.240817
46.9831 0.240965
47.2049 0.240844
47.224 0.240739
47.4457 0.240771
47.4652 0.240925
47.6866 0.240934
47.7065 0.240943
47.9274 0.24095
47.9473 0.240956
48.1686 0.240962
48.1886 0.240966
48.4095 0.240971
48.4298 0.240974
48.6503 0.240977
48.6711 0.241105
48.8916 0.241092
48.9123 0.241081
49.1328 0.241071
49.1532 0.241062
49.3741 0.241179
49.3944 0.241157
49.6153 0.241137
49.6353 0.24112
49.8562 0.241105
49.8761 0.241092
50.097 0.240955
50.1169 0.240836
50.3378 0.240856
50.3578 0.240874
50.5791 0.241015
50.5986 0.241013
50.7908 0.237262
50.8105 0.234104
51.0027 0.231341
51.0223 0.228923
51.2148 0.226808
51.2348 0.224957
51.4385 0.224837
51.4593 0.224858
51.6709 0.22575
51.6925 0.226657
51.9079 0.22795
51.9299 0.229081
52.1474 0.230446
52.1695 0.23164
52.3879 0.232685
52.4099 0.233599
52.6287 0.234524
52.6507 0.235334
52.8699 0.236042
52.8916 0.236662
53.1112 0.237329
53.1324 0.237788
53.352 0.23819
53.3732 0.238541
53.5929 0.238723
53.6141 0.239008
53.8337 0.239257
53.8549 0.23935
54.0745 0.239556
54.0962 0.239862
54.3154 0.240004
54.3374 0.240128
54.5562 0.240237
54.5782 0.240333
54.7974 0.240416
54.8191 0.240489
55.0387 0.240553
55.0599 0.240484
55.2795 0.240548
55.3007 0.240605
55.5204 0.240654
55.5416 0.240697
55.7612 0.240735
55.7824 0.240768
56.002 0.240797
56.0232 0.240823
56.2429 0.24072
56.2641 0.240755
56.4837 0.240785
56.5049 0.240687
56.7245 0.240726
56.7457 0.240761
56.9654 0.240791
56.987 0.240817
57.2062 0.24084
57.2282 0.240985
57.447 0.240987
57.4691 0.240988
57.6883 0.24099
57.7099 0.240866
57.9295 0.240883
57.9507 0.240897
58.1704 0.24091
58.1916 0.240921
58.4112 0.240931
58.4324 0.24094
58.652 0.240947
58.6732 0.240954
58.8929 0.240835
58.9141 0.240855
59.1337 0.240873
59.1549 0.240764
59.3745 0.240794
59.3962 0.240945
59.6154 0.240951
59.6374 0.240958
59.8562 0.240963
59.8782 0.240967
60.0974 0.240972
60.1195 0.240975
60.3387 0.240978
60.3608 0.240981
60.5839 0.241483
60.6059 0.241923
60.8311 0.242683
60.854 0.243347
61.0804 0.244054
61.1037 0.244797
61.2921 0.240697
61.316 0.237235
61.5039 0.233956
61.5278 0.231086
61.716 0.228701
61.7406 0.226738
61.9776 0.231146
62.0183 0.237003
62.335 0.252127
62.3753 0.265236
62.692 0.276707
62.7323 0.286743
63.049 0.295525
63.0893 0.30321
63.4061 0.309934
63.4463 0.315817
63.7631 0.320965
63.8033 0.325469
64.1201 0.329411
64.1604 0.332859
64.455 0.333127
64.4966 0.333486
64.8053 0.33555
64.8472 0.337481
65.1601 0.339671
65.2021 0.341587
65.5172 0.343514
65.5591 0.3452
65.8742 0.346675
65.9161 0.347965
66.1794 0.342595
66.2214 0.337895
66.4932 0.334908
66.5373 0.332545
66.8171 0.331477
66.8638 0.330792
67.1525 0.331318
67.2013 0.332153
67.5095 0.335259
67.5583 0.337977
67.8241 0.335105
67.8716 0.332342
68.1472 0.331174
68.1973 0.330527
68.4826 0.331086
68.5352 0.33195
68.8294 0.333832
68.8841 0.335728
69.1869 0.338387
69.2407 0.340588
69.4994 0.33714
69.5541 0.334247
69.8208 0.332591
69.8776 0.331393
70.1527 0.331468
70.2121 0.33191
70.4945 0.333171
70.5555 0.3344
70.8519 0.337225
70.9109 0.339447
71.1636 0.336016
71.2242 0.333264
71.4837 0.331606
71.5464 0.330405
71.8123 0.33023
71.8772 0.330326
72.024 0.315535
72.0889 0.302468
72.2358 0.291035
72.3007 0.281155
72.4478 0.272511
72.5129 0.264947
72.6611 0.258579
72.7331 0.253881
72.8977 0.251646
72.971 0.24994
73.1283 0.247573
73.2084 0.246251
73.3827 0.24722
73.4773 0.249942
73.6634 0.253825
73.7579 0.257096
73.9619 0.262209
74.0704 0.268558
74.3049 0.277863
74.4118 0.285756
74.6483 0.293036
74.759 0.299907
75.0003 0.306418
75.116 0.312741
75.3547 0.317898
75.4633 0.321536
75.7092 0.325719
75.8203 0.329629
76.0603 0.332301
76.165 0.333763
76.4101 0.335793
76.5097 0.336944
76.7671 0.339451
76.8667 0.341644
77.1152 0.342439
77.2135 0.343009
77.4726 0.344758
77.5706 0.346288
77.8156 0.345877
77.9148 0.345642
78.1544 0.344812
78.2519 0.343836
78.5 0.343981
78.6009 0.344609
78.8379 0.343782
78.9418 0.343435
79.1885 0.34438
79.2928 0.345208
79.5299 0.344682
79.638 0.344722
79.8665 0.343756
79.9768 0.343162
80.2167 0.344017
80.3257 0.34464
80.5585 0.34431
80.6713 0.344521
80.9134 0.345831
81.0219 0.346352
81.2572 0.346058
81.3671 0.346051
81.5964 0.345169
81.7101 0.344898
81.9488 0.345786
82.0565 0.345813
82.2939 0.345711
82.4075 0.346372
82.6475 0.347326
82.7527 0.347035
82.9672 0.343656
82.9681 0.327699
83.179 0.313111
83.1931 0.300472
83.3923 0.289663
83.408 0.28033
83.6153 0.273164
83.6327 0.267019
83.849 0.262766
83.8693 0.259545
84.1093 0.259727
84.1292 0.259761
84.3684 0.259666
84.3904 0.259833
84.6609 0.263854
84.6876 0.267997
84.9823 0.274747
85.0099 0.280654
85.3152 0.287197
85.3465 0.293423
85.6722 0.30137
85.7035 0.308324
86.0232 0.313658
86.0533 0.318201
86.3802 0.323051
86.4104 0.327294
86.7245 0.329383
86.7542 0.33121
87.0731 0.333434
87.1049 0.335504
87.4301 0.338191
87.4619 0.340542
87.7773 0.34135
87.8108 0.342306
88.1331 0.344018
88.1683 0.345765
88.474 0.345045
88.5096 0.344539
88.8225 0.345097
88.8606 0.345835
89.1753 0.34673
89.2138 0.347514
89.5162 0.3467
89.556 0.346237
89.8681 0.346958
89.9079 0.347463
90.2009 0.34553
90.2395 0.343839
90.5346 0.342609
90.5762 0.341908
90.8848 0.342919
90.9272 0.343929
91.224 0.343438
91.2677 0.343008
91.5764 0.344132
91.6196 0.345116
91.9101 0.343726
91.9516 0.342261
92.2471 0.341603
92.2912 0.341403
92.5999 0.342727
92.6453 0.344136
92.94 0.343619
92.9866 0.343292
93.2919 0.34438
93.3385 0.345333
93.6256 0.343916
93.6709 0.342427
93.8373 0.326123
93.8827 0.311858
94.0491 0.299376
94.0944 0.288454
94.2681 0.279772
94.3199 0.272926
94.5149 0.26956
94.5675 0.266865
94.7617 0.264382
94.8214 0.263084
95.0385 0.264824
95.1072 0.267471
95.3637 0.274662
95.4443 0.282454
95.7017 0.289397
95.781 0.295223
96.0358 0.30007
96.1185 0.304811
96.389 0.310835
96.4742 0.31648
96.746 0.321545
96.8312 0.325977
97.103 0.329855
97.1886 0.333248
97.4469 0.334592
97.5329 0.335768
97.7861 0.336297
97.8747 0.33701
98.1384 0.338884
98.2249 0.340273
98.4954 0.342364
98.5819 0.344194
98.8528 0.345794
98.9393 0.34732
99.1971 0.34703
99.2807 0.346276
99.5363 0.345367
99.6245 0.345196
99.8776 0.344671
99.9633 0.343963
100.224 0.344342
100.314 0.345049
100.505 0.337043
100.566 0.326413
100.717 0.311986
100.778 0.299488
100.929 0.288552
100.99 0.278983
101.141 0.27061
101.202 0.263284
101.353 0.256873
101.414 0.251264
101.565 0.246356
101.626 0.242187
101.777 0.238538
101.838 0.235221
101.989 0.232318
102.052 0.229904
102.204 0.227916
102.268 0.226426
102.43 0.226498
102.501 0.227436
102.671 0.229131
102.742 0.230615
102.912 0.231913
102.983 0.233049
103.154 0.234043
103.225 0.234912
103.395 0.235673
103.465 0.236339
103.635 0.236922
103.706 0.237432
103.876 0.237878
103.947 0.238268
104.117 0.238609
104.188 0.238908
104.358 0.239045
104.429 0.239289
104.599 0.239503
104.67 0.239565
104.84 0.239744
104.911 0.240026
105.08 0.240148
105.152 0.240255
105.321 0.240348
105.393 0.240429
105.562 0.240501
105.634 0.240563
105.803 0.240618
105.875 0.24054
106.044 0.240598
106.116 0.240773
106.285 0.240802
106.357 0.240826
106.526 0.240848
106.598 0.240867
106.767 0.240884
106.839 0.240898
107.008 0.240786
107.08 0.240688
107.249 0.240727
107.321 0.240886
107.49 0.2409
107.562 0.240913
107.731 0.241049
107.803 0.241042
107.972 0.241037
108.044 0.241033
108.213 0.240903
108.285 0.240791
108.454 0.240942
108.526 0.240949
108.695 0.240955
108.767 0.240961
108.936 0.240966
109.007 0.24097
109.177 0.240974
109.248 0.240977
109.418 0.24098
109.489 0.240982
109.66 0.240985
109.73 0.240862
109.9 0.240879
109.971 0.240894
110.141 0.240907
110.212 0.240919
110.382 0.240929
110.452 0.240938
110.623 0.240821
110.693 0.240843
110.864 0.240863
110.934 0.24088
111.105 0.240895
111.175 0.240908
111.345 0.24092
111.416 0.24093
111.586 0.240938
111.657 0.240946
111.798 0.237203
111.869 0.233927
112.01 0.231187
112.081 0.228788
112.223 0.226815
112.294 0.225088
112.45 0.225452
112.521 0.22577
112.685 0.226799
112.755 0.227699
112.923 0.228987
112.994 0.230113
113.164 0.231474
113.235 0.232665
113.405 0.233707
113.475 0.234619
113.645 0.235416
113.716 0.236114
113.886 0.236725
113.957 0.237259
114.127 0.237727
114.198 0.238011
114.368 0.23826
114.439 0.238602
114.609 0.238902
114.68 0.239289
114.85 0.239503
114.921 0.239565
115.09 0.239745
115.162 0.239901
115.331 0.240039
115.403 0.240159
115.572 0.240264
115.643 0.240356
115.813 0.240312
115.884 0.240398
116.054 0.240473
116.125 0.240539
116.295 0.240596
116.366 0.240522
116.535 0.240582
116.607 0.240634
116.776 0.24068
116.848 0.24072
117.018 0.240755
117.089 0.24091
117.259 0.240922
117.33 0.240931
117.5 0.24094
117.571 0.240822
117.74 0.240845
117.812 0.240864
117.981 0.240881
118.053 0.240896
118.222 0.240909
118.293 0.24092
118.463 0.240805
118.535 0.24083
118.704 0.240851
118.775 0.24087
118.945 0.240886
119.016 0.2409
119.185 0.240913
119.257 0.240924
119.427 0.240933
119.498 0.240816
119.668 0.240839
119.739 0.240859
119.909 0.240877
119.98 0.240892
120.15 0.240906
120.22 0.240918
120.39 0.240928
120.461 0.240937
120.631 0.240945
120.702 0.240952
120.872 0.240958
120.943 0.240838
121.113 0.240733
121.184 0.240767
121.354 0.240796
121.425 0.240821
121.595 0.240844
121.665 0.240863
121.835 0.24088
121.906 0.240895
122.076 0.240908
122.147 0.24092
122.317 0.24093
122.388 0.240814
122.529 0.237087
122.6 0.233951
122.741 0.231207
122.811 0.228806
122.953 0.226705
123.025 0.224992
123.178 0.224993
123.252 0.225244
123.419 0.227214
123.493 0.228937
123.66 0.23057
123.733 0.231874
123.901 0.232889
123.974 0.233903
124.142 0.234915
124.215 0.235676
124.383 0.236341
124.456 0.236799
124.624 0.237199
124.697 0.237674
124.865 0.23809
124.938 0.238454
125.106 0.238772
125.179 0.23905
125.346 0.239294
125.42 0.239632
125.588 0.239803
125.661 0.239953
125.829 0.240084
125.903 0.240198
126.07 0.240298
126.144 0.240386
126.311 0.240463
126.385 0.240655
126.551 0.240698
126.626 0.240736
126.792 0.240769
126.868 0.240798
127.033 0.240823
127.109 0.240845
127.274 0.24074
127.35 0.240897
127.515 0.241035
127.591 0.241031
127.756 0.241027
127.833 0.241023
127.997 0.24102
128.074 0.241018
128.238 0.241016
128.314 0.241014
128.48 0.241012
128.556 0.241011
128.721 0.241009
128.796 0.241008
128.962 0.241007
129.037 0.241006
129.203 0.241005
129.278 0.241005
129.443 0.241004
129.519 0.240879
129.685 0.240894
129.76 0.241032
129.926 0.241028
130.001 0.241025
130.167 0.241021
130.242 0.240894
130.408 0.241032
130.483 0.241028
130.649 0.241025
130.724 0.241021
130.89 0.241019
130.964 0.241016
131.131 0.241014
131.206 0.241013
131.373 0.241011
131.447 0.24101
131.613 0.241008
131.688 0.241007
131.854 0.241006
131.929 0.241006
132.095 0.241005
132.169 0.241004
132.336 0.240879
132.41 0.240894
132.577 0.240907
132.651 0.240919
132.818 0.240929
132.892 0.240813
133.058 0.240836
133.133 0.240982
133.27 0.237359
133.345 0.234064
133.482 0.231306
133.557 0.228893
133.694 0.226781
133.77 0.225059
133.908 0.223551
133.983 0.222357
134.122 0.221438
134.199 0.220633
134.338 0.219929
134.415 0.219563
134.555 0.219242
134.633 0.218962
134.773 0.218967
134.854 0.219346
135.014 0.222053
135.096 0.224421
135.255 0.226493
135.336 0.228307
135.496 0.229768
135.577 0.231172
135.737 0.232401
135.818 0.233476
135.977 0.234416
136.059 0.235114
136.218 0.23585
136.3 0.236494
136.459 0.237057
136.541 0.23755
136.7 0.237856
136.781 0.238249
136.941 0.238593
137.022 0.238894
137.182 0.239157
137.263 0.239387
137.423 0.239589
137.504 0.23964
137.664 0.239935
137.745 0.240068
137.905 0.240185
137.986 0.240287
138.146 0.240251
138.226 0.240345
138.387 0.240426
138.468 0.240498
138.627 0.240561
138.709 0.240616
138.868 0.240664
138.95 0.240706
139.109 0.240743
139.191 0.240775
139.35 0.240678
139.431 0.240718
139.591 0.240753
139.672 0.240784
139.832 0.240811
139.913 0.240835
140.072 0.240855
140.154 0.240749
140.313 0.24078
140.395 0.240807
140.554 0.240832
140.636 0.240853
140.795 0.240746
140.876 0.240778
141.036 0.240931
141.117 0.240939
141.277 0.240947
141.358 0.240953
141.518 0.240959
141.599 0.240839
141.759 0.240859
141.84 0.240877
142 0.240767
142.081 0.240796
142.241 0.240822
142.321 0.240844
142.482 0.240864
142.562 0.240881
142.722 0.240896
142.803 0.240909
142.963 0.24092
143.045 0.24093
143.204 0.240939
143.286 0.240946
143.445 0.240828
143.526 0.24085
143.686 0.240868
143.767 0.240885
143.913 0.239274
143.979 0.23574
144.125 0.232647
144.191 0.230067
144.339 0.228183
144.414 0.22766
144.568 0.227703
144.647 0.22824
144.803 0.229085
144.884 0.230199
145.042 0.231424
145.124 0.232371
145.283 0.23345
145.365 0.234394
145.524 0.235219
145.606 0.235942
145.765 0.236574
145.846 0.237128
146.007 0.237612
146.087 0.238035
146.247 0.238406
146.328 0.23873
146.488 0.239014
146.57 0.239262
146.729 0.239479
146.811 0.239669
146.97 0.239711
147.051 0.239872
147.211 0.240013
147.292 0.240136
147.452 0.240244
147.533 0.240339
147.692 0.240421
147.774 0.240369
147.933 0.240448
148.015 0.240517
148.174 0.240577
148.256 0.24063
148.415 0.240551
148.496 0.240607
148.656 0.240656
148.738 0.240699
148.897 0.240737
148.978 0.24077
149.138 0.240799
149.219 0.240824
149.379 0.240971
149.46 0.240974
149.62 0.240853
149.701 0.240746
149.861 0.240778
149.942 0.240806
150.102 0.24083
150.183 0.240851
150.342 0.24087
150.423 0.240886
150.583 0.2409
150.664 0.240913
150.824 0.240924
150.905 0.240933
151.065 0.240942
151.146 0.240949
151.306 0.240955
151.387 0.240961
151.547 0.240966
151.628 0.24097
151.788 0.240974
151.869 0.240852
152.029 0.240871
152.11 0.240887
152.27 0.240776
152.351 0.240804
152.511 0.240828
152.591 0.24085
152.752 0.240994
152.832 0.240994
152.993 0.24087
153.073 0.240761
153.234 0.240791
153.314 0.240817
153.475 0.24084
153.555 0.24086
153.715 0.240878
153.795 0.240893
153.956 0.240906
154.036 0.240918
154.197 0.240928
154.277 0.240937
154.438 0.24082
154.518 0.240843
154.65 0.237237
154.73 0.234083
154.861 0.231322
154.942 0.228782
155.088 0.228559
155.189 0.230989
155.329 0.232241
155.43 0.233336
155.57 0.234294
155.671 0.235007
155.811 0.235631
155.912 0.236302
156.052 0.236889
156.153 0.237403
156.293 0.237853
156.393 0.238246
156.533 0.23859
156.634 0.238892
156.774 0.239155
156.875 0.239386
157.015 0.239588
157.116 0.239639
157.256 0.239684
157.357 0.239849
157.497 0.239993
157.598 0.240119
157.738 0.240229
157.838 0.240325
157.978 0.240409
158.079 0.240483
158.219 0.240548
158.32 0.240604
158.46 0.240654
158.561 0.240572
158.701 0.240501
158.802 0.240563
158.942 0.240618
159.043 0.240665
159.183 0.240707
159.283 0.240744
159.423 0.240776
159.524 0.240804
159.664 0.240828
159.765 0.24085
159.905 0.240869
160.006 0.24076
160.146 0.240665
160.247 0.240707
160.387 0.240744
160.488 0.240776
160.628 0.240804
160.728 0.240828
160.868 0.24085
160.969 0.240868
161.109 0.240885
161.21 0.240899
161.35 0.240787
161.451 0.240689
161.591 0.240727
161.692 0.240762
161.832 0.240791
161.933 0.240817
162.072 0.24084
162.173 0.24086
162.313 0.240878
162.414 0.240893
162.554 0.240906
162.655 0.240918
162.795 0.240803
162.896 0.240703
163.036 0.24074
163.137 0.240773
163.277 0.240801
163.378 0.240826
163.517 0.240848
163.618 0.240867
163.758 0.240883
163.859 0.240898
163.999 0.240911
164.1 0.240922
164.24 0.240807
164.341 0.240706
164.481 0.240743
164.582 0.240775
164.722 0.240803
164.823 0.240828
164.962 0.240849
165.063 0.240868
165.203 0.240884
165.286 0.238649
165.415 0.235318
165.498 0.232403
165.627 0.229728
165.713 0.227762
165.858 0.228167
165.941 0.228271
166.095 0.229362
166.177 0.230067
166.335 0.231308
166.418 0.23252
166.576 0.23358
166.658 0.234507
166.817 0.235319
166.899 0.236029
167.057 0.23665
167.14 0.237194
167.298 0.23767
167.381 0.238086
167.539 0.23845
167.622 0.238769
167.78 0.238923
167.863 0.239058
168.021 0.239425
168.104 0.239622
168.262 0.239669
168.345 0.239836
168.503 0.239981
168.586 0.240109
168.744 0.24022
168.827 0.240443
168.984 0.240512
169.068 0.240448
169.225 0.240517
169.309 0.240578
169.466 0.24063
169.55 0.240802
169.707 0.240701
169.791 0.240739
169.948 0.240771
170.032 0.2408
170.189 0.24095
170.273 0.240831
170.43 0.240727
170.514 0.240761
170.671 0.240791
170.755 0.240942
170.912 0.24095
170.996 0.240956
171.152 0.240961
171.237 0.240966
171.394 0.24097
171.478 0.240849
171.635 0.240868
171.719 0.240884
171.876 0.240899
171.96 0.240912
172.117 0.240923
172.2 0.240932
172.358 0.240941
172.441 0.240948
172.599 0.24108
172.683 0.24107
172.84 0.240936
172.923 0.240944
173.081 0.240951
173.164 0.240957
173.322 0.240962
173.405 0.240967
173.563 0.240971
173.647 0.240975
173.804 0.241103
173.888 0.24109
174.045 0.240954
174.128 0.24096
174.286 0.240965
174.369 0.240969
174.527 0.240973
174.61 0.240976
174.767 0.240979
174.851 0.240857
175.008 0.240875
175.092 0.24089
175.249 0.240904
175.333 0.240916
175.49 0.240927
175.573 0.240936
175.731 0.240944
175.814 0.240951
175.972 0.240832
176.026 0.237103
176.184 0.233965
176.238 0.231219
176.396 0.228942
176.451 0.226949
176.609 0.225206
176.665 0.22393
176.824 0.222689
176.88 0.221603
177.039 0.220777
177.096 0.220305
177.259 0.220392
177.325 0.221343
177.495 0.22305
177.566 0.225294
177.736 0.227257
177.806 0.228975
177.976 0.230478
178.047 0.231793
178.218 0.232944
178.288 0.233951
178.459 0.234832
178.529 0.235478
178.7 0.236168
178.77 0.236772
178.941 0.237301
179.011 0.237763
179.182 0.238168
179.251 0.238522
179.423 0.238957
179.492 0.239212
179.664 0.239311
179.733 0.239522
179.905 0.239832
179.974 0.239853
180.146 0.239996
180.215 0.240121
180.387 0.240106
180.456 0.240218
180.628 0.240316
180.696 0.240401
180.869 0.240476
180.937 0.240542
181.109 0.240599
181.178 0.240649
181.35 0.240693
181.419 0.240606
181.591 0.240656
181.66 0.240699
181.832 0.240611
181.901 0.24066
182.073 0.240702
182.142 0.24074
182.314 0.240772
182.383 0.240801
182.554 0.240826
182.623 0.240847
182.795 0.240866
182.865 0.240883
183.036 0.240898
183.106 0.241036
183.277 0.240906
183.347 0.240918
183.518 0.240928
183.589 0.240937
183.759 0.240945
183.829 0.240952
183.999 0.240958
184.07 0.240963
184.24 0.240968
184.311 0.240972
184.481 0.240975
184.552 0.240853
184.722 0.240872
184.793 0.240888
184.963 0.240902
185.034 0.240914
185.204 0.240925
185.275 0.241059
185.446 0.241052
185.516 0.241045
185.687 0.24104
185.757 0.241035
185.928 0.241155
185.998 0.241136
186.169 0.240994
186.239 0.24087
186.41 0.240886
186.48 0.2409
186.651 0.240913
186.721 0.240924
186.862 0.237308
186.932 0.234145
187.074 0.231377
187.144 0.228954
187.287 0.226835
187.357 0.225106
187.5 0.223593
187.571 0.222268
187.714 0.22136
187.786 0.220565
187.929 0.219869
188.002 0.219386
188.154 0.220087
188.231 0.221327
188.395 0.223786
188.472 0.225937
188.637 0.22782
188.713 0.229343
188.877 0.2308
188.954 0.232075
189.118 0.233191
189.195 0.234167
189.36 0.235021
189.435 0.235768
189.601 0.236422
189.676 0.236994
189.842 0.23762
189.917 0.238043
190.083 0.238287
190.158 0.238501
190.324 0.238814
190.399 0.239087
190.565 0.239326
190.64 0.239535
190.805 0.239718
190.88 0.239879
191.046 0.240019
191.121 0.240141
191.287 0.240249
191.362 0.240343
191.528 0.2403
191.603 0.240262
191.769 0.240355
191.844 0.24056
192.01 0.240615
192.085 0.240663
192.25 0.240705
192.327 0.240742
192.491 0.240774
192.568 0.240803
192.732 0.240827
192.808 0.240849
192.973 0.240743
193.05 0.240775
193.214 0.240803
193.29 0.240828
193.455 0.240849
193.532 0.240868
193.695 0.240885
193.773 0.240899
193.936 0.240787
194.014 0.240813
194.177 0.240837
194.255 0.240982
194.418 0.240984
194.496 0.240986
194.659 0.241113
194.737 0.241099
194.9 0.241086
194.978 0.240951
195.141 0.240957
195.219 0.241087
195.382 0.241076
195.46 0.241067
195.623 0.241058
195.701 0.240926
195.864 0.240935
195.942 0.240943
196.105 0.240951
196.183 0.240957
196.347 0.240962
196.424 0.240967
196.587 0.240971
196.665 0.240975
196.829 0.240978
196.905 0.240981
197.07 0.241108
197.146 0.241094
197.311 0.240958
197.387 0.240963
197.552 0.240968
197.599 0.237222
197.763 0.234069
197.811 0.23131
197.975 0.228897
198.023 0.226909
198.188 0.225046
198.236 0.22354
198.401 0.222348
198.455 0.221804
198.629 0.222579
198.685 0.223506
198.864 0.224943
198.922 0.22645
199.103 0.227894
199.161 0.229282
199.314 0.227122
199.372 0.225232
199.526 0.223578
199.584 0.22213
199.738 0.220739
199.796 0.219522
199.95 0.218582
200.008 0.217759
200.161 0.217039
200.219 0.216409
200.373 0.215858
200.431 0.215376
200.585 0.214829
200.643 0.21435
200.797 0.214056
200.855 0.213799
