0.0 0
0.214232 0.204
0.419411 0.204125
0.433518 0.205109
0.447635 0.205971
0.461753 0.206724
0.475871 0.207384
0.624579 0.224836
0.638697 0.223231
0.652814 0.221827
0.666932 0.220599
0.68105 0.219649
0.695167 0.218818
0.709285 0.217966
0.723403 0.21722
0.737521 0.216568
0.829747 0.225747
0.843865 0.224028
0.857982 0.222525
0.8721 0.221334
0.886218 0.220292
0.900335 0.219256
0.914453 0.218349
0.928571 0.217555
0.942689 0.216861
1.03491 0.226003
1.04903 0.224378
1.06315 0.222956
1.07727 0.221586
1.09139 0.220388
1.1055 0.219339
1.11962 0.218422
1.13374 0.217619
1.14786 0.216917
1.24008 0.226177
1.2542 0.22453
1.26832 0.222964
1.28244 0.221593
1.29655 0.220394
1.31067 0.219345
1.32479 0.218427
1.33891 0.217623
1.35302 0.217046
1.44525 0.22629
1.45937 0.224504
1.47349 0.222941
1.4876 0.221573
1.50172 0.220376
1.51584 0.219329
1.52996 0.218413
1.54407 0.217737
1.55819 0.217144
1.65042 0.226251
1.66454 0.22447
1.67865 0.222911
1.69277 0.221547
1.70689 0.220354
1.72101 0.219435
1.73513 0.21863
1.74924 0.217802
1.76336 0.217076
1.85559 0.226192
1.8697 0.224418
1.88382 0.222866
1.89794 0.221507
1.91206 0.220444
1.92618 0.219513
1.94029 0.218574
1.95441 0.217753
1.96853 0.217033
2.06075 0.226154
2.07487 0.224385
2.08899 0.222837
2.10311 0.221607
2.11723 0.220531
2.13134 0.219465
2.14546 0.218532
2.15958 0.217715
2.1737 0.217001
2.26592 0.226126
2.28004 0.224485
2.29416 0.223049
2.30828 0.221668
2.32239 0.22046
2.33651 0.219402
2.35063 0.218477
2.36475 0.217667
2.37886 0.216959
2.47109 0.226214
2.48521 0.224562
2.49933 0.222992
2.51344 0.221618
2.52756 0.220416
2.54168 0.219364
2.5558 0.218443
2.56991 0.217638
2.58403 0.217058
2.67626 0.226301
2.69038 0.224513
2.70449 0.222949
2.71861 0.22158
2.73273 0.220383
2.74685 0.219335
2.76097 0.218418
2.77508 0.217741
2.7892 0.217148
2.88143 0.226255
2.89554 0.224473
2.90966 0.222914
2.92378 0.22155
2.9379 0.220356
2.95202 0.219436
2.96613 0.218632
2.98025 0.217803
2.99437 0.217078
3.08659 0.226193
3.10071 0.224419
3.11483 0.222866
3.12895 0.221508
3.14307 0.220445
3.15718 0.219514
3.1713 0.218575
3.18542 0.217753
3.19954 0.217034
3.29176 0.226155
3.30588 0.224385
3.32 0.222837
3.33412 0.221607
3.34823 0.220407
3.36235 0.219356
3.37647 0.218436
3.39059 0.217632
3.4047 0.216928
3.49693 0.226062
3.51105 0.224429
3.52517 0.223
3.53928 0.221625
3.5534 0.220422
3.56752 0.219369
3.58164 0.218448
3.59575 0.217642
3.60987 0.216937
3.7021 0.226195
3.71622 0.224545
3.73033 0.222977
3.74445 0.221605
3.75857 0.220404
3.77269 0.219354
3.78681 0.218435
3.80092 0.21763
3.81504 0.217052
3.90727 0.226295
3.92138 0.224508
3.9355 0.222945
3.94962 0.221577
3.96374 0.22038
3.97786 0.219332
3.99197 0.218416
4.00609 0.217739
4.02021 0.217146
4.11243 0.226253
4.12655 0.224471
4.14067 0.222912
4.15479 0.221548
4.16891 0.220355
4.18302 0.219435
4.19714 0.218631
4.21126 0.217802
4.22538 0.217077
4.3176 0.226192
4.33172 0.224418
4.34584 0.222866
4.35996 0.221508
4.37407 0.220444
4.38819 0.219514
4.40231 0.218575
4.41643 0.217753
4.43054 0.217034
4.52277 0.226154
4.53689 0.224385
4.55101 0.222962
4.56512 0.221717
4.57924 0.220502
4.59336 0.219439
4.60748 0.218509
4.62159 0.217696
4.63571 0.216984
4.72794 0.226111
4.74206 0.224472
4.75617 0.223038
4.77029 0.221658
4.78441 0.220451
4.79853 0.219395
4.81265 0.21847
4.82676 0.217661
4.84088 0.216954
4.93311 0.22621
4.94722 0.224558
4.96134 0.222989
4.97546 0.221615
4.98958 0.220413
5.0037 0.219361
5.01781 0.218441
5.03193 0.217636
5.04605 0.217057
5.13827 0.2263
5.15239 0.224512
5.16651 0.222948
5.18063 0.22158
5.19475 0.220382
5.20886 0.219334
5.22298 0.218418
5.2371 0.21774
5.25122 0.217148
5.34344 0.226254
5.35756 0.224473
5.37168 0.222913
5.3858 0.221549
5.39991 0.220356
5.41403 0.219436
5.42815 0.218632
5.44227 0.217803
5.45638 0.217077
5.54861 0.226193
5.56273 0.224419
5.57685 0.222866
5.59096 0.221508
5.60508 0.220444
5.6192 0.219514
5.63332 0.218575
5.64743 0.217753
5.66155 0.217034
5.75378 0.226155
5.7679 0.224385
5.78201 0.222962
5.79613 0.221717
5.81025 0.220502
5.82437 0.219439
5.83849 0.218509
5.8526 0.217696
5.86672 0.216984
5.95895 0.226111
5.97306 0.224472
5.98718 0.223038
6.0013 0.221658
6.01542 0.220451
6.02954 0.219395
6.04365 0.21847
6.05777 0.217661
6.07189 0.216954
6.16411 0.22621
6.17823 0.224433
6.19235 0.222879
6.20647 0.221519
6.22059 0.220329
6.2347 0.219288
6.24882 0.218377
6.26294 0.21758
6.27706 0.217008
6.36928 0.226257
6.3834 0.224475
6.39752 0.222915
6.41164 0.221551
6.42575 0.220357
6.43987 0.219312
6.45399 0.218398
6.46811 0.217724
6.48222 0.217133
6.57445 0.226241
6.58857 0.224461
6.60269 0.222904
6.6168 0.221541
6.63092 0.220348
6.64504 0.21943
6.65916 0.218626
6.67327 0.217798
6.68739 0.217073
6.77962 0.226189
6.79374 0.224415
6.80785 0.222863
6.82197 0.221505
6.83609 0.220442
6.85021 0.219512
6.86432 0.218573
6.87844 0.217751
6.89256 0.217032
6.98479 0.226153
6.9989 0.224384
7.01302 0.222961
7.02714 0.221716
7.04126 0.220502
7.05538 0.219439
7.06949 0.218509
7.08361 0.217695
7.09773 0.216983
7.18995 0.226111
7.20407 0.224472
7.21819 0.223038
7.23231 0.221658
7.24643 0.220451
7.26054 0.219394
7.27466 0.21847
7.28878 0.217661
7.3029 0.216954
7.39512 0.226209
7.40924 0.224433
7.42336 0.222879
7.43748 0.221519
7.45159 0.220329
7.46571 0.219288
7.47983 0.218377
7.49395 0.21758
7.50806 0.217007
7.60029 0.226257
7.61441 0.224474
7.62853 0.222915
7.64264 0.221551
7.65676 0.220357
7.67088 0.219312
7.685 0.218398
7.69911 0.217723
7.71323 0.217008
7.80546 0.226132
7.81958 0.224366
7.83369 0.22282
7.84781 0.221467
7.86193 0.220284
7.87605 0.219373
7.89016 0.218577
7.90428 0.217755
7.9184 0.217035
8.01063 0.226156
8.02474 0.224386
8.03886 0.222838
8.05298 0.221483
8.0671 0.220423
8.08122 0.219495
8.09533 0.218558
8.10945 0.217738
8.12357 0.217021
8.21579 0.226143
8.22991 0.224376
8.24403 0.222954
8.25815 0.221709
8.27227 0.220496
8.28638 0.219434
8.3005 0.218505
8.31462 0.217691
8.32874 0.21698
8.42096 0.226108
8.43508 0.224469
8.4492 0.223035
8.46332 0.221656
8.47743 0.220449
8.49155 0.219393
8.50567 0.218469
8.51979 0.21766
8.5339 0.216953
8.62613 0.226209
8.64025 0.224433
8.65437 0.222878
8.66848 0.221519
8.6826 0.220329
8.69672 0.219288
8.71084 0.218377
8.72495 0.21758
8.73907 0.217007
8.8313 0.226256
8.84542 0.224474
8.85953 0.222915
8.87365 0.221551
8.88777 0.220357
8.90189 0.219312
8.916 0.218523
8.93012 0.217833
8.94424 0.217104
9.03647 0.226216
9.05058 0.224439
9.0647 0.222884
9.07882 0.221523
9.09294 0.220333
9.10706 0.219416
9.12117 0.218614
9.13529 0.217788
9.14941 0.217064
9.24163 0.226181
9.25575 0.224408
9.26987 0.222857
9.28399 0.2215
9.29811 0.220438
9.31222 0.219508
9.32634 0.218569
9.34046 0.217748
9.35458 0.21703
9.4468 0.226151
9.46092 0.224382
9.47504 0.222959
9.48916 0.221714
9.50327 0.2205
9.51739 0.219438
9.53151 0.218508
9.54563 0.217694
9.55974 0.216983
9.65197 0.22611
9.66609 0.224471
9.68021 0.223037
9.69432 0.221658
9.70844 0.22045
9.72256 0.219394
9.73668 0.21847
9.75079 0.217661
9.76491 0.216953
9.85714 0.226209
9.87126 0.224433
9.88537 0.222879
9.89949 0.221519
9.91361 0.220329
9.92773 0.219288
9.94184 0.218377
9.95596 0.21758
9.97008 0.217007
10.0623 0.226256
10.0764 0.224474
10.0905 0.222915
10.1047 0.221551
10.1188 0.220357
10.1329 0.219312
10.147 0.218523
10.1611 0.217833
10.1752 0.217104
10.2675 0.226216
10.2816 0.224439
10.2957 0.222884
10.3098 0.221523
10.3239 0.220333
10.3381 0.219416
10.3522 0.218614
10.3663 0.217788
10.3804 0.217064
10.5715 0.238556
10.5926 0.235237
10.7837 0.232332
10.8049 0.229791
10.9959 0.227567
11.0171 0.225746
11.2081 0.224153
11.2293 0.222634
11.4204 0.221304
11.4416 0.220141
11.6326 0.219124
11.6538 0.218233
11.8448 0.217454
11.866 0.216897
12.0571 0.21641
12.0782 0.215859
12.2693 0.215376
12.2905 0.214954
12.4815 0.214585
12.5027 0.214262
12.6937 0.213979
12.7149 0.213732
12.906 0.213515
12.9271 0.213451
13.1182 0.213395
13.1394 0.21322
13.3304 0.213068
13.3516 0.212934
13.5426 0.212817
13.5638 0.212715
13.7549 0.212626
13.776 0.212673
13.9671 0.212714
13.9883 0.212624
14.1793 0.212546
14.2005 0.212478
14.3916 0.212418
14.4127 0.212366
14.6038 0.21232
14.625 0.21228
14.816 0.21237
14.8372 0.212449
15.0282 0.212393
15.0494 0.212344
15.2405 0.212301
15.2616 0.212263
15.4527 0.21223
15.4739 0.212201
15.6649 0.212176
15.6861 0.212279
15.8771 0.212369
15.8983 0.212323
16.0894 0.212283
16.1105 0.212247
16.3016 0.212217
16.3228 0.212189
16.5138 0.212166
16.535 0.212145
16.726 0.212252
16.7472 0.212345
16.9383 0.212302
16.9594 0.212264
17.1505 0.212231
17.1717 0.212202
17.3627 0.212177
17.3839 0.212155
17.575 0.212136
17.5961 0.212244
17.7872 0.212338
17.8084 0.212296
17.9994 0.212259
18.0206 0.212227
18.2116 0.212198
18.2328 0.212173
18.4239 0.212152
18.445 0.212258
18.6361 0.212351
18.6573 0.212307
18.8483 0.212268
18.8695 0.212235
19.0605 0.212206
19.0817 0.21218
19.2728 0.212157
19.2939 0.212138
19.485 0.21212
19.5062 0.21223
19.6972 0.212327
19.7184 0.212286
19.9094 0.21225
19.9306 0.212219
20.1217 0.212191
20.1429 0.212168
20.3339 0.212147
20.3551 0.212253
20.5461 0.212347
20.5673 0.212303
20.7584 0.212265
20.7795 0.212232
20.9706 0.212203
20.9918 0.212178
21.1828 0.212156
21.204 0.212136
21.395 0.212244
21.4162 0.212339
21.6073 0.212296
21.6284 0.212259
21.8195 0.212227
21.8407 0.212198
22.0317 0.212174
22.0529 0.212152
22.2439 0.212133
22.2651 0.212241
22.4562 0.212336
22.4787 0.212419
22.6684 0.212367
22.6932 0.212696
22.8806 0.212609
22.9077 0.212783
23.0942 0.212935
23.1199 0.212818
23.3079 0.212841
23.3322 0.212861
23.5215 0.213003
23.5444 0.212878
23.7352 0.213018
23.7566 0.212891
23.9474 0.212779
23.9688 0.212682
24.1596 0.212597
24.1811 0.212647
24.3719 0.212566
24.3933 0.212495
24.5841 0.212559
24.6055 0.212489
24.7963 0.212428
24.8178 0.212374
25.0085 0.212327
25.03 0.212286
25.2208 0.212251
25.2422 0.212344
25.433 0.212301
25.4544 0.212264
25.6452 0.212356
25.6667 0.212311
25.8574 0.212272
25.8789 0.212238
26.0697 0.212208
26.0911 0.212307
26.2819 0.212269
26.3033 0.212235
26.4941 0.212331
26.5156 0.21229
26.7063 0.212253
26.7278 0.212222
26.9186 0.212194
26.94 0.212295
27.1308 0.212258
27.1523 0.212226
27.343 0.212322
27.3645 0.212282
27.5553 0.212247
27.5767 0.212216
27.7675 0.212189
27.7889 0.212165
27.9797 0.212145
28.0012 0.212252
28.1919 0.21222
28.2134 0.212193
28.4042 0.212294
28.4256 0.212257
28.6164 0.212225
28.6378 0.212197
28.8286 0.212172
28.8508 0.212276
29.0408 0.212241
29.0645 0.212461
29.2531 0.212528
29.2781 0.212712
29.4653 0.212623
29.4917 0.21267
29.6791 0.212837
29.7054 0.212982
29.8936 0.213109
29.919 0.213221
30.1081 0.213443
30.1335 0.213513
30.3209 0.213324
30.3463 0.213283
30.5345 0.213373
30.5586 0.213201
30.7473 0.213176
30.7708 0.213029
30.961 0.213025
30.983 0.213022
31.1732 0.213019
31.1952 0.212892
31.3854 0.21278
31.4075 0.212683
31.5977 0.212598
31.6197 0.212523
31.8099 0.212458
31.8319 0.2124
32.0221 0.212475
32.0442 0.212541
32.2344 0.212473
32.2564 0.212414
32.4466 0.212362
32.4686 0.212317
32.6588 0.212277
32.6808 0.212243
32.871 0.212337
32.8931 0.21242
33.0833 0.212368
33.1053 0.212322
33.2955 0.212282
33.3175 0.212246
33.5077 0.212216
33.5297 0.212189
33.7199 0.212165
33.742 0.212144
33.9322 0.212251
33.9542 0.212345
34.1444 0.212302
34.1664 0.212264
34.3566 0.212231
34.3786 0.212202
34.5689 0.212177
34.5909 0.212155
34.7811 0.21226
34.8031 0.212353
34.9933 0.212309
35.0153 0.21227
35.2055 0.212236
35.2288 0.212332
35.4178 0.21229
35.4425 0.212504
35.63 0.212441
35.6553 0.212511
35.8435 0.212697
35.8681 0.212735
36.0563 0.212768
36.0809 0.212672
36.2691 0.212713
36.2937 0.212749
36.4819 0.212655
36.5065 0.212698
36.6947 0.212736
36.7193 0.212769
36.9075 0.212798
36.9321 0.212823
37.1203 0.212845
37.1449 0.21274
37.3331 0.212772
37.3577 0.212801
37.5459 0.212701
37.5699 0.212613
37.7587 0.212661
37.7821 0.212704
37.9715 0.212741
37.9943 0.212648
38.1837 0.212567
38.2066 0.212496
38.3959 0.212434
38.4188 0.21238
38.6082 0.212457
38.631 0.212525
38.8204 0.21246
38.8433 0.212402
39.0326 0.212352
39.0555 0.212308
39.2448 0.212269
39.2677 0.212236
39.4571 0.212331
39.4799 0.21229
39.6693 0.212254
39.6922 0.212347
39.8815 0.212304
39.9044 0.212266
40.0937 0.212232
40.1166 0.212203
40.306 0.212178
40.3288 0.212156
40.5182 0.212261
40.5411 0.212354
40.7304 0.212309
40.7533 0.212271
40.9427 0.212237
40.9655 0.212207
41.1549 0.212181
41.1778 0.212159
41.3671 0.212264
41.3906 0.212356
41.5793 0.212311
41.6034 0.212397
41.7917 0.212348
41.8162 0.212429
42.0045 0.212501
42.029 0.212563
42.2173 0.212618
42.2418 0.21254
42.4301 0.212598
42.4546 0.212648
42.6429 0.212567
42.6674 0.212621
42.8557 0.212669
42.8802 0.21271
43.0685 0.212746
43.093 0.212778
43.2813 0.212806
43.3058 0.212705
43.4941 0.212742
43.5181 0.212774
43.7069 0.212677
43.7303 0.212593
43.9197 0.212644
43.9425 0.212563
44.1319 0.212493
44.1547 0.212431
44.3441 0.212502
44.367 0.212439
44.5563 0.212385
44.5792 0.212461
44.7686 0.212404
44.7914 0.212353
44.9808 0.212309
45.0037 0.212271
45.193 0.212362
45.2159 0.212316
45.4052 0.212277
45.4281 0.212367
45.6175 0.212321
45.6403 0.212281
45.8297 0.212246
45.8526 0.212215
46.0419 0.212188
46.0648 0.212165
46.2541 0.212269
46.277 0.212361
46.4664 0.212316
46.4892 0.212276
46.6786 0.212242
46.7015 0.212211
46.8908 0.212185
46.9137 0.212162
47.1031 0.212267
47.126 0.212358
47.3153 0.212313
47.3388 0.212274
47.5275 0.21224
47.5516 0.212335
47.7398 0.212293
47.7644 0.212381
47.9526 0.212459
47.9772 0.212526
48.1654 0.212586
48.19 0.212637
48.3782 0.212683
48.4028 0.212597
48.591 0.212648
48.6156 0.212692
48.8038 0.212605
48.8284 0.212655
49.0166 0.212698
49.0412 0.212736
49.2294 0.212769
49.254 0.212798
49.4422 0.212823
49.4662 0.21272
49.655 0.212755
49.6785 0.212661
49.8678 0.212578
49.8907 0.212506
50.0801 0.212568
50.1029 0.212497
50.2923 0.212435
50.3152 0.212505
50.5045 0.212442
50.5274 0.212387
50.7167 0.212338
50.7396 0.212296
50.929 0.212259
50.9518 0.212227
51.1412 0.212323
51.1641 0.212408
51.3534 0.212357
51.3763 0.212312
51.5656 0.212273
51.5885 0.212239
51.7779 0.212209
51.8007 0.212183
51.9901 0.212285
52.013 0.21225
52.2023 0.212218
52.2252 0.212316
52.4145 0.212277
52.4374 0.212242
52.6268 0.212212
52.6496 0.212185
52.839 0.212287
52.8619 0.212251
53.0512 0.21222
53.0742 0.212317
53.2635 0.212278
53.287 0.212243
53.4757 0.212213
53.4998 0.212311
53.6879 0.212272
53.7126 0.212363
53.9008 0.212443
53.9254 0.212512
54.1136 0.212573
54.1382 0.212627
54.3264 0.212673
54.351 0.212589
54.5392 0.212641
54.5638 0.212685
54.752 0.212725
54.7766 0.212759
54.9648 0.212664
54.9894 0.212706
55.1776 0.212743
55.2022 0.212775
55.3904 0.212803
55.4144 0.212703
55.6032 0.21274
55.6266 0.212647
55.816 0.212692
55.8389 0.212605
56.0288 0.212529
56.0511 0.212588
56.241 0.21264
56.2633 0.21256
56.4533 0.21249
56.4756 0.212429
56.6655 0.212375
56.6878 0.212328
56.8777 0.212287
56.9 0.212376
57.0899 0.212329
57.1122 0.212288
57.3022 0.212377
57.3245 0.21233
57.5144 0.212289
57.5367 0.212253
57.7266 0.212221
57.7489 0.212193
57.9388 0.212169
57.9611 0.212273
58.1511 0.212364
58.1734 0.212318
58.3633 0.212279
58.3856 0.212244
58.5755 0.212213
58.5978 0.212187
58.7878 0.212163
58.8101 0.212268
59 0.212234
59.0223 0.212205
59.2122 0.212304
59.2352 0.212391
59.4244 0.212342
59.448 0.2123
59.6367 0.212262
59.6608 0.212354
59.849 0.21231
59.8736 0.212396
60.0618 0.212472
60.0864 0.212538
60.2746 0.212596
60.2992 0.212646
60.4874 0.21269
60.512 0.212604
60.7002 0.212654
60.7248 0.212697
60.913 0.21261
60.9376 0.212659
61.1258 0.212701
61.1504 0.212739
61.3386 0.212771
61.3632 0.2128
61.5514 0.212825
61.5754 0.212722
61.7642 0.212757
61.7876 0.212662
61.977 0.212579
61.9999 0.212507
62.1892 0.212568
62.2121 0.212622
62.4014 0.212545
62.4243 0.212477
62.6137 0.212417
62.6365 0.212365
62.8259 0.212319
62.8488 0.212279
63.0381 0.212369
63.061 0.212323
63.2503 0.212283
63.2732 0.212372
63.4626 0.212326
63.4854 0.212285
63.6748 0.21225
63.6977 0.212218
63.887 0.212316
63.9099 0.212277
64.0992 0.212242
64.1221 0.212337
64.3115 0.212295
64.3343 0.212258
64.5237 0.212226
64.5466 0.212197
64.7359 0.212173
64.7588 0.212151
64.9482 0.212257
64.971 0.21235
65.1604 0.212306
65.1833 0.212268
65.3726 0.212235
65.3961 0.21233
65.5848 0.212289
65.6089 0.212253
65.7972 0.212346
65.8217 0.212428
66.01 0.212374
66.0345 0.212453
66.2228 0.212521
66.2473 0.212581
66.4356 0.212633
66.4601 0.212679
66.6484 0.212719
66.6729 0.212629
66.8612 0.212676
66.8857 0.212716
67.074 0.212627
67.0985 0.212673
67.2868 0.212714
67.3113 0.21275
67.4996 0.212781
67.5236 0.212684
67.7124 0.212723
67.7358 0.212633
67.9252 0.212679
67.948 0.212719
68.1374 0.212629
68.1603 0.21255
68.3496 0.212482
68.3725 0.212421
68.5618 0.212369
68.5847 0.212323
68.7741 0.212407
68.7969 0.212356
68.9863 0.212312
69.0092 0.212398
69.1985 0.212348
69.2214 0.212305
69.4107 0.212267
69.4336 0.212233
69.623 0.212204
69.6458 0.212179
69.8352 0.212281
69.8581 0.212371
70.0474 0.212325
70.0703 0.212284
70.2596 0.212249
70.2825 0.212218
70.4719 0.21219
70.4947 0.212167
70.6841 0.212271
70.707 0.212237
70.8963 0.212207
70.9192 0.212306
71.1086 0.212268
71.1315 0.212235
71.3208 0.212205
71.3443 0.212305
71.533 0.212392
71.5571 0.212468
71.7452 0.212409
71.7699 0.212358
71.9581 0.212438
71.9827 0.212508
72.1709 0.212445
72.1955 0.212514
72.3837 0.212575
72.4083 0.212628
72.5965 0.212675
72.6211 0.212715
72.8093 0.212751
72.8339 0.212657
73.0221 0.2127
73.0467 0.212737
73.2349 0.212645
73.2595 0.21269
73.4477 0.212728
73.4717 0.212637
73.6605 0.212683
73.684 0.212597
73.8733 0.212648
73.8962 0.212692
74.0856 0.212605
74.1084 0.21253
74.2978 0.212463
74.3207 0.212405
74.51 0.21248
74.5329 0.21242
74.7222 0.212367
74.7451 0.212446
74.9345 0.212391
74.9573 0.212342
75.1467 0.212299
75.1696 0.212262
75.3589 0.212229
75.3818 0.2122
75.5711 0.2123
75.594 0.212388
75.7834 0.212339
75.8062 0.212297
75.9956 0.21226
76.0185 0.212227
76.2078 0.212199
76.2307 0.212174
76.4201 0.212277
76.4429 0.212243
76.6323 0.212212
76.6552 0.212311
76.8445 0.212272
76.8674 0.212238
77.0567 0.212208
77.0796 0.212182
77.269 0.212159
77.2925 0.212264
77.4812 0.212356
77.5053 0.212437
77.6934 0.212382
77.7181 0.212459
77.9063 0.212527
77.9309 0.212461
78.1191 0.212529
78.1437 0.212587
78.3319 0.212514
78.3565 0.212575
78.5447 0.212628
78.5693 0.212674
78.7575 0.212715
78.7821 0.212751
78.9703 0.212782
78.9949 0.212684
79.1831 0.212724
79.2077 0.212758
79.3959 0.212663
79.4199 0.21258
79.6087 0.212633
79.6322 0.212679
79.8215 0.212719
79.8444 0.212629
80.0343 0.212675
80.0566 0.212591
80.2465 0.212517
80.2688 0.212452
80.4588 0.212396
80.4811 0.212471
80.671 0.212413
80.6933 0.212361
80.8832 0.212441
80.9055 0.212386
81.0954 0.212338
81.1177 0.212295
81.3077 0.212258
81.33 0.212226
81.5199 0.212198
81.5422 0.212298
81.7321 0.212386
81.7544 0.212338
81.9443 0.212295
81.9666 0.212258
82.1566 0.212226
82.1789 0.212198
82.3688 0.212173
82.3911 0.212277
82.581 0.212367
82.6033 0.212321
82.7933 0.212281
82.8156 0.212246
83.0055 0.212215
83.0278 0.212188
83.2177 0.212165
83.2407 0.212269
83.4299 0.212235
83.4535 0.212331
83.6422 0.212415
83.6663 0.212488
83.8545 0.212427
83.8791 0.212498
84.0673 0.212561
84.0919 0.212491
84.2801 0.212555
84.3047 0.21261
84.4929 0.212534
84.5175 0.212592
84.7057 0.212643
84.7303 0.212688
84.9185 0.212727
84.9431 0.212761
85.1313 0.212791
85.1559 0.212692
85.3441 0.212731
85.3687 0.212764
85.5569 0.212669
85.5809 0.212585
85.7697 0.212637
85.7931 0.212682
85.9825 0.212722
86.0054 0.212632
86.1947 0.212553
86.2176 0.212484
86.4069 0.212423
86.4298 0.21237
86.6192 0.212449
86.642 0.212518
86.8314 0.212453
86.8543 0.212397
87.0436 0.212347
87.0665 0.212304
87.2558 0.212266
87.2787 0.212232
87.4681 0.212328
87.4909 0.212287
87.6803 0.212251
87.7032 0.212345
87.8925 0.212302
87.9154 0.212264
88.1048 0.212231
88.1276 0.212202
88.317 0.212177
88.3398 0.212155
88.5292 0.21226
88.5521 0.212353
88.7414 0.212309
88.7643 0.21227
88.9537 0.212236
88.9765 0.212207
89.1659 0.212181
89.1888 0.212158
89.3781 0.212264
89.4016 0.212356
89.5903 0.212311
89.6144 0.212397
89.8026 0.212348
89.8272 0.212429
90.0155 0.212501
90.04 0.212563
90.2283 0.212618
90.2528 0.21254
90.4411 0.212598
90.4656 0.212648
90.6539 0.212567
90.6784 0.212621
90.8667 0.212669
90.8912 0.21271
91.0795 0.212746
91.104 0.212778
91.2923 0.212806
91.3168 0.212705
91.5051 0.212742
91.5291 0.212774
91.7179 0.212677
91.7413 0.212593
91.9307 0.212644
91.9535 0.212563
92.1429 0.212493
92.1658 0.212431
92.3551 0.212502
92.378 0.212439
92.5673 0.212385
92.5902 0.212461
92.7796 0.212404
92.8024 0.212353
92.9918 0.212309
93.0147 0.212271
93.204 0.212362
93.2269 0.212316
93.4162 0.212277
93.4391 0.212367
93.6285 0.212321
93.6513 0.212281
93.8407 0.212246
93.8636 0.212215
94.0529 0.212188
94.0758 0.212165
94.2652 0.212269
94.288 0.212361
94.4774 0.212316
94.5003 0.212276
94.6896 0.212242
94.7125 0.212211
94.9018 0.212185
94.9247 0.212162
95.1141 0.212267
95.1369 0.212233
95.3263 0.212204
95.3498 0.212304
95.5385 0.212266
95.5626 0.212357
95.7507 0.212313
95.7754 0.212399
95.9636 0.212474
95.9882 0.21254
96.1764 0.212597
96.201 0.212648
96.3892 0.212692
96.4138 0.212605
96.602 0.212654
96.6266 0.212698
96.8148 0.21261
96.8394 0.212659
97.0276 0.212702
97.0522 0.212739
97.2404 0.212772
97.265 0.2128
97.4532 0.212825
97.4773 0.212722
97.666 0.212757
97.6895 0.212662
97.8788 0.212579
97.9017 0.212507
98.0911 0.212569
98.1139 0.212498
98.3033 0.212435
98.3262 0.212506
98.5155 0.212443
98.5384 0.212387
98.7277 0.212339
98.7506 0.212297
98.94 0.212259
98.9628 0.212227
99.1522 0.212324
99.1751 0.212408
99.3644 0.212357
99.3873 0.212313
99.5766 0.212273
99.5995 0.212239
99.7889 0.212209
99.8117 0.212183
100.001 0.212285
100.024 0.21225
100.213 0.212218
100.236 0.212316
100.426 0.212277
100.448 0.212242
100.638 0.212212
100.661 0.212185
100.85 0.212287
100.873 0.212251
101.062 0.21222
101.085 0.212317
101.274 0.212278
101.298 0.212368
101.487 0.212322
101.511 0.212282
101.699 0.212247
101.724 0.212341
101.912 0.212423
101.936 0.212495
102.125 0.212558
102.149 0.212614
102.337 0.212662
102.362 0.212704
102.55 0.212741
102.575 0.212648
102.763 0.212692
102.788 0.212731
102.976 0.212639
103 0.212685
103.189 0.212724
103.213 0.212758
103.401 0.212789
103.425 0.21269
103.614 0.212729
103.638 0.212638
103.827 0.212683
103.85 0.212598
104.04 0.212523
104.062 0.212583
104.252 0.212635
104.274 0.212555
104.464 0.212486
104.487 0.212425
104.676 0.212372
104.699 0.212326
104.889 0.212285
104.911 0.212374
105.101 0.212327
105.123 0.212287
105.313 0.212376
105.335 0.212329
105.525 0.212288
105.548 0.212252
105.738 0.21222
105.76 0.212193
105.95 0.212169
105.972 0.212273
106.162 0.212363
106.184 0.212318
106.374 0.212278
106.397 0.212243
106.587 0.212213
106.609 0.212186
106.799 0.212163
106.821 0.212268
107.011 0.212234
107.033 0.212205
107.223 0.212304
107.246 0.212391
107.435 0.212342
107.459 0.2123
107.648 0.212262
107.672 0.212354
107.86 0.21231
107.885 0.212396
108.073 0.212472
108.097 0.212538
108.286 0.212596
108.31 0.212646
108.498 0.21269
108.523 0.212604
108.711 0.212654
108.736 0.212697
108.924 0.21261
108.949 0.212659
109.137 0.212701
109.161 0.212739
109.35 0.212771
109.374 0.2128
109.562 0.212825
109.586 0.212722
109.775 0.212757
109.799 0.212662
109.988 0.212579
110.011 0.212507
110.2 0.212568
110.223 0.212622
110.412 0.212545
110.435 0.212477
110.625 0.212417
110.648 0.212365
110.837 0.212319
110.86 0.212279
111.049 0.212369
111.072 0.212323
111.261 0.212283
111.284 0.212372
111.474 0.212326
111.496 0.212285
111.686 0.21225
111.709 0.212218
111.898 0.212316
111.921 0.212277
112.11 0.212242
112.133 0.212337
112.322 0.212295
112.345 0.212258
112.535 0.212226
112.558 0.212197
112.747 0.212173
112.77 0.212151
112.959 0.212257
112.982 0.21235
113.171 0.212306
113.194 0.212268
113.384 0.212235
113.407 0.21233
113.596 0.212289
113.62 0.212253
113.808 0.212346
113.833 0.212428
114.021 0.212374
114.046 0.212453
114.234 0.212521
114.258 0.212581
114.447 0.212633
114.471 0.212679
114.659 0.212719
114.684 0.212629
114.872 0.212676
114.897 0.212716
115.085 0.212627
115.11 0.212673
115.298 0.212714
115.322 0.21275
115.511 0.212781
115.535 0.212684
115.723 0.212723
115.747 0.212633
115.936 0.212679
115.959 0.212719
116.148 0.212629
116.171 0.21255
116.361 0.212482
116.383 0.212421
116.573 0.212369
116.596 0.212323
116.785 0.212407
116.808 0.212356
116.997 0.212312
117.02 0.212398
117.21 0.212348
117.232 0.212305
117.422 0.212267
117.445 0.212233
117.634 0.212204
117.657 0.212179
117.846 0.212281
117.869 0.212371
118.058 0.212325
118.081 0.212284
118.271 0.212249
118.294 0.212218
118.483 0.21219
118.506 0.212167
118.695 0.212271
118.718 0.212237
118.907 0.212207
118.93 0.212306
119.12 0.212268
119.142 0.212235
119.332 0.212205
119.355 0.212305
119.544 0.212392
119.568 0.212468
119.756 0.212409
119.781 0.212358
119.969 0.212438
119.994 0.212508
120.182 0.212445
120.207 0.212514
120.395 0.212575
120.419 0.212628
120.608 0.212675
120.632 0.212715
120.82 0.212751
120.845 0.212657
121.033 0.2127
121.058 0.212737
121.246 0.212645
121.271 0.21269
121.459 0.212728
121.483 0.212637
121.672 0.212683
121.695 0.212597
121.884 0.212648
121.907 0.212692
122.097 0.212605
122.119 0.21253
122.309 0.212463
122.332 0.212405
122.521 0.21248
122.544 0.21242
122.733 0.212367
122.756 0.212446
122.945 0.212391
122.968 0.212342
123.158 0.212299
123.181 0.212262
123.37 0.212229
123.393 0.2122
123.582 0.2123
123.605 0.212388
123.794 0.212339
123.817 0.212297
124.007 0.21226
124.029 0.212227
124.219 0.212199
124.242 0.212174
124.431 0.212277
124.454 0.212243
124.643 0.212212
124.666 0.212311
124.856 0.212272
124.878 0.212238
125.068 0.212208
125.091 0.212182
125.28 0.212159
125.304 0.212264
125.492 0.212356
125.516 0.212437
125.704 0.212382
125.729 0.212459
125.917 0.212527
125.942 0.212461
126.13 0.212529
126.155 0.212587
126.343 0.212514
126.368 0.212575
126.556 0.212628
126.58 0.212674
126.769 0.212715
126.793 0.212751
126.981 0.212782
127.006 0.212684
127.194 0.212724
127.219 0.212758
127.407 0.212663
127.431 0.21258
127.62 0.212633
127.643 0.212679
127.833 0.212719
127.855 0.212629
128.045 0.212675
128.068 0.212591
128.258 0.212517
128.28 0.212452
128.47 0.212396
128.492 0.212471
128.682 0.212413
128.704 0.212361
128.894 0.212441
128.917 0.212386
129.106 0.212338
129.129 0.212295
129.319 0.212258
129.341 0.212226
129.531 0.212198
129.553 0.212298
129.743 0.212386
129.765 0.212338
129.955 0.212295
129.978 0.212258
130.168 0.212226
130.19 0.212198
130.38 0.212173
130.402 0.212277
130.592 0.212367
130.614 0.212321
130.804 0.212281
130.827 0.212246
131.016 0.212215
131.039 0.212188
131.229 0.212165
131.252 0.212269
131.441 0.212235
131.464 0.212331
131.653 0.212415
131.677 0.212488
131.865 0.212427
131.89 0.212498
132.078 0.212561
132.103 0.212491
132.291 0.212555
132.316 0.21261
132.504 0.212534
132.528 0.212592
132.717 0.212643
132.741 0.212688
132.929 0.212727
132.954 0.212761
133.142 0.212791
133.167 0.212692
133.355 0.212731
133.38 0.212764
133.568 0.212669
133.592 0.212585
133.781 0.212637
133.804 0.212682
133.993 0.212722
134.016 0.212632
134.206 0.212553
134.229 0.212484
134.418 0.212423
134.441 0.21237
134.63 0.212449
134.653 0.212518
134.842 0.212453
134.865 0.212397
135.055 0.212347
135.077 0.212304
135.267 0.212266
135.29 0.212232
135.479 0.212328
135.502 0.212287
135.691 0.212251
135.714 0.212345
135.904 0.212302
135.926 0.212264
136.116 0.212231
136.139 0.212202
136.328 0.212177
136.351 0.212155
136.54 0.21226
136.563 0.212353
136.752 0.212309
136.775 0.21227
136.965 0.212236
136.988 0.212207
137.177 0.212181
137.2 0.212158
137.389 0.212264
137.413 0.212356
137.601 0.212311
137.625 0.212397
137.814 0.212348
137.838 0.212429
138.026 0.212501
138.051 0.212563
138.239 0.212618
138.264 0.21254
138.452 0.212598
138.477 0.212648
138.665 0.212567
138.689 0.212621
138.878 0.212669
138.902 0.21271
139.09 0.212746
139.115 0.212778
139.303 0.212806
139.328 0.212705
139.516 0.212742
139.54 0.212774
139.729 0.212677
139.752 0.212593
139.942 0.212644
139.965 0.212563
140.154 0.212493
140.177 0.212431
140.366 0.212502
140.389 0.212439
140.578 0.212385
140.601 0.212461
140.791 0.212404
140.813 0.212353
141.003 0.212309
141.026 0.212271
141.215 0.212362
141.238 0.212316
141.427 0.212277
141.45 0.212367
141.639 0.212321
141.662 0.212281
141.852 0.212246
141.875 0.212215
142.064 0.212188
142.087 0.212165
142.276 0.212269
142.299 0.212361
142.488 0.212316
142.511 0.212276
142.701 0.212242
142.723 0.212211
142.913 0.212185
142.936 0.212162
143.125 0.212267
143.148 0.212233
143.337 0.212204
143.361 0.212304
143.55 0.212266
143.574 0.212357
143.762 0.212313
143.786 0.212399
143.975 0.212474
143.999 0.21254
144.187 0.212597
144.212 0.212648
144.4 0.212692
144.425 0.212605
144.613 0.212654
144.638 0.212698
144.826 0.21261
144.85 0.212659
145.039 0.212702
145.063 0.212739
145.251 0.212772
145.276 0.2128
145.464 0.212825
145.488 0.212722
145.677 0.212757
145.7 0.212662
145.89 0.212579
145.913 0.212507
146.102 0.212569
146.125 0.212498
146.314 0.212435
146.337 0.212506
146.527 0.212443
146.549 0.212387
146.739 0.212339
146.762 0.212297
146.951 0.212259
146.974 0.212227
147.163 0.212324
147.186 0.212408
147.375 0.212357
147.398 0.212313
147.588 0.212273
147.611 0.212239
147.8 0.212209
147.823 0.212183
148.012 0.212285
148.035 0.21225
148.224 0.212218
148.247 0.212316
148.437 0.212277
148.459 0.212242
148.649 0.212212
148.672 0.212185
148.861 0.212287
148.884 0.212251
149.073 0.21222
149.096 0.212317
149.285 0.212278
149.309 0.212243
149.498 0.212213
149.522 0.212311
149.71 0.212272
149.735 0.212363
149.923 0.212443
149.947 0.212512
150.136 0.212573
150.16 0.212627
150.348 0.212673
150.373 0.212714
150.561 0.21275
150.586 0.212656
150.774 0.212699
150.799 0.212737
150.987 0.212645
151.011 0.212689
151.2 0.212728
151.224 0.212762
151.412 0.212792
151.436 0.212693
151.625 0.212731
151.649 0.21264
151.838 0.212685
151.861 0.212599
152.051 0.212524
152.073 0.212584
152.263 0.212636
152.285 0.212556
152.475 0.212487
152.498 0.212426
152.687 0.212373
152.71 0.212326
152.9 0.212285
152.922 0.212375
153.112 0.212328
153.134 0.212287
153.324 0.212376
153.346 0.212329
153.536 0.212288
153.559 0.212252
153.749 0.21222
153.771 0.212193
153.961 0.212169
153.983 0.212273
154.173 0.212364
154.195 0.212318
154.385 0.212278
154.408 0.212244
154.598 0.212213
154.62 0.212186
154.81 0.212163
154.832 0.212268
155.022 0.212234
155.044 0.212205
155.234 0.212304
155.257 0.212391
155.446 0.212342
155.47 0.2123
155.659 0.212262
155.683 0.212354
155.871 0.21231
155.896 0.212396
156.084 0.212472
156.108 0.212538
156.297 0.212596
156.321 0.212646
156.509 0.21269
156.534 0.212604
156.722 0.212654
156.747 0.212697
156.935 0.21261
156.96 0.212659
157.148 0.212701
157.172 0.212739
157.361 0.212771
157.385 0.2128
157.573 0.212825
157.597 0.212722
157.786 0.212757
157.81 0.212662
157.999 0.212579
158.022 0.212507
158.211 0.212568
158.234 0.212622
158.423 0.212545
158.446 0.212477
158.636 0.212417
158.659 0.212365
158.848 0.212319
158.871 0.212279
159.06 0.212369
159.083 0.212323
159.272 0.212283
159.295 0.212372
159.485 0.212326
159.507 0.212285
159.697 0.21225
159.72 0.212218
159.909 0.212316
159.932 0.212277
160.121 0.212242
160.144 0.212337
160.333 0.212295
160.356 0.212258
160.546 0.212226
160.569 0.212197
160.758 0.212173
160.781 0.212151
160.97 0.212257
160.993 0.21235
161.182 0.212306
161.205 0.212268
161.395 0.212235
161.418 0.21233
161.607 0.212289
161.631 0.212253
161.819 0.212346
161.844 0.212428
162.032 0.212374
162.057 0.212453
162.245 0.212521
162.269 0.212581
162.458 0.212633
162.482 0.212679
162.67 0.212719
162.695 0.212629
162.883 0.212676
162.908 0.212716
163.096 0.212627
163.121 0.212673
163.309 0.212714
163.333 0.21275
163.522 0.212781
163.546 0.212684
163.734 0.212723
163.758 0.212633
163.947 0.212679
163.97 0.212719
164.159 0.212629
164.182 0.21255
164.372 0.212482
164.394 0.212421
164.584 0.212369
164.607 0.212323
164.796 0.212407
164.819 0.212356
165.008 0.212312
165.031 0.212398
165.221 0.212348
165.243 0.212305
165.433 0.212267
165.456 0.212233
165.645 0.212204
165.668 0.212179
165.857 0.212281
165.88 0.212371
166.069 0.212325
166.092 0.212284
166.282 0.212249
166.305 0.212218
166.494 0.21219
166.517 0.212167
166.706 0.212271
166.729 0.212237
166.918 0.212207
166.941 0.212306
167.131 0.212268
167.153 0.212235
167.343 0.212205
167.366 0.212305
167.555 0.212392
167.579 0.212468
167.767 0.212409
167.792 0.212358
167.98 0.212438
168.005 0.212508
168.193 0.212445
168.218 0.212514
168.406 0.212575
168.43 0.212628
168.619 0.212675
168.643 0.212715
168.831 0.212751
168.856 0.212657
169.044 0.2127
169.069 0.212737
169.257 0.212645
169.282 0.21269
169.47 0.212728
169.494 0.212637
169.683 0.212683
169.706 0.212597
169.895 0.212648
169.918 0.212692
170.108 0.212605
170.13 0.21253
170.32 0.212463
170.343 0.212405
170.532 0.21248
170.555 0.21242
170.744 0.212367
170.767 0.212446
170.956 0.212391
170.979 0.212342
171.169 0.212299
171.192 0.212262
171.381 0.212229
171.404 0.2122
171.593 0.2123
171.616 0.212388
171.805 0.212339
171.828 0.212297
172.018 0.21226
172.04 0.212227
172.23 0.212199
172.253 0.212174
172.442 0.212277
172.465 0.212243
172.654 0.212212
172.677 0.212311
172.867 0.212272
172.889 0.212238
173.079 0.212208
173.102 0.212182
173.291 0.212159
173.314 0.212264
173.503 0.212356
173.527 0.212437
173.715 0.212382
173.74 0.212459
173.928 0.212527
173.953 0.212461
174.141 0.212529
174.166 0.212587
174.354 0.212514
174.379 0.212575
174.567 0.212628
174.591 0.212674
174.78 0.212715
174.804 0.212751
174.992 0.212782
175.017 0.212684
175.205 0.212724
175.23 0.212758
175.418 0.212663
175.442 0.21258
175.631 0.212633
175.654 0.212679
175.844 0.212719
175.866 0.212629
176.056 0.212675
176.079 0.212591
176.269 0.212517
176.291 0.212452
176.481 0.212396
176.503 0.212471
176.693 0.212538
176.715 0.21247
176.905 0.212412
176.928 0.21236
177.117 0.212315
177.14 0.212276
177.33 0.212241
177.352 0.212211
177.542 0.212185
177.564 0.212287
177.754 0.212376
177.776 0.212329
177.966 0.212288
177.989 0.212252
178.179 0.21222
178.201 0.212193
178.391 0.212169
178.413 0.212273
178.603 0.212363
178.625 0.212318
178.815 0.212278
178.838 0.212244
179.027 0.212213
179.05 0.212186
179.24 0.212163
179.263 0.212268
179.452 0.212234
179.475 0.21233
179.664 0.212414
179.688 0.212487
179.876 0.212426
179.901 0.212498
180.089 0.212561
180.114 0.212491
180.302 0.212554
180.327 0.21261
180.515 0.212534
180.539 0.212592
180.728 0.212643
180.752 0.212688
180.94 0.212727
180.965 0.212761
181.153 0.212791
181.178 0.212692
181.366 0.21273
181.391 0.212764
181.579 0.212669
181.603 0.212585
181.792 0.212637
181.815 0.212682
182.004 0.212722
182.027 0.212632
182.217 0.212553
182.24 0.212484
182.429 0.212423
182.452 0.21237
182.641 0.212449
182.664 0.212518
182.853 0.212453
182.876 0.212397
183.066 0.212347
183.089 0.212304
183.278 0.212266
183.301 0.212232
183.49 0.212328
183.513 0.212287
183.702 0.212251
183.725 0.212345
183.915 0.212302
183.937 0.212264
184.127 0.212231
184.15 0.212202
184.339 0.212177
184.362 0.212155
184.551 0.21226
184.574 0.212353
184.763 0.212309
184.786 0.21227
184.976 0.212236
184.999 0.212207
185.188 0.212181
185.211 0.212158
185.4 0.212264
185.424 0.212356
185.612 0.212311
185.636 0.212397
185.825 0.212348
185.849 0.212429
186.037 0.212501
186.062 0.212563
186.25 0.212618
186.275 0.21254
186.463 0.212598
186.488 0.212648
186.676 0.212567
186.7 0.212621
186.889 0.212669
186.913 0.21271
187.101 0.212746
187.126 0.212778
187.314 0.212806
187.339 0.212705
187.527 0.212742
187.551 0.212774
187.74 0.212677
187.763 0.212593
187.953 0.212644
187.976 0.212563
188.165 0.212493
188.188 0.212431
188.377 0.212502
188.4 0.212439
188.589 0.212385
188.612 0.212461
188.802 0.212404
188.824 0.212353
189.014 0.212309
189.037 0.212271
189.226 0.212362
189.249 0.212316
189.438 0.212277
189.461 0.212367
189.65 0.212321
189.673 0.212281
189.863 0.212246
189.886 0.212215
190.075 0.212188
190.098 0.212165
190.287 0.212269
190.31 0.212361
190.499 0.212316
190.522 0.212276
190.712 0.212242
190.734 0.212211
190.924 0.212185
190.947 0.212162
191.136 0.212267
191.159 0.212233
191.348 0.212204
191.372 0.212304
191.561 0.212266
191.585 0.212357
191.773 0.212313
191.797 0.212399
191.986 0.212474
192.01 0.21254
192.198 0.212597
192.223 0.212648
192.411 0.212692
192.436 0.212605
192.624 0.212654
192.649 0.212698
192.837 0.21261
192.861 0.212659
193.05 0.212702
193.074 0.212739
193.262 0.212772
193.287 0.2128
193.475 0.212825
193.499 0.212722
193.688 0.212757
193.711 0.212662
193.901 0.212579
193.924 0.212507
194.113 0.212569
194.136 0.212498
194.325 0.212435
194.348 0.212506
194.538 0.212443
194.56 0.212387
194.75 0.212339
194.773 0.212297
194.962 0.212259
194.985 0.212227
195.174 0.212324
195.197 0.212408
195.386 0.212357
195.409 0.212313
195.599 0.212273
195.622 0.212239
195.811 0.212209
195.834 0.212183
196.023 0.212285
196.046 0.21225
196.235 0.212218
196.258 0.212316
196.448 0.212277
196.47 0.212242
196.66 0.212212
196.683 0.212185
196.872 0.212287
196.895 0.212251
197.084 0.21222
197.107 0.212317
197.296 0.212278
197.32 0.212243
197.509 0.212213
197.533 0.212311
197.721 0.212272
197.746 0.212363
197.934 0.212443
197.958 0.212512
198.147 0.212573
198.171 0.212627
198.359 0.212673
198.384 0.212714
198.572 0.21275
198.597 0.212656
198.785 0.212699
198.81 0.212737
198.998 0.212645
199.022 0.212689
199.211 0.212728
199.235 0.212762
199.423 0.212792
199.447 0.212693
199.636 0.212606
199.66 0.21253
199.848 0.212464
199.872 0.212406
200.06 0.21248
200.084 0.212545
200.272 0.212477
200.296 0.212417
200.485 0.212365
200.509 0.21232
200.697 0.21228
200.721 0.212245
200.909 0.212339
200.933 0.212422
