0.0 0
0.0941392 0.084
0.184653 0.084375
0.190466 0.0848281
0.196279 0.0852246
0.202093 0.0855715
0.263552 0.0927501
0.269365 0.0921563
0.275178 0.0916368
0.280991 0.0910572
0.286804 0.09055
0.292617 0.0901063
0.298431 0.089843
0.304244 0.0896126
0.310057 0.089411
0.31587 0.0891097
0.351159 0.088971
0.356972 0.0887246
0.362785 0.088509
0.368598 0.0884454
0.374412 0.0883897
0.380225 0.088341
0.386038 0.0882984
0.391851 0.0881361
0.397664 0.0879941
0.403477 0.0879948
0.438766 0.0878705
0.444579 0.0878866
0.450393 0.0879008
0.456206 0.0879132
0.462019 0.0879241
0.467832 0.0878086
0.473645 0.0877075
0.479458 0.087744
0.485272 0.087776
0.491085 0.087804
0.526374 0.0878285
0.532187 0.08785
0.538 0.0878687
0.543813 0.0877601
0.549626 0.0876651
0.555439 0.087707
0.561253 0.0877436
0.567066 0.0877756
0.572879 0.0876787
0.578692 0.0875939
0.613981 0.0875196
0.619794 0.0874547
0.625607 0.0873978
0.631421 0.0874731
0.637234 0.087539
0.643047 0.0875966
0.64886 0.087522
0.654673 0.0874568
0.660486 0.0875247
0.666299 0.0875841
0.701588 0.0876361
0.707402 0.0876816
0.713215 0.0877214
0.719028 0.0877562
0.724841 0.0876617
0.730654 0.087579
0.736467 0.0876316
0.742281 0.0876776
0.748094 0.0877179
0.753907 0.0876282
0.789196 0.0876747
0.795009 0.0877153
0.800822 0.0876259
0.806635 0.0875477
0.812448 0.0876042
0.818262 0.0876537
0.824075 0.087697
0.829888 0.0876099
0.835701 0.0875336
0.841514 0.0875919
0.876803 0.0875179
0.882616 0.0874532
0.88843 0.0875215
0.894243 0.0875813
0.900056 0.0876337
0.905869 0.0875545
0.911682 0.0874852
0.917495 0.0875495
0.923308 0.0876058
0.929122 0.0876551
0.964411 0.0876982
0.970224 0.0877359
0.976037 0.0877689
0.98185 0.0876728
0.987663 0.0875887
0.993476 0.0876401
0.99929 0.0876851
1.0051 0.0877245
1.01092 0.0876339
1.01673 0.0875547
1.05202 0.0876103
1.05783 0.087534
1.06364 0.0874673
1.06946 0.0875339
1.07527 0.0875921
1.08108 0.0876431
1.0869 0.0875627
1.09271 0.0874924
1.09852 0.0875558
1.10434 0.0876114
1.13963 0.0875349
1.14544 0.0875931
1.15125 0.0876439
1.15706 0.0876884
1.16288 0.0876024
1.16869 0.0875271
1.1745 0.0875862
1.18032 0.0876379
1.18613 0.0876832
1.19194 0.0875978
1.22723 0.0876481
1.23305 0.0876921
1.23886 0.0876055
1.24467 0.0875299
1.25049 0.0875886
1.2563 0.08764
1.26211 0.087685
1.26792 0.0875994
1.27374 0.0875245
1.27955 0.0875839
1.31484 0.0875109
1.32065 0.0874471
1.32647 0.0875162
1.33228 0.0875767
1.33809 0.0876296
1.34391 0.0875509
1.34972 0.087482
1.35553 0.0875468
1.36135 0.0876034
1.36716 0.087653
1.40245 0.0876964
1.40826 0.0877343
1.41407 0.0877675
1.41989 0.0876716
1.4257 0.0875876
1.43151 0.0876392
1.43733 0.0876843
1.44314 0.0877238
1.44895 0.0876333
1.45477 0.0875541
1.49005 0.0876099
1.49587 0.0875336
1.50168 0.0874669
1.50749 0.0875336
1.51331 0.0875919
1.51912 0.0876429
1.52493 0.0875625
1.53075 0.0874922
1.53656 0.0875557
1.54237 0.0876112
1.57766 0.0875348
1.58348 0.087593
1.58929 0.0876438
1.5951 0.0876884
1.60091 0.0876023
1.60673 0.087527
1.61254 0.0875861
1.61835 0.0876379
1.62417 0.0876831
1.62998 0.0875977
1.66527 0.087648
1.67108 0.087692
1.6769 0.0876055
1.68271 0.0875298
1.68852 0.0875886
1.69434 0.08764
1.70015 0.087685
1.70596 0.0875994
1.71177 0.0875245
1.71759 0.0875839
1.75288 0.0875109
1.75869 0.0874471
1.7645 0.0875162
1.77032 0.0875767
1.77613 0.0876296
1.78194 0.0875509
1.78776 0.087482
1.79357 0.0875468
1.79938 0.0876034
1.8052 0.087653
1.84048 0.0876964
1.8463 0.0877343
1.85211 0.0877675
1.85792 0.0876716
1.86374 0.0875876
1.86955 0.0876392
1.87536 0.0876843
1.88118 0.0877237
1.88699 0.0876333
1.8928 0.0875541
1.92809 0.0876099
1.9339 0.0875336
1.93972 0.0874669
1.94553 0.0875336
1.95134 0.0875919
1.95716 0.0876429
1.96297 0.0875625
1.96878 0.0874922
1.9746 0.0875557
1.98041 0.0876112
2.0157 0.0875348
2.02151 0.087593
2.02733 0.0876438
2.03314 0.0876884
2.03895 0.0876023
2.04476 0.087527
2.05058 0.0875861
2.05639 0.0876379
2.0622 0.0876831
2.06802 0.0877227
2.10331 0.0877574
2.10912 0.0877877
2.11493 0.0876893
2.12075 0.0876031
2.12656 0.0876527
2.13237 0.0876961
2.13819 0.0877341
2.144 0.0876423
2.14981 0.0875621
2.15562 0.0874918
2.19091 0.0874303
2.19673 0.0873765
2.20254 0.0874545
2.20835 0.0875227
2.21417 0.0875823
2.21998 0.0875095
2.22579 0.0874458
2.23161 0.0875151
2.23742 0.0875757
2.24323 0.0876288
2.27852 0.0876752
2.28433 0.0877158
2.29015 0.0877513
2.29596 0.0876574
2.30177 0.0875752
2.30759 0.0876283
2.3134 0.0876748
2.31921 0.0877154
2.32503 0.087751
2.33084 0.0876571
2.36613 0.0877
2.37194 0.0876125
2.37775 0.0875359
2.38357 0.0875939
2.38938 0.0876447
2.39519 0.0876891
2.40101 0.087728
2.40682 0.087637
2.41263 0.0875573
2.41845 0.0876127
2.45374 0.0875361
2.45955 0.0875941
2.46536 0.0876448
2.47118 0.0876892
2.47699 0.0876031
2.4828 0.0875277
2.48861 0.0874617
2.49443 0.087529
2.50024 0.0875879
2.50605 0.0876394
2.54134 0.0876845
2.54716 0.0877239
2.55297 0.0876334
2.55878 0.0875542
2.5646 0.08761
2.57041 0.0876587
2.57622 0.0877014
2.58204 0.0877387
2.58785 0.0876464
2.59366 0.0875656
2.62895 0.0874949
2.63476 0.087433
2.64058 0.0875039
2.64639 0.0875659
2.6522 0.0876202
2.65802 0.0876676
2.66383 0.0875842
2.66964 0.0875112
2.67546 0.0875723
2.68127 0.0876257
2.71656 0.0876725
2.72237 0.0877134
2.72818 0.0877493
2.734 0.0876556
2.73981 0.0875737
2.74562 0.0875019
2.75144 0.0875642
2.75725 0.0876187
2.76306 0.0876663
2.76888 0.0875831
2.80417 0.0876352
2.80998 0.0875558
2.81579 0.0874863
2.8216 0.0875505
2.82742 0.0876067
2.83323 0.0876559
2.83904 0.0876989
2.84486 0.0876115
2.85067 0.0875351
2.85648 0.0875932
2.89177 0.087519
2.89759 0.0875792
2.9034 0.0876318
2.90921 0.0876778
2.91503 0.0877181
2.92084 0.0876283
2.92665 0.0875498
2.93246 0.0876061
2.93828 0.0876553
2.94409 0.0876984
2.97938 0.0877361
2.98519 0.0877691
2.99101 0.0877979
2.99682 0.0876982
3.00263 0.0876109
3.00845 0.0876596
3.01426 0.0877021
3.02007 0.0877393
3.02589 0.0876469
3.0317 0.0875661
3.06699 0.0874953
3.0728 0.0874334
3.07861 0.0873792
3.08443 0.0874568
3.09024 0.0875247
3.09605 0.0875841
3.10187 0.0875111
3.10768 0.0874472
3.11349 0.0875163
3.11931 0.0875768
3.15459 0.0876297
3.16041 0.087676
3.16622 0.0877165
3.17203 0.0877519
3.17785 0.0876579
3.18366 0.0875757
3.18947 0.0876287
3.19529 0.0876751
3.2011 0.0877157
3.20691 0.0876263
3.2422 0.087673
3.24802 0.0877139
3.25383 0.0876246
3.25964 0.0875466
3.26545 0.0876032
3.27127 0.0876528
3.27708 0.0876962
3.28289 0.0876092
3.28871 0.087533
3.29452 0.0875914
3.32981 0.0875175
3.33562 0.0874528
3.34144 0.0875212
3.34725 0.087581
3.35306 0.0876334
3.35888 0.0875542
3.36469 0.087485
3.3705 0.0875493
3.37631 0.0876057
3.38213 0.087655
3.41742 0.0876981
3.42323 0.0877358
3.42904 0.0877689
3.43486 0.0876727
3.44067 0.0875887
3.44648 0.0876401
3.4523 0.0876851
3.45811 0.0877244
3.46392 0.0876339
3.46974 0.0875546
3.50502 0.0876103
3.51084 0.087534
3.51665 0.0874673
3.52246 0.0875339
3.52828 0.0875921
3.53409 0.0876431
3.5399 0.0875627
3.54572 0.0874924
3.55153 0.0875558
3.55734 0.0876114
3.59263 0.0875349
3.59844 0.0875931
3.60426 0.0876439
3.61007 0.0876884
3.61588 0.0876024
3.6217 0.0875271
3.62751 0.0875862
3.63332 0.0876379
3.63914 0.0876832
3.64495 0.0875978
3.68024 0.0876481
3.68605 0.0876921
3.69187 0.0876055
3.69768 0.0875299
3.70349 0.0875886
3.7093 0.08764
3.71512 0.087685
3.72093 0.0875994
3.72674 0.0875245
3.73256 0.0875839
3.76785 0.0875109
3.77366 0.0874471
3.77947 0.0875162
3.78529 0.0875767
3.7911 0.0876296
3.79691 0.0875509
3.80273 0.087482
3.80854 0.0875468
3.81435 0.0876034
3.82016 0.087653
3.85545 0.0876964
3.86127 0.0877343
3.86708 0.0877675
3.87289 0.0876716
3.87871 0.0875876
3.88452 0.0876392
3.89033 0.0876843
3.89615 0.0877238
3.90196 0.0876333
3.90777 0.0875541
3.94306 0.0876099
3.94887 0.0875336
3.95469 0.0874669
3.9605 0.0875336
3.96631 0.0875919
3.97213 0.0876429
3.97794 0.0875625
3.98375 0.0874922
3.98957 0.0875557
3.99538 0.0876112
4.03067 0.0875348
4.03648 0.087593
4.0423 0.0876438
4.04811 0.0876884
4.05392 0.0876023
4.05973 0.087527
4.06555 0.0875861
4.07136 0.0876379
4.07717 0.0876831
4.08299 0.0875977
4.11828 0.087648
4.12409 0.087692
4.1299 0.0876055
4.13572 0.0875298
4.14153 0.0875886
4.14734 0.08764
4.15316 0.087685
4.15897 0.0875994
4.16478 0.0875245
4.17059 0.0875839
4.20588 0.0875109
4.2117 0.0874471
4.21751 0.0875162
4.22332 0.0875767
4.22914 0.0876296
4.23495 0.0875509
4.24076 0.087482
4.24658 0.0875468
4.25239 0.0876034
4.2582 0.087653
4.29349 0.0876964
4.2993 0.0877343
4.30512 0.0877675
4.31093 0.0876716
4.31674 0.0875876
4.32256 0.0876392
4.32837 0.0876843
4.33418 0.0877237
4.34 0.0876333
4.34581 0.0875541
4.3811 0.0876099
4.38691 0.0875336
4.39272 0.0874669
4.39854 0.0875336
4.40435 0.0875919
4.41016 0.0876429
4.41598 0.0875625
4.42179 0.0874922
4.4276 0.0875557
4.43342 0.0876112
4.46871 0.0875348
4.47452 0.087593
4.48033 0.0876438
4.48615 0.0876884
4.49196 0.0876023
4.49777 0.087527
4.50358 0.0875861
4.5094 0.0876379
4.51521 0.0876831
4.52102 0.0877227
4.55631 0.0877574
4.56213 0.0877877
4.56794 0.0876893
4.57375 0.0876031
4.57957 0.0876527
4.58538 0.0876961
4.59119 0.0877341
4.59701 0.0877673
4.60282 0.0876714
4.60863 0.0875875
4.64392 0.0875141
4.64973 0.0874498
4.65555 0.0875186
4.66136 0.0875788
4.66717 0.0876314
4.67299 0.0875525
4.6788 0.0874834
4.68461 0.087423
4.69043 0.0874951
4.69624 0.0875582
4.73153 0.0876134
4.73734 0.0876618
4.74315 0.087704
4.74897 0.087616
4.75478 0.087539
4.76059 0.0875967
4.76641 0.0876471
4.77222 0.0876912
4.77803 0.0877298
4.78385 0.0876386
4.81914 0.0876837
4.82495 0.0875983
4.83076 0.0875235
4.83657 0.0875831
4.84239 0.0876352
4.8482 0.0876808
4.85401 0.0877207
4.85983 0.0876306
4.86564 0.0875518
4.87145 0.0876078
4.90674 0.0875318
4.91256 0.0875903
4.91837 0.0876416
4.92418 0.0876864
4.93 0.0876006
4.93581 0.0875255
4.94162 0.0874598
4.94743 0.0875273
4.95325 0.0875864
4.95906 0.0876381
4.99435 0.0876833
5.00016 0.0877229
5.00598 0.0876326
5.01179 0.0875535
5.0176 0.0876093
5.02342 0.0876581
5.02923 0.0877009
5.03504 0.0877383
5.04086 0.087646
5.04667 0.0875652
5.08196 0.0874946
5.08777 0.0874328
5.09358 0.0875037
5.0994 0.0875657
5.10521 0.08762
5.11102 0.0876675
5.11684 0.0875841
5.12265 0.087511
5.12846 0.0875722
5.13428 0.0876256
5.16956 0.0876724
5.17538 0.0877134
5.18119 0.0877492
5.187 0.0877806
5.19282 0.087683
5.19863 0.0875976
5.20444 0.0876479
5.21026 0.0876919
5.21607 0.0877304
5.22188 0.0876391
5.25717 0.0876842
5.26299 0.0875987
5.2688 0.0875239
5.27461 0.0874584
5.28042 0.0875261
5.28624 0.0875853
5.29205 0.0876372
5.29786 0.0875575
5.30368 0.0874878
5.30949 0.0875518
5.34478 0.0874829
5.35059 0.0875475
5.35641 0.0876041
5.36222 0.0876536
5.36803 0.0876969
5.37385 0.0876098
5.37966 0.0875335
5.38547 0.0875918
5.39128 0.0876429
5.3971 0.0876875
5.43239 0.0877266
5.4382 0.0877607
5.44401 0.0877907
5.44983 0.0876918
5.45564 0.0876053
5.46145 0.0876547
5.46727 0.0876978
5.47308 0.0877356
5.47889 0.0876437
5.48471 0.0875632
5.51999 0.0874928
5.52581 0.0874312
5.53162 0.0873773
5.53743 0.0874551
5.54325 0.0875232
5.54906 0.0875828
5.55487 0.08751
5.56069 0.0874462
5.5665 0.0875155
5.57231 0.087576
5.6076 0.087629
5.61341 0.0876754
5.61923 0.087716
5.62504 0.0877515
5.63085 0.0876575
5.63667 0.0875753
5.64248 0.0876284
5.64829 0.0876749
5.65411 0.0877155
5.65992 0.0876261
5.69521 0.0876728
5.70102 0.0877137
5.70684 0.0876245
5.71265 0.0875464
5.71846 0.0876031
5.72427 0.0876527
5.73009 0.0876961
5.7359 0.0876091
5.74171 0.087533
5.74753 0.0875914
5.78282 0.0875174
5.78863 0.0874528
5.79444 0.0875212
5.80026 0.087581
5.80607 0.0876334
5.81188 0.0875542
5.8177 0.0874849
5.82351 0.0875493
5.82932 0.0876057
5.83513 0.0876549
5.87042 0.0876981
5.87624 0.0877358
5.88205 0.0877688
5.88786 0.0876727
5.89368 0.0875886
5.89949 0.0876401
5.9053 0.0876851
5.91112 0.0877244
5.91693 0.0876339
5.92274 0.0875546
5.95803 0.0876103
5.96384 0.087534
5.96966 0.0874673
5.97547 0.0875339
5.98128 0.0875921
5.9871 0.0876431
5.99291 0.0875627
5.99872 0.0874924
6.00454 0.0875558
6.01035 0.0876114
6.04564 0.0875349
6.05145 0.0875931
6.05726 0.0876439
6.06308 0.0876884
6.06889 0.0876024
6.0747 0.0875271
6.08052 0.0875862
6.08633 0.0876379
6.09214 0.0876832
6.09796 0.0875978
6.13325 0.0876481
6.13906 0.0876921
6.14487 0.0876055
6.15069 0.0875299
6.1565 0.0875886
6.16231 0.08764
6.16812 0.087685
6.17394 0.0875994
6.17975 0.0875245
6.18556 0.0875839
6.22085 0.0875109
6.22667 0.0874471
6.23248 0.0875162
6.23829 0.0875767
6.24411 0.0876296
6.24992 0.0875509
6.25573 0.087482
6.26155 0.0875468
6.26736 0.0876034
6.27317 0.087653
6.30846 0.0876964
6.31427 0.0877343
6.32009 0.0877675
6.3259 0.0876716
6.33171 0.0875876
6.33753 0.0876392
6.34334 0.0876843
6.34915 0.0877238
6.35497 0.0876333
6.36078 0.0875541
6.39607 0.0876099
6.40188 0.0875336
6.40769 0.0874669
6.41351 0.0875336
6.41932 0.0875919
6.42513 0.0876429
6.43095 0.0875625
6.43676 0.0874922
6.44257 0.0875557
6.44839 0.0876112
6.48368 0.0875348
6.48949 0.087593
6.4953 0.0876438
6.50111 0.0876884
6.50693 0.0876023
6.51274 0.087527
6.51855 0.0875861
6.52437 0.0876379
6.53018 0.0876831
6.53599 0.0875977
6.57128 0.087648
6.5771 0.087692
6.58291 0.0876055
6.58872 0.0875298
6.59454 0.0875886
6.60035 0.08764
6.60616 0.087685
6.61197 0.0875994
6.61779 0.0875245
6.6236 0.0875839
6.65889 0.0875109
6.6647 0.0874471
6.67052 0.0875162
6.67633 0.0875767
6.68214 0.0876296
6.68796 0.0875509
6.69377 0.087482
6.69958 0.0875468
6.7054 0.0876034
6.71121 0.087653
6.7465 0.0876964
6.75231 0.0877343
6.75812 0.0877675
6.76394 0.0876716
6.76975 0.0875876
6.77556 0.0876392
6.78138 0.0876843
6.78719 0.0877237
6.793 0.0877583
6.79882 0.0876635
6.8341 0.0877056
6.83992 0.0876174
6.84573 0.0875402
6.85154 0.0875977
6.85736 0.087648
6.86317 0.087692
6.86898 0.0876055
6.8748 0.0875298
6.88061 0.0874636
6.88642 0.0875306
6.92171 0.0874643
6.92753 0.0875313
6.93334 0.0875898
6.93915 0.0876411
6.94496 0.087561
6.95078 0.0874909
6.95659 0.0875545
6.9624 0.0876102
6.96822 0.0876589
6.97403 0.0877015
7.00932 0.0877389
7.01513 0.0877715
7.02095 0.0876751
7.02676 0.0875907
7.03257 0.0876418
7.03839 0.0876866
7.0442 0.0877258
7.05001 0.0877601
7.05582 0.0876651
7.06164 0.0875819
7.09693 0.0875092
7.10274 0.0874455
7.10855 0.0875148
7.11437 0.0875755
7.12018 0.0876285
7.12599 0.08755
7.13181 0.0874812
7.13762 0.0874211
7.14343 0.0874934
7.14925 0.0875568
7.18453 0.0876122
7.19035 0.0876606
7.19616 0.0877031
7.20197 0.0876152
7.20779 0.0875383
7.2136 0.087596
7.21941 0.0876465
7.22523 0.0876907
7.23104 0.0877293
7.23685 0.0876382
7.27214 0.0876834
7.27795 0.087598
7.28377 0.0875232
7.28958 0.0875828
7.29539 0.087635
7.30121 0.0876806
7.30702 0.0877205
7.31283 0.0876305
7.31865 0.0875517
7.32446 0.0876077
7.35975 0.0875317
7.36556 0.0875903
7.37138 0.0876415
7.37719 0.0876863
7.383 0.0877255
7.38881 0.0876348
7.39463 0.0875555
7.40044 0.087611
7.40625 0.0876597
7.41207 0.0877022
7.44736 0.0877394
7.45317 0.087772
7.45898 0.0876755
7.4648 0.0875911
7.47061 0.0875172
7.47642 0.0875775
7.48224 0.0876303
7.48805 0.0876765
7.49386 0.087592
7.49967 0.087518
7.53496 0.0874532
7.54078 0.0873966
7.54659 0.087472
7.5524 0.087538
7.55822 0.0875958
7.56403 0.0876463
7.56984 0.0875655
7.57566 0.0874948
7.58147 0.087558
7.58728 0.0876132
7.62257 0.0876616
7.62838 0.0877039
7.6342 0.0877409
7.64001 0.0877733
7.64582 0.0876766
7.65164 0.087592
7.65745 0.087643
7.66326 0.0876877
7.66908 0.0877267
7.67489 0.0876359
7.71018 0.0876814
7.71599 0.0875962
7.7218 0.0875217
7.72762 0.0874565
7.73343 0.0875244
7.73924 0.0875839
7.74506 0.0876359
7.75087 0.0875564
7.75668 0.0874868
7.7625 0.087551
7.79779 0.0874821
7.8036 0.0875468
7.80941 0.0876035
7.81523 0.0876531
7.82104 0.0876964
7.82685 0.0876094
7.83266 0.0875332
7.83848 0.0875915
7.84429 0.0876426
7.8501 0.0876873
7.88539 0.0877264
7.89121 0.0877606
7.89702 0.0877905
7.90283 0.0876917
7.90865 0.0876052
7.91446 0.0876546
7.92027 0.0876977
7.92609 0.0877355
7.9319 0.0876436
7.93771 0.0875631
7.973 0.0876177
7.97881 0.0875405
7.98463 0.087473
7.99044 0.0875388
7.99625 0.0875965
8.00207 0.0876469
8.00788 0.0875661
8.01369 0.0874953
8.01951 0.0875584
8.02532 0.0876136
8.06061 0.0875369
8.06642 0.0875948
8.07223 0.0876454
8.07805 0.0876897
8.08386 0.0876035
8.08967 0.0875281
8.09549 0.0875871
8.1013 0.0876387
8.10711 0.0876839
8.11293 0.0875984
8.14822 0.0876486
8.15403 0.0876925
8.15984 0.0876059
8.16565 0.0875302
8.17147 0.0875889
8.17728 0.0876403
8.18309 0.0876853
8.18891 0.0875996
8.19472 0.0875247
8.20053 0.0875841
8.23582 0.0875111
8.24164 0.0874472
8.24745 0.0875163
8.25326 0.0875767
8.25908 0.0876297
8.26489 0.0875509
8.2707 0.0874821
8.27651 0.0875468
8.28233 0.0876035
8.28814 0.087653
8.32343 0.0876964
8.32924 0.0877344
8.33506 0.0877676
8.34087 0.0876716
8.34668 0.0875877
8.3525 0.0876392
8.35831 0.0876843
8.36412 0.0877238
8.36994 0.0876333
8.37575 0.0875541
8.41104 0.0876099
8.41685 0.0875336
8.42266 0.0874669
8.42848 0.0875336
8.43429 0.0875919
8.4401 0.0876429
8.44592 0.0875625
8.45173 0.0874922
8.45754 0.0875557
8.46336 0.0876112
8.49864 0.0875348
8.50446 0.087593
8.51027 0.0876438
8.51608 0.0876884
8.5219 0.0876023
8.52771 0.087527
8.53352 0.0875861
8.53934 0.0876379
8.54515 0.0876831
8.55096 0.0875978
8.58625 0.087648
8.59207 0.087692
8.59788 0.0876055
8.60369 0.0875298
8.6095 0.0875886
8.61532 0.08764
8.62113 0.087685
8.62694 0.0875994
8.63276 0.0875245
8.63857 0.0875839
8.67386 0.0875109
8.67967 0.0874471
8.68549 0.0875162
8.6913 0.0875767
8.69711 0.0876296
8.70293 0.0875509
8.70874 0.087482
8.71455 0.0875468
8.72036 0.0876034
8.72618 0.087653
8.76147 0.0876964
8.76728 0.0877343
8.77309 0.0877675
8.77891 0.0876716
8.78472 0.0875876
8.79053 0.0876392
8.79635 0.0876843
8.80216 0.0877237
8.80797 0.0876333
8.81379 0.0875541
8.84907 0.0876099
8.85489 0.0875336
8.8607 0.0874669
8.86651 0.0875336
8.87233 0.0875919
8.87814 0.0876429
8.88395 0.0875625
8.88977 0.0874922
8.89558 0.0875557
8.90139 0.0876112
8.93668 0.0875348
8.94249 0.087593
8.94831 0.0876438
8.95412 0.0876884
8.95993 0.0876023
8.96575 0.087527
8.97156 0.0875861
8.97737 0.0876379
8.98319 0.0876831
8.989 0.0877227
9.02429 0.0877574
9.0301 0.0877877
9.03592 0.0876893
9.04173 0.0876031
9.04754 0.0876527
9.05335 0.0876961
9.05917 0.0877341
9.06498 0.0876423
9.07079 0.0875621
9.07661 0.0874918
9.1119 0.0874303
9.11771 0.0873765
9.12352 0.0874545
9.12934 0.0875227
9.13515 0.0875823
9.14096 0.0875095
9.14678 0.0874458
9.15259 0.0875151
9.1584 0.0875757
9.16421 0.0876288
9.1995 0.0876752
9.20532 0.0877158
9.21113 0.0877513
9.21694 0.0876574
9.22276 0.0875752
9.22857 0.0876283
9.23438 0.0876748
9.2402 0.0877154
9.24601 0.087751
9.25182 0.0876571
9.28711 0.0877
9.29292 0.0876125
9.29874 0.0875359
9.30455 0.0875939
9.31036 0.0876447
9.31618 0.0876891
9.32199 0.087603
9.3278 0.0875276
9.33362 0.0874616
9.33943 0.0875289
9.37472 0.0874628
9.38053 0.08753
9.38634 0.0875887
9.39216 0.0876401
9.39797 0.0875601
9.40378 0.0874901
9.4096 0.0875538
9.41541 0.0876096
9.42122 0.0876584
9.42704 0.0877011
9.46233 0.0877385
9.46814 0.0877712
9.47395 0.0876748
9.47977 0.0875904
9.48558 0.0876416
9.49139 0.0876864
9.4972 0.0877256
9.50302 0.0877599
9.50883 0.0876649
9.51464 0.0875818
9.54993 0.0875091
9.55575 0.0874454
9.56156 0.0875148
9.56737 0.0875754
9.57319 0.0876285
9.579 0.0875499
9.58481 0.0874812
9.59063 0.087421
9.59644 0.0874934
9.60225 0.0875567
9.63754 0.0876121
9.64335 0.0876606
9.64917 0.087703
9.65498 0.0876152
9.66079 0.0875383
9.66661 0.087596
9.67242 0.0876465
9.67823 0.0876907
9.68405 0.0877293
9.68986 0.0876382
9.72515 0.0876834
9.73096 0.087598
9.73677 0.0875232
9.74259 0.0875828
9.7484 0.087635
9.75421 0.0876806
9.76003 0.0877205
9.76584 0.0876305
9.77165 0.0875516
9.77747 0.0876077
9.81276 0.0875317
9.81857 0.0875903
9.82438 0.0876415
9.83019 0.0876863
9.83601 0.0877255
9.84182 0.0876348
9.84763 0.0875555
9.85345 0.087611
9.85926 0.0876597
9.86507 0.0877022
9.90036 0.0877394
9.90618 0.087772
9.91199 0.0876755
9.9178 0.0875911
9.92362 0.0875172
9.92943 0.0875775
9.93524 0.0876303
9.94105 0.0876765
9.94687 0.087592
9.95268 0.087518
9.98797 0.0874532
9.99378 0.0873966
9.9996 0.087472
10.0054 0.087538
10.0112 0.0875958
10.017 0.0876463
10.0228 0.0875655
10.0287 0.0874948
10.0345 0.087558
10.0403 0.0876132
10.0756 0.0876616
10.0814 0.0877039
10.0872 0.0877409
10.093 0.0877733
10.0988 0.0876766
10.1046 0.087592
10.1105 0.087643
10.1163 0.0876877
10.1221 0.0877267
10.1279 0.0876359
10.1632 0.0876814
10.169 0.0875962
10.1748 0.0875217
10.1806 0.0874565
10.1864 0.0875244
10.1923 0.0875839
10.1981 0.0876359
10.2039 0.0875564
10.2097 0.0874868
10.2155 0.087551
10.2508 0.0874821
10.2566 0.0875468
10.2624 0.0876035
10.3471 0.0880281
10.4318 0.0977745
10.5165 0.106303
10.6012 0.11389
10.6859 0.120404
10.7706 0.126103
10.8553 0.131215
10.94 0.135688
11.0247 0.139477
11.1094 0.142918
11.1941 0.145928
11.2788 0.148437
11.3635 0.150632
11.4482 0.152678
11.5329 0.154344
11.6176 0.155801
11.7023 0.1572
11.787 0.158425
11.8717 0.159372
11.9564 0.160326
12.0411 0.16116
12.1258 0.161765
12.2105 0.162294
12.2952 0.162883
12.3799 0.163272
12.4646 0.163613
12.5493 0.164037
12.634 0.164407
12.7187 0.164606
12.8034 0.164905
12.8881 0.165167
12.9728 0.165271
13.0575 0.165362
13.1422 0.165567
13.2269 0.165621
13.3116 0.165669
13.3963 0.165835
13.481 0.165981
13.5657 0.165983
13.6505 0.16611
13.7352 0.166221
13.8199 0.166194
13.9046 0.166169
13.9893 0.166273
14.074 0.166239
14.1587 0.166209
14.2434 0.166308
14.3281 0.166395
14.4128 0.166345
14.4975 0.166427
14.5822 0.166499
14.6669 0.166436
14.7516 0.166382
14.8363 0.166459
14.921 0.166402
15.0057 0.166351
15.0904 0.166433
15.1751 0.166503
15.2598 0.166441
15.3445 0.16651
15.4292 0.166572
15.5139 0.1665
15.5986 0.166438
15.6833 0.166508
15.768 0.166444
15.8527 0.166389
15.9374 0.166465
16.0221 0.166532
16.1068 0.166466
16.1915 0.166532
16.2762 0.166591
16.3609 0.166517
16.4456 0.166452
16.5303 0.166521
16.615 0.166456
16.6997 0.166399
16.7844 0.166474
16.8691 0.16654
16.9538 0.166472
17.0385 0.166538
17.1232 0.166596
17.2079 0.166521
17.2926 0.166456
17.3773 0.166524
17.462 0.166459
17.5467 0.166401
17.6314 0.166476
17.7161 0.166542
17.8008 0.166474
17.8855 0.16654
17.9702 0.166597
18.0549 0.166523
18.1396 0.166457
18.2243 0.166525
18.309 0.166459
18.3937 0.166402
18.4784 0.166477
18.5631 0.166542
18.6478 0.166474
18.7325 0.166415
18.8172 0.166488
18.9019 0.166427
18.9866 0.166374
19.0713 0.166452
19.156 0.166521
19.2407 0.166455
19.3254 0.166524
19.4101 0.166583
19.4948 0.16651
19.5795 0.166446
19.6642 0.166516
19.7489 0.166451
19.8336 0.166395
19.9183 0.16647
20.003 0.166537
20.0877 0.16647
20.1724 0.166536
20.2571 0.166594
20.3418 0.16652
20.4265 0.166455
20.5112 0.166523
20.5991 0.166957
20.7161 0.171338
20.8331 0.178921
20.9501 0.185556
21.0672 0.191236
21.1524 0.192207
21.2384 0.189181
21.3254 0.186783
21.4195 0.185685
21.5107 0.185225
21.601 0.184322
21.6921 0.183656
21.7841 0.183324
21.877 0.183034
21.9707 0.18303
22.0678 0.183651
22.1687 0.185069
22.2658 0.186311
22.3637 0.187022
22.4625 0.187894
22.5622 0.188907
22.6627 0.189919
22.7682 0.191554
22.8738 0.19361
22.9777 0.195159
23.0824 0.196514
23.188 0.197825
23.2944 0.199221
23.4017 0.200694
23.5174 0.203107
23.6268 0.205469
23.7371 0.20691
23.8482 0.208421
23.9601 0.209994
24.0729 0.211369
24.1895 0.213198
24.2989 0.214423
24.4091 0.214746
24.5202 0.215277
24.6321 0.215868
24.7449 0.216509
24.862 0.217696
24.9713 0.218484
25.0816 0.218298
25.1927 0.218261
25.3046 0.218478
25.4174 0.218919
25.5344 0.219929
25.643 0.220188
25.7524 0.219539
25.8626 0.219222
25.9737 0.219069
26.0856 0.219185
26.2026 0.220037
26.3112 0.220408
26.4206 0.219732
26.5308 0.219265
26.6419 0.219107
26.7538 0.219219
26.8709 0.220066
26.9794 0.220433
27.0888 0.219754
27.199 0.21941
27.3101 0.219358
27.4221 0.219564
27.5391 0.220368
27.6481 0.220822
27.7579 0.220219
27.8685 0.219942
27.98 0.219949
28.0924 0.220081
28.2099 0.220945
28.3197 0.221327
28.4291 0.220786
28.5393 0.220313
28.6504 0.220149
28.7623 0.22013
28.8794 0.220864
28.99 0.221381
29.0994 0.220833
29.2096 0.220354
29.3207 0.22006
29.4327 0.220052
29.5484 0.220671
29.6599 0.221087
29.7693 0.220701
29.8796 0.220239
29.9907 0.219959
30.1026 0.219964
30.2175 0.220468
30.304 0.21766
30.3887 0.211452
30.4734 0.205896
30.5582 0.201034
30.6438 0.19678
30.7375 0.194182
30.827 0.192534
30.916 0.190468
31.0059 0.188659
31.0967 0.187327
31.1883 0.186411
31.2807 0.185735
31.3761 0.185643
31.477 0.186562
31.5728 0.187492
31.6695 0.187806
31.767 0.18833
31.8654 0.188914
31.9646 0.189674
32.0664 0.190715
32.1736 0.192626
32.2762 0.194423
32.3797 0.195495
32.484 0.196558
32.5892 0.197863
32.6952 0.199255
32.8088 0.201348
32.9173 0.203555
33.0267 0.204985
33.137 0.206362
33.248 0.207942
33.36 0.209449
33.477 0.211643
33.5872 0.213313
33.6966 0.213774
33.8069 0.214052
33.918 0.214545
34.0299 0.215227
34.1457 0.216449
34.2572 0.217518
34.3666 0.217578
34.4768 0.217381
34.5879 0.217458
34.6998 0.217776
34.8139 0.218429
34.9271 0.21925
35.0365 0.219344
35.1467 0.219051
35.2578 0.21892
35.3697 0.219055
35.4825 0.219423
35.5974 0.22012
35.7068 0.22023
35.8171 0.219826
35.9282 0.219723
36.0401 0.219883
36.1529 0.220022
36.2695 0.220894
36.3789 0.221158
36.4891 0.220638
36.6002 0.220433
36.7121 0.220379
36.8249 0.220457
36.9419 0.22115
37.0505 0.221381
37.1599 0.220583
37.2701 0.220135
37.3812 0.219993
37.4931 0.219994
37.6102 0.220745
37.7187 0.220902
37.8281 0.220164
37.9383 0.219769
38.0494 0.219548
38.1614 0.219604
38.2784 0.220404
38.3878 0.220728
38.4972 0.220137
38.6074 0.219745
38.7185 0.219527
38.8304 0.219586
38.9466 0.220263
39.0577 0.22073
39.1671 0.220389
39.2773 0.219965
39.3884 0.219844
39.5004 0.219864
39.6148 0.220256
39.7276 0.220724
39.837 0.220633
39.9472 0.220179
40.0583 0.220032
40.1703 0.220028
40.2874 0.220774
40.4074 0.222428
40.5316 0.224749
40.6571 0.22753
40.761 0.227339
40.8496 0.222547
40.9471 0.217728
41.0552 0.215887
41.174 0.216776
41.3012 0.220054
41.4237 0.223423
41.5475 0.22587
41.6713 0.228261
41.7947 0.230228
41.9177 0.231825
42.0423 0.233472
42.1581 0.234038
42.2742 0.233408
42.3913 0.233107
42.5096 0.232969
42.6291 0.233223
42.7529 0.23407
42.8691 0.234436
42.987 0.234007
43.1066 0.234006
43.2274 0.234505
43.3495 0.235192
43.4737 0.236168
43.5899 0.236272
43.7074 0.235613
43.8265 0.235411
43.9469 0.235485
44.0686 0.235924
44.1924 0.236809
44.309 0.236958
44.4269 0.236213
44.5465 0.236061
44.6673 0.236304
44.7894 0.236766
44.912 0.237295
45.0281 0.237133
45.1456 0.236366
45.2647 0.235946
45.3851 0.236077
45.5068 0.236443
45.6294 0.237012
45.746 0.236886
45.8638 0.23615
45.9834 0.236006
46.1038 0.236131
46.2255 0.236489
46.3472 0.237053
46.4638 0.236796
46.5817 0.236072
46.7008 0.235813
46.8212 0.235961
46.9425 0.236341
47.0642 0.236798
47.1808 0.236574
47.2986 0.235877
47.4178 0.235642
47.5378 0.235687
47.659 0.236101
47.7803 0.236589
47.8973 0.236515
48.0156 0.235951
48.1356 0.235832
48.2569 0.236103
48.3798 0.236715
48.5007 0.237251
48.6181 0.237094
48.7373 0.236707
48.8577 0.236619
48.9794 0.236917
49.1036 0.237677
49.2232 0.238092
49.3406 0.237581
49.4594 0.237008
49.5793 0.236882
49.7006 0.237022
49.8244 0.237644
49.9436 0.237939
50.0614 0.237446
50.181 0.237141
50.3027 0.237248
50.4261 0.237967
50.5503 0.238846
50.6686 0.23899
50.7869 0.238242
50.9069 0.237836
51.0002 0.234482
51.085 0.227172
51.1697 0.219525
51.259 0.213459
51.3518 0.209152
51.4485 0.206383
51.5485 0.204835
51.6541 0.204606
51.7601 0.205155
51.8653 0.205511
51.9721 0.205947
52.0807 0.206703
52.1909 0.207741
52.3028 0.209148
52.4228 0.211629
52.5377 0.214176
52.6531 0.215904
52.7684 0.217416
52.8833 0.218739
52.9986 0.219772
53.1182 0.2213
53.2331 0.222638
53.3489 0.223183
53.465 0.22391
53.5816 0.224671
53.7008 0.225712
53.8165 0.226498
53.9297 0.226436
54.0438 0.226132
54.1587 0.226115
54.2744 0.226351
54.394 0.227182
54.5089 0.227659
54.6221 0.227452
54.7366 0.227145
54.8519 0.227002
54.9685 0.227252
55.0898 0.22822
55.2043 0.228818
55.3188 0.228466
55.4345 0.228282
55.5515 0.228497
55.6698 0.228935
55.7911 0.229943
55.9047 0.2302
56.0196 0.229675
56.1358 0.229466
56.2533 0.229658
56.372 0.230075
56.4932 0.230941
56.6073 0.231198
56.7226 0.230549
56.8392 0.230355
56.9571 0.230561
57.0762 0.230991
57.1975 0.231867
57.3116 0.231883
57.4273 0.231273
57.5443 0.231114
57.6622 0.231225
57.7813 0.231572
57.9005 0.232
58.015 0.23175
58.1307 0.231156
58.2477 0.231012
58.3656 0.231135
58.4856 0.231618
58.6035 0.232041
58.7184 0.231786
58.8346 0.231313
58.952 0.231274
59.0707 0.231489
59.1924 0.232303
59.3082 0.23264
59.4231 0.23206
59.5393 0.231553
59.6567 0.231484
59.7754 0.231673
59.8971 0.232464
60.0112 0.232531
60.1261 0.231715
60.2427 0.23125
60.3605 0.231344
60.4797 0.231676
60.6009 0.232342
60.715 0.232424
60.8308 0.231746
60.9478 0.231528
61.0661 0.231712
61.1856 0.232123
61.2777 0.229232
61.3628 0.222328
61.4481 0.215537
61.5362 0.20997
61.627 0.205724
61.7241 0.203133
61.8288 0.202617
61.9318 0.202915
62.0383 0.203425
62.1481 0.204747
62.2613 0.206654
62.3775 0.209197
62.4996 0.212422
62.6149 0.21512
62.7311 0.216855
62.8481 0.218623
62.9655 0.220295
63.0838 0.221758
63.2038 0.223413
63.3196 0.224612
63.4366 0.225285
63.5549 0.226125
63.6745 0.227234
63.797 0.22883
63.9145 0.229851
64.0302 0.229995
64.1477 0.229995
64.2664 0.230371
64.3864 0.231075
64.5085 0.232065
64.6234 0.232307
64.7391 0.231769
64.8566 0.231548
64.9753 0.231729
65.0953 0.232263
65.2174 0.233105
65.3323 0.233217
65.4489 0.232565
65.5668 0.232369
65.6864 0.232698
65.8072 0.233361
65.9285 0.234066
66.0438 0.233933
66.1608 0.233316
66.28 0.233276
66.4008 0.233742
66.5233 0.234649
66.6421 0.235193
66.7582 0.234794
66.8761 0.234445
66.9957 0.234389
67.1169 0.234715
67.239 0.235501
67.3548 0.235438
67.4705 0.234634
67.588 0.234054
67.7067 0.233923
67.8267 0.234182
67.9488 0.234784
68.0637 0.234686
68.1799 0.233851
68.2978 0.233494
68.4169 0.233558
68.5373 0.233988
68.6594 0.234739
68.7743 0.234647
68.8905 0.233816
69.0084 0.233464
69.1275 0.233531
69.248 0.23384
69.3679 0.234235
69.4829 0.233955
69.599 0.233336
69.7165 0.233044
69.8348 0.233038
69.9552 0.233409
70.0735 0.233733
70.1888 0.233266
70.3054 0.232733
70.4233 0.232641
70.542 0.232811
70.6641 0.23346
70.7803 0.233777
70.896 0.23318
71.0126 0.232658
71.1305 0.232575
71.2492 0.232753
71.3713 0.233409
71.4858 0.233358
71.5749 0.229188
71.6596 0.221915
71.7459 0.215175
71.835 0.209779
71.9325 0.206556
72.0317 0.204987
72.1322 0.203988
72.2361 0.20374
72.3429 0.204147
72.4532 0.205504
72.5664 0.207441
72.6885 0.210511
72.8042 0.213572
72.9204 0.2155
73.037 0.217313
73.154 0.219024
73.2711 0.220646
73.3898 0.22219
73.5034 0.223166
73.6179 0.223396
73.7332 0.223846
73.8494 0.22449
73.9673 0.225304
74.0839 0.226016
74.1971 0.226139
74.3111 0.225997
74.4265 0.226122
74.5431 0.226482
74.6626 0.227297
74.7788 0.22801
74.8933 0.228008
75.009 0.228007
75.1256 0.228131
75.2435 0.228615
75.3652 0.229663
75.4801 0.230205
75.595 0.229805
75.7112 0.229579
75.8286 0.229757
75.9469 0.230037
76.0682 0.230907
76.1822 0.231169
76.2976 0.230523
76.4142 0.230332
76.532 0.230541
76.6508 0.230848
76.772 0.231742
76.8861 0.231899
77.0014 0.231287
77.118 0.231126
77.2359 0.23111
77.355 0.231597
77.4759 0.232272
77.5899 0.232238
77.7057 0.231583
77.8227 0.231385
77.941 0.231462
78.0606 0.231904
78.1797 0.232416
78.2942 0.232239
78.4099 0.231584
78.527 0.231261
78.6453 0.231479
78.7661 0.232169
78.8835 0.232523
78.998 0.232082
79.1142 0.231572
79.2317 0.231501
79.3504 0.231688
79.4721 0.232477
79.5874 0.232667
79.7023 0.232084
79.8185 0.231573
79.9359 0.231377
80.0546 0.23158
80.1759 0.232257
80.29 0.232225
80.4057 0.231572
80.5232 0.2315
80.6423 0.231813
80.7631 0.232461
80.8848 0.233279
80.9989 0.233119
81.1151 0.232479
81.2329 0.232294
81.3525 0.232632
81.4738 0.233303
81.5942 0.234015
81.7087 0.233763
81.7973 0.229543
81.882 0.2221
81.9667 0.215088
82.0544 0.209452
82.1452 0.20527
82.2393 0.202361
82.3372 0.200691
82.4394 0.20023
82.5505 0.201451
82.6586 0.20327
82.7693 0.204861
82.8821 0.206878
82.9966 0.209019
83.1127 0.211391
83.2348 0.214342
83.3519 0.21705
83.4706 0.219043
83.591 0.221288
83.7131 0.223627
83.8365 0.226049
83.9561 0.227793
84.0739 0.228568
84.1935 0.229372
84.3148 0.230451
84.4377 0.231769
84.5607 0.233173
84.6764 0.233527
84.7935 0.233086
84.9122 0.233075
85.0322 0.233441
85.153 0.234011
85.2764 0.234884
85.3922 0.235149
85.5092 0.234505
85.6279 0.234192
85.7479 0.234293
85.8692 0.234881
85.99 0.235396
86.1066 0.235222
86.2245 0.234819
86.3436 0.234717
86.4645 0.235002
86.5874 0.235752
86.7049 0.235908
86.8215 0.235294
86.9398 0.234883
87.0593 0.234897
87.1797 0.23516
87.3031 0.23589
87.4189 0.235904
87.5359 0.235041
87.6542 0.234786
87.7738 0.234813
87.8942 0.235086
88.0171 0.235825
88.1329 0.235722
88.2499 0.234882
88.3682 0.234647
88.4878 0.234691
88.6086 0.234979
88.7295 0.235482
88.8461 0.235422
88.9639 0.234869
89.0831 0.234885
89.2035 0.23515
89.3265 0.235881
89.4443 0.236146
89.5609 0.235503
89.6788 0.23494
89.7979 0.234822
89.9184 0.235095
90.0413 0.235833
90.1571 0.235854
90.2741 0.235122
90.3924 0.234857
90.512 0.23475
90.6328 0.235031
90.7562 0.235902
90.8715 0.235914
90.9881 0.23505
91.106 0.234544
91.2251 0.234476
91.3455 0.234791
91.4668 0.235192
91.583 0.235043
91.7004 0.234538
91.8192 0.234471
91.9391 0.234662
92.0574 0.234704
92.1507 0.231366
92.2362 0.224445
92.3221 0.217515
92.4116 0.211825
92.5036 0.207597
92.5994 0.204773
92.6987 0.203176
92.803 0.202779
92.9149 0.204057
93.0251 0.20605
93.1383 0.207918
93.2533 0.210054
93.3699 0.212297
93.4873 0.214635
93.6081 0.217305
93.7243 0.219392
93.8413 0.220718
93.9584 0.222003
94.0758 0.223128
94.1954 0.224487
94.3128 0.225676
94.4277 0.226092
94.5431 0.22633
94.6588 0.226539
94.7754 0.226972
94.8963 0.227975
95.012 0.228728
95.1273 0.228637
95.2435 0.228683
95.3605 0.228847
95.4788 0.229241
95.6005 0.230211
95.7141 0.23056
95.8291 0.22999
95.9448 0.229616
96.0618 0.229664
96.1801 0.230081
96.3014 0.230946
96.4154 0.231078
96.5308 0.230443
96.6478 0.230263
96.7657 0.23048
96.8848 0.23092
97.0061 0.231805
97.1197 0.231829
97.2346 0.231101
97.3512 0.230838
97.4691 0.230983
97.5882 0.23136
97.7086 0.232065
97.8231 0.232057
97.9393 0.23155
98.0567 0.231356
98.1755 0.231562
98.2955 0.232116
98.4138 0.232477
98.5287 0.232167
98.6448 0.231646
98.7623 0.231566
98.881 0.23187
99.0023 0.232511
99.1189 0.232822
99.2342 0.232344
99.3508 0.231926
99.4687 0.231811
99.5878 0.232084
99.7095 0.232824
99.824 0.232846
99.9393 0.232115
100.056 0.231851
100.175 0.231869
100.294 0.232261
100.416 0.232978
100.53 0.232856
100.646 0.232124
100.763 0.231858
100.881 0.232001
101.001 0.232376
101.122 0.233204
101.236 0.233053
101.35 0.232047
101.466 0.231541
101.583 0.231223
101.7 0.231195
101.821 0.231671
101.935 0.231712
102.05 0.231123
102.167 0.230983
102.284 0.230985
102.376 0.227987
102.467 0.221988
102.553 0.215865
102.64 0.210007
102.73 0.205631
102.824 0.202552
102.929 0.201608
103.03 0.201907
103.135 0.202169
103.243 0.203148
103.355 0.204879
103.467 0.206894
103.586 0.209532
103.702 0.212341
103.819 0.214548
103.935 0.21648
104.052 0.218295
104.17 0.219883
104.292 0.222023
104.407 0.22352
104.523 0.223955
104.64 0.224835
104.759 0.225856
104.879 0.226999
105.001 0.228624
105.116 0.229296
105.231 0.229134
105.349 0.229242
105.467 0.229712
105.587 0.230498
105.708 0.231436
105.824 0.231631
105.941 0.231302
106.059 0.23139
106.179 0.231841
106.3 0.232736
106.419 0.233269
106.535 0.23311
106.653 0.232846
106.771 0.232866
106.891 0.233257
107.013 0.233975
107.129 0.234103
107.245 0.233465
107.363 0.233032
107.481 0.233028
107.601 0.2334
107.724 0.2341
107.839 0.234087
107.955 0.233451
108.073 0.233145
108.192 0.233377
108.313 0.23383
108.435 0.234601
108.55 0.234526
108.666 0.23371
108.784 0.233371
108.903 0.23345
109.023 0.233894
109.143 0.234407
109.258 0.234106
109.375 0.233468
109.494 0.233284
109.613 0.233499
109.735 0.234186
109.853 0.234413
109.969 0.233862
110.086 0.233379
110.204 0.233331
110.324 0.233665
110.447 0.234332
110.562 0.234415
110.678 0.233738
110.796 0.233271
110.915 0.233237
111.034 0.233583
111.157 0.23426
111.272 0.234227
111.387 0.233449
111.504 0.233018
111.622 0.232891
111.741 0.233029
111.863 0.233651
111.978 0.233569
112.093 0.232873
112.21 0.232514
112.328 0.23245
112.447 0.232519
112.567 0.232829
112.661 0.2301
112.745 0.223338
112.83 0.216295
112.918 0.210508
113.009 0.206195
113.103 0.203171
113.2 0.201399
113.303 0.200974
113.413 0.202103
113.521 0.203715
113.631 0.205125
113.742 0.206735
113.854 0.208393
113.967 0.210094
114.087 0.212707
114.201 0.215119
114.316 0.216479
114.43 0.217794
114.546 0.218945
114.662 0.220077
114.781 0.221692
114.896 0.222981
115.013 0.223733
115.133 0.224891
115.253 0.226405
115.376 0.228104
115.493 0.229091
115.608 0.229205
115.726 0.229304
115.845 0.229766
115.966 0.23067
116.088 0.231962
116.203 0.232216
116.319 0.231564
116.436 0.231369
116.554 0.231573
116.674 0.232126
116.796 0.232985
116.911 0.233112
117.028 0.232473
117.146 0.232289
117.265 0.232503
117.385 0.233065
117.506 0.233807
117.621 0.233706
117.737 0.232993
117.855 0.232744
117.973 0.232776
118.093 0.233179
118.213 0.233531
118.329 0.23334
118.446 0.232922
118.564 0.232932
118.684 0.233191
118.806 0.234042
118.923 0.234287
119.038 0.233626
119.156 0.233173
119.274 0.233026
119.393 0.233273
119.516 0.233989
119.631 0.23399
119.747 0.233366
119.864 0.233071
119.983 0.233187
120.103 0.233538
120.226 0.234221
120.341 0.234193
120.457 0.233419
120.574 0.233117
120.693 0.233102
120.813 0.233339
120.934 0.234047
121.05 0.234041
121.167 0.233411
121.285 0.233235
121.404 0.23333
121.524 0.233789
121.643 0.23419
121.758 0.233792
121.874 0.233068
121.992 0.232809
122.11 0.232708
122.232 0.233245
122.348 0.233589
122.464 0.233015
122.58 0.232513
122.698 0.232449
122.817 0.232643
122.909 0.229688
123 0.223352
123.085 0.216933
123.173 0.211066
123.264 0.206683
123.358 0.203598
123.456 0.201773
123.558 0.201176
123.667 0.202029
123.78 0.204151
123.894 0.206632
124.011 0.209428
124.13 0.212499
124.251 0.215562
124.375 0.218867
124.492 0.221133
124.608 0.222242
124.724 0.223211
124.841 0.224185
124.958 0.225037
125.08 0.226532
125.193 0.227341
125.307 0.226923
125.422 0.226683
125.537 0.226722
125.653 0.227007
125.775 0.228006
125.889 0.228505
126.003 0.228067
126.118 0.227934
126.235 0.228067
126.353 0.228559
126.474 0.229489
126.588 0.229803
126.703 0.229452
126.82 0.229396
126.938 0.229721
127.057 0.230381
127.176 0.230834
127.29 0.230604
127.405 0.230029
127.522 0.2299
127.639 0.230163
127.759 0.230642
127.876 0.230937
127.99 0.23057
128.105 0.229999
128.22 0.229749
128.337 0.22978
128.457 0.230183
128.573 0.230535
128.688 0.230218
128.803 0.229691
128.919 0.229604
129.036 0.229779
129.158 0.230682
129.274 0.231096
129.388 0.230584
129.505 0.230261
129.622 0.230354
129.74 0.230684
129.862 0.231599
129.976 0.231774
130.091 0.231052
130.207 0.230796
130.324 0.230821
130.442 0.230969
130.564 0.231723
130.678 0.231882
130.794 0.231147
130.91 0.230879
131.028 0.231019
131.148 0.231516
131.269 0.232327
131.383 0.232411
131.499 0.23161
131.616 0.231283
131.734 0.231373
131.854 0.231826
131.973 0.232473
132.088 0.232289
132.203 0.231628
132.321 0.231424
132.44 0.231621
132.56 0.232294
132.678 0.232632
132.792 0.232178
132.908 0.231656
133.026 0.231449
133.145 0.231643
133.236 0.228562
133.321 0.221742
133.407 0.215024
133.495 0.209521
133.588 0.205581
133.688 0.203633
133.791 0.203304
133.895 0.203391
134.002 0.203967
134.113 0.205346
134.227 0.207428
134.343 0.21
134.463 0.213
134.579 0.215375
134.695 0.216953
134.811 0.218584
134.928 0.220136
135.048 0.221744
135.166 0.223401
135.282 0.224351
135.399 0.225057
135.518 0.226175
135.638 0.227403
135.76 0.228853
135.876 0.229496
135.991 0.229309
136.109 0.229395
136.227 0.229846
136.347 0.230615
136.47 0.231663
136.585 0.23208
136.702 0.231695
136.82 0.231608
136.939 0.232032
137.06 0.232778
137.181 0.233556
137.297 0.233487
137.414 0.232926
137.533 0.232935
137.654 0.233443
137.776 0.234263
137.895 0.234855
138.011 0.234623
138.129 0.234295
138.249 0.234258
138.37 0.234726
138.492 0.23551
138.609 0.235446
138.725 0.234641
138.842 0.234186
138.961 0.234162
139.081 0.234392
139.204 0.234968
139.319 0.234847
139.435 0.234116
139.552 0.233727
139.671 0.233761
139.791 0.234041
139.914 0.234661
140.029 0.234578
140.145 0.233756
140.262 0.233411
140.381 0.23336
140.501 0.233565
140.621 0.233994
140.736 0.23387
140.853 0.233261
140.971 0.232979
141.09 0.233106
141.212 0.233718
141.329 0.234128
141.446 0.233737
141.563 0.233395
141.682 0.233346
141.802 0.233677
141.924 0.234468
142.04 0.234534
142.155 0.233718
142.273 0.233253
142.392 0.233221
142.512 0.233569
142.634 0.234372
142.749 0.234451
142.866 0.233645
142.983 0.233439
143.103 0.233509
143.223 0.23382
143.344 0.234468
143.459 0.234409
143.548 0.230233
143.633 0.222829
143.72 0.215975
143.808 0.210479
143.899 0.206294
143.994 0.203382
144.102 0.202834
144.205 0.203355
144.311 0.203811
144.42 0.204959
144.531 0.206589
144.643 0.208266
144.76 0.210482
144.875 0.212797
144.99 0.214448
145.105 0.216017
145.221 0.217515
145.337 0.21895
145.459 0.221081
145.572 0.222321
145.686 0.222406
145.8 0.222855
145.915 0.223373
146.032 0.223952
146.153 0.225333
146.266 0.226166
146.38 0.22577
146.494 0.225799
146.61 0.225949
146.727 0.226331
146.848 0.227539
146.962 0.228222
147.078 0.227944
147.194 0.228076
147.312 0.228567
147.431 0.229246
147.552 0.23034
147.666 0.230548
147.781 0.230104
147.898 0.229966
148.016 0.230095
148.135 0.230708
148.254 0.23137
148.369 0.231324
148.484 0.230783
148.602 0.230685
148.721 0.230975
148.841 0.231728
148.959 0.232137
149.074 0.231745
149.19 0.231277
149.307 0.231242
149.426 0.231587
149.547 0.232263
149.663 0.232356
149.778 0.231811
149.896 0.231585
150.015 0.231887
150.136 0.232526
150.257 0.23346
150.371 0.233403
150.487 0.232477
150.604 0.232168
150.724 0.232397
150.845 0.232972
150.966 0.233851
151.079 0.233619
151.194 0.232417
151.309 0.23174
151.426 0.231397
151.543 0.231348
151.664 0.231804
151.777 0.231704
151.892 0.230991
152.008 0.230492
152.125 0.230305
152.243 0.230517
152.362 0.231078
152.476 0.231068
152.592 0.230434
152.708 0.23013
152.825 0.230239
152.944 0.230709
153.062 0.23112
153.177 0.23098
153.292 0.230483
153.409 0.230297
153.526 0.230385
153.647 0.231087
153.738 0.228326
153.823 0.22141
153.908 0.214484
153.995 0.208799
154.085 0.204574
154.178 0.201627
154.275 0.199799
154.376 0.199074
154.486 0.20019
154.593 0.202041
154.703 0.203661
154.816 0.205703
154.93 0.20799
155.046 0.210492
155.168 0.213555
155.284 0.216111
155.4 0.217722
155.517 0.219382
155.635 0.220959
155.754 0.222589
155.875 0.224265
155.991 0.225357
156.109 0.226063
156.228 0.227055
156.348 0.228173
156.47 0.229651
156.587 0.23057
156.703 0.230624
156.821 0.230546
156.939 0.230852
157.059 0.231496
157.182 0.232434
157.296 0.232755
157.412 0.232035
157.528 0.231781
157.646 0.231808
157.765 0.231957
157.887 0.232713
158.002 0.232874
158.117 0.232139
158.234 0.231747
158.352 0.231654
158.471 0.231947
158.592 0.232704
158.708 0.232866
158.824 0.232382
158.942 0.232335
159.061 0.232543
159.182 0.2331
159.301 0.233462
159.416 0.23328
159.533 0.23287
159.652 0.232761
159.771 0.233041
159.893 0.233786
160.011 0.234063
160.127 0.23368
160.245 0.233345
160.364 0.233552
160.485 0.233983
160.607 0.23461
160.722 0.234534
160.838 0.233717
160.955 0.233377
161.074 0.233455
161.195 0.233773
161.317 0.234552
161.432 0.234483
161.548 0.233547
161.665 0.233229
161.784 0.233325
161.904 0.23366
162.025 0.234202
162.14 0.234177
162.257 0.233655
162.376 0.233448
162.495 0.233642
162.617 0.234187
162.736 0.234538
162.851 0.234221
162.968 0.233693
163.087 0.233607
163.207 0.233906
163.33 0.234668
163.446 0.234834
163.562 0.234105
163.679 0.233717
163.798 0.233752
163.918 0.234033
164.04 0.234779
164.133 0.232057
164.219 0.224925
164.305 0.217809
164.394 0.212083
164.485 0.207823
164.581 0.20497
164.681 0.203348
164.784 0.20293
164.898 0.204314
165.008 0.206524
165.121 0.208209
165.235 0.210183
165.349 0.21216
165.465 0.214015
165.586 0.216513
165.701 0.218574
165.816 0.219627
165.932 0.220799
166.049 0.221824
166.166 0.222971
166.287 0.224475
166.403 0.22554
166.52 0.226098
166.639 0.226961
166.758 0.22809
166.88 0.229454
166.997 0.230147
167.112 0.229879
167.228 0.229769
167.346 0.229923
167.464 0.230433
167.587 0.231379
167.702 0.231831
167.817 0.231352
167.934 0.231058
168.053 0.231176
168.172 0.231654
168.295 0.232572
168.409 0.232751
168.526 0.232157
168.643 0.231887
168.762 0.232026
168.882 0.232648
169.005 0.233567
169.12 0.233746
169.236 0.233028
169.354 0.232774
169.473 0.232928
169.593 0.233437
169.713 0.234007
169.828 0.233756
169.945 0.233162
170.063 0.232891
170.182 0.233155
170.304 0.233886
170.422 0.234275
170.537 0.233741
170.655 0.233273
170.774 0.233239
170.895 0.233709
171.017 0.234495
171.133 0.234558
171.249 0.233989
171.368 0.23374
171.488 0.233898
171.61 0.234535
171.732 0.235343
171.847 0.235301
171.964 0.234513
172.082 0.234074
172.201 0.23419
172.322 0.234541
172.443 0.234973
172.558 0.234727
172.673 0.233886
172.791 0.2334
172.908 0.233225
173.028 0.233322
173.148 0.233657
173.263 0.23345
173.38 0.232893
173.498 0.232907
173.618 0.233168
173.74 0.233772
173.857 0.234051
173.973 0.233544
174.09 0.233226
174.209 0.233198
174.329 0.233548
174.421 0.230605
174.506 0.223654
174.592 0.216572
174.68 0.210876
174.772 0.206766
174.87 0.204171
174.974 0.203524
175.077 0.203709
175.184 0.204245
175.294 0.205464
175.408 0.207406
175.524 0.209731
175.647 0.213014
175.762 0.215888
175.878 0.217402
175.994 0.218851
176.111 0.220245
176.228 0.221589
176.347 0.223141
176.462 0.224123
176.578 0.224483
176.695 0.225297
176.814 0.226385
176.936 0.227837
177.054 0.228982
177.171 0.229235
177.288 0.229455
177.407 0.230023
177.528 0.230895
177.65 0.232034
177.767 0.232529
177.884 0.232213
178.002 0.232312
178.122 0.232648
178.242 0.233317
178.365 0.234152
178.48 0.234133
178.596 0.233491
178.714 0.233305
178.833 0.233392
178.954 0.233843
179.076 0.234488
179.191 0.234302
179.307 0.233639
179.425 0.233309
179.544 0.233395
179.665 0.233846
179.784 0.23424
179.9 0.23396
180.017 0.23334
180.135 0.233298
180.254 0.23351
180.376 0.234072
180.493 0.234313
180.609 0.233774
180.726 0.233302
180.844 0.233139
180.963 0.233247
181.085 0.233841
181.201 0.233861
181.317 0.233253
181.435 0.233097
181.554 0.233209
181.674 0.233558
181.797 0.234239
181.912 0.234209
182.028 0.233433
182.145 0.233129
182.264 0.233237
182.384 0.233583
182.505 0.23426
182.621 0.234352
182.738 0.233808
182.856 0.233707
182.976 0.233744
183.098 0.234276
183.216 0.234741
183.332 0.234274
183.449 0.233615
183.567 0.233538
183.687 0.233721
183.809 0.234505
183.926 0.234692
184.041 0.233981
184.158 0.233483
184.276 0.233173
184.395 0.233276
184.517 0.233992
184.632 0.233993
184.721 0.229869
184.806 0.22251
184.892 0.215696
184.981 0.210234
185.078 0.20683
185.175 0.204851
185.273 0.20337
185.375 0.202574
185.48 0.202752
185.589 0.203783
185.7 0.205435
185.822 0.208631
185.937 0.211802
186.054 0.213952
186.173 0.216333
186.294 0.218916
186.416 0.221552
186.536 0.223733
186.652 0.224891
186.768 0.225405
186.885 0.225979
187.002 0.226482
187.121 0.227421
187.238 0.228119
187.351 0.227979
187.466 0.227607
187.581 0.227531
187.697 0.227714
187.817 0.2285
187.932 0.228813
188.045 0.228211
188.159 0.227685
188.274 0.227599
188.391 0.227774
188.512 0.228677
188.626 0.229218
188.741 0.228691
188.856 0.228479
188.974 0.228669
189.093 0.229211
189.214 0.230309
189.328 0.230521
189.443 0.229831
189.559 0.229727
189.677 0.230011
189.796 0.23051
189.918 0.231446
190.032 0.231515
190.147 0.230826
190.264 0.230598
190.382 0.230773
190.501 0.231176
190.621 0.231904
190.735 0.231916
190.85 0.231177
190.967 0.230905
191.085 0.230916
191.204 0.231302
191.323 0.231764
191.437 0.231544
191.553 0.231101
191.67 0.230963
191.788 0.231218
191.909 0.231816
192.026 0.232089
192.14 0.231577
192.255 0.231005
192.371 0.230755
192.489 0.23066
192.61 0.231328
192.726 0.231662
192.84 0.231079
192.956 0.230694
193.073 0.230482
193.191 0.230672
193.312 0.231338
193.427 0.231546
193.542 0.231103
193.66 0.23109
193.78 0.231454
193.901 0.232272
194.022 0.233238
194.137 0.233083
194.253 0.232448
194.371 0.232267
194.491 0.232483
194.612 0.233173
194.732 0.233901
194.846 0.233539
194.934 0.229096
195.018 0.221709
195.103 0.214871
195.191 0.209262
195.281 0.204979
195.375 0.201857
195.48 0.20125
195.582 0.201593
195.686 0.201769
195.794 0.202798
195.904 0.204198
196.015 0.205924
196.131 0.208183
196.247 0.21091
196.362 0.213171
196.478 0.2149
196.594 0.216537
196.71 0.21822
196.832 0.220443
196.947 0.222012
197.063 0.222761
197.18 0.223666
197.298 0.224833
197.418 0.226103
197.54 0.227716
197.655 0.228501
197.771 0.228563
197.889 0.228993
198.008 0.229619
198.129 0.230542
198.25 0.231599
198.365 0.231899
198.481 0.231412
198.599 0.23136
198.718 0.23169
198.838 0.232104
198.958 0.232716
199.074 0.232751
199.158 0.228407
199.243 0.220732
199.328 0.21389
199.413 0.207904
199.497 0.202791
199.582 0.198192
199.667 0.194168
199.751 0.190772
199.836 0.1878
199.921 0.185075
200.005 0.182816
200.042 0.174839
200.093 0.163984
200.181 0.154361
200.265 0.155941
200.35 0.157323
200.435 0.158408
200.519 0.159482
200.604 0.160422
200.689 0.161119
200.774 0.161729
200.858 0.162388
200.943 0.162839
