0.214139 476
0.221198 952
0.228257 1428
0.235316 1904
0.242375 2380
0.249433 2856
0.256492 3332
0.263551 3808
0.27061 4284
0.277669 4760
0.418851 4284
0.418851 4760
0.42591 5236
0.432958 4284
0.432969 4760
0.440027 5236
0.447075 4284
0.447086 4760
0.454145 5236
0.461193 4284
0.461204 4760
0.468263 5236
0.475311 4284
0.475322 4760
0.482381 5236
0.489439 5712
0.496498 6188
0.503557 6664
0.510616 7140
0.517675 7616
0.524734 8092
0.531793 8568
0.538851 9044
0.623552 8092
0.623552 8568
0.63061 9044
0.637669 8092
0.637669 8568
0.644728 9044
0.651787 8092
0.651787 8568
0.658846 9044
0.665905 8092
0.665905 8568
0.672964 9044
0.680022 8092
0.680022 8568
0.687081 9044
0.69414 8092
0.69414 8568
0.701199 9044
0.708258 8092
0.708258 8568
0.715317 9044
0.722376 8092
0.722376 8568
0.729434 9044
0.736493 8092
0.736493 8568
0.743552 9044
0.828252 8092
0.828252 8568
0.835311 9044
0.84237 8092
0.84237 8568
0.849429 9044
0.856488 8092
0.856488 8568
0.863547 9044
0.870606 8092
0.870606 8568
0.877664 9044
0.884723 8092
0.884723 8568
0.891782 9044
0.898841 8092
0.898841 8568
0.9059 9044
0.912959 8092
0.912959 8568
0.920018 9044
0.927076 8092
0.927076 8568
0.934135 9044
0.941194 8092
0.941194 8568
0.948253 9044
1.03295 8092
1.03295 8568
1.04001 9044
1.04707 8092
1.04707 8568
1.05413 9044
1.06119 8092
1.06119 8568
1.06825 9044
1.07531 8092
1.07531 8568
1.08237 9044
1.08942 8092
1.08942 8568
1.09648 9044
1.10354 8092
1.10354 8568
1.1106 9044
1.11766 8092
1.11766 8568
1.12472 9044
1.13178 8092
1.13178 8568
1.13884 9044
1.14589 8092
1.14589 8568
1.15295 9044
1.23765 8092
1.23765 8568
1.24471 9044
1.25177 8092
1.25177 8568
1.25883 9044
1.26589 8092
1.26589 8568
1.27295 9044
1.28001 8092
1.28001 8568
1.28707 9044
1.29412 8092
1.29412 8568
1.30118 9044
1.30824 8092
1.30824 8568
1.3153 9044
1.32236 8092
1.32236 8568
1.32942 9044
1.33648 8092
1.33648 8568
1.34354 9044
1.3506 8092
1.3506 8568
1.35765 9044
1.44235 8092
1.44235 8568
1.44941 9044
1.45647 8092
1.45647 8568
1.46353 9044
1.47059 8092
1.47059 8568
1.47765 9044
1.48471 8092
1.48471 8568
1.49177 9044
1.49883 8092
1.49883 8568
1.50588 9044
1.51294 8092
1.51294 8568
1.52 9044
1.52706 8092
1.52706 8568
1.53412 9044
1.54118 8092
1.54118 8568
1.54824 9044
1.5553 8092
1.5553 8568
1.56236 9044
1.64706 8092
1.64706 8568
1.65411 9044
1.66117 8092
1.66117 8568
1.66823 9044
1.67529 8092
1.67529 8568
1.68235 9044
1.68941 8092
1.68941 8568
1.69647 9044
1.70353 8092
1.70353 8568
1.71059 9044
1.71764 8092
1.71764 8568
1.7247 9044
1.73176 8092
1.73176 8568
1.73882 9044
1.74588 8092
1.74588 8568
1.75294 9044
1.76 8092
1.76 8568
1.76706 9044
1.85176 8092
1.85176 8568
1.85882 9044
1.86587 8092
1.86587 8568
1.87293 9044
1.87999 8092
1.87999 8568
1.88705 9044
1.89411 8092
1.89411 8568
1.90117 9044
1.90823 8092
1.90823 8568
1.91529 9044
1.92234 8092
1.92234 8568
1.9294 9044
1.93646 8092
1.93646 8568
1.94352 9044
1.95058 8092
1.95058 8568
1.95764 9044
1.9647 8092
1.9647 8568
1.97176 9044
2.05646 8092
2.05646 8568
2.06352 9044
2.07057 8092
2.07057 8568
2.07763 9044
2.08469 8092
2.08469 8568
2.09175 9044
2.09881 8092
2.09881 8568
2.10587 9044
2.11293 8092
2.11293 8568
2.11999 9044
2.12705 8092
2.12705 8568
2.1341 9044
2.14116 8092
2.14116 8568
2.14822 9044
2.15528 8092
2.15528 8568
2.16234 9044
2.1694 8092
2.1694 8568
2.17646 9044
2.26116 8092
2.26116 8568
2.26822 9044
2.27528 8092
2.27528 8568
2.28233 9044
2.28939 8092
2.28939 8568
2.29645 9044
2.30351 8092
2.30351 8568
2.31057 9044
2.31763 8092
2.31763 8568
2.32469 9044
2.33175 8092
2.33175 8568
2.33881 9044
2.34586 8092
2.34586 8568
2.35292 9044
2.35998 8092
2.35998 8568
2.36704 9044
2.3741 8092
2.3741 8568
2.38116 9044
2.46586 8092
2.46586 8568
2.47292 9044
2.47998 8092
2.47998 8568
2.48704 9044
2.49409 8092
2.49409 8568
2.50115 9044
2.50821 8092
2.50821 8568
2.51527 9044
2.52233 8092
2.52233 8568
2.52939 9044
2.53645 8092
2.53645 8568
2.54351 9044
2.55057 8092
2.55057 8568
2.55762 9044
2.56468 8092
2.56468 8568
2.57174 9044
2.5788 8092
2.5788 8568
2.58586 9044
2.67056 8092
2.67056 8568
2.67762 9044
2.68468 8092
2.68468 8568
2.69174 9044
2.6988 8092
2.6988 8568
2.70585 9044
2.71291 8092
2.71291 8568
2.71997 9044
2.72703 8092
2.72703 8568
2.73409 9044
2.74115 8092
2.74115 8568
2.74821 9044
2.75527 8092
2.75527 8568
2.76232 9044
2.76938 8092
2.76938 8568
2.77644 9044
2.7835 8092
2.7835 8568
2.79056 9044
2.87526 8092
2.87526 8568
2.88232 9044
2.88938 8092
2.88938 8568
2.89644 9044
2.9035 8092
2.9035 8568
2.91055 9044
2.91761 8092
2.91761 8568
2.92467 9044
2.93173 8092
2.93173 8568
2.93879 9044
2.94585 8092
2.94585 8568
2.95291 9044
2.95997 8092
2.95997 8568
2.96703 9044
2.97408 8092
2.97408 8568
2.98114 9044
2.9882 8092
2.9882 8568
2.99526 9044
3.07996 8092
3.07996 8568
3.08702 9044
3.09408 8092
3.09408 8568
3.10114 9044
3.1082 8092
3.1082 8568
3.11526 9044
3.12231 8092
3.12231 8568
3.12937 9044
3.13643 8092
3.13643 8568
3.14349 9044
3.15055 8092
3.15055 8568
3.15761 9044
3.16467 8092
3.16467 8568
3.17173 9044
3.17879 8092
3.17879 8568
3.18584 9044
3.1929 8092
3.1929 8568
3.19996 9044
3.28466 8092
3.28466 8568
3.29172 9044
3.29878 8092
3.29878 8568
3.30584 9044
3.3129 8092
3.3129 8568
3.31996 9044
3.32702 8092
3.32702 8568
3.33407 9044
3.34113 8092
3.34113 8568
3.34819 9044
3.35525 8092
3.35525 8568
3.36231 9044
3.36937 8092
3.36937 8568
3.37643 9044
3.38349 8092
3.38349 8568
3.39054 9044
3.3976 8092
3.3976 8568
3.40466 9044
3.48936 8092
3.48936 8568
3.49642 9044
3.50348 8092
3.50348 8568
3.51054 9044
3.5176 8092
3.5176 8568
3.52466 9044
3.53172 8092
3.53172 8568
3.53877 9044
3.54583 8092
3.54583 8568
3.55289 9044
3.55995 8092
3.55995 8568
3.56701 9044
3.57407 8092
3.57407 8568
3.58113 9044
3.58819 8092
3.58819 8568
3.59525 9044
3.6023 8092
3.6023 8568
3.60936 9044
3.69406 8092
3.69406 8568
3.70112 9044
3.70818 8092
3.70818 8568
3.71524 9044
3.7223 8092
3.7223 8568
3.72936 9044
3.73642 8092
3.73642 8568
3.74348 9044
3.75053 8092
3.75053 8568
3.75759 9044
3.76465 8092
3.76465 8568
3.77171 9044
3.77877 8092
3.77877 8568
3.78583 9044
3.79289 8092
3.79289 8568
3.79995 9044
3.80701 8092
3.80701 8568
3.81406 9044
3.89876 8092
3.89876 8568
3.90582 9044
3.91288 8092
3.91288 8568
3.91994 9044
3.927 8092
3.927 8568
3.93406 9044
3.94112 8092
3.94112 8568
3.94818 9044
3.95524 8092
3.95524 8568
3.96229 9044
3.96935 8092
3.96935 8568
3.97641 9044
3.98347 8092
3.98347 8568
3.99053 9044
3.99759 8092
3.99759 8568
4.00465 9044
4.01171 8092
4.01171 8568
4.01876 9044
4.10347 8092
4.10347 8568
4.11052 9044
4.11758 8092
4.11758 8568
4.12464 9044
4.1317 8092
4.1317 8568
4.13876 9044
4.14582 8092
4.14582 8568
4.15288 9044
4.15994 8092
4.15994 8568
4.16699 9044
4.17405 8092
4.17405 8568
4.18111 9044
4.18817 8092
4.18817 8568
4.19523 9044
4.20229 8092
4.20229 8568
4.20935 9044
4.21641 8092
4.21641 8568
4.22347 9044
4.30817 8092
4.30817 8568
4.31522 9044
4.32228 8092
4.32228 8568
4.32934 9044
4.3364 8092
4.3364 8568
4.34346 9044
4.35052 8092
4.35052 8568
4.35758 9044
4.36464 8092
4.36464 8568
4.3717 9044
4.37875 8092
4.37875 8568
4.38581 9044
4.39287 8092
4.39287 8568
4.39993 9044
4.40699 8092
4.40699 8568
4.41405 9044
4.42111 8092
4.42111 8568
4.42817 9044
4.51287 8092
4.51287 8568
4.51993 9044
4.52698 8092
4.52698 8568
4.53404 9044
4.5411 8092
4.5411 8568
4.54816 9044
4.55522 8092
4.55522 8568
4.56228 9044
4.56934 8092
4.56934 8568
4.5764 9044
4.58346 8092
4.58346 8568
4.59051 9044
4.59757 8092
4.59757 8568
4.60463 9044
4.61169 8092
4.61169 8568
4.61875 9044
4.62581 8092
4.62581 8568
4.63287 9044
4.71757 8092
4.71757 8568
4.72463 9044
4.73169 8092
4.73169 8568
4.73874 9044
4.7458 8092
4.7458 8568
4.75286 9044
4.75992 8092
4.75992 8568
4.76698 9044
4.77404 8092
4.77404 8568
4.7811 9044
4.78816 8092
4.78816 8568
4.79521 9044
4.80227 8092
4.80227 8568
4.80933 9044
4.81639 8092
4.81639 8568
4.82345 9044
4.83051 8092
4.83051 8568
4.83757 9044
4.92227 8092
4.92227 8568
4.92933 9044
4.93639 8092
4.93639 8568
4.94344 9044
4.9505 8092
4.9505 8568
4.95756 9044
4.96462 8092
4.96462 8568
4.97168 9044
4.97874 8092
4.97874 8568
4.9858 9044
4.99286 8092
4.99286 8568
4.99992 9044
5.00697 8092
5.00697 8568
5.01403 9044
5.02109 8092
5.02109 8568
5.02815 9044
5.03521 8092
5.03521 8568
5.04227 9044
5.12697 8092
5.12697 8568
5.13403 9044
5.14109 8092
5.14109 8568
5.14815 9044
5.1552 8092
5.1552 8568
5.16226 9044
5.16932 8092
5.16932 8568
5.17638 9044
5.18344 8092
5.18344 8568
5.1905 9044
5.19756 8092
5.19756 8568
5.20462 9044
5.21168 8092
5.21168 8568
5.21873 9044
5.22579 8092
5.22579 8568
5.23285 9044
5.23991 8092
5.23991 8568
5.24697 9044
5.33167 8092
5.33167 8568
5.33873 9044
5.34579 8092
5.34579 8568
5.35285 9044
5.35991 8092
5.35991 8568
5.36696 9044
5.37402 8092
5.37402 8568
5.38108 9044
5.38814 8092
5.38814 8568
5.3952 9044
5.40226 8092
5.40226 8568
5.40932 9044
5.41638 8092
5.41638 8568
5.42344 9044
5.43049 8092
5.43049 8568
5.43755 9044
5.44461 8092
5.44461 8568
5.45167 9044
5.53637 8092
5.53637 8568
5.54343 9044
5.55049 8092
5.55049 8568
5.55755 9044
5.56461 8092
5.56461 8568
5.57167 9044
5.57872 8092
5.57872 8568
5.58578 9044
5.59284 8092
5.59284 8568
5.5999 9044
5.60696 8092
5.60696 8568
5.61402 9044
5.62108 8092
5.62108 8568
5.62814 9044
5.63519 8092
5.63519 8568
5.64225 9044
5.64931 8092
5.64931 8568
5.65637 9044
5.74107 8092
5.74107 8568
5.74813 9044
5.75519 8092
5.75519 8568
5.76225 9044
5.76931 8092
5.76931 8568
5.77637 9044
5.78342 8092
5.78342 8568
5.79048 9044
5.79754 8092
5.79754 8568
5.8046 9044
5.81166 8092
5.81166 8568
5.81872 9044
5.82578 8092
5.82578 8568
5.83284 9044
5.8399 8092
5.8399 8568
5.84695 9044
5.85401 8092
5.85401 8568
5.86107 9044
5.94577 8092
5.94577 8568
5.95283 9044
5.95989 8092
5.95989 8568
5.96695 9044
5.97401 8092
5.97401 8568
5.98107 9044
5.98813 8092
5.98813 8568
5.99518 9044
6.00224 8092
6.00224 8568
6.0093 9044
6.01636 8092
6.01636 8568
6.02342 9044
6.03048 8092
6.03048 8568
6.03754 9044
6.0446 8092
6.0446 8568
6.05166 9044
6.05871 8092
6.05871 8568
6.06577 9044
6.15047 8092
6.15047 8568
6.15753 9044
6.16459 8092
6.16459 8568
6.17165 9044
6.17871 8092
6.17871 8568
6.18577 9044
6.19283 8092
6.19283 8568
6.19989 9044
6.20694 8092
6.20694 8568
6.214 9044
6.22106 8092
6.22106 8568
6.22812 9044
6.23518 8092
6.23518 8568
6.24224 9044
6.2493 8092
6.2493 8568
6.25636 9044
6.26341 8092
6.26341 8568
6.27047 9044
6.35517 8092
6.35517 8568
6.36223 9044
6.36929 8092
6.36929 8568
6.37635 9044
6.38341 8092
6.38341 8568
6.39047 9044
6.39753 8092
6.39753 8568
6.40459 9044
6.41164 8092
6.41164 8568
6.4187 9044
6.42576 8092
6.42576 8568
6.43282 9044
6.43988 8092
6.43988 8568
6.44694 9044
6.454 8092
6.454 8568
6.46106 9044
6.46812 8092
6.46812 8568
6.47517 9044
6.55987 8092
6.55987 8568
6.56693 9044
6.57399 8092
6.57399 8568
6.58105 9044
6.58811 8092
6.58811 8568
6.59517 9044
6.60223 8092
6.60223 8568
6.60929 9044
6.61635 8092
6.61635 8568
6.6234 9044
6.63046 8092
6.63046 8568
6.63752 9044
6.64458 8092
6.64458 8568
6.65164 9044
6.6587 8092
6.6587 8568
6.66576 9044
6.67282 8092
6.67282 8568
6.67988 9044
6.76458 8092
6.76458 8568
6.77163 9044
6.77869 8092
6.77869 8568
6.78575 9044
6.79281 8092
6.79281 8568
6.79987 9044
6.80693 8092
6.80693 8568
6.81399 9044
6.82105 8092
6.82105 8568
6.82811 9044
6.83516 8092
6.83516 8568
6.84222 9044
6.84928 8092
6.84928 8568
6.85634 9044
6.8634 8092
6.8634 8568
6.87046 9044
6.87752 8092
6.87752 8568
6.88458 9044
6.96928 8092
6.96928 8568
6.97634 9044
6.98339 8092
6.98339 8568
6.99045 9044
6.99751 8092
6.99751 8568
7.00457 9044
7.01163 8092
7.01163 8568
7.01869 9044
7.02575 8092
7.02575 8568
7.03281 9044
7.03986 8092
7.03986 8568
7.04692 9044
7.05398 8092
7.05398 8568
7.06104 9044
7.0681 8092
7.0681 8568
7.07516 9044
7.08222 8092
7.08222 8568
7.08928 9044
7.17398 8092
7.17398 8568
7.18104 9044
7.18809 8092
7.18809 8568
7.19515 9044
7.20221 8092
7.20221 8568
7.20927 9044
7.21633 8092
7.21633 8568
7.22339 9044
7.23045 8092
7.23045 8568
7.23751 9044
7.24457 8092
7.24457 8568
7.25162 9044
7.25868 8092
7.25868 8568
7.26574 9044
7.2728 8092
7.2728 8568
7.27986 9044
7.28692 8092
7.28692 8568
7.29398 9044
7.37868 8092
7.37868 8568
7.38574 9044
7.3928 8092
7.3928 8568
7.39985 9044
7.40691 8092
7.40691 8568
7.41397 9044
7.42103 8092
7.42103 8568
7.42809 9044
7.43515 8092
7.43515 8568
7.44221 9044
7.44927 8092
7.44927 8568
7.45633 9044
7.46338 8092
7.46338 8568
7.47044 9044
7.4775 8092
7.4775 8568
7.48456 9044
7.49162 8092
7.49162 8568
7.49868 9044
7.58338 8092
7.58338 8568
7.59044 9044
7.5975 8092
7.5975 8568
7.60456 9044
7.61161 8092
7.61161 8568
7.61867 9044
7.62573 8092
7.62573 8568
7.63279 9044
7.63985 8092
7.63985 8568
7.64691 9044
7.65397 8092
7.65397 8568
7.66103 9044
7.66809 8092
7.66809 8568
7.67514 9044
7.6822 8092
7.6822 8568
7.68926 9044
7.69632 8092
7.69632 8568
7.70338 9044
7.78808 8092
7.78808 8568
7.79514 9044
7.8022 8092
7.8022 8568
7.80926 9044
7.81631 8092
7.81631 8568
7.82337 9044
7.83043 8092
7.83043 8568
7.83749 9044
7.84455 8092
7.84455 8568
7.85161 9044
7.85867 8092
7.85867 8568
7.86573 9044
7.87279 8092
7.87279 8568
7.87984 9044
7.8869 8092
7.8869 8568
7.89396 9044
7.90102 8092
7.90102 8568
7.90808 9044
7.99278 8092
7.99278 8568
7.99984 9044
8.0069 8092
8.0069 8568
8.01396 9044
8.02102 8092
8.02102 8568
8.02807 9044
8.03513 8092
8.03513 8568
8.04219 9044
8.04925 8092
8.04925 8568
8.05631 9044
8.06337 8092
8.06337 8568
8.07043 9044
8.07749 8092
8.07749 8568
8.08455 9044
8.0916 8092
8.0916 8568
8.09866 9044
8.10572 8092
8.10572 8568
8.11278 9044
8.19748 8092
8.19748 8568
8.20454 9044
8.2116 8092
8.2116 8568
8.21866 9044
8.22572 8092
8.22572 8568
8.23278 9044
8.23983 8092
8.23983 8568
8.24689 9044
8.25395 8092
8.25395 8568
8.26101 9044
8.26807 8092
8.26807 8568
8.27513 9044
8.28219 8092
8.28219 8568
8.28925 9044
8.29631 8092
8.29631 8568
8.30336 9044
8.31042 8092
8.31042 8568
8.31748 9044
8.40218 8092
8.40218 8568
8.40924 9044
8.4163 8092
8.4163 8568
8.42336 9044
8.43042 8092
8.43042 8568
8.43748 9044
8.44454 8092
8.44454 8568
8.45159 9044
8.45865 8092
8.45865 8568
8.46571 9044
8.47277 8092
8.47277 8568
8.47983 9044
8.48689 8092
8.48689 8568
8.49395 9044
8.50101 8092
8.50101 8568
8.50806 9044
8.51512 8092
8.51512 8568
8.52218 9044
8.60688 8092
8.60688 8568
8.61394 9044
8.621 8092
8.621 8568
8.62806 9044
8.63512 8092
8.63512 8568
8.64218 9044
8.64924 8092
8.64924 8568
8.65629 9044
8.66335 8092
8.66335 8568
8.67041 9044
8.67747 8092
8.67747 8568
8.68453 9044
8.69159 8092
8.69159 8568
8.69865 9044
8.70571 8092
8.70571 8568
8.71277 9044
8.71982 8092
8.71982 8568
8.72688 9044
8.81158 8092
8.81158 8568
8.81864 9044
8.8257 8092
8.8257 8568
8.83276 9044
8.83982 8092
8.83982 8568
8.84688 9044
8.85394 8092
8.85394 8568
8.861 9044
8.86805 8092
8.86805 8568
8.87511 9044
8.88217 8092
8.88217 8568
8.88923 9044
8.89629 8092
8.89629 8568
8.90335 9044
8.91041 8092
8.91041 8568
8.91747 9044
8.92453 8092
8.92453 8568
8.93158 9044
9.01628 8092
9.01628 8568
9.02334 9044
9.0304 8092
9.0304 8568
9.03746 9044
9.04452 8092
9.04452 8568
9.05158 9044
9.05864 8092
9.05864 8568
9.0657 9044
9.07276 8092
9.07276 8568
9.07981 9044
9.08687 8092
9.08687 8568
9.09393 9044
9.10099 8092
9.10099 8568
9.10805 9044
9.11511 8092
9.11511 8568
9.12217 9044
9.12923 8092
9.12923 8568
9.13628 9044
9.22099 8092
9.22099 8568
9.22804 9044
9.2351 8092
9.2351 8568
9.24216 9044
9.24922 8092
9.24922 8568
9.25628 9044
9.26334 8092
9.26334 8568
9.2704 9044
9.27746 8092
9.27746 8568
9.28451 9044
9.29157 8092
9.29157 8568
9.29863 9044
9.30569 8092
9.30569 8568
9.31275 9044
9.31981 8092
9.31981 8568
9.32687 9044
9.33393 8092
9.33393 8568
9.34099 9044
9.42569 8092
9.42569 8568
9.43274 9044
9.4398 8092
9.4398 8568
9.44686 9044
9.45392 8092
9.45392 8568
9.46098 9044
9.46804 8092
9.46804 8568
9.4751 9044
9.48216 8092
9.48216 8568
9.48922 9044
9.49627 8092
9.49627 8568
9.50333 9044
9.51039 8092
9.51039 8568
9.51745 9044
9.52451 8092
9.52451 8568
9.53157 9044
9.53863 8092
9.53863 8568
9.54569 9044
9.63039 8092
9.63039 8568
9.63745 9044
9.6445 8092
9.6445 8568
9.65156 9044
9.65862 8092
9.65862 8568
9.66568 9044
9.67274 8092
9.67274 8568
9.6798 9044
9.68686 8092
9.68686 8568
9.69392 9044
9.70098 8092
9.70098 8568
9.70803 9044
9.71509 8092
9.71509 8568
9.72215 9044
9.72921 8092
9.72921 8568
9.73627 9044
9.74333 8092
9.74333 8568
9.75039 9044
9.83509 8092
9.83509 8568
9.84215 9044
9.84921 8092
9.84921 8568
9.85626 9044
9.86332 8092
9.86332 8568
9.87038 9044
9.87744 8092
9.87744 8568
9.8845 9044
9.89156 8092
9.89156 8568
9.89862 9044
9.90568 8092
9.90568 8568
9.91273 9044
9.91979 8092
9.91979 8568
9.92685 9044
9.93391 8092
9.93391 8568
9.94097 9044
9.94803 8092
9.94803 8568
9.95509 9044
10.0398 8092
10.0398 8568
10.0468 9044
10.0539 8092
10.0539 8568
10.061 9044
10.068 8092
10.068 8568
10.0751 9044
10.0821 8092
10.0821 8568
10.0892 9044
10.0963 8092
10.0963 8568
10.1033 9044
10.1104 8092
10.1104 8568
10.1174 9044
10.1245 8092
10.1245 8568
10.1316 9044
10.1386 8092
10.1386 8568
10.1457 9044
10.1527 8092
10.1527 8568
10.1598 9044
10.2445 8092
10.2445 8568
10.2515 9044
10.2586 8092
10.2586 8568
10.2657 9044
10.2727 8092
10.2727 8568
10.2798 9044
10.2868 8092
10.2868 8568
10.2939 9044
10.301 8092
10.301 8568
10.308 9044
10.3151 8092
10.3151 8568
10.3221 9044
10.3292 8092
10.3292 8568
10.3363 9044
10.3433 8092
10.3433 8568
10.3504 9044
10.3574 8092
10.3574 8568
10.3645 9044
10.4492 8092
10.4633 7140
10.4774 6188
10.4915 5236
10.5057 4284
10.5198 3332
10.5339 2380
10.548 1428
10.548 1904
10.5621 952
10.5621 1428
10.5692 1904
10.7527 952
10.7527 1428
10.7598 1904
10.7739 952
10.7739 1428
10.781 1904
10.9645 952
10.9645 1428
10.9715 1904
10.9857 952
10.9857 1428
10.9927 1904
11.1762 952
11.1762 1428
11.1833 1904
11.1974 952
11.1974 1428
11.2045 1904
11.388 952
11.388 1428
11.3951 1904
11.4092 952
11.4092 1428
11.4162 1904
11.5998 952
11.5998 1428
11.6068 1904
11.6209 952
11.6209 1428
11.628 1904
11.8115 952
11.8115 1428
11.8186 1904
11.8327 952
11.8327 1428
11.8397 1904
12.0233 952
12.0233 1428
12.0303 1904
12.0444 952
12.0444 1428
12.0515 1904
12.235 952
12.235 1428
12.2421 1904
12.2562 952
12.2562 1428
12.2633 1904
12.4468 952
12.4468 1428
12.4539 1904
12.468 952
12.468 1428
12.475 1904
12.6586 952
12.6586 1428
12.6656 1904
12.6797 952
12.6797 1428
12.6868 1904
12.8703 952
12.8703 1428
12.8774 1904
12.8915 952
12.8915 1428
12.8985 1904
13.0821 952
13.0821 1428
13.0891 1904
13.1032 952
13.1032 1428
13.1103 1904
13.2938 952
13.2938 1428
13.3009 1904
13.315 952
13.315 1428
13.3221 1904
13.5056 952
13.5056 1428
13.5126 1904
13.5268 952
13.5268 1428
13.5338 1904
13.7173 952
13.7173 1428
13.7244 1904
13.7385 952
13.7385 1428
13.7456 1904
13.9291 952
13.9291 1428
13.9362 1904
13.9503 952
13.9503 1428
13.9573 1904
14.1409 952
14.1409 1428
14.1479 1904
14.162 952
14.162 1428
14.1691 1904
14.3526 952
14.3526 1428
14.3597 1904
14.3738 952
14.3738 1428
14.3809 1904
14.5644 952
14.5644 1428
14.5714 1904
14.5856 952
14.5856 1428
14.5926 1904
14.7761 952
14.7761 1428
14.7832 1904
14.7973 952
14.7973 1428
14.8044 1904
14.9879 952
14.9879 1428
14.995 1904
15.0091 952
15.0091 1428
15.0161 1904
15.1997 952
15.1997 1428
15.2067 1904
15.2208 952
15.2208 1428
15.2279 1904
15.4114 952
15.4114 1428
15.4185 1904
15.4326 952
15.4326 1428
15.4397 1904
15.6232 952
15.6232 1428
15.6302 1904
15.6444 952
15.6444 1428
15.6514 1904
15.8349 952
15.8349 1428
15.842 1904
15.8561 952
15.8561 1428
15.8632 1904
16.0467 952
16.0467 1428
16.0538 1904
16.0679 952
16.0679 1428
16.0749 1904
16.2585 952
16.2585 1428
16.2655 1904
16.2796 952
16.2796 1428
16.2867 1904
16.4702 952
16.4702 1428
16.4773 1904
16.4914 952
16.4914 1428
16.4985 1904
16.682 952
16.682 1428
16.689 1904
16.7032 952
16.7032 1428
16.7102 1904
16.8937 952
16.8937 1428
16.9008 1904
16.9149 952
16.9149 1428
16.922 1904
17.1055 952
17.1055 1428
17.1126 1904
17.1267 952
17.1267 1428
17.1337 1904
17.3173 952
17.3173 1428
17.3243 1904
17.3384 952
17.3384 1428
17.3455 1904
17.529 952
17.529 1428
17.5361 1904
17.5502 952
17.5502 1428
17.5573 1904
17.7408 952
17.7408 1428
17.7478 1904
17.762 952
17.762 1428
17.769 1904
17.9525 952
17.9525 1428
17.9596 1904
17.9737 952
17.9737 1428
17.9808 1904
18.1643 952
18.1643 1428
18.1714 1904
18.1855 952
18.1855 1428
18.1925 1904
18.3761 952
18.3761 1428
18.3831 1904
18.3972 952
18.3972 1428
18.4043 1904
18.5878 952
18.5878 1428
18.5949 1904
18.609 952
18.609 1428
18.6161 1904
18.7996 952
18.7996 1428
18.8066 1904
18.8208 952
18.8208 1428
18.8278 1904
19.0113 952
19.0113 1428
19.0184 1904
19.0325 952
19.0325 1428
19.0396 1904
19.2231 952
19.2231 1428
19.2302 1904
19.2443 952
19.2443 1428
19.2513 1904
19.4349 952
19.4349 1428
19.4419 1904
19.456 952
19.456 1428
19.4631 1904
19.6466 952
19.6466 1428
19.6537 1904
19.6678 952
19.6678 1428
19.6749 1904
19.8584 952
19.8584 1428
19.8654 1904
19.8796 952
19.8796 1428
19.8866 1904
20.0701 952
20.0701 1428
20.0772 1904
20.0913 952
20.0913 1428
20.0984 1904
20.2819 952
20.2819 1428
20.289 1904
20.3031 952
20.3031 1428
20.3101 1904
20.4937 952
20.4937 1428
20.5007 1904
20.5148 952
20.5148 1428
20.5219 1904
20.7054 952
20.7054 1428
20.7125 1904
20.7266 952
20.7266 1428
20.7337 1904
20.9172 952
20.9172 1428
20.9242 1904
20.9384 952
20.9384 1428
20.9454 1904
21.1289 952
21.1289 1428
21.136 1904
21.1501 952
21.1501 1428
21.1572 1904
21.3407 952
21.3407 1428
21.3478 1904
21.3619 952
21.3619 1428
21.3689 1904
21.5528 952
21.5528 1428
21.5598 1904
21.5737 952
21.5737 1428
21.5808 1904
21.7648 952
21.7648 1428
21.7719 1904
21.7855 952
21.7855 1428
21.7925 1904
21.9768 952
21.9768 1428
21.9839 1904
21.9975 952
21.9975 1428
22.0046 1904
22.1891 952
22.1891 1428
22.1961 1904
22.2093 952
22.2093 1428
22.2163 1904
22.4008 952
22.4008 1428
22.4079 1904
22.4214 952
22.4214 1428
22.4284 1904
22.6126 952
22.6126 1428
22.6197 1904
22.6335 952
22.6335 1428
22.6406 1904
22.8244 952
22.8244 1428
22.8314 1904
22.8453 952
22.8453 1428
22.8523 1904
23.0363 952
23.0363 1428
23.0434 1904
23.0572 952
23.0572 1428
23.0643 1904
23.2481 952
23.2481 1428
23.2551 1904
23.2694 952
23.2694 1428
23.2765 1904
23.4599 952
23.4599 1428
23.4669 1904
23.4816 952
23.4816 1428
23.4887 1904
23.6719 952
23.6719 1428
23.679 1904
23.6938 952
23.6938 1428
23.7008 1904
23.8841 952
23.8841 1428
23.8912 1904
23.9059 952
23.9059 1428
23.913 1904
24.0963 952
24.0963 1428
24.1034 1904
24.118 952
24.118 1428
24.125 1904
24.3085 952
24.3085 1428
24.3155 1904
24.3301 952
24.3301 1428
24.3372 1904
24.5206 952
24.5206 1428
24.5277 1904
24.5423 952
24.5423 1428
24.5494 1904
24.7327 952
24.7327 1428
24.7397 1904
24.7545 952
24.7545 1428
24.7615 1904
24.9448 952
24.9448 1428
24.9519 1904
24.9667 952
24.9667 1428
24.9737 1904
25.157 952
25.157 1428
25.1641 1904
25.1788 952
25.1788 1428
25.1859 1904
25.3692 952
25.3692 1428
25.3762 1904
25.391 952
25.391 1428
25.3981 1904
25.5814 952
25.5814 1428
25.5884 1904
25.6032 952
25.6032 1428
25.6102 1904
25.7935 952
25.7935 1428
25.8006 1904
25.8153 952
25.8153 1428
25.8224 1904
26.0057 952
26.0057 1428
26.0128 1904
26.0275 952
26.0275 1428
26.0346 1904
26.2179 952
26.2179 1428
26.2249 1904
26.2397 952
26.2397 1428
26.2467 1904
26.43 952
26.43 1428
26.4371 1904
26.4519 952
26.4519 1428
26.4589 1904
26.6422 952
26.6422 1428
26.6493 1904
26.664 952
26.664 1428
26.6711 1904
26.8544 952
26.8544 1428
26.8614 1904
26.8762 952
26.8762 1428
26.8833 1904
27.0666 952
27.0666 1428
27.0736 1904
27.0884 952
27.0884 1428
27.0954 1904
27.2787 952
27.2787 1428
27.2858 1904
27.3005 952
27.3005 1428
27.3076 1904
27.4909 952
27.4909 1428
27.498 1904
27.5127 952
27.5127 1428
27.5198 1904
27.7031 952
27.7031 1428
27.7101 1904
27.7249 952
27.7249 1428
27.7319 1904
27.9152 952
27.9152 1428
27.9223 1904
27.9366 952
27.9366 1428
27.9437 1904
28.1274 952
28.1274 1428
28.1345 1904
28.1485 952
28.1485 1428
28.1555 1904
28.3396 952
28.3396 1428
28.3466 1904
28.3602 952
28.3602 1428
28.3673 1904
28.5516 952
28.5516 1428
28.5587 1904
28.5724 952
28.5724 1428
28.5794 1904
28.7634 952
28.7634 1428
28.7705 1904
28.7844 952
28.7844 1428
28.7914 1904
28.9752 952
28.9752 1428
28.9823 1904
28.9966 952
28.9966 1428
29.0036 1904
29.1871 952
29.1871 1428
29.1941 1904
29.2087 952
29.2087 1428
29.2158 1904
29.3991 952
29.3991 1428
29.4061 1904
29.4209 952
29.4209 1428
29.428 1904
29.6113 952
29.6113 1428
29.6183 1904
29.6331 952
29.6331 1428
29.6401 1904
29.8234 952
29.8234 1428
29.8305 1904
29.8452 952
29.8452 1428
29.8523 1904
30.0356 952
30.0356 1428
30.0427 1904
30.0573 952
30.0573 1428
30.0643 1904
30.2478 952
30.2478 1428
30.2548 1904
30.2694 952
30.2694 1428
30.2765 1904
30.4599 952
30.4599 1428
30.467 1904
30.4816 952
30.4816 1428
30.4887 1904
30.6717 952
30.6717 1428
30.6788 1904
30.6934 952
30.6934 1428
30.7004 1904
30.8835 952
30.8835 1428
30.8905 1904
30.9051 952
30.9051 1428
30.9122 1904
31.0956 952
31.0956 1428
31.1027 1904
31.1172 952
31.1172 1428
31.1243 1904
31.3074 952
31.3074 1428
31.3145 1904
31.329 952
31.329 1428
31.336 1904
31.5193 952
31.5193 1428
31.5263 1904
31.5407 952
31.5407 1428
31.5478 1904
31.7314 952
31.7314 1428
31.7385 1904
31.7529 952
31.7529 1428
31.7599 1904
31.9432 952
31.9432 1428
31.9502 1904
31.965 952
31.965 1428
31.9721 1904
32.1549 952
32.1549 1428
32.162 1904
32.1772 952
32.1772 1428
32.1842 1904
32.367 952
32.367 1428
32.374 1904
32.3893 952
32.3893 1428
32.3964 1904
32.5791 952
32.5791 1428
32.5862 1904
32.6014 952
32.6014 1428
32.6085 1904
32.7913 952
32.7913 1428
32.7983 1904
32.8136 952
32.8136 1428
32.8206 1904
33.0034 952
33.0034 1428
33.0105 1904
33.0257 952
33.0257 1428
33.0328 1904
33.2155 952
33.2155 1428
33.2226 1904
33.2379 952
33.2379 1428
33.2449 1904
33.4277 952
33.4277 1428
33.4348 1904
33.45 952
33.45 1428
33.4571 1904
33.6398 952
33.6398 1428
33.6469 1904
33.6622 952
33.6622 1428
33.6692 1904
33.852 952
33.852 1428
33.859 1904
33.8743 952
33.8743 1428
33.8814 1904
34.0641 952
34.0641 1428
34.0712 1904
34.0865 952
34.0865 1428
34.0935 1904
34.2763 952
34.2763 1428
34.2833 1904
34.2986 952
34.2986 1428
34.3057 1904
34.4884 952
34.4884 1428
34.4955 1904
34.5107 952
34.5107 1428
34.5178 1904
34.7006 952
34.7006 1428
34.7076 1904
34.7225 952
34.7225 1428
34.7296 1904
34.9127 952
34.9127 1428
34.9198 1904
34.9343 952
34.9343 1428
34.9413 1904
35.1248 952
35.1248 1428
35.1319 1904
35.1463 952
35.1463 1428
35.1534 1904
35.3366 952
35.3366 1428
35.3437 1904
35.3585 952
35.3585 1428
35.3655 1904
35.5484 952
35.5484 1428
35.5554 1904
35.5706 952
35.5706 1428
35.5777 1904
35.7604 952
35.7604 1428
35.7675 1904
35.7828 952
35.7828 1428
35.7898 1904
35.9726 952
35.9726 1428
35.9796 1904
35.9949 952
35.9949 1428
36.002 1904
36.1847 952
36.1847 1428
36.1918 1904
36.2067 952
36.2067 1428
36.2137 1904
36.3969 952
36.3969 1428
36.4039 1904
36.4188 952
36.4188 1428
36.4259 1904
36.609 952
36.609 1428
36.6161 1904
36.6309 952
36.6309 1428
36.6379 1904
36.8208 952
36.8208 1428
36.8278 1904
36.843 952
36.843 1428
36.8501 1904
37.0329 952
37.0329 1428
37.04 1904
37.0551 952
37.0551 1428
37.0622 1904
37.245 952
37.245 1428
37.2521 1904
37.2669 952
37.2669 1428
37.274 1904
37.4571 952
37.4571 1428
37.4642 1904
37.4787 952
37.4787 1428
37.4857 1904
37.6692 952
37.6692 1428
37.6763 1904
37.6907 952
37.6907 1428
37.6977 1904
37.881 952
37.881 1428
37.8881 1904
37.9028 952
37.9028 1428
37.9099 1904
38.0928 952
38.0928 1428
38.0998 1904
38.115 952
38.115 1428
38.122 1904
38.3048 952
38.3048 1428
38.3118 1904
38.3271 952
38.3271 1428
38.3342 1904
38.5169 952
38.5169 1428
38.524 1904
38.5393 952
38.5393 1428
38.5463 1904
38.7291 952
38.7291 1428
38.7361 1904
38.7514 952
38.7514 1428
38.7585 1904
38.9412 952
38.9412 1428
38.9483 1904
38.9635 952
38.9635 1428
38.9706 1904
39.1534 952
39.1534 1428
39.1604 1904
39.1757 952
39.1757 1428
39.1828 1904
39.3655 952
39.3655 1428
39.3726 1904
39.3878 952
39.3878 1428
39.3949 1904
39.5777 952
39.5777 1428
39.5847 1904
39.6 952
39.6 1428
39.607 1904
39.7898 952
39.7898 1428
39.7969 1904
39.8121 952
39.8121 1428
39.8192 1904
40.0019 952
40.0019 1428
40.009 1904
40.0243 952
40.0243 1428
40.0313 1904
40.2141 952
40.2141 1428
40.2211 1904
40.2364 952
40.2364 1428
40.2435 1904
40.4262 952
40.4262 1428
40.4333 1904
40.4488 952
40.4488 1428
40.4559 1904
40.6384 952
40.6384 1428
40.6454 1904
40.6609 952
40.6609 1428
40.668 1904
40.8505 952
40.8505 1428
40.8576 1904
40.8729 952
40.8729 1428
40.8799 1904
41.0627 952
41.0627 1428
41.0697 1904
41.0849 952
41.0849 1428
41.092 1904
41.2744 952
41.2744 1428
41.2815 1904
41.2967 952
41.2967 1428
41.3038 1904
41.4865 952
41.4865 1428
41.4936 1904
41.5096 952
41.5096 1428
41.5166 1904
41.6985 952
41.6985 1428
41.7056 1904
41.7215 952
41.7215 1428
41.7286 1904
41.9103 952
41.9103 1428
41.9173 1904
41.9338 952
41.9338 1428
41.9409 1904
42.1453 952
42.1453 1428
42.1524 1904
42.1699 952
42.1699 1428
42.1769 1904
42.3861 952
42.3861 1428
42.3932 1904
42.4103 952
42.4103 1428
42.4174 1904
42.627 952
42.627 1428
42.634 1904
42.6507 952
42.6507 1428
42.6578 1904
42.8678 952
42.8678 1428
42.8748 1904
42.8915 952
42.8915 1428
42.8986 1904
43.1086 952
43.1086 1428
43.1157 1904
43.1328 952
43.1328 1428
43.1398 1904
43.3495 952
43.3495 1428
43.3565 1904
43.374 952
43.374 1428
43.3811 1904
43.5907 952
43.5907 1428
43.5978 1904
43.6149 952
43.6149 1428
43.6219 1904
43.832 952
43.832 1428
43.839 1904
43.8557 952
43.8557 1428
43.8628 1904
44.0728 952
44.0728 1428
44.0799 1904
44.097 952
44.097 1428
44.104 1904
44.3136 952
44.3136 1428
44.3207 1904
44.3378 952
44.3378 1428
44.3449 1904
44.5422 952
44.5422 1428
44.5492 1904
44.5659 952
44.5659 1428
44.573 1904
44.7703 952
44.7703 1428
44.7773 1904
44.7944 952
44.7944 1428
44.8015 1904
44.9988 952
44.9988 1428
45.0059 1904
45.0226 952
45.0226 1428
45.0296 1904
45.2269 952
45.2269 1428
45.234 1904
45.2507 952
45.2507 1428
45.2577 1904
45.455 952
45.455 1428
45.4621 1904
45.4788 952
45.4788 1428
45.4858 1904
45.6831 952
45.6831 1428
45.6902 1904
45.7056 952
45.7056 1428
45.7127 1904
45.9108 952
45.9108 1428
45.9179 1904
45.9325 952
45.9325 1428
45.9395 1904
46.1381 952
46.1381 1428
46.1452 1904
46.1597 952
46.1597 1428
46.1668 1904
46.3645 952
46.3645 1428
46.3716 1904
46.3874 952
46.3874 1428
46.3945 1904
46.5918 952
46.5918 1428
46.5988 1904
46.6151 952
46.6151 1428
46.6222 1904
46.8144 952
46.8144 1428
46.8214 1904
46.8369 952
46.8369 1428
46.8439 1904
47.0327 952
47.0327 1428
47.0398 1904
47.0561 952
47.0561 1428
47.0631 1904
47.2524 952
47.2524 1428
47.2594 1904
47.2761 952
47.2761 1428
47.2832 1904
47.4733 952
47.4733 1428
47.4803 1904
47.4979 952
47.4979 1428
47.5049 1904
47.6942 952
47.6942 1428
47.7012 1904
47.7192 952
47.7192 1428
47.7263 1904
47.9155 952
47.9155 1428
47.9226 1904
47.9409 952
47.9409 1428
47.948 1904
48.136 952
48.136 1428
48.143 1904
48.1619 952
48.1619 1428
48.1689 1904
48.3565 952
48.3565 1428
48.3635 1904
48.3823 952
48.3823 1428
48.3894 1904
48.5765 952
48.5765 1428
48.5836 1904
48.6032 952
48.6032 1428
48.6103 1904
48.797 952
48.797 1428
48.8041 1904
48.8246 952
48.8246 1428
48.8316 1904
49.0179 952
49.0179 1428
49.025 1904
49.0455 952
49.0455 1428
49.0525 1904
49.2363 952
49.2363 1428
49.2433 1904
49.2647 952
49.2647 1428
49.2717 1904
49.4534 952
49.4534 1428
49.4604 1904
49.4835 952
49.4835 1428
49.4905 1904
49.6713 952
49.6713 1428
49.6784 1904
49.7022 952
49.7022 1428
49.7093 1904
49.8901 952
49.8901 1428
49.8971 1904
49.921 952
49.921 1428
49.9281 1904
50.1089 952
50.1089 1428
50.1159 1904
50.1398 952
50.1398 1428
50.1469 1904
50.3276 952
50.3276 1428
50.3347 1904
50.3586 952
50.3586 1428
50.3657 1904
50.5456 952
50.5456 1428
50.5526 1904
50.577 952
50.577 1428
50.584 1904
50.7574 952
50.7574 1428
50.7645 1904
50.7888 952
50.7888 1428
50.7958 1904
50.9692 952
50.9692 1428
50.9762 1904
51.0005 952
51.0005 1428
51.0076 1904
51.1845 952
51.1845 1428
51.1915 1904
51.2201 952
51.2201 1428
51.2272 1904
51.402 952
51.402 1428
51.4091 1904
51.4376 952
51.4376 1428
51.4447 1904
51.6195 952
51.6195 1428
51.6266 1904
51.6551 952
51.6551 1428
51.6622 1904
51.8374 952
51.8374 1428
51.8445 1904
51.8726 952
51.8726 1428
51.8797 1904
52.055 952
52.055 1428
52.062 1904
52.0906 952
52.0906 1428
52.0976 1904
52.2729 952
52.2729 1428
52.2799 1904
52.3085 952
52.3085 1428
52.3156 1904
52.4904 952
52.4904 1428
52.4975 1904
52.5264 952
52.5264 1428
52.5335 1904
52.7079 952
52.7079 1428
52.715 1904
52.744 952
52.744 1428
52.751 1904
52.9258 952
52.9258 1428
52.9329 1904
52.9615 952
52.9615 1428
52.9685 1904
53.1434 952
53.1434 1428
53.1504 1904
53.1769 952
53.1769 1428
53.1839 1904
53.3588 952
53.3588 1428
53.3658 1904
53.3922 952
53.3922 1428
53.3993 1904
53.5741 952
53.5741 1428
53.5812 1904
53.6072 952
53.6072 1428
53.6143 1904
53.7887 952
53.7887 1428
53.7957 1904
53.8222 952
53.8222 1428
53.8292 1904
54.0032 952
54.0032 1428
54.0103 1904
54.0367 952
54.0367 1428
54.0438 1904
54.2178 952
54.2178 1428
54.2248 1904
54.2513 952
54.2513 1428
54.2583 1904
54.4323 952
54.4323 1428
54.4394 1904
54.4658 952
54.4658 1428
54.4729 1904
54.6469 952
54.6469 1428
54.6539 1904
54.6804 952
54.6804 1428
54.6874 1904
54.8614 952
54.8614 1428
54.8685 1904
54.8949 952
54.8949 1428
54.902 1904
55.076 952
55.076 1428
55.083 1904
55.1099 952
55.1099 1428
55.1169 1904
55.2905 952
55.2905 1428
55.2976 1904
55.3244 952
55.3244 1428
55.3315 1904
55.5046 952
55.5046 1428
55.5117 1904
55.539 952
55.539 1428
55.546 1904
55.7187 952
55.7187 1428
55.7258 1904
55.7535 952
55.7535 1428
55.7606 1904
55.9329 952
55.9329 1428
55.9399 1904
55.968 952
55.968 1428
55.9751 1904
56.147 952
56.147 1428
56.154 1904
56.1826 952
56.1826 1428
56.1897 1904
56.3615 952
56.3615 1428
56.3686 1904
56.3971 952
56.3971 1428
56.4042 1904
56.5756 952
56.5756 1428
56.5827 1904
56.6113 952
56.6113 1428
56.6183 1904
56.7898 952
56.7898 1428
56.7968 1904
56.8254 952
56.8254 1428
56.8324 1904
57.0039 952
57.0039 1428
57.0109 1904
57.0399 952
57.0399 1428
57.047 1904
57.218 952
57.218 1428
57.2251 1904
57.2545 952
57.2545 1428
57.2615 1904
57.4321 952
57.4321 1428
57.4392 1904
57.4686 952
57.4686 1428
57.4756 1904
57.6462 952
57.6462 1428
57.6533 1904
57.6827 952
57.6827 1428
57.6898 1904
57.8604 952
57.8604 1428
57.8674 1904
57.8968 952
57.8968 1428
57.9039 1904
58.0749 952
58.0749 1428
58.082 1904
58.1109 952
58.1109 1428
58.118 1904
58.2894 952
58.2894 1428
58.2965 1904
58.3251 952
58.3251 1428
58.3321 1904
58.5036 952
58.5036 1428
58.5106 1904
58.5396 952
58.5396 1428
58.5467 1904
58.7177 952
58.7177 1428
58.7247 1904
58.7542 952
58.7542 1428
58.7612 1904
58.9318 952
58.9318 1428
58.9389 1904
58.9683 952
58.9683 1428
58.9753 1904
59.1459 952
59.1459 1428
59.153 1904
59.1824 952
59.1824 1428
59.1895 1904
59.36 952
59.36 1428
59.3671 1904
59.3965 952
59.3965 1428
59.4036 1904
59.5742 952
59.5742 1428
59.5812 1904
59.6106 952
59.6106 1428
59.6177 1904
59.7883 952
59.7883 1428
59.7953 1904
59.8248 952
59.8248 1428
59.8318 1904
60.0024 952
60.0024 1428
60.0095 1904
60.0389 952
60.0389 1428
60.0459 1904
60.2165 952
60.2165 1428
60.2236 1904
60.253 952
60.253 1428
60.2601 1904
60.4312 952
60.4312 1428
60.4382 1904
60.4697 952
60.4697 1428
60.4768 1904
60.6495 952
60.6495 1428
60.6566 1904
60.6885 952
60.6885 1428
60.6956 1904
60.8713 952
60.8713 1428
60.8783 1904
60.9103 952
60.9103 1428
60.9173 1904
61.0832 952
61.0832 1428
61.0902 1904
61.1222 952
61.1222 1428
61.1293 1904
61.2949 952
61.2949 1428
61.302 1904
61.3346 952
61.3346 1428
61.3417 1904
61.5334 952
61.5334 1428
61.5404 1904
61.5915 952
61.5915 1428
61.5985 1904
61.8696 952
61.8696 1428
61.8767 1904
61.9277 952
61.9277 1428
61.9347 1904
62.2054 952
62.2054 1428
62.2125 1904
62.2643 952
62.2643 1428
62.2714 1904
62.5412 952
62.5412 1428
62.5483 1904
62.6006 952
62.6006 1428
62.6076 1904
62.8774 952
62.8774 1428
62.8845 1904
62.9368 952
62.9368 1428
62.9439 1904
63.1937 952
63.1937 1428
63.2008 1904
63.2425 952
63.2425 1428
63.2496 1904
63.4969 952
63.4969 1428
63.504 1904
63.5558 952
63.5558 1428
63.5629 1904
63.8204 952
63.8204 1428
63.8275 1904
63.8883 952
63.8883 1428
63.8953 1904
64.1452 952
64.1452 1428
64.1523 1904
64.205 952
64.205 1428
64.212 1904
64.4412 952
64.4412 1428
64.4482 1904
64.5043 952
64.5043 1428
64.5114 1904
64.7464 952
64.7464 1428
64.7535 1904
64.8054 952
64.8054 1428
64.8124 1904
64.9979 952
64.9979 1428
65.0049 1904
65.0636 952
65.0636 1428
65.0706 1904
65.2586 952
65.2586 1428
65.2657 1904
65.3337 952
65.3337 1428
65.3407 1904
65.5101 952
65.5101 1428
65.5171 1904
65.58 952
65.58 1428
65.5871 1904
65.7666 952
65.7666 1428
65.7736 1904
65.8442 952
65.8442 1428
65.8512 1904
66.0401 952
66.0401 1428
66.0471 1904
66.1104 952
66.1104 1428
66.1175 1904
66.2923 952
66.2923 1428
66.2994 1904
66.3674 952
66.3674 1428
66.3744 1904
66.5658 952
66.5658 1428
66.5729 1904
66.6413 952
66.6413 1428
66.6484 1904
66.8211 952
66.8211 1428
66.8281 1904
66.8817 952
66.8817 1428
66.8888 1904
67.0691 952
67.0691 1428
67.0762 1904
67.1336 952
67.1336 1428
67.1406 1904
67.3333 952
67.3333 1428
67.3403 1904
67.3909 952
67.3909 1428
67.398 1904
67.5783 952
67.5783 1428
67.5854 1904
67.6415 952
67.6415 1428
67.6486 1904
67.8421 952
67.8421 1428
67.8491 1904
67.9061 952
67.9061 1428
67.9131 1904
68.0948 952
68.0948 1428
68.1018 1904
68.1588 952
68.1588 1428
68.1658 1904
68.347 952
68.347 1428
68.3541 1904
68.4111 952
68.4111 1428
68.4181 1904
68.5993 952
68.5993 1428
68.6064 1904
68.6633 952
68.6633 1428
68.6704 1904
68.8516 952
68.8516 1428
68.8587 1904
68.9156 952
68.9156 1428
68.9227 1904
69.1039 952
69.1039 1428
69.1109 1904
69.1675 952
69.1675 1428
69.1745 1904
69.3519 952
69.3519 1428
69.359 1904
69.4138 952
69.4138 1428
69.4209 1904
69.5966 952
69.5966 1428
69.6036 1904
69.6602 952
69.6602 1428
69.6672 1904
69.8425 952
69.8425 1428
69.8496 1904
69.9061 952
69.9061 1428
69.9132 1904
70.088 952
70.088 1428
70.095 1904
70.152 952
70.152 1428
70.1591 1904
70.3335 952
70.3335 1428
70.3405 1904
70.3979 952
70.3979 1428
70.405 1904
70.5794 952
70.5794 1428
70.5865 1904
70.6345 952
70.6345 1428
70.6416 1904
70.8151 952
70.8151 1428
70.8222 1904
70.8715 952
70.8715 1428
70.8786 1904
71.0522 952
71.0522 1428
71.0592 1904
71.109 952
71.109 1428
71.116 1904
71.2892 952
71.2892 1428
71.2962 1904
71.346 952
71.346 1428
71.3531 1904
71.5009 952
71.5009 1428
71.508 1904
71.5579 952
71.5579 1428
71.565 1904
71.7127 952
71.7127 1428
71.7198 1904
71.7697 952
71.7697 1428
71.7767 1904
71.9248 952
71.9248 1428
71.9318 1904
71.9818 952
71.9818 1428
71.9888 1904
72.1419 952
72.1419 1428
72.149 1904
72.2026 952
72.2026 1428
72.2096 1904
72.3666 952
72.3666 1428
72.3737 1904
72.4273 952
72.4273 1428
72.4343 1904
72.5914 952
72.5914 1428
72.5984 1904
72.652 952
72.652 1428
72.6591 1904
72.8161 952
72.8161 1428
72.8231 1904
72.8771 952
72.8771 1428
72.8842 1904
73.0408 952
73.0408 1428
73.0479 1904
73.1019 952
73.1019 1428
73.1089 1904
73.266 952
73.266 1428
73.273 1904
73.3266 952
73.3266 1428
73.3336 1904
73.4907 952
73.4907 1428
73.4977 1904
73.5513 952
73.5513 1428
73.5584 1904
73.7154 952
73.7154 1428
73.7225 1904
73.7764 952
73.7764 1428
73.7835 1904
73.9405 952
73.9405 1428
73.9476 1904
74.0012 952
74.0012 1428
74.0082 1904
74.1653 952
74.1653 1428
74.1723 1904
74.2259 952
74.2259 1428
74.2329 1904
74.3896 952
74.3896 1428
74.3966 1904
74.443 952
74.443 1428
74.45 1904
74.6049 952
74.6049 1428
74.612 1904
74.6579 952
74.6579 1428
74.665 1904
74.8203 952
74.8203 1428
74.8274 1904
74.8733 952
74.8733 1428
74.8804 1904
75.0362 952
75.0362 1428
75.0432 1904
75.0896 952
75.0896 1428
75.0966 1904
75.252 952
75.252 1428
75.259 1904
75.3054 952
75.3054 1428
75.3125 1904
75.4678 952
75.4678 1428
75.4748 1904
75.5212 952
75.5212 1428
75.5283 1904
75.6836 952
75.6836 1428
75.6907 1904
75.737 952
75.737 1428
75.7441 1904
75.8998 952
75.8998 1428
75.9069 1904
75.9533 952
75.9533 1428
75.9603 1904
76.1157 952
76.1157 1428
76.1227 1904
76.1691 952
76.1691 1428
76.1761 1904
76.3315 952
76.3315 1428
76.3385 1904
76.3849 952
76.3849 1428
76.392 1904
76.5473 952
76.5473 1428
76.5543 1904
76.6007 952
76.6007 1428
76.6078 1904
76.7627 952
76.7627 1428
76.7697 1904
76.8161 952
76.8161 1428
76.8232 1904
76.9781 952
76.9781 1428
76.9851 1904
77.0315 952
77.0315 1428
77.0386 1904
77.1935 952
77.1935 1428
77.2005 1904
77.2469 952
77.2469 1428
77.2539 1904
77.4089 952
77.4089 1428
77.4159 1904
77.4623 952
77.4623 1428
77.4693 1904
77.6251 952
77.6251 1428
77.6322 1904
77.6785 952
77.6785 1428
77.6856 1904
77.8409 952
77.8409 1428
77.848 1904
77.8952 952
77.8952 1428
77.9022 1904
78.0572 952
78.0572 1428
78.0642 1904
78.111 952
78.111 1428
78.1181 1904
78.2734 952
78.2734 1428
78.2805 1904
78.3268 952
78.3268 1428
78.3339 1904
78.4892 952
78.4892 1428
78.4963 1904
78.5426 952
78.5426 1428
78.5497 1904
78.705 952
78.705 1428
78.7121 1904
78.7584 952
78.7584 1428
78.7655 1904
78.9213 952
78.9213 1428
78.9283 1904
78.9743 952
78.9743 1428
78.9813 1904
79.1367 952
79.1367 1428
79.1437 1904
79.1901 952
79.1901 1428
79.1971 1904
79.352 952
79.352 1428
79.3591 1904
79.4055 952
79.4055 1428
79.4125 1904
79.5674 952
79.5674 1428
79.5745 1904
79.6209 952
79.6209 1428
79.6279 1904
79.7824 952
79.7824 1428
79.7895 1904
79.8358 952
79.8358 1428
79.8429 1904
79.9978 952
79.9978 1428
80.0049 1904
80.0508 952
80.0508 1428
80.0579 1904
80.2132 952
80.2132 1428
80.2203 1904
80.2662 952
80.2662 1428
80.2733 1904
80.429 952
80.429 1428
80.4361 1904
80.482 952
80.482 1428
80.4891 1904
80.6448 952
80.6448 1428
80.6519 1904
80.6982 952
80.6982 1428
80.7053 1904
80.8606 952
80.8606 1428
80.8677 1904
80.9141 952
80.9141 1428
80.9211 1904
81.0765 952
81.0765 1428
81.0835 1904
81.1299 952
81.1299 1428
81.1369 1904
81.2927 952
81.2927 1428
81.2998 1904
81.3457 952
81.3457 1428
81.3528 1904
81.5077 952
81.5077 1428
81.5147 1904
81.5611 952
81.5611 1428
81.5681 1904
81.7231 952
81.7231 1428
81.7301 1904
81.7765 952
81.7765 1428
81.7835 1904
81.9384 952
81.9384 1428
81.9455 1904
81.9919 952
81.9919 1428
81.9989 1904
82.1504 952
82.1504 1428
82.1574 1904
82.2038 952
82.2038 1428
82.2108 1904
82.3621 952
82.3621 1428
82.3692 1904
82.4155 952
82.4155 1428
82.4226 1904
82.5742 952
82.5742 1428
82.5812 1904
82.6274 952
82.6274 1428
82.6345 1904
82.787 952
82.787 1428
82.794 1904
82.8412 952
82.8412 1428
82.8483 1904
83.0011 952
83.0011 1428
83.0081 1904
83.0562 952
83.0562 1428
83.0633 1904
83.2173 952
83.2173 1428
83.2244 1904
83.2729 952
83.2729 1428
83.2799 1904
83.4336 952
83.4336 1428
83.4406 1904
83.4895 952
83.4895 1428
83.4966 1904
83.6502 952
83.6502 1428
83.6573 1904
83.7058 952
83.7058 1428
83.7128 1904
83.8665 952
83.8665 1428
83.8735 1904
83.922 952
83.922 1428
83.9291 1904
84.0831 952
84.0831 1428
84.0902 1904
84.1387 952
84.1387 1428
84.1457 1904
84.2994 952
84.2994 1428
84.3064 1904
84.3553 952
84.3553 1428
84.3624 1904
84.516 952
84.516 1428
84.5231 1904
84.5712 952
84.5712 1428
84.5782 1904
84.7314 952
84.7314 1428
84.7385 1904
84.787 952
84.787 1428
84.794 1904
84.9472 952
84.9472 1428
84.9543 1904
85.0024 952
85.0024 1428
85.0094 1904
85.1631 952
85.1631 1428
85.1701 1904
85.2182 952
85.2182 1428
85.2252 1904
85.3797 952
85.3797 1428
85.3868 1904
85.4344 952
85.4344 1428
85.4415 1904
85.596 952
85.596 1428
85.603 1904
85.6507 952
85.6507 1428
85.6577 1904
85.8122 952
85.8122 1428
85.8193 1904
85.8669 952
85.8669 1428
85.874 1904
86.0284 952
86.0284 1428
86.0355 1904
86.0831 952
86.0831 1428
86.0902 1904
86.2447 952
86.2447 1428
86.2517 1904
86.2994 952
86.2994 1428
86.3064 1904
86.4609 952
86.4609 1428
86.468 1904
86.5156 952
86.5156 1428
86.5227 1904
86.6772 952
86.6772 1428
86.6842 1904
86.7319 952
86.7319 1428
86.7389 1904
86.893 952
86.893 1428
86.9 1904
86.9477 952
86.9477 1428
86.9547 1904
87.1084 952
87.1084 1428
87.1154 1904
87.1635 952
87.1635 1428
87.1706 1904
87.3242 952
87.3242 1428
87.3312 1904
87.3797 952
87.3797 1428
87.3868 1904
87.5396 952
87.5396 1428
87.5466 1904
87.5956 952
87.5956 1428
87.6026 1904
87.7554 952
87.7554 1428
87.7625 1904
87.8114 952
87.8114 1428
87.8184 1904
87.9716 952
87.9716 1428
87.9787 1904
88.0272 952
88.0272 1428
88.0342 1904
88.1883 952
88.1883 1428
88.1954 1904
88.2434 952
88.2434 1428
88.2505 1904
88.4045 952
88.4045 1428
88.4116 1904
88.4597 952
88.4597 1428
88.4667 1904
88.6212 952
88.6212 1428
88.6283 1904
88.6763 952
88.6763 1428
88.6834 1904
88.8374 952
88.8374 1428
88.8445 1904
88.8926 952
88.8926 1428
88.8996 1904
89.0537 952
89.0537 1428
89.0607 1904
89.1092 952
89.1092 1428
89.1163 1904
89.2699 952
89.2699 1428
89.277 1904
89.3255 952
89.3255 1428
89.3325 1904
89.4857 952
89.4857 1428
89.4928 1904
89.5413 952
89.5413 1428
89.5483 1904
89.7011 952
89.7011 1428
89.7082 1904
89.7571 952
89.7571 1428
89.7642 1904
89.9165 952
89.9165 1428
89.9236 1904
89.9725 952
89.9725 1428
89.9796 1904
90.1319 952
90.1319 1428
90.139 1904
90.1883 952
90.1883 1428
90.1954 1904
90.3473 952
90.3473 1428
90.3544 1904
90.4041 952
90.4041 1428
90.4112 1904
90.5627 952
90.5627 1428
90.5698 1904
90.6199 952
90.6199 1428
90.627 1904
90.7785 952
90.7785 1428
90.7856 1904
90.8353 952
90.8353 1428
90.8424 1904
90.9939 952
90.9939 1428
91.001 1904
91.0507 952
91.0507 1428
91.0578 1904
91.2097 952
91.2097 1428
91.2168 1904
91.2661 952
91.2661 1428
91.2732 1904
91.4255 952
91.4255 1428
91.4326 1904
91.4811 952
91.4811 1428
91.4881 1904
91.6405 952
91.6405 1428
91.6476 1904
91.6961 952
91.6961 1428
91.7031 1904
91.8555 952
91.8555 1428
91.8625 1904
91.9114 952
91.9114 1428
91.9185 1904
92.0713 952
92.0713 1428
92.0784 1904
92.1281 952
92.1281 1428
92.1352 1904
92.2875 952
92.2875 1428
92.2946 1904
92.3444 952
92.3444 1428
92.3514 1904
92.5038 952
92.5038 1428
92.5108 1904
92.5606 952
92.5606 1428
92.5676 1904
92.7155 952
92.7155 1428
92.7226 1904
92.7724 952
92.7724 1428
92.7794 1904
92.9273 952
92.9273 1428
92.9344 1904
92.9841 952
92.9841 1428
92.9912 1904
93.1391 952
93.1391 1428
93.1461 1904
93.1959 952
93.1959 1428
93.203 1904
93.3515 952
93.3515 1428
93.3585 1904
93.4096 952
93.4096 1428
93.4166 1904
93.5673 952
93.5673 1428
93.5744 1904
93.6258 952
93.6258 1428
93.6329 1904
93.784 952
93.784 1428
93.791 1904
93.8429 952
93.8429 1428
93.85 1904
94.0011 952
94.0011 1428
94.0081 1904
94.0596 952
94.0596 1428
94.0666 1904
94.2177 952
94.2177 1428
94.2248 1904
94.2762 952
94.2762 1428
94.2833 1904
94.4344 952
94.4344 1428
94.4414 1904
94.4933 952
94.4933 1428
94.5004 1904
94.651 952
94.651 1428
94.6581 1904
94.71 952
94.71 1428
94.717 1904
94.8677 952
94.8677 1428
94.8748 1904
94.9271 952
94.9271 1428
94.9341 1904
95.0848 952
95.0848 1428
95.0919 1904
95.1437 952
95.1437 1428
95.1508 1904
95.3015 952
95.3015 1428
95.3085 1904
95.3596 952
95.3596 1428
95.3666 1904
95.5173 952
95.5173 1428
95.5243 1904
95.5749 952
95.5749 1428
95.582 1904
95.7331 952
95.7331 1428
95.7402 1904
95.7908 952
95.7908 1428
95.7978 1904
95.9489 952
95.9489 1428
95.956 1904
96.0066 952
96.0066 1428
96.0136 1904
96.1652 952
96.1652 1428
96.1722 1904
96.2224 952
96.2224 1428
96.2294 1904
96.381 952
96.381 1428
96.388 1904
96.4386 952
96.4386 1428
96.4457 1904
96.5972 952
96.5972 1428
96.6043 1904
96.6544 952
96.6544 1428
96.6615 1904
96.813 952
96.813 1428
96.8201 1904
96.8707 952
96.8707 1428
96.8777 1904
97.0288 952
97.0288 1428
97.0359 1904
97.0865 952
97.0865 1428
97.0936 1904
97.2451 952
97.2451 1428
97.2521 1904
97.3023 952
97.3023 1428
97.3094 1904
97.4609 952
97.4609 1428
97.468 1904
97.5181 952
97.5181 1428
97.5252 1904
97.6763 952
97.6763 1428
97.6833 1904
97.7331 952
97.7331 1428
97.7402 1904
97.8913 952
97.8913 1428
97.8983 1904
97.9485 952
97.9485 1428
97.9556 1904
98.1066 952
98.1066 1428
98.1137 1904
98.1639 952
98.1639 1428
98.1709 1904
98.3225 952
98.3225 1428
98.3295 1904
98.3797 952
98.3797 1428
98.3868 1904
98.5383 952
98.5383 1428
98.5453 1904
98.5955 952
98.5955 1428
98.6026 1904
98.7541 952
98.7541 1428
98.7612 1904
98.8109 952
98.8109 1428
98.818 1904
98.9699 952
98.9699 1428
98.977 1904
99.0267 952
99.0267 1428
99.0338 1904
99.1862 952
99.1862 1428
99.1932 1904
99.2425 952
99.2425 1428
99.2496 1904
99.402 952
99.402 1428
99.409 1904
99.4584 952
99.4584 1428
99.4654 1904
99.6178 952
99.6178 1428
99.6248 1904
99.6742 952
99.6742 1428
99.6812 1904
99.8336 952
99.8336 1428
99.8407 1904
99.89 952
99.89 1428
99.897 1904
100.049 952
100.049 1428
100.056 1904
100.106 952
100.106 1428
100.113 1904
100.261 952
100.261 1428
100.268 1904
100.318 952
100.318 1428
100.325 1904
100.473 952
100.473 1428
100.48 1904
100.53 952
100.53 1428
100.537 1904
100.685 952
100.685 1428
100.692 1904
100.741 952
100.741 1428
100.749 1904
100.897 952
100.897 1428
100.904 1904
100.953 952
100.953 1428
100.96 1904
101.109 952
101.109 1428
101.116 1904
101.165 952
101.165 1428
101.172 1904
101.321 952
101.321 1428
101.328 1904
101.377 952
101.377 1428
101.384 1904
101.533 952
101.533 1428
101.54 1904
101.589 952
101.589 1428
101.596 1904
101.745 952
101.745 1428
101.752 1904
101.801 952
101.801 1428
101.808 1904
101.957 952
101.957 1428
101.964 1904
102.013 952
102.013 1428
102.02 1904
102.169 952
102.169 1428
102.176 1904
102.225 952
102.225 1428
102.232 1904
102.381 952
102.381 1428
102.388 1904
102.437 952
102.437 1428
102.444 1904
102.593 952
102.593 1428
102.6 1904
102.649 952
102.649 1428
102.656 1904
102.804 952
102.804 1428
102.811 1904
102.861 952
102.861 1428
102.868 1904
103.016 952
103.016 1428
103.023 1904
103.073 952
103.073 1428
103.08 1904
103.228 952
103.228 1428
103.235 1904
103.284 952
103.284 1428
103.291 1904
103.44 952
103.44 1428
103.447 1904
103.496 952
103.496 1428
103.503 1904
103.652 952
103.652 1428
103.659 1904
103.708 952
103.708 1428
103.715 1904
103.864 952
103.864 1428
103.871 1904
103.92 952
103.92 1428
103.927 1904
104.076 952
104.076 1428
104.083 1904
104.132 952
104.132 1428
104.139 1904
104.288 952
104.288 1428
104.295 1904
104.344 952
104.344 1428
104.351 1904
104.499 952
104.499 1428
104.506 1904
104.555 952
104.555 1428
104.562 1904
104.712 952
104.712 1428
104.719 1904
104.767 952
104.767 1428
104.774 1904
104.923 952
104.923 1428
104.93 1904
104.979 952
104.979 1428
104.986 1904
105.136 952
105.136 1428
105.143 1904
105.191 952
105.191 1428
105.198 1904
105.347 952
105.347 1428
105.354 1904
105.403 952
105.403 1428
105.41 1904
105.559 952
105.559 1428
105.566 1904
105.615 952
105.615 1428
105.622 1904
105.771 952
105.771 1428
105.778 1904
105.827 952
105.827 1428
105.834 1904
105.983 952
105.983 1428
105.99 1904
106.039 952
106.039 1428
106.046 1904
106.195 952
106.195 1428
106.202 1904
106.25 952
106.25 1428
106.257 1904
106.408 952
106.408 1428
106.415 1904
106.462 952
106.462 1428
106.469 1904
106.619 952
106.619 1428
106.627 1904
106.674 952
106.674 1428
106.681 1904
106.831 952
106.831 1428
106.839 1904
106.886 952
106.886 1428
106.893 1904
107.043 952
107.043 1428
107.05 1904
107.098 952
107.098 1428
107.105 1904
107.255 952
107.255 1428
107.262 1904
107.31 952
107.31 1428
107.317 1904
107.468 952
107.468 1428
107.475 1904
107.522 952
107.522 1428
107.529 1904
107.68 952
107.68 1428
107.687 1904
107.734 952
107.734 1428
107.741 1904
107.892 952
107.892 1428
107.899 1904
107.946 952
107.946 1428
107.953 1904
108.104 952
108.104 1428
108.112 1904
108.158 952
108.158 1428
108.165 1904
108.317 952
108.317 1428
108.324 1904
108.369 952
108.369 1428
108.376 1904
108.529 952
108.529 1428
108.536 1904
108.581 952
108.581 1428
108.589 1904
108.742 952
108.742 1428
108.749 1904
108.794 952
108.794 1428
108.801 1904
108.955 952
108.955 1428
108.962 1904
109.005 952
109.005 1428
109.012 1904
109.167 952
109.167 1428
109.174 1904
109.217 952
109.217 1428
109.224 1904
109.379 952
109.379 1428
109.386 1904
109.429 952
109.429 1428
109.436 1904
109.592 952
109.592 1428
109.599 1904
109.641 952
109.641 1428
109.648 1904
109.804 952
109.804 1428
109.811 1904
109.853 952
109.853 1428
109.86 1904
110.017 952
110.017 1428
110.024 1904
110.066 952
110.066 1428
110.073 1904
110.229 952
110.229 1428
110.236 1904
110.277 952
110.277 1428
110.284 1904
110.441 952
110.441 1428
110.448 1904
110.489 952
110.489 1428
110.496 1904
110.653 952
110.653 1428
110.661 1904
110.701 952
110.701 1428
110.708 1904
110.866 952
110.866 1428
110.873 1904
110.914 952
110.914 1428
110.921 1904
111.078 952
111.078 1428
111.085 1904
111.127 952
111.127 1428
111.134 1904
111.29 952
111.29 1428
111.297 1904
111.339 952
111.339 1428
111.346 1904
111.502 952
111.502 1428
111.51 1904
111.552 952
111.552 1428
111.559 1904
111.715 952
111.715 1428
111.722 1904
111.764 952
111.764 1428
111.771 1904
111.927 952
111.927 1428
111.935 1904
111.976 952
111.976 1428
111.983 1904
112.141 952
112.141 1428
112.148 1904
112.19 952
112.19 1428
112.197 1904
112.355 952
112.355 1428
112.362 1904
112.404 952
112.404 1428
112.411 1904
112.569 952
112.569 1428
112.576 1904
112.618 952
112.618 1428
112.625 1904
112.783 952
112.783 1428
112.79 1904
112.832 952
112.832 1428
112.839 1904
112.996 952
112.996 1428
113.003 1904
113.046 952
113.046 1428
113.053 1904
113.211 952
113.211 1428
113.218 1904
113.26 952
113.26 1428
113.267 1904
113.424 952
113.424 1428
113.431 1904
113.474 952
113.474 1428
113.481 1904
113.638 952
113.638 1428
113.645 1904
113.688 952
113.688 1428
113.695 1904
113.852 952
113.852 1428
113.86 1904
113.901 952
113.901 1428
113.908 1904
114.066 952
114.066 1428
114.073 1904
114.115 952
114.115 1428
114.122 1904
114.28 952
114.28 1428
114.287 1904
114.329 952
114.329 1428
114.337 1904
114.494 952
114.494 1428
114.501 1904
114.543 952
114.543 1428
114.55 1904
114.708 952
114.708 1428
114.715 1904
114.757 952
114.757 1428
114.764 1904
114.921 952
114.921 1428
114.928 1904
114.971 952
114.971 1428
114.978 1904
115.135 952
115.135 1428
115.142 1904
115.185 952
115.185 1428
115.192 1904
115.349 952
115.349 1428
115.356 1904
115.399 952
115.399 1428
115.406 1904
115.563 952
115.563 1428
115.57 1904
115.612 952
115.612 1428
115.62 1904
115.777 952
115.777 1428
115.784 1904
115.827 952
115.827 1428
115.834 1904
115.989 952
115.989 1428
115.996 1904
116.039 952
116.039 1428
116.046 1904
116.2 952
116.2 1428
116.208 1904
116.251 952
116.251 1428
116.258 1904
116.414 952
116.414 1428
116.421 1904
116.465 952
116.465 1428
116.472 1904
116.629 952
116.629 1428
116.636 1904
116.681 952
116.681 1428
116.688 1904
116.845 952
116.845 1428
116.852 1904
116.897 952
116.897 1428
116.904 1904
117.057 952
117.057 1428
117.064 1904
117.108 952
117.108 1428
117.115 1904
117.268 952
117.268 1428
117.275 1904
117.321 952
117.321 1428
117.328 1904
117.484 952
117.484 1428
117.491 1904
117.537 952
117.537 1428
117.544 1904
117.702 952
117.702 1428
117.709 1904
117.756 952
117.756 1428
117.763 1904
117.92 952
117.92 1428
117.927 1904
117.974 952
117.974 1428
117.981 1904
118.138 952
118.138 1428
118.145 1904
118.192 952
118.192 1428
118.199 1904
118.356 952
118.356 1428
118.363 1904
118.41 952
118.41 1428
118.417 1904
118.574 952
118.574 1428
118.581 1904
118.628 952
118.628 1428
118.635 1904
118.792 952
118.792 1428
118.799 1904
118.845 952
118.845 1428
118.852 1904
119.009 952
119.009 1428
119.016 1904
119.062 952
119.062 1428
119.07 1904
119.227 952
119.227 1428
119.234 1904
119.28 952
119.28 1428
119.287 1904
119.444 952
119.444 1428
119.451 1904
119.497 952
119.497 1428
119.504 1904
119.659 952
119.659 1428
119.667 1904
119.713 952
119.713 1428
119.72 1904
119.875 952
119.875 1428
119.882 1904
119.928 952
119.928 1428
119.935 1904
120.091 952
120.091 1428
120.098 1904
120.144 952
120.144 1428
120.151 1904
120.308 952
120.308 1428
120.315 1904
120.36 952
120.36 1428
120.367 1904
120.524 952
120.524 1428
120.531 1904
120.577 952
120.577 1428
120.584 1904
120.741 952
120.741 1428
120.748 1904
120.793 952
120.793 1428
120.8 1904
120.957 952
120.957 1428
120.964 1904
121.009 952
121.009 1428
121.016 1904
121.173 952
121.173 1428
121.18 1904
121.225 952
121.225 1428
121.232 1904
121.389 952
121.389 1428
121.396 1904
121.442 952
121.442 1428
121.449 1904
121.606 952
121.606 1428
121.613 1904
121.658 952
121.658 1428
121.665 1904
121.822 952
121.822 1428
121.829 1904
121.874 952
121.874 1428
121.881 1904
122.037 952
122.037 1428
122.044 1904
122.09 952
122.09 1428
122.097 1904
122.253 952
122.253 1428
122.26 1904
122.305 952
122.305 1428
122.312 1904
122.468 952
122.468 1428
122.476 1904
122.521 952
122.521 1428
122.529 1904
122.685 952
122.685 1428
122.692 1904
122.737 952
122.737 1428
122.744 1904
122.901 952
122.901 1428
122.908 1904
122.953 952
122.953 1428
122.96 1904
123.116 952
123.116 1428
123.123 1904
123.169 952
123.169 1428
123.176 1904
123.332 952
123.332 1428
123.339 1904
123.385 952
123.385 1428
123.392 1904
123.548 952
123.548 1428
123.555 1904
123.601 952
123.601 1428
123.608 1904
123.764 952
123.764 1428
123.771 1904
123.816 952
123.816 1428
123.823 1904
123.98 952
123.98 1428
123.987 1904
124.032 952
124.032 1428
124.039 1904
124.196 952
124.196 1428
124.203 1904
124.248 952
124.248 1428
124.255 1904
124.412 952
124.412 1428
124.419 1904
124.463 952
124.463 1428
124.47 1904
124.627 952
124.627 1428
124.634 1904
124.679 952
124.679 1428
124.686 1904
124.843 952
124.843 1428
124.85 1904
124.895 952
124.895 1428
124.902 1904
125.059 952
125.059 1428
125.066 1904
125.11 952
125.11 1428
125.117 1904
125.275 952
125.275 1428
125.282 1904
125.327 952
125.327 1428
125.334 1904
125.491 952
125.491 1428
125.498 1904
125.543 952
125.543 1428
125.55 1904
125.707 952
125.707 1428
125.714 1904
125.759 952
125.759 1428
125.766 1904
125.923 952
125.923 1428
125.93 1904
125.975 952
125.975 1428
125.982 1904
126.139 952
126.139 1428
126.146 1904
126.191 952
126.191 1428
126.198 1904
126.355 952
126.355 1428
126.362 1904
126.407 952
126.407 1428
126.414 1904
126.571 952
126.571 1428
126.578 1904
126.623 952
126.623 1428
126.63 1904
126.787 952
126.787 1428
126.794 1904
126.839 952
126.839 1428
126.846 1904
127.003 952
127.003 1428
127.01 1904
127.055 952
127.055 1428
127.062 1904
127.219 952
127.219 1428
127.226 1904
127.27 952
127.27 1428
127.277 1904
127.434 952
127.434 1428
127.441 1904
127.482 952
127.482 1428
127.489 1904
127.646 952
127.646 1428
127.653 1904
127.694 952
127.694 1428
127.701 1904
127.857 952
127.857 1428
127.865 1904
127.906 952
127.906 1428
127.913 1904
128.07 952
128.07 1428
128.077 1904
128.12 952
128.12 1428
128.127 1904
128.283 952
128.283 1428
128.29 1904
128.334 952
128.334 1428
128.341 1904
128.498 952
128.498 1428
128.505 1904
128.549 952
128.549 1428
128.556 1904
128.713 952
128.713 1428
128.72 1904
128.764 952
128.764 1428
128.771 1904
128.927 952
128.927 1428
128.934 1904
128.979 952
128.979 1428
128.986 1904
129.142 952
129.142 1428
129.149 1904
129.194 952
129.194 1428
129.201 1904
129.356 952
129.356 1428
129.363 1904
129.408 952
129.408 1428
129.415 1904
129.571 952
129.571 1428
129.578 1904
129.623 952
129.623 1428
129.63 1904
129.786 952
129.786 1428
129.793 1904
129.838 952
129.838 1428
129.845 1904
130.001 952
130.001 1428
130.008 1904
130.053 952
130.053 1428
130.06 1904
130.216 952
130.216 1428
130.223 1904
130.267 952
130.267 1428
130.274 1904
130.43 952
130.43 1428
130.437 1904
130.481 952
130.481 1428
130.488 1904
130.644 952
130.644 1428
130.651 1904
130.696 952
130.696 1428
130.703 1904
130.858 952
130.858 1428
130.865 1904
130.91 952
130.91 1428
130.917 1904
131.072 952
131.072 1428
131.079 1904
131.124 952
131.124 1428
131.131 1904
131.286 952
131.286 1428
131.293 1904
131.338 952
131.338 1428
131.345 1904
131.5 952
131.5 1428
131.507 1904
131.552 952
131.552 1428
131.559 1904
131.715 952
131.715 1428
131.722 1904
131.767 952
131.767 1428
131.774 1904
131.929 952
131.929 1428
131.936 1904
131.981 952
131.981 1428
131.988 1904
132.143 952
132.143 1428
132.15 1904
132.195 952
132.195 1428
132.202 1904
132.357 952
132.357 1428
132.364 1904
132.409 952
132.409 1428
132.416 1904
132.571 952
132.571 1428
132.578 1904
132.623 952
132.623 1428
132.63 1904
132.785 952
132.785 1428
132.793 1904
132.837 952
132.837 1428
132.844 1904
133 952
133 1428
133.007 1904
133.051 952
133.051 1428
133.058 1904
133.214 952
133.214 1428
133.221 1904
133.266 952
133.266 1428
133.273 1904
133.428 952
133.428 1428
133.435 1904
133.48 952
133.48 1428
133.487 1904
133.642 952
133.642 1428
133.649 1904
133.694 952
133.694 1428
133.701 1904
133.856 952
133.856 1428
133.864 1904
133.908 952
133.908 1428
133.915 1904
134.071 952
134.071 1428
134.078 1904
134.122 952
134.122 1428
134.129 1904
134.285 952
134.285 1428
134.292 1904
134.336 952
134.336 1428
134.344 1904
134.499 952
134.499 1428
134.506 1904
134.551 952
134.551 1428
134.558 1904
134.713 952
134.713 1428
134.72 1904
134.765 952
134.765 1428
134.772 1904
134.928 952
134.928 1428
134.935 1904
134.979 952
134.979 1428
134.986 1904
135.142 952
135.142 1428
135.149 1904
135.193 952
135.193 1428
135.2 1904
135.356 952
135.356 1428
135.363 1904
135.407 952
135.407 1428
135.415 1904
135.57 952
135.57 1428
135.577 1904
135.622 952
135.622 1428
135.629 1904
135.784 952
135.784 1428
135.791 1904
135.836 952
135.836 1428
135.843 1904
135.998 952
135.998 1428
136.005 1904
136.05 952
136.05 1428
136.057 1904
136.212 952
136.212 1428
136.219 1904
136.264 952
136.264 1428
136.271 1904
136.426 952
136.426 1428
136.433 1904
136.478 952
136.478 1428
136.485 1904
136.64 952
136.64 1428
136.648 1904
136.692 952
136.692 1428
136.699 1904
136.855 952
136.855 1428
136.862 1904
136.906 952
136.906 1428
136.913 1904
137.069 952
137.069 1428
137.076 1904
137.12 952
137.12 1428
137.127 1904
137.283 952
137.283 1428
137.29 1904
137.335 952
137.335 1428
137.342 1904
137.497 952
137.497 1428
137.504 1904
137.549 952
137.549 1428
137.556 1904
137.712 952
137.712 1428
137.719 1904
137.763 952
137.763 1428
137.77 1904
137.926 952
137.926 1428
137.933 1904
137.977 952
137.977 1428
137.984 1904
138.138 952
138.138 1428
138.145 1904
138.189 952
138.189 1428
138.196 1904
138.35 952
138.35 1428
138.357 1904
138.4 952
138.4 1428
138.407 1904
138.561 952
138.561 1428
138.568 1904
138.612 952
138.612 1428
138.619 1904
138.774 952
138.774 1428
138.781 1904
138.826 952
138.826 1428
138.833 1904
138.988 952
138.988 1428
138.995 1904
139.04 952
139.04 1428
139.047 1904
139.204 952
139.204 1428
139.211 1904
139.255 952
139.255 1428
139.262 1904
139.419 952
139.419 1428
139.426 1904
139.47 952
139.47 1428
139.477 1904
139.633 952
139.633 1428
139.641 1904
139.685 952
139.685 1428
139.692 1904
139.848 952
139.848 1428
139.856 1904
139.901 952
139.901 1428
139.908 1904
140.063 952
140.063 1428
140.07 1904
140.116 952
140.116 1428
140.123 1904
140.279 952
140.279 1428
140.286 1904
140.331 952
140.331 1428
140.338 1904
140.494 952
140.494 1428
140.501 1904
140.546 952
140.546 1428
140.553 1904
140.709 952
140.709 1428
140.716 1904
140.761 952
140.761 1428
140.768 1904
140.924 952
140.924 1428
140.931 1904
140.976 952
140.976 1428
140.983 1904
141.139 952
141.139 1428
141.146 1904
141.191 952
141.191 1428
141.198 1904
141.353 952
141.353 1428
141.36 1904
141.406 952
141.406 1428
141.413 1904
141.568 952
141.568 1428
141.575 1904
141.621 952
141.621 1428
141.628 1904
141.783 952
141.783 1428
141.79 1904
141.835 952
141.835 1428
141.842 1904
141.997 952
141.997 1428
142.004 1904
142.049 952
142.049 1428
142.056 1904
142.211 952
142.211 1428
142.218 1904
142.264 952
142.264 1428
142.271 1904
142.425 952
142.425 1428
142.432 1904
142.479 952
142.479 1428
142.486 1904
142.639 952
142.639 1428
142.646 1904
142.693 952
142.693 1428
142.7 1904
142.853 952
142.853 1428
142.86 1904
142.907 952
142.907 1428
142.914 1904
143.067 952
143.067 1428
143.075 1904
143.121 952
143.121 1428
143.128 1904
143.282 952
143.282 1428
143.289 1904
143.335 952
143.335 1428
143.342 1904
143.496 952
143.496 1428
143.503 1904
143.55 952
143.55 1428
143.557 1904
143.71 952
143.71 1428
143.717 1904
143.764 952
143.764 1428
143.771 1904
143.924 952
143.924 1428
143.931 1904
143.978 952
143.978 1428
143.985 1904
144.138 952
144.138 1428
144.146 1904
144.192 952
144.192 1428
144.199 1904
144.353 952
144.353 1428
144.36 1904
144.406 952
144.406 1428
144.414 1904
144.567 952
144.567 1428
144.574 1904
144.621 952
144.621 1428
144.628 1904
144.781 952
144.781 1428
144.788 1904
144.835 952
144.835 1428
144.842 1904
144.995 952
144.995 1428
145.002 1904
145.049 952
145.049 1428
145.056 1904
145.209 952
145.209 1428
145.216 1904
145.263 952
145.263 1428
145.27 1904
145.423 952
145.423 1428
145.43 1904
145.477 952
145.477 1428
145.485 1904
145.637 952
145.637 1428
145.644 1904
145.692 952
145.692 1428
145.699 1904
145.852 952
145.852 1428
145.859 1904
145.906 952
145.906 1428
145.913 1904
146.066 952
146.066 1428
146.073 1904
146.12 952
146.12 1428
146.127 1904
146.28 952
146.28 1428
146.287 1904
146.335 952
146.335 1428
146.342 1904
146.495 952
146.495 1428
146.502 1904
146.549 952
146.549 1428
146.556 1904
146.709 952
146.709 1428
146.716 1904
146.763 952
146.763 1428
146.77 1904
146.923 952
146.923 1428
146.93 1904
146.978 952
146.978 1428
146.985 1904
147.137 952
147.137 1428
147.144 1904
147.192 952
147.192 1428
147.199 1904
147.352 952
147.352 1428
147.359 1904
147.406 952
147.406 1428
147.413 1904
147.566 952
147.566 1428
147.573 1904
147.62 952
147.62 1428
147.627 1904
147.78 952
147.78 1428
147.787 1904
147.834 952
147.834 1428
147.842 1904
147.994 952
147.994 1428
148.001 1904
148.049 952
148.049 1428
148.056 1904
148.209 952
148.209 1428
148.216 1904
148.263 952
148.263 1428
148.27 1904
148.423 952
148.423 1428
148.43 1904
148.477 952
148.477 1428
148.484 1904
148.637 952
148.637 1428
148.644 1904
148.689 952
148.689 1428
148.696 1904
148.849 952
148.849 1428
148.856 1904
148.901 952
148.901 1428
148.908 1904
149.061 952
149.061 1428
149.068 1904
149.113 952
149.113 1428
149.12 1904
149.273 952
149.273 1428
149.28 1904
149.326 952
149.326 1428
149.333 1904
149.488 952
149.488 1428
149.495 1904
149.54 952
149.54 1428
149.547 1904
149.703 952
149.703 1428
149.71 1904
149.755 952
149.755 1428
149.763 1904
149.919 952
149.919 1428
149.926 1904
149.971 952
149.971 1428
149.978 1904
150.134 952
150.134 1428
150.141 1904
150.186 952
150.186 1428
150.193 1904
150.35 952
150.35 1428
150.357 1904
150.402 952
150.402 1428
150.409 1904
150.566 952
150.566 1428
150.573 1904
150.617 952
150.617 1428
150.624 1904
150.781 952
150.781 1428
150.788 1904
150.833 952
150.833 1428
150.84 1904
150.997 952
150.997 1428
151.004 1904
151.048 952
151.048 1428
151.055 1904
151.212 952
151.212 1428
151.219 1904
151.264 952
151.264 1428
151.271 1904
151.428 952
151.428 1428
151.435 1904
151.479 952
151.479 1428
151.486 1904
151.644 952
151.644 1428
151.651 1904
151.695 952
151.695 1428
151.702 1904
151.859 952
151.859 1428
151.866 1904
151.911 952
151.911 1428
151.918 1904
152.073 952
152.073 1428
152.081 1904
152.125 952
152.125 1428
152.132 1904
152.288 952
152.288 1428
152.295 1904
152.339 952
152.339 1428
152.346 1904
152.502 952
152.502 1428
152.509 1904
152.554 952
152.554 1428
152.561 1904
152.717 952
152.717 1428
152.724 1904
152.768 952
152.768 1428
152.775 1904
152.931 952
152.931 1428
152.938 1904
152.983 952
152.983 1428
152.99 1904
153.146 952
153.146 1428
153.153 1904
153.198 952
153.198 1428
153.205 1904
153.361 952
153.361 1428
153.368 1904
153.412 952
153.412 1428
153.419 1904
153.575 952
153.575 1428
153.582 1904
153.627 952
153.627 1428
153.634 1904
153.79 952
153.79 1428
153.797 1904
153.841 952
153.841 1428
153.848 1904
154.005 952
154.005 1428
154.012 1904
154.056 952
154.056 1428
154.063 1904
154.22 952
154.22 1428
154.227 1904
154.27 952
154.27 1428
154.277 1904
154.434 952
154.434 1428
154.441 1904
154.484 952
154.484 1428
154.491 1904
154.648 952
154.648 1428
154.655 1904
154.698 952
154.698 1428
154.706 1904
154.863 952
154.863 1428
154.87 1904
154.913 952
154.913 1428
154.92 1904
155.077 952
155.077 1428
155.084 1904
155.127 952
155.127 1428
155.134 1904
155.291 952
155.291 1428
155.298 1904
155.341 952
155.341 1428
155.348 1904
155.505 952
155.505 1428
155.512 1904
155.556 952
155.556 1428
155.563 1904
155.72 952
155.72 1428
155.727 1904
155.77 952
155.77 1428
155.777 1904
155.934 952
155.934 1428
155.941 1904
155.984 952
155.984 1428
155.992 1904
156.149 952
156.149 1428
156.156 1904
156.199 952
156.199 1428
156.206 1904
156.363 952
156.363 1428
156.37 1904
156.413 952
156.413 1428
156.42 1904
156.578 952
156.578 1428
156.585 1904
156.627 952
156.627 1428
156.634 1904
156.792 952
156.792 1428
156.799 1904
156.841 952
156.841 1428
156.848 1904
157.006 952
157.006 1428
157.013 1904
157.055 952
157.055 1428
157.063 1904
157.22 952
157.22 1428
157.227 1904
157.27 952
157.27 1428
157.277 1904
157.435 952
157.435 1428
157.442 1904
157.484 952
157.484 1428
157.491 1904
157.649 952
157.649 1428
157.656 1904
157.699 952
157.699 1428
157.706 1904
157.863 952
157.863 1428
157.87 1904
157.913 952
157.913 1428
157.92 1904
158.078 952
158.078 1428
158.085 1904
158.127 952
158.127 1428
158.134 1904
158.292 952
158.292 1428
158.299 1904
158.341 952
158.341 1428
158.349 1904
158.506 952
158.506 1428
158.513 1904
158.556 952
158.556 1428
158.563 1904
158.721 952
158.721 1428
158.728 1904
158.77 952
158.77 1428
158.777 1904
158.935 952
158.935 1428
158.942 1904
158.984 952
158.984 1428
158.991 1904
159.149 952
159.149 1428
159.156 1904
159.199 952
159.199 1428
159.206 1904
159.361 952
159.361 1428
159.368 1904
159.411 952
159.411 1428
159.418 1904
159.573 952
159.573 1428
159.58 1904
159.622 952
159.622 1428
159.629 1904
159.785 952
159.785 1428
159.792 1904
159.835 952
159.835 1428
159.842 1904
159.997 952
159.997 1428
160.005 1904
160.048 952
160.048 1428
160.055 1904
160.211 952
160.211 1428
160.218 1904
160.262 952
160.262 1428
160.27 1904
160.426 952
160.426 1428
160.433 1904
160.477 952
160.477 1428
160.484 1904
160.64 952
160.64 1428
160.647 1904
160.691 952
160.691 1428
160.698 1904
160.855 952
160.855 1428
160.862 1904
160.906 952
160.906 1428
160.913 1904
161.069 952
161.069 1428
161.076 1904
161.12 952
161.12 1428
161.127 1904
161.284 952
161.284 1428
161.291 1904
161.335 952
161.335 1428
161.342 1904
161.499 952
161.499 1428
161.506 1904
161.549 952
161.549 1428
161.556 1904
161.713 952
161.713 1428
161.72 1904
161.764 952
161.764 1428
161.771 1904
161.928 952
161.928 1428
161.935 1904
161.978 952
161.978 1428
161.985 1904
162.143 952
162.143 1428
162.15 1904
162.193 952
162.193 1428
162.2 1904
162.357 952
162.357 1428
162.365 1904
162.408 952
162.408 1428
162.415 1904
162.572 952
162.572 1428
162.579 1904
162.622 952
162.622 1428
162.63 1904
162.786 952
162.786 1428
162.793 1904
162.836 952
162.836 1428
162.843 1904
163 952
163 1428
163.007 1904
163.05 952
163.05 1428
163.057 1904
163.214 952
163.214 1428
163.221 1904
163.264 952
163.264 1428
163.271 1904
163.428 952
163.428 1428
163.435 1904
163.478 952
163.478 1428
163.485 1904
163.642 952
163.642 1428
163.649 1904
163.692 952
163.692 1428
163.699 1904
163.856 952
163.856 1428
163.863 1904
163.906 952
163.906 1428
163.913 1904
164.07 952
164.07 1428
164.077 1904
164.12 952
164.12 1428
164.127 1904
164.284 952
164.284 1428
164.291 1904
164.334 952
164.334 1428
164.341 1904
164.498 952
164.498 1428
164.505 1904
164.548 952
164.548 1428
164.555 1904
164.712 952
164.712 1428
164.719 1904
164.762 952
164.762 1428
164.769 1904
164.926 952
164.926 1428
164.933 1904
164.976 952
164.976 1428
164.983 1904
165.139 952
165.139 1428
165.146 1904
165.19 952
165.19 1428
165.197 1904
165.353 952
165.353 1428
165.361 1904
165.403 952
165.403 1428
165.411 1904
165.567 952
165.567 1428
165.574 1904
165.618 952
165.618 1428
165.625 1904
165.781 952
165.781 1428
165.788 1904
165.832 952
165.832 1428
165.839 1904
165.995 952
165.995 1428
166.002 1904
166.045 952
166.045 1428
166.052 1904
166.209 952
166.209 1428
166.216 1904
166.26 952
166.26 1428
166.267 1904
166.423 952
166.423 1428
166.43 1904
166.474 952
166.474 1428
166.481 1904
166.637 952
166.637 1428
166.644 1904
166.687 952
166.687 1428
166.694 1904
166.851 952
166.851 1428
166.858 1904
166.901 952
166.901 1428
166.909 1904
167.065 952
167.065 1428
167.072 1904
167.116 952
167.116 1428
167.123 1904
167.279 952
167.279 1428
167.286 1904
167.329 952
167.329 1428
167.336 1904
167.493 952
167.493 1428
167.5 1904
167.543 952
167.543 1428
167.55 1904
167.707 952
167.707 1428
167.714 1904
167.758 952
167.758 1428
167.765 1904
167.921 952
167.921 1428
167.928 1904
167.972 952
167.972 1428
167.979 1904
168.135 952
168.135 1428
168.142 1904
168.186 952
168.186 1428
168.193 1904
168.349 952
168.349 1428
168.356 1904
168.399 952
168.399 1428
168.407 1904
168.563 952
168.563 1428
168.57 1904
168.614 952
168.614 1428
168.621 1904
168.777 952
168.777 1428
168.784 1904
168.828 952
168.828 1428
168.835 1904
168.991 952
168.991 1428
168.998 1904
169.042 952
169.042 1428
169.049 1904
169.205 952
169.205 1428
169.212 1904
169.256 952
169.256 1428
169.263 1904
169.419 952
169.419 1428
169.426 1904
169.47 952
169.47 1428
169.477 1904
169.633 952
169.633 1428
169.64 1904
169.684 952
169.684 1428
169.691 1904
169.845 952
169.845 1428
169.852 1904
169.896 952
169.896 1428
169.903 1904
170.056 952
170.056 1428
170.064 1904
170.107 952
170.107 1428
170.114 1904
170.268 952
170.268 1428
170.275 1904
170.319 952
170.319 1428
170.326 1904
170.481 952
170.481 1428
170.488 1904
170.532 952
170.532 1428
170.539 1904
170.694 952
170.694 1428
170.701 1904
170.745 952
170.745 1428
170.752 1904
170.909 952
170.909 1428
170.916 1904
170.96 952
170.96 1428
170.967 1904
171.124 952
171.124 1428
171.131 1904
171.175 952
171.175 1428
171.182 1904
171.338 952
171.338 1428
171.346 1904
171.39 952
171.39 1428
171.397 1904
171.553 952
171.553 1428
171.56 1904
171.604 952
171.604 1428
171.611 1904
171.768 952
171.768 1428
171.775 1904
171.819 952
171.819 1428
171.826 1904
171.983 952
171.983 1428
171.99 1904
172.034 952
172.034 1428
172.041 1904
172.198 952
172.198 1428
172.205 1904
172.249 952
172.249 1428
172.256 1904
172.413 952
172.413 1428
172.42 1904
172.464 952
172.464 1428
172.471 1904
172.627 952
172.627 1428
172.634 1904
172.678 952
172.678 1428
172.685 1904
172.842 952
172.842 1428
172.849 1904
172.893 952
172.893 1428
172.9 1904
173.057 952
173.057 1428
173.064 1904
173.108 952
173.108 1428
173.115 1904
173.271 952
173.271 1428
173.279 1904
173.322 952
173.322 1428
173.329 1904
173.486 952
173.486 1428
173.493 1904
173.537 952
173.537 1428
173.544 1904
173.7 952
173.7 1428
173.707 1904
173.751 952
173.751 1428
173.758 1904
173.915 952
173.915 1428
173.922 1904
173.966 952
173.966 1428
173.973 1904
174.129 952
174.129 1428
174.136 1904
174.18 952
174.18 1428
174.187 1904
174.343 952
174.343 1428
174.35 1904
174.394 952
174.394 1428
174.401 1904
174.557 952
174.557 1428
174.565 1904
174.609 952
174.609 1428
174.616 1904
174.772 952
174.772 1428
174.779 1904
174.823 952
174.823 1428
174.83 1904
174.986 952
174.986 1428
174.993 1904
175.037 952
175.037 1428
175.044 1904
175.2 952
175.2 1428
175.207 1904
175.252 952
175.252 1428
175.259 1904
175.415 952
175.415 1428
175.422 1904
175.466 952
175.466 1428
175.473 1904
175.629 952
175.629 1428
175.636 1904
175.68 952
175.68 1428
175.687 1904
175.844 952
175.844 1428
175.851 1904
175.894 952
175.894 1428
175.901 1904
176.058 952
176.058 1428
176.065 1904
176.108 952
176.108 1428
176.116 1904
176.273 952
176.273 1428
176.28 1904
176.323 952
176.323 1428
176.33 1904
176.487 952
176.487 1428
176.494 1904
176.537 952
176.537 1428
176.544 1904
176.701 952
176.701 1428
176.708 1904
176.751 952
176.751 1428
176.758 1904
176.915 952
176.915 1428
176.922 1904
176.966 952
176.966 1428
176.973 1904
177.13 952
177.13 1428
177.137 1904
177.18 952
177.18 1428
177.187 1904
177.344 952
177.344 1428
177.351 1904
177.394 952
177.394 1428
177.401 1904
177.559 952
177.559 1428
177.566 1904
177.608 952
177.608 1428
177.615 1904
177.773 952
177.773 1428
177.78 1904
177.822 952
177.822 1428
177.829 1904
177.988 952
177.988 1428
177.995 1904
178.037 952
178.037 1428
178.044 1904
178.202 952
178.202 1428
178.209 1904
178.251 952
178.251 1428
178.258 1904
178.416 952
178.416 1428
178.423 1904
178.465 952
178.465 1428
178.472 1904
178.63 952
178.63 1428
178.637 1904
178.68 952
178.68 1428
178.687 1904
178.845 952
178.845 1428
178.852 1904
178.894 952
178.894 1428
178.901 1904
179.059 952
179.059 1428
179.066 1904
179.109 952
179.109 1428
179.116 1904
179.273 952
179.273 1428
179.28 1904
179.323 952
179.323 1428
179.33 1904
179.487 952
179.487 1428
179.494 1904
179.537 952
179.537 1428
179.544 1904
179.701 952
179.701 1428
179.708 1904
179.751 952
179.751 1428
179.758 1904
179.916 952
179.916 1428
179.923 1904
179.965 952
179.965 1428
179.972 1904
180.13 952
180.13 1428
180.137 1904
180.179 952
180.179 1428
180.186 1904
180.344 952
180.344 1428
180.351 1904
180.393 952
180.393 1428
180.4 1904
180.556 952
180.556 1428
180.563 1904
180.605 952
180.605 1428
180.612 1904
180.768 952
180.768 1428
180.775 1904
180.817 952
180.817 1428
180.824 1904
180.979 952
180.979 1428
180.987 1904
181.029 952
181.029 1428
181.036 1904
181.192 952
181.192 1428
181.199 1904
181.243 952
181.243 1428
181.25 1904
181.406 952
181.406 1428
181.413 1904
181.458 952
181.458 1428
181.465 1904
181.621 952
181.621 1428
181.628 1904
181.673 952
181.673 1428
181.68 1904
181.835 952
181.835 1428
181.843 1904
181.887 952
181.887 1428
181.894 1904
182.05 952
182.05 1428
182.058 1904
182.102 952
182.102 1428
182.109 1904
182.265 952
182.265 1428
182.272 1904
182.317 952
182.317 1428
182.324 1904
182.48 952
182.48 1428
182.487 1904
182.532 952
182.532 1428
182.539 1904
182.694 952
182.694 1428
182.702 1904
182.746 952
182.746 1428
182.753 1904
182.909 952
182.909 1428
182.916 1904
182.961 952
182.961 1428
182.968 1904
183.124 952
183.124 1428
183.131 1904
183.176 952
183.176 1428
183.183 1904
183.339 952
183.339 1428
183.346 1904
183.391 952
183.391 1428
183.398 1904
183.554 952
183.554 1428
183.561 1904
183.606 952
183.606 1428
183.613 1904
183.768 952
183.768 1428
183.776 1904
183.821 952
183.821 1428
183.828 1904
183.983 952
183.983 1428
183.99 1904
184.034 952
184.034 1428
184.041 1904
184.197 952
184.197 1428
184.204 1904
184.248 952
184.248 1428
184.255 1904
184.411 952
184.411 1428
184.418 1904
184.462 952
184.462 1428
184.469 1904
184.625 952
184.625 1428
184.632 1904
184.676 952
184.676 1428
184.683 1904
184.838 952
184.838 1428
184.845 1904
184.89 952
184.89 1428
184.897 1904
185.052 952
185.052 1428
185.059 1904
185.103 952
185.103 1428
185.11 1904
185.266 952
185.266 1428
185.273 1904
185.317 952
185.317 1428
185.324 1904
185.48 952
185.48 1428
185.487 1904
185.531 952
185.531 1428
185.538 1904
185.693 952
185.693 1428
185.701 1904
185.744 952
185.744 1428
185.751 1904
185.907 952
185.907 1428
185.914 1904
185.958 952
185.958 1428
185.965 1904
186.121 952
186.121 1428
186.128 1904
186.172 952
186.172 1428
186.179 1904
186.335 952
186.335 1428
186.342 1904
186.386 952
186.386 1428
186.393 1904
186.549 952
186.549 1428
186.556 1904
186.6 952
186.6 1428
186.607 1904
186.763 952
186.763 1428
186.77 1904
186.814 952
186.814 1428
186.821 1904
186.976 952
186.976 1428
186.984 1904
187.027 952
187.027 1428
187.034 1904
187.19 952
187.19 1428
187.197 1904
187.241 952
187.241 1428
187.249 1904
187.404 952
187.404 1428
187.411 1904
187.456 952
187.456 1428
187.463 1904
187.618 952
187.618 1428
187.625 1904
187.669 952
187.669 1428
187.676 1904
187.832 952
187.832 1428
187.839 1904
187.883 952
187.883 1428
187.89 1904
188.046 952
188.046 1428
188.053 1904
188.097 952
188.097 1428
188.104 1904
188.259 952
188.259 1428
188.267 1904
188.31 952
188.31 1428
188.317 1904
188.473 952
188.473 1428
188.48 1904
188.524 952
188.524 1428
188.531 1904
188.687 952
188.687 1428
188.694 1904
188.738 952
188.738 1428
188.745 1904
188.901 952
188.901 1428
188.908 1904
188.951 952
188.951 1428
188.959 1904
189.116 952
189.116 1428
189.123 1904
189.165 952
189.165 1428
189.172 1904
189.329 952
189.329 1428
189.336 1904
189.379 952
189.379 1428
189.386 1904
189.543 952
189.543 1428
189.55 1904
189.593 952
189.593 1428
189.6 1904
189.757 952
189.757 1428
189.764 1904
189.807 952
189.807 1428
189.814 1904
189.97 952
189.97 1428
189.977 1904
190.021 952
190.021 1428
190.028 1904
190.184 952
190.184 1428
190.191 1904
190.234 952
190.234 1428
190.242 1904
190.398 952
190.398 1428
190.405 1904
190.448 952
190.448 1428
190.455 1904
190.611 952
190.611 1428
190.618 1904
190.662 952
190.662 1428
190.669 1904
190.826 952
190.826 1428
190.833 1904
190.876 952
190.876 1428
190.883 1904
191.037 952
191.037 1428
191.044 1904
191.088 952
191.088 1428
191.095 1904
191.249 952
191.249 1428
191.256 1904
191.3 952
191.3 1428
191.307 1904
191.461 952
191.461 1428
191.468 1904
191.511 952
191.511 1428
191.518 1904
191.673 952
191.673 1428
191.68 1904
191.725 952
191.725 1428
191.732 1904
191.887 952
191.887 1428
191.895 1904
191.939 952
191.939 1428
191.946 1904
192.103 952
192.103 1428
192.11 1904
192.154 952
192.154 1428
192.161 1904
192.318 952
192.318 1428
192.325 1904
192.369 952
192.369 1428
192.376 1904
192.533 952
192.533 1428
192.54 1904
192.584 952
192.584 1428
192.591 1904
192.748 952
192.748 1428
192.755 1904
192.799 952
192.799 1428
192.806 1904
192.963 952
192.963 1428
192.97 1904
193.014 952
193.014 1428
193.021 1904
193.178 952
193.178 1428
193.185 1904
193.229 952
193.229 1428
193.236 1904
193.393 952
193.393 1428
193.4 1904
193.445 952
193.445 1428
193.452 1904
193.608 952
193.608 1428
193.615 1904
193.66 952
193.66 1428
193.667 1904
193.822 952
193.822 1428
193.829 1904
193.875 952
193.875 1428
193.882 1904
194.037 952
194.037 1428
194.044 1904
194.09 952
194.09 1428
194.097 1904
194.251 952
194.251 1428
194.258 1904
194.305 952
194.305 1428
194.312 1904
194.465 952
194.465 1428
194.472 1904
194.519 952
194.519 1428
194.526 1904
194.68 952
194.68 1428
194.687 1904
194.733 952
194.733 1428
194.74 1904
194.894 952
194.894 1428
194.902 1904
194.947 952
194.947 1428
194.954 1904
195.109 952
195.109 1428
195.116 1904
195.162 952
195.162 1428
195.169 1904
195.323 952
195.323 1428
195.33 1904
195.376 952
195.376 1428
195.383 1904
195.537 952
195.537 1428
195.544 1904
195.59 952
195.59 1428
195.597 1904
195.752 952
195.752 1428
195.759 1904
195.804 952
195.804 1428
195.811 1904
195.966 952
195.966 1428
195.973 1904
196.019 952
196.019 1428
196.026 1904
196.18 952
196.18 1428
196.188 1904
196.233 952
196.233 1428
196.24 1904
196.395 952
196.395 1428
196.402 1904
196.448 952
196.448 1428
196.455 1904
196.609 952
196.609 1428
196.616 1904
196.662 952
196.662 1428
196.669 1904
196.823 952
196.823 1428
196.83 1904
196.876 952
196.876 1428
196.883 1904
197.037 952
197.037 1428
197.044 1904
197.09 952
197.09 1428
197.097 1904
197.252 952
197.252 1428
197.259 1904
197.305 952
197.305 1428
197.312 1904
197.466 952
197.466 1428
197.474 1904
197.519 952
197.519 1428
197.526 1904
197.681 952
197.681 1428
197.688 1904
197.733 952
197.733 1428
197.74 1904
197.895 952
197.895 1428
197.902 1904
197.947 952
197.947 1428
197.954 1904
198.109 952
198.109 1428
198.116 1904
198.161 952
198.161 1428
198.168 1904
198.324 952
198.324 1428
198.331 1904
198.376 952
198.376 1428
198.383 1904
198.538 952
198.538 1428
198.545 1904
198.59 952
198.59 1428
198.597 1904
198.752 952
198.752 1428
198.759 1904
198.804 952
198.804 1428
198.811 1904
198.966 952
198.966 1428
198.973 1904
199.018 952
199.018 1428
199.025 1904
199.18 952
199.18 1428
199.187 1904
199.232 952
199.232 1428
199.239 1904
199.392 952
199.392 1428
199.399 1904
199.443 952
199.443 1428
199.45 1904
199.604 952
199.604 1428
199.611 1904
199.655 952
199.655 1428
199.662 1904
199.816 952
199.816 1428
199.823 1904
199.867 952
199.867 1428
199.874 1904
200.027 952
200.027 1428
200.034 1904
200.079 952
200.079 1428
200.086 1904
200.239 952
200.239 1428
200.246 1904
200.29 952
200.29 1428
200.297 1904
200.451 952
200.451 1428
200.458 1904
200.502 952
200.502 1428
200.509 1904
200.663 952
200.663 1428
200.67 1904
200.714 952
200.714 1428
200.721 1904
200.874 952
200.874 1428
200.881 1904
200.926 952
200.926 1428
200.933 1904
