0.0 3
0.214232 0.612
0.419411 0.511125
0.433518 0.443234
0.447635 0.391455
0.461753 0.351867
0.475871 0.321516
0.624579 0.450051
0.638697 0.404979
0.652814 0.369369
0.666932 0.341083
0.68105 0.317611
0.695167 0.298939
0.709285 0.284874
0.723403 0.273367
0.737521 0.263898
0.829747 0.334677
0.843865 0.319473
0.857982 0.306136
0.8721 0.293567
0.886218 0.282801
0.900335 0.27443
0.914453 0.266985
0.928571 0.260381
0.942689 0.254536
1.03491 0.327399
1.04903 0.313428
1.06315 0.301121
1.07727 0.291166
1.09139 0.282159
1.1055 0.274055
1.11962 0.266798
1.13374 0.260323
1.14786 0.254564
1.24008 0.328496
1.2542 0.314446
1.26832 0.302931
1.28244 0.292533
1.29655 0.283192
1.31067 0.274837
1.32479 0.267391
1.33891 0.260773
1.35302 0.254031
1.44525 0.327984
1.45937 0.315064
1.47349 0.303364
1.4876 0.292832
1.50172 0.283393
1.51584 0.274968
1.52996 0.267472
1.54407 0.259944
1.55819 0.253536
1.65042 0.326401
1.66454 0.313834
1.67865 0.302404
1.69277 0.292078
1.70689 0.282799
1.72101 0.273623
1.73513 0.265706
1.74924 0.259739
1.76336 0.254331
1.85559 0.327056
1.8697 0.314258
1.88382 0.302664
1.89794 0.292221
1.91206 0.281987
1.92618 0.273115
1.94029 0.266289
1.95441 0.260113
1.96853 0.254556
2.06075 0.327263
2.07487 0.314371
2.08899 0.302711
2.10311 0.29135
2.11723 0.281445
2.13134 0.273682
2.14546 0.266659
2.15958 0.260343
2.1737 0.254687
2.26592 0.327389
2.28004 0.313559
2.29416 0.30134
2.30828 0.291435
2.32239 0.282453
2.33651 0.274357
2.35063 0.267095
2.36475 0.260608
2.37886 0.254832
2.47109 0.32866
2.48521 0.314611
2.49933 0.303091
2.51344 0.292684
2.52756 0.283333
2.54168 0.274968
2.5558 0.26751
2.56991 0.260881
2.58403 0.254129
2.67626 0.328046
2.69038 0.315123
2.70449 0.303419
2.71861 0.292882
2.73273 0.28344
2.74685 0.275011
2.76097 0.26751
2.77508 0.259978
2.7892 0.253567
2.88143 0.32642
2.89554 0.313852
2.90966 0.302421
2.92378 0.292094
2.9379 0.282814
2.95202 0.273636
2.96613 0.265718
2.98025 0.259749
2.99437 0.25434
3.08659 0.327062
3.10071 0.314264
3.11483 0.302669
3.12895 0.292226
3.14307 0.281991
3.15718 0.273119
3.1713 0.266292
3.18542 0.260116
3.19954 0.254559
3.29176 0.327265
3.30588 0.314372
3.32 0.302713
3.33412 0.291351
3.34823 0.282322
3.36235 0.274199
3.37647 0.266924
3.39059 0.260434
3.4047 0.254661
3.49693 0.327434
3.51105 0.31352
3.52517 0.301248
3.53928 0.291311
3.5534 0.282312
3.56752 0.274209
3.58164 0.266947
3.59575 0.260465
3.60987 0.254696
3.7021 0.328577
3.71622 0.314527
3.73033 0.303009
3.74445 0.292606
3.75857 0.28326
3.77269 0.2749
3.78681 0.267448
3.80092 0.260825
3.81504 0.254078
3.90727 0.328013
3.92138 0.315092
3.9355 0.303391
3.94962 0.292856
3.96374 0.283416
3.97786 0.274989
3.99197 0.26749
4.00609 0.25996
4.02021 0.253551
4.11243 0.32641
4.12655 0.313842
4.14067 0.302412
4.15479 0.292086
4.16891 0.282806
4.18302 0.273629
4.19714 0.265712
4.21126 0.259744
4.22538 0.254335
4.3176 0.327059
4.33172 0.314261
4.34584 0.302666
4.35996 0.292224
4.37407 0.281989
4.38819 0.273117
4.40231 0.26629
4.41643 0.260114
4.43054 0.254557
4.52277 0.327264
4.53689 0.314371
4.55101 0.301837
4.56512 0.290835
4.57924 0.282057
4.59336 0.274108
4.60748 0.26695
4.62159 0.260536
4.63571 0.25481
4.72794 0.327496
4.74206 0.313622
4.75617 0.301372
4.77029 0.291447
4.78441 0.282451
4.79853 0.274345
4.81265 0.267078
4.82676 0.260587
4.84088 0.25481
4.93311 0.328648
4.94722 0.314597
4.96134 0.303076
4.97546 0.292669
4.98958 0.283319
5.0037 0.274954
5.01781 0.267497
5.03193 0.260869
5.04605 0.254118
5.13827 0.328039
5.15239 0.315116
5.16651 0.303413
5.18063 0.292876
5.19475 0.283434
5.20886 0.275006
5.22298 0.267505
5.2371 0.259974
5.25122 0.253563
5.34344 0.326418
5.35756 0.31385
5.37168 0.302419
5.3858 0.292092
5.39991 0.282812
5.41403 0.273634
5.42815 0.265716
5.44227 0.259748
5.45638 0.254339
5.54861 0.327061
5.56273 0.314263
5.57685 0.302668
5.59096 0.292226
5.60508 0.281991
5.6192 0.273118
5.63332 0.266292
5.64743 0.260115
5.66155 0.254558
5.75378 0.327264
5.7679 0.314372
5.78201 0.301837
5.79613 0.290835
5.81025 0.282058
5.82437 0.274108
5.83849 0.266951
5.8526 0.260536
5.86672 0.25481
5.95895 0.327497
5.97306 0.313622
5.98718 0.301373
6.0013 0.291447
6.01542 0.282451
6.02954 0.274346
6.04365 0.267078
6.05777 0.260588
6.07189 0.25481
6.16411 0.328648
6.17823 0.315472
6.19235 0.303591
6.20647 0.292933
6.22059 0.283409
6.2347 0.274927
6.24882 0.267395
6.26294 0.26072
6.27706 0.253943
6.36928 0.32795
6.3834 0.315001
6.39752 0.303285
6.41164 0.292743
6.42575 0.283302
6.43987 0.274878
6.45399 0.267385
6.46811 0.259862
6.48222 0.25346
6.57445 0.326354
6.58857 0.313787
6.60269 0.302359
6.6168 0.292036
6.63092 0.28276
6.64504 0.273587
6.65916 0.265673
6.67327 0.259709
6.68739 0.254304
6.77962 0.327039
6.79374 0.314242
6.80785 0.302649
6.82197 0.292208
6.83609 0.281974
6.85021 0.273103
6.86432 0.266278
6.87844 0.260103
6.89256 0.254548
6.98479 0.327257
6.9989 0.314366
7.01302 0.301831
7.02714 0.29083
7.04126 0.282053
7.05538 0.274104
7.06949 0.266947
7.08361 0.260533
7.09773 0.254807
7.18995 0.327495
7.20407 0.31362
7.21819 0.301371
7.23231 0.291446
7.24643 0.282449
7.26054 0.274344
7.27466 0.267077
7.28878 0.260587
7.3029 0.254809
7.39512 0.328647
7.40924 0.315471
7.42336 0.303591
7.43748 0.292932
7.45159 0.283408
7.46571 0.274927
7.47983 0.267394
7.49395 0.26072
7.50806 0.253942
7.60029 0.32795
7.61441 0.315001
7.62853 0.303285
7.64264 0.292743
7.65676 0.283302
7.67088 0.274878
7.685 0.267385
7.69911 0.259862
7.71323 0.254335
7.80546 0.327119
7.81958 0.314238
7.83369 0.30259
7.84781 0.292115
7.86193 0.282737
7.87605 0.273497
7.89016 0.265543
7.90428 0.259556
7.9184 0.254141
8.01063 0.32695
8.02474 0.314138
8.03886 0.302538
8.05298 0.292096
8.0671 0.281866
8.08122 0.273
8.09533 0.266182
8.10945 0.260015
8.12357 0.254467
8.21579 0.327207
8.22991 0.314316
8.24403 0.301785
8.25815 0.290786
8.27227 0.282013
8.28638 0.274067
8.3005 0.266913
8.31462 0.260503
8.32874 0.25478
8.42096 0.327477
8.43508 0.313604
8.4492 0.301356
8.46332 0.291432
8.47743 0.282437
8.49155 0.274333
8.50567 0.267067
8.51979 0.260577
8.5339 0.254801
8.62613 0.328642
8.64025 0.315466
8.65437 0.303586
8.66848 0.292928
8.6826 0.283404
8.69672 0.274923
8.71084 0.267391
8.72495 0.260717
8.73907 0.25394
8.8313 0.327949
8.84542 0.315
8.85953 0.303283
8.87365 0.292742
8.88777 0.283301
8.90189 0.274877
8.916 0.266509
8.93012 0.259345
8.94424 0.254071
9.03647 0.326837
9.05058 0.314121
9.0647 0.302584
9.07882 0.292182
9.09294 0.282851
9.10706 0.273638
9.12117 0.265697
9.13529 0.259714
9.14941 0.254296
9.24163 0.327041
9.25575 0.314234
9.26987 0.302635
9.28399 0.292191
9.29811 0.281956
9.31222 0.273084
9.32634 0.26626
9.34046 0.260085
9.35458 0.254531
9.4468 0.327247
9.46092 0.314355
9.47504 0.301821
9.48916 0.29082
9.50327 0.282044
9.51739 0.274096
9.53151 0.266939
9.54563 0.260526
9.55974 0.254801
9.65197 0.327491
9.66609 0.313616
9.68021 0.301367
9.69432 0.291442
9.70844 0.282446
9.72256 0.274342
9.73668 0.267074
9.75079 0.260584
9.76491 0.254807
9.85714 0.328646
9.87126 0.31547
9.88537 0.30359
9.89949 0.292931
9.91361 0.283407
9.92773 0.274926
9.94184 0.267393
9.95596 0.260719
9.97008 0.253942
10.0623 0.32795
10.0764 0.315001
10.0905 0.303284
10.1047 0.292743
10.1188 0.283302
10.1329 0.274878
10.147 0.26651
10.1611 0.259346
10.1752 0.254071
10.2675 0.326838
10.2816 0.314121
10.2957 0.302584
10.3098 0.292183
10.3239 0.282851
10.3381 0.273638
10.3522 0.265697
10.3663 0.259714
10.3804 0.254296
10.5715 0.438416
10.5926 0.411688
10.7837 0.387907
10.8049 0.366804
10.9959 0.348117
11.0171 0.330725
11.2081 0.315633
11.2293 0.303397
11.4204 0.29251
11.4416 0.28285
11.6326 0.274296
11.6538 0.266736
11.8448 0.260065
11.866 0.253309
12.0571 0.247616
12.0782 0.243674
12.2693 0.240096
12.2905 0.236871
12.4815 0.233977
12.5027 0.231391
12.6937 0.229088
12.7149 0.227043
12.906 0.22523
12.9271 0.222752
13.1182 0.220822
13.1394 0.220185
13.3304 0.219512
13.3516 0.218835
13.5426 0.218177
13.5638 0.217553
13.7549 0.216969
13.776 0.216304
13.9671 0.215765
13.9883 0.215626
14.1793 0.215422
14.2005 0.215181
14.3916 0.214924
14.4127 0.214663
14.6038 0.214409
14.625 0.214167
14.816 0.214505
14.8372 0.21468
15.0282 0.214515
15.0494 0.214328
15.2405 0.214133
15.2616 0.213938
15.4527 0.213749
15.4739 0.213571
15.6649 0.213405
15.6861 0.214024
15.8771 0.214399
15.8983 0.214215
16.0894 0.214025
16.1105 0.213837
16.3016 0.213656
16.3228 0.213485
16.5138 0.213327
16.535 0.213182
16.726 0.213884
16.7472 0.214318
16.9383 0.214127
16.9594 0.213935
17.1505 0.213749
17.1717 0.213572
17.3627 0.213407
17.3839 0.213254
17.575 0.213136
17.5961 0.213843
17.7872 0.214294
17.8084 0.214101
17.9994 0.213909
18.0206 0.213723
18.2116 0.213547
18.2328 0.213383
18.4239 0.213233
18.445 0.213917
18.6361 0.214337
18.6573 0.214147
18.8483 0.213955
18.8695 0.213769
19.0605 0.213591
19.0817 0.213424
19.2728 0.21327
19.2939 0.213138
19.485 0.21312
19.5062 0.213771
19.6972 0.214252
19.7184 0.214056
19.9094 0.213864
19.9306 0.213679
20.1217 0.213505
20.1429 0.213344
20.3339 0.213197
20.3551 0.213894
20.5461 0.214324
20.5673 0.214133
20.7584 0.213941
20.7795 0.213754
20.9706 0.213577
20.9919 0.213411
21.1828 0.213258
21.2049 0.213933
21.3951 0.214346
21.4178 0.214575
21.6207 0.228176
21.6538 0.249378
21.8633 0.270748
21.8963 0.283906
22.1058 0.290137
22.1389 0.292722
22.3483 0.293958
22.3814 0.293177
22.5908 0.289971
22.6239 0.286368
22.8039 0.291213
22.8387 0.290197
23.0464 0.290622
23.0812 0.289413
23.289 0.286044
23.3237 0.282456
23.5315 0.279963
23.5663 0.277172
23.774 0.274272
23.8088 0.270267
24.0165 0.266755
24.0513 0.264802
24.2591 0.262839
24.2938 0.259805
24.5016 0.257258
24.5364 0.256235
24.7441 0.25515
24.7789 0.252933
24.9867 0.251137
25.0214 0.250797
25.2292 0.250331
25.2639 0.248671
25.4717 0.247373
25.5065 0.247478
25.7142 0.247407
25.749 0.247223
25.9568 0.24601
25.9915 0.245089
26.1993 0.245386
26.2341 0.245507
26.4418 0.244948
26.4766 0.244489
26.6843 0.244803
26.7191 0.244952
26.9269 0.244664
26.9616 0.244392
27.1694 0.244651
27.2042 0.244769
27.4119 0.244604
27.4467 0.244415
27.6545 0.244622
27.6892 0.244707
27.897 0.244603
27.9318 0.244454
28.1395 0.244624
28.1743 0.244685
28.382 0.244673
28.4168 0.24467
28.6246 0.244584
28.6593 0.244667
28.8671 0.244669
28.9019 0.244656
29.1096 0.244564
29.1444 0.244658
29.3522 0.244669
29.3869 0.244648
29.5947 0.244552
29.6295 0.244654
29.8372 0.244669
29.872 0.244645
30.0797 0.244546
30.1145 0.244652
30.3223 0.244669
30.357 0.244629
30.5345 0.270923
30.5693 0.286337
30.7467 0.294129
30.7815 0.296676
30.96 0.293952
30.9965 0.28879
31.1966 0.284048
31.239 0.287309
31.4391 0.288064
31.4815 0.286027
31.6817 0.283314
31.7241 0.281367
31.9242 0.278891
31.9666 0.275019
32.1667 0.271447
32.2091 0.269307
32.4093 0.267081
32.4517 0.263742
32.6518 0.260872
32.6942 0.259523
32.8943 0.258122
32.9367 0.255605
33.1368 0.253528
33.1792 0.25293
33.3794 0.252227
33.4218 0.250352
33.6219 0.248861
33.6643 0.248793
33.8644 0.248567
33.9068 0.24712
34.1069 0.24601
34.1493 0.246282
34.3495 0.246358
34.3919 0.245385
34.592 0.245584
34.6344 0.245634
34.8345 0.245068
34.8769 0.2446
35.0771 0.244871
35.1195 0.244991
35.3196 0.244707
35.362 0.244437
35.5621 0.244676
35.6045 0.244781
35.8046 0.244621
35.847 0.244726
36.0472 0.244741
36.0896 0.244679
36.2897 0.244554
36.3321 0.24467
36.5322 0.244693
36.5746 0.244649
36.7748 0.244537
36.8172 0.244653
37.0173 0.244678
37.0597 0.244641
37.2598 0.244534
37.3022 0.244649
37.5023 0.244673
37.5447 0.244639
37.7449 0.244534
37.7873 0.244648
37.9874 0.244671
38.0298 0.244639
38.2299 0.244535
38.2723 0.244648
38.4725 0.24467
38.5149 0.244639
38.715 0.244536
38.7574 0.244648
38.9575 0.24467
38.9999 0.244639
39.2 0.244671
39.2424 0.24464
39.4426 0.24467
39.485 0.244606
39.6851 0.244669
39.7275 0.244658
39.9276 0.244661
39.97 0.244666
40.1701 0.244617
40.2125 0.244674
40.4128 0.244628
40.4552 0.244673
40.6639 0.253649
40.7063 0.259458
40.9217 0.27088
40.9641 0.277973
41.1896 0.293254
41.2193 0.287868
41.4022 0.311702
41.4315 0.325133
41.6144 0.330411
41.65 0.324925
41.9561 0.422302
42.0265 0.523071
42.431 0.693761
42.5022 0.801159
42.9067 0.861477
42.978 0.88789
43.3816 0.892321
43.4359 0.863062
43.7403 0.759185
43.8048 0.66976
44.1821 0.671168
44.2534 0.672806
44.6545 0.692761
44.7206 0.693334
45.1293 0.695636
45.1955 0.690252
45.6034 0.678868
45.6644 0.659369
46.0782 0.647374
46.1393 0.634116
46.5421 0.608068
46.6074 0.590972
47.0161 0.58266
47.0823 0.574934
47.4613 0.554612
47.5182 0.545726
47.9031 0.531215
47.965 0.51453
48.3348 0.51547
48.4018 0.509072
48.7842 0.497387
48.8512 0.488238
49.2235 0.485269
49.2828 0.488874
49.65 0.492931
49.706 0.497034
50.0757 0.495662
50.1359 0.488179
50.5201 0.48443
50.582 0.481863
50.9627 0.474557
51.0178 0.468675
51.3774 0.482169
51.4283 0.492425
51.7955 0.490486
51.8489 0.485199
52.0745 0.603066
52.0762 0.714915
52.2867 0.787099
52.3008 0.816499
52.5002 0.815151
52.5146 0.795481
52.7134 0.765276
52.7304 0.725571
52.9356 0.67834
52.956 0.630459
53.1951 0.555742
53.2154 0.497466
53.4402 0.464927
53.4639 0.434076
53.7056 0.39314
53.7327 0.364698
53.9939 0.364417
54.0253 0.36747
54.3289 0.414396
54.3602 0.44271
54.6698 0.464676
54.7054 0.479725
55.0607 0.537142
55.0963 0.570254
55.4669 0.603258
55.5076 0.624377
55.9112 0.669818
55.957 0.698239
56.342 0.687757
56.387 0.670605
56.7855 0.667548
56.8288 0.657401
57.2341 0.651885
57.2765 0.6408
57.6836 0.628626
57.726 0.615023
58.1203 0.587408
58.1627 0.564585
58.5528 0.539996
58.5977 0.523859
58.9988 0.522868
59.0454 0.522065
59.4474 0.520348
59.4906 0.512492
59.8748 0.499016
59.9206 0.485296
60.2929 0.485064
60.3412 0.480192
60.722 0.467935
60.7729 0.459831
61.1665 0.468237
61.2131 0.469621
61.6049 0.46626
61.6566 0.468796
62.0475 0.469654
62.1044 0.475009
62.5267 0.512555
62.5869 0.53952
63.0499 0.601544
63.1169 0.647667
63.4043 0.699365
63.4366 0.753155
63.6384 0.850169
63.6766 0.889329
64.0548 0.794532
64.137 0.771118
64.9081 1.54224
65.2462 0.771118
65.4404 0.836999
65.4471 0.867076
65.4616 0.866375
65.4753 0.846372
65.4894 0.81342
65.5035 0.773002
65.5177 0.728946
65.5318 0.683879
65.5459 0.639558
65.6456 0.579297
65.6597 0.555954
65.6738 0.529886
65.6879 0.502845
65.702 0.475136
65.7161 0.44876
65.7303 0.424958
65.7444 0.402683
65.7585 0.382107
65.8507 0.408891
65.8648 0.391381
65.879 0.374284
65.8931 0.357118
65.9072 0.341349
65.9213 0.327865
65.9354 0.315395
65.9496 0.303981
65.9637 0.293616
66.0559 0.352366
66.07 0.337038
66.0841 0.323103
66.0982 0.311393
66.1124 0.300601
66.1265 0.290751
66.1406 0.281826
66.1547 0.273786
66.1688 0.26658
66.2611 0.336202
66.2752 0.321695
66.2893 0.309652
66.3034 0.298698
66.3175 0.2888
66.3317 0.279904
66.3458 0.271945
66.3599 0.264848
66.374 0.257664
66.4662 0.330316
66.4803 0.317254
66.4945 0.305394
66.5086 0.294692
66.5227 0.285084
66.5368 0.276495
66.5509 0.268844
66.5651 0.261171
66.5794 0.25463
66.6714 0.327103
66.6855 0.314493
66.6996 0.303015
66.7138 0.292638
66.7279 0.283308
66.742 0.274957
66.7561 0.266634
66.7702 0.259496
66.7846 0.254234
66.8766 0.326926
66.8907 0.314225
66.9048 0.302696
66.9189 0.292296
66.933 0.282086
66.9472 0.273227
66.9613 0.266407
66.9754 0.26023
66.9897 0.25467
67.0817 0.327331
67.0959 0.314441
67.11 0.302781
67.1243 0.291417
67.1382 0.281509
67.1523 0.273741
67.1664 0.266714
67.1807 0.260393
67.1949 0.254732
67.2869 0.327418
67.301 0.313586
67.3151 0.301365
67.3295 0.291459
67.3436 0.282475
67.3577 0.274377
67.3718 0.267113
67.386 0.260624
67.4001 0.253971
67.4921 0.327903
67.5062 0.314168
67.5203 0.302868
67.5347 0.292613
67.5488 0.283363
67.5629 0.275063
67.577 0.266771
67.5911 0.259648
67.6055 0.254392
67.6972 0.327014
67.7114 0.314325
67.7255 0.3028
67.7399 0.292399
67.7539 0.283061
67.7681 0.273837
67.7822 0.265883
67.7963 0.259886
67.8107 0.254453
67.9024 0.32714
67.9165 0.31433
67.9306 0.302726
67.9457 0.2914
67.9592 0.281518
67.9733 0.273767
67.9874 0.26675
68.0015 0.260434
68.0158 0.254775
68.1076 0.327442
68.1217 0.314488
68.1358 0.302785
68.1515 0.290518
68.165 0.281826
68.1791 0.273065
68.1939 0.265439
68.2073 0.25967
68.2215 0.254395
68.3127 0.325901
68.3269 0.313339
68.341 0.301929
68.3567 0.28988
68.3708 0.281352
68.3849 0.273589
68.3991 0.265694
68.4132 0.258866
68.4273 0.253828
68.5179 0.324326
68.532 0.31117
68.5461 0.299468
68.5619 0.289087
68.576 0.280771
68.5901 0.27229
68.6043 0.264871
68.6184 0.259257
68.6325 0.254096
68.7231 0.325669
68.7372 0.312299
68.7513 0.301296
68.767 0.289535
68.7811 0.280332
68.7953 0.273063
68.8094 0.266384
68.8236 0.260302
68.8377 0.254801
68.9282 0.326252
68.9424 0.31355
68.9565 0.302042
68.9727 0.289926
68.9863 0.281352
69.0004 0.273558
69.0146 0.266519
69.0287 0.260197
69.0428 0.254541
69.1334 0.32618
69.1475 0.313358
69.1617 0.301776
69.1778 0.28962
69.1919 0.28103
69.2061 0.27236
69.2202 0.264816
69.2343 0.259121
69.2484 0.25391
69.3386 0.324462
69.3527 0.312064
69.3668 0.300801
69.383 0.288885
69.3971 0.279599
69.4112 0.271425
69.4253 0.265109
69.4395 0.259305
69.4543 0.253143
69.5438 0.323798
69.5579 0.311665
69.572 0.300589
69.5882 0.287926
69.6023 0.279963
69.6164 0.272613
69.6305 0.265895
69.6453 0.258928
69.6595 0.25292
69.7489 0.322464
69.763 0.309696
69.7772 0.298295
69.7935 0.287272
69.8074 0.279499
69.8216 0.272288
69.8357 0.265672
69.8505 0.258778
69.8646 0.253699
69.9541 0.324272
69.9682 0.311081
69.9823 0.300234
69.9986 0.288609
70.0127 0.280398
70.0269 0.272873
70.041 0.266032
70.0556 0.258979
70.0698 0.253788
70.1593 0.324381
70.1734 0.311991
70.1875 0.300736
70.2038 0.288827
70.2179 0.280423
70.232 0.271894
70.2461 0.264457
70.2608 0.258844
70.275 0.253696
70.3644 0.324305
70.3785 0.311941
70.3935 0.299829
70.409 0.288292
70.4239 0.279275
70.4372 0.271286
70.452 0.264222
70.466 0.25886
70.4802 0.253002
70.5696 0.322436
70.5837 0.310651
70.5987 0.298959
70.6141 0.287726
70.6291 0.278924
70.6432 0.271089
70.6573 0.265006
70.6716 0.259358
70.6855 0.254171
70.7753 0.324601
70.7889 0.312232
70.8038 0.300107
70.8193 0.288554
70.8342 0.279517
70.8483 0.272382
70.8625 0.265814
70.8767 0.259821
70.8914 0.253519
70.9805 0.324087
70.9946 0.311874
71.009 0.299863
71.0245 0.288392
71.0394 0.279414
71.0535 0.272322
71.0676 0.265782
71.0819 0.25981
71.0966 0.253522
71.1856 0.322957
71.1997 0.310894
71.2142 0.299013
71.2296 0.288527
71.2446 0.279286
71.2587 0.272025
71.2731 0.26451
71.2876 0.257968
71.3022 0.251394
71.3908 0.321164
71.4049 0.309771
71.4193 0.298365
71.4348 0.288212
71.4497 0.279198
71.4638 0.272089
71.4783 0.264671
71.4928 0.259064
71.5079 0.253038
71.596 0.321417
71.6101 0.308782
71.6245 0.297497
71.64 0.28745
71.6549 0.278531
71.669 0.27063
71.6834 0.263643
71.6979 0.258351
71.713 0.25168
71.8011 0.321379
71.8152 0.309931
71.8299 0.299358
71.8451 0.28794
71.8605 0.279011
71.8742 0.271088
71.8886 0.264949
71.9043 0.257515
71.9182 0.251277
72.0063 0.3198
72.0207 0.308778
72.0351 0.297645
72.0503 0.286819
72.0657 0.278314
72.0798 0.271567
72.0945 0.264402
72.1101 0.256344
72.1236 0.252389
72.2115 0.320689
72.2259 0.309383
72.2403 0.298045
72.2556 0.287946
72.2709 0.278977
72.285 0.27103
72.2997 0.264001
72.3152 0.256919
72.3294 0.25268
72.4166 0.319877
72.4311 0.307651
72.4454 0.29667
72.461 0.286849
72.4766 0.277221
72.4902 0.269802
72.5049 0.264033
72.5204 0.256872
72.5345 0.252582
72.6218 0.319846
72.6362 0.30758
72.6506 0.297449
72.6661 0.286381
72.6818 0.27773
72.6959 0.270905
72.7113 0.262836
72.726 0.256014
72.7398 0.251974
72.827 0.319367
72.8414 0.307247
72.8558 0.297224
72.8719 0.286232
72.8872 0.276762
72.9011 0.269461
72.9165 0.26203
72.9318 0.256528
72.9455 0.252432
73.0321 0.319661
73.0472 0.307523
73.0609 0.297479
73.0772 0.285591
73.0924 0.276459
73.1072 0.269389
73.122 0.262987
73.137 0.257224
73.1511 0.252059
73.2373 0.319285
73.2523 0.30735
73.2671 0.296569
73.2826 0.286007
73.2976 0.277701
73.3125 0.270228
73.3273 0.263536
73.3421 0.257564
73.3565 0.253128
73.4425 0.319113
73.4578 0.30691
73.4731 0.295091
73.4881 0.284802
73.5037 0.275836
73.5177 0.268896
73.5325 0.262594
73.5479 0.256909
73.5625 0.251806
73.6481 0.319107
73.663 0.306327
73.6783 0.295056
73.694 0.285126
73.7092 0.276386
73.7234 0.269577
73.7383 0.262465
73.7535 0.256283
73.7676 0.25178
73.8534 0.31766
73.8685 0.306317
73.8838 0.295956
73.8996 0.28569
73.9143 0.277587
73.9293 0.270251
73.9445 0.262773
73.9588 0.257216
73.9733 0.252188
74.0594 0.31929
74.0749 0.306581
74.089 0.296223
74.1055 0.285074
74.1202 0.276443
74.1355 0.268828
74.1508 0.262117
74.166 0.255334
74.1804 0.249622
74.2663 0.317866
74.2832 0.303731
74.2985 0.291745
74.3163 0.278918
74.3341 0.266909
74.3519 0.256421
74.3689 0.250774
74.3867 0.24967
74.4037 0.249424
74.5003 0.342031
74.5215 0.328772
74.541 0.320921
74.5639 0.321459
74.586 0.324329
74.6089 0.32989
74.6275 0.333824
74.6428 0.33213
74.6589 0.326733
74.7344 0.387637
74.7505 0.373317
74.7666 0.364222
74.7844 0.356059
74.8056 0.347826
74.8285 0.338896
74.848 0.33154
74.8624 0.328008
74.8802 0.31994
74.954 0.351941
74.9718 0.343127
74.9896 0.332059
75.0083 0.319043
75.032 0.302625
75.0549 0.28905
75.0761 0.279546
75.0914 0.276479
75.1117 0.267952
75.1855 0.324401
75.205 0.309997
75.2237 0.297606
75.244 0.285206
75.2695 0.282654
75.2941 0.281208
75.3161 0.27944
75.3322 0.273198
75.3543 0.274093
75.428 0.334865
75.4492 0.316754
75.4687 0.303877
75.4916 0.29596
75.5179 0.295297
75.5434 0.295071
75.5671 0.292921
75.5841 0.285043
75.607 0.285872
75.6816 0.345452
75.7045 0.32638
75.7248 0.312864
75.7494 0.307664
75.7766 0.307699
75.8037 0.30792
75.8291 0.307161
75.847 0.298966
75.8715 0.300819
75.9462 0.359885
75.9708 0.341525
75.992 0.327143
76.0183 0.322552
76.0462 0.321804
76.0751 0.322568
76.1047 0.324365
76.1276 0.32122
76.1573 0.331712
76.2472 0.41195
76.2752 0.410389
76.2972 0.404352
76.3252 0.404505
76.3498 0.399902
76.3761 0.393384
76.4032 0.384657
76.4236 0.366816
76.4499 0.356769
76.5262 0.401746
76.5533 0.397807
76.5762 0.396509
76.6051 0.386329
76.6297 0.380481
76.6559 0.372285
76.6839 0.363742
76.7043 0.361393
76.7331 0.34987
76.8145 0.397935
76.8442 0.37729
76.8688 0.364296
76.901 0.358526
76.9282 0.351224
76.957 0.349831
76.9875 0.352484
77.0096 0.34771
77.0409 0.35493
77.1274 0.424108
77.1605 0.414347
77.1876 0.402211
77.2233 0.405678
77.2538 0.402775
77.2843 0.403565
77.3157 0.404629
77.3394 0.3969
77.3717 0.401457
77.459 0.46712
77.4912 0.446614
77.5201 0.425857
77.5548 0.417833
77.5862 0.40626
77.6176 0.39822
77.649 0.391655
77.6727 0.384909
77.7049 0.382686
77.794 0.444581
77.8262 0.424767
77.8559 0.412366
77.8906 0.402184
77.9229 0.392028
77.9542 0.384394
77.9856 0.378653
78.0094 0.381119
78.0382 0.376609
78.1213 0.428888
78.1527 0.426368
78.1807 0.425859
78.2137 0.419561
78.2502 0.411535
78.2833 0.403564
78.3146 0.397659
78.3401 0.396764
78.3706 0.389402
78.4546 0.440161
78.4825 0.428904
78.5088 0.423551
78.5419 0.413333
78.5775 0.402149
78.614 0.394273
78.6487 0.386158
78.6776 0.381703
78.7115 0.382178
78.8022 0.450547
78.8311 0.432741
78.8582 0.417969
78.8904 0.413496
78.9277 0.413857
78.9634 0.413004
79.0007 0.411382
79.0295 0.403681
79.0651 0.405574
79.1584 0.472424
79.1872 0.453044
79.2152 0.438856
79.2466 0.42461
79.2839 0.419523
79.3204 0.415137
79.3577 0.412473
79.3865 0.408188
79.595 0.599487
79.7316 0.577039
79.9369 0.693317
79.9555 0.681601
79.9733 0.660143
79.9911 0.633089
80.0081 0.604206
80.0234 0.576871
80.0403 0.549686
80.0556 0.525293
80.0963 0.502454
80.2854 0.654014
80.3049 0.632034
80.3244 0.608265
80.3431 0.584096
80.3617 0.561325
80.3795 0.53931
80.3982 0.515883
80.416 0.495889
80.4609 0.486113
80.6577 0.652445
80.678 0.606804
80.6984 0.569077
80.717 0.539504
80.7365 0.515299
80.7543 0.495374
80.7738 0.478006
80.7933 0.462889
80.8391 0.470641
81.0393 0.649521
81.0596 0.612283
81.08 0.581931
81.0986 0.557014
81.119 0.534662
81.1368 0.516473
81.1563 0.498928
81.1766 0.483291
81.2224 0.483848
81.4217 0.654406
81.4412 0.625813
81.4624 0.598962
81.4811 0.576748
81.5014 0.554709
81.5192 0.537911
81.5396 0.519734
81.5625 0.501314
81.6091 0.498105
81.8169 0.674871
81.8338 0.638293
81.8525 0.607874
81.8695 0.58504
81.8881 0.564273
81.9034 0.549886
81.922 0.534729
81.9415 0.521323
81.9856 0.498718
82.1924 0.661298
82.2103 0.638056
82.229 0.613427
82.2485 0.590469
82.2672 0.567576
82.2875 0.546378
82.3036 0.526987
82.324 0.509418
82.3435 0.493625
82.3876 0.480397
82.6089 0.469961
82.6276 0.45535
82.6488 0.446004
82.6674 0.438809
82.6895 0.436624
82.7056 0.43048
82.7251 0.429932
82.7463 0.429105
82.7895 0.455122
82.9972 0.656192
83.0193 0.626281
83.0397 0.59905
83.0592 0.576209
83.0795 0.555181
83.0999 0.538658
83.1169 0.522919
83.1347 0.510842
83.1559 0.499735
83.1957 0.492235
83.4272 0.486832
83.4501 0.474761
83.473 0.468628
83.4934 0.463302
83.5103 0.455297
83.5264 0.448924
83.5434 0.443838
83.5629 0.438881
83.5985 0.450774
83.8053 0.645992
83.8283 0.635187
83.8529 0.619903
83.8775 0.601313
83.8979 0.582948
83.9157 0.564428
83.9335 0.545543
83.9513 0.527945
83.9716 0.511773
84.009 0.497073
84.2388 0.493868
84.2498 0.480861
84.2617 0.480736
84.2727 0.490443
84.2812 0.503237
84.2913 0.514688
84.2998 0.5264
84.3108 0.53498
84.3278 0.537518
84.4439 0.544769
84.458 0.663336
84.4722 0.727072
84.4863 0.75371
84.5004 0.754262
84.5145 0.737679
84.5286 0.710369
84.5428 0.676872
84.5569 0.640363
84.6495 0.567901
84.6635 0.550187
84.6774 0.5289
84.6915 0.505028
84.7056 0.480204
84.7197 0.455533
84.7345 0.430856
84.7485 0.407854
84.7624 0.38667
84.8616 0.420142
84.8785 0.393512
84.8955 0.368051
84.9133 0.343372
84.9303 0.320978
84.9472 0.30175
84.965 0.2876
84.982 0.280138
84.999 0.276269
85.1117 0.384065
85.1329 0.365741
85.155 0.356162
85.1779 0.353902
85.1982 0.353328
85.2203 0.356222
85.2423 0.361458
85.2644 0.367099
85.2856 0.372954
85.4085 0.493642
85.4297 0.467604
85.4535 0.447873
85.4789 0.434084
85.5001 0.421346
85.523 0.411944
85.5468 0.403963
85.5705 0.398321
85.5943 0.394452
85.7282 0.516805
85.7528 0.483199
85.7808 0.464451
85.8097 0.454009
85.8334 0.44275
85.8605 0.438025
85.8877 0.436767
85.9148 0.437949
85.9428 0.44082
86.0903 0.579835
86.1217 0.55235
86.159 0.544864
86.1972 0.546675
86.226 0.543592
86.254 0.541894
86.2828 0.537908
86.3117 0.533701
86.3405 0.529544
86.4787 0.647111
86.5093 0.588948
86.5491 0.555375
86.5932 0.535893
86.6271 0.515205
86.6593 0.502122
86.6924 0.496782
86.7255 0.496848
86.7569 0.497239
86.8942 0.61827
86.9239 0.573663
86.9638 0.549559
87.0087 0.53616
87.0452 0.516862
87.0825 0.505328
87.1198 0.501591
87.158 0.503246
87.1936 0.506293
87.3301 0.626127
87.3564 0.591606
87.3937 0.560833
87.4361 0.540955
87.47 0.527532
87.5031 0.519956
87.5413 0.511954
87.5777 0.505705
87.6142 0.501644
87.7558 0.600849
87.7855 0.586412
87.8245 0.561238
87.8703 0.542099
87.9068 0.52607
87.9415 0.512706
87.9797 0.504689
88.0161 0.497188
88.0518 0.490228
88.1857 0.59406
88.2163 0.586732
88.2587 0.567276
88.3104 0.549282
88.352 0.531502
88.3893 0.518668
88.4257 0.510038
88.4639 0.503342
88.4978 0.497623
88.6301 0.600867
88.6598 0.590294
88.7056 0.566378
88.7607 0.55776
88.8056 0.542268
88.8446 0.529134
88.882 0.519136
88.921 0.513272
88.9549 0.508294
89.0855 0.609753
89.1109 0.603372
89.1516 0.58461
89.2017 0.565685
89.2441 0.561368
89.2788 0.565524
89.3144 0.567767
89.3534 0.565089
89.3874 0.564548
89.5205 0.632979
89.5468 0.627814
89.5926 0.600617
89.646 0.576347
89.6918 0.554266
89.7266 0.544548
89.7613 0.535122
89.7986 0.526214
89.8317 0.52408
89.964 0.614243
89.9937 0.605664
90.0446 0.57949
90.1031 0.574173
90.1489 0.558365
90.1828 0.547665
90.2176 0.538653
90.254 0.529281
90.2862 0.526153
90.4177 0.619029
90.4499 0.607775
90.5025 0.585996
90.561 0.576953
90.6068 0.559858
90.6399 0.557143
90.6755 0.551326
90.7119 0.544592
90.7442 0.541873
90.8765 0.631026
90.8943 0.629164
90.9409 0.610719
90.9977 0.591154
91.0418 0.588216
91.0732 0.594062
91.1105 0.59021
91.1461 0.583737
91.1775 0.580123
91.3064 0.639079
91.3191 0.648793
91.3641 0.624892
91.4141 0.600649
91.4556 0.594562
91.4845 0.599207
91.5184 0.595404
91.5523 0.590615
91.5854 0.585234
91.7177 0.637226
91.7346 0.635988
91.7796 0.601332
91.8321 0.566406
91.8754 0.546003
91.9059 0.539364
91.9424 0.524995
91.9789 0.511503
92.0136 0.499946
92.1493 0.602416
92.1688 0.590705
92.2154 0.568796
92.2697 0.561581
92.3138 0.544266
92.346 0.530297
92.3833 0.517448
92.4215 0.508689
92.4588 0.50292
92.5996 0.617449
92.6182 0.602764
92.6649 0.581494
92.7149 0.56802
92.7556 0.550378
92.7845 0.549695
92.8192 0.544819
92.8548 0.540906
92.8905 0.537684
93.0312 0.624531
93.0499 0.627785
93.094 0.602271
93.1406 0.580456
93.1796 0.572282
93.2076 0.574722
93.2415 0.567894
93.2805 0.556229
93.3187 0.542754
93.4586 0.630603
93.479 0.625379
93.5248 0.591657
93.5714 0.563913
93.6138 0.546271
93.6443 0.539186
93.6782 0.526748
93.7181 0.513483
93.7571 0.50342
93.903 0.616146
93.9259 0.602612
93.9742 0.581103
94.0234 0.568578
94.0683 0.555716
94.0997 0.541282
94.1336 0.527238
94.1743 0.523275
94.2142 0.519603
94.3634 0.639987
94.3863 0.624264
94.4355 0.600373
94.4813 0.578276
94.5229 0.562336
94.5525 0.562802
94.5831 0.560426
94.6204 0.553635
94.6568 0.551253
94.7976 0.634057
94.8205 0.643598
94.8654 0.624559
94.9078 0.613423
94.9511 0.603226
94.9833 0.600027
95.0155 0.591615
95.0545 0.574856
95.0944 0.557769
95.302 0.721855
95.3234 0.863141
95.5072 0.817418
95.5213 0.944305
95.5354 1.00469
95.5496 1.01955
95.5637 1.00406
95.5778 0.969146
95.5919 0.922572
95.606 0.868928
95.6201 0.813226
95.7133 0.689664
95.7286 0.663494
95.7472 0.627898
95.7651 0.58826
95.7829 0.548208
95.8015 0.50748
95.8202 0.467737
95.838 0.431789
95.8566 0.398674
95.9669 0.458172
95.9864 0.411368
96.0093 0.385111
96.0288 0.364407
96.0483 0.350245
96.0669 0.339756
96.0847 0.329786
96.1034 0.321563
96.1229 0.315868
96.2348 0.416666
96.2594 0.385762
96.29 0.373614
96.3163 0.367716
96.3425 0.369605
96.368 0.374513
96.3917 0.38253
96.4172 0.394775
96.4435 0.408537
96.5825 0.550207
96.6105 0.54564
96.6444 0.547249
96.675 0.54189
96.7046 0.537721
96.7343 0.534587
96.7615 0.528981
96.7911 0.528709
96.82 0.526539
96.9836 0.676255
97.0175 0.651904
97.0591 0.644677
97.0964 0.636975
97.1329 0.631547
97.1693 0.631311
97.2033 0.630241
97.2363 0.631031
97.2694 0.629829
97.4475 0.791702
97.4839 0.749691
97.5306 0.728724
97.5713 0.70688
97.6111 0.689611
97.6527 0.678228
97.6909 0.666719
97.7282 0.658894
97.7646 0.652731
97.9503 0.816695
97.9851 0.758962
98.0301 0.722951
98.0699 0.685695
98.1089 0.654193
98.1496 0.630764
98.1869 0.607771
98.2243 0.590157
98.259 0.574091
98.4464 0.731121
98.482 0.700063
98.5295 0.66371
98.5711 0.638518
98.6084 0.62047
98.6474 0.605862
98.6822 0.599217
98.7178 0.594318
98.7509 0.59328
98.9383 0.734727
98.9756 0.713308
99.0239 0.682773
99.068 0.659836
99.1079 0.643413
99.1511 0.622935
99.1859 0.611155
99.2215 0.600044
99.2537 0.593252
99.442 0.744099
99.4793 0.716144
99.5276 0.682481
99.5726 0.658719
99.6133 0.642977
99.6565 0.625866
99.6904 0.620767
99.7261 0.612896
99.76 0.60789
99.9499 0.755891
99.9813 0.732855
100.027 0.703586
100.071 0.682797
100.11 0.669848
100.152 0.657012
100.184 0.654275
100.219 0.647408
100.252 0.641576
100.438 0.764758
100.471 0.747514
100.514 0.720181
100.555 0.699645
100.593 0.68671
100.633 0.671949
100.666 0.663483
100.703 0.650443
100.738 0.636653
100.929 0.770195
100.967 0.736072
101.011 0.697332
101.055 0.664993
101.092 0.643176
101.131 0.623573
101.165 0.613096
101.202 0.601749
101.237 0.592873
101.425 0.742978
101.462 0.719901
101.498 0.698667
101.533 0.687179
101.565 0.684791
101.599 0.681075
101.631 0.679977
101.665 0.672507
101.695 0.667246
101.852 0.729203
101.881 0.751131
101.908 0.763049
101.939 0.766024
101.972 0.760226
102.006 0.743508
102.037 0.726364
102.07 0.703228
102.1 0.684849
102.244 0.714147
102.268 0.712943
102.292 0.706154
102.32 0.692288
102.348 0.676835
102.378 0.660731
102.408 0.646358
102.439 0.62904
102.468 0.61383
102.592 0.634429
102.616 0.64179
102.639 0.639752
102.666 0.627172
102.695 0.610786
102.728 0.587165
102.762 0.561471
102.797 0.534469
102.829 0.51111
102.951 0.574959
102.972 0.55917
102.993 0.547398
103.016 0.534097
103.039 0.522834
103.067 0.511417
103.096 0.502849
103.13 0.492793
103.161 0.4847
103.281 0.532349
103.304 0.531835
103.326 0.524784
103.35 0.51107
103.374 0.495286
103.403 0.476076
103.434 0.457998
103.468 0.43779
103.501 0.42313
103.62 0.50477
103.645 0.491852
103.668 0.478254
103.693 0.462041
103.719 0.447369
103.75 0.429822
103.785 0.419554
103.824 0.421517
103.861 0.423852
103.991 0.533295
104.014 0.496827
104.037 0.471213
104.061 0.450315
104.085 0.436936
104.115 0.428275
104.148 0.422519
104.184 0.420007
104.22 0.413015
104.351 0.513426
104.377 0.50354
104.401 0.492286
104.432 0.474392
104.461 0.456449
104.496 0.453155
104.532 0.453988
104.572 0.462129
104.611 0.468312
104.728 0.564203
104.752 0.544749
104.776 0.529022
104.803 0.511794
104.831 0.498589
104.869 0.478748
104.907 0.461579
104.95 0.454026
104.991 0.449975
105.114 0.540661
105.14 0.522325
105.166 0.503969
105.196 0.484518
105.226 0.468478
105.267 0.469813
105.308 0.472757
105.351 0.479009
105.393 0.482893
105.52 0.578507
105.546 0.552157
105.573 0.528234
105.604 0.506746
105.636 0.488845
105.68 0.489977
105.725 0.493846
105.773 0.505139
105.821 0.515609
105.952 0.62096
105.976 0.58556
106.001 0.558936
106.028 0.537997
106.058 0.521443
106.097 0.506911
106.137 0.49597
106.163 0.503103
106.185 0.530062
106.368 0.617463
106.397 0.790973
106.581 0.88587
106.611 0.926245
106.629 0.926983
106.645 0.903561
106.661 0.865955
106.678 0.818496
106.695 0.766148
106.711 0.713196
106.728 0.66069
106.813 0.587256
106.846 0.538455
106.866 0.50551
106.885 0.474967
106.902 0.446112
106.923 0.417578
106.942 0.391148
106.961 0.368767
106.98 0.347149
107.071 0.406079
107.109 0.388593
107.132 0.36388
107.153 0.343916
107.173 0.331037
107.197 0.32777
107.219 0.326603
107.24 0.325787
107.262 0.327508
107.36 0.417559
107.401 0.419012
107.427 0.404591
107.451 0.392233
107.474 0.383866
107.501 0.384067
107.526 0.383353
107.549 0.383217
107.575 0.384653
107.683 0.481668
107.733 0.488095
107.765 0.47834
107.795 0.472616
107.825 0.473215
107.862 0.486039
107.896 0.499047
107.929 0.514239
107.961 0.528419
108.079 0.638462
108.119 0.629757
108.146 0.593021
108.174 0.557475
108.202 0.527039
108.238 0.509845
108.271 0.490817
108.308 0.477804
108.342 0.469208
108.468 0.567341
108.51 0.545262
108.54 0.513514
108.57 0.492914
108.601 0.481491
108.64 0.484449
108.676 0.484719
108.715 0.489968
108.754 0.494007
108.884 0.602939
108.928 0.581177
108.959 0.548297
108.989 0.525616
109.022 0.511525
109.062 0.50923
109.1 0.504873
109.14 0.504893
109.181 0.505659
109.313 0.610454
109.357 0.579555
109.389 0.556675
109.42 0.53667
109.454 0.518364
109.494 0.509096
109.533 0.50048
109.573 0.495904
109.619 0.498686
109.759 0.611021
109.798 0.579959
109.828 0.564252
109.853 0.556061
109.881 0.551122
109.914 0.546595
109.946 0.546793
109.978 0.548992
110.02 0.546123
110.167 0.617751
110.21 0.601947
110.244 0.592796
110.272 0.583704
110.301 0.568746
110.335 0.549688
110.369 0.532222
110.403 0.517284
110.445 0.506765
110.597 0.624369
110.641 0.587788
110.676 0.567008
110.705 0.55437
110.735 0.540315
110.77 0.524113
110.806 0.510664
110.839 0.501224
110.881 0.499688
111.036 0.624908
111.081 0.592021
111.116 0.573813
111.146 0.563807
111.176 0.551435
111.211 0.537114
111.247 0.525588
111.281 0.51713
111.323 0.512055
111.484 0.640411
111.53 0.603893
111.566 0.584149
111.593 0.575751
111.622 0.566903
111.651 0.558913
111.681 0.556078
111.709 0.557402
111.745 0.553322
111.902 0.644311
111.951 0.627998
111.987 0.619887
112.013 0.61713
112.043 0.607192
112.073 0.59557
112.104 0.581457
112.134 0.567962
112.171 0.546544
112.338 0.66681
112.388 0.62174
112.425 0.594437
112.451 0.582162
112.481 0.566664
112.511 0.552285
112.543 0.537371
112.573 0.527041
112.611 0.515113
112.782 0.655531
112.833 0.61557
112.87 0.593765
112.896 0.583588
112.926 0.570579
112.956 0.557961
112.989 0.54515
113.019 0.536176
113.058 0.522658
113.232 0.664267
113.285 0.62397
113.321 0.603986
113.345 0.597497
113.372 0.589192
113.4 0.580829
113.429 0.572659
113.455 0.570965
113.485 0.565447
113.641 0.655166
113.697 0.640659
113.735 0.639431
113.76 0.641205
113.789 0.630582
113.819 0.615842
113.851 0.597174
113.876 0.583637
113.909 0.564139
114.067 0.668876
114.125 0.623301
114.165 0.596626
114.193 0.583632
114.223 0.566585
114.255 0.549317
114.289 0.530788
114.317 0.521791
114.351 0.510832
114.511 0.645177
114.57 0.620398
114.611 0.590094
114.64 0.57636
114.671 0.561336
114.705 0.546029
114.74 0.531108
114.768 0.524875
114.803 0.515546
114.964 0.648939
115.024 0.623729
115.062 0.601706
115.09 0.594075
115.119 0.585252
115.149 0.576798
115.181 0.569694
115.207 0.56976
115.24 0.561998
115.387 0.650082
115.442 0.62828
115.479 0.628308
115.509 0.630597
115.54 0.622644
115.573 0.608342
115.605 0.593945
115.631 0.584312
115.663 0.567449
115.812 0.656086
115.87 0.612408
115.909 0.591326
115.941 0.578668
115.974 0.562997
116.01 0.546838
116.043 0.532707
116.072 0.523881
116.106 0.510547
116.258 0.635467
116.317 0.613588
116.357 0.585861
116.39 0.569576
116.424 0.554121
116.461 0.537131
116.495 0.525946
116.525 0.520608
116.56 0.512751
116.714 0.640509
116.771 0.61624
116.808 0.597402
116.839 0.588495
116.872 0.58001
116.905 0.571159
116.936 0.569347
116.965 0.569334
117.002 0.558096
117.11 0.607114
117.114 0.660663
117.116 0.737346
117.117 0.804908
117.119 0.859812
117.121 0.904629
117.141 0.924708
117.17 0.918769
117.346 0.798366
117.382 0.816793
117.561 0.809142
117.599 0.783773
117.615 0.747631
117.63 0.705613
117.647 0.660237
117.663 0.615046
117.679 0.571451
117.696 0.530327
117.712 0.493048
117.787 0.471309
117.83 0.419768
117.851 0.396796
117.869 0.375226
117.891 0.351814
117.911 0.330737
117.93 0.314595
117.95 0.305671
117.97 0.304106
118.063 0.387451
118.11 0.409288
118.132 0.397078
118.153 0.387001
118.177 0.383168
118.2 0.380336
118.222 0.37831
118.244 0.37694
118.265 0.376105
118.344 0.43871
118.387 0.422429
118.409 0.404313
118.429 0.389759
118.452 0.376215
118.477 0.363789
118.501 0.351641
118.526 0.340118
118.549 0.329714
118.635 0.39502
118.683 0.402002
118.708 0.384146
118.732 0.372486
118.757 0.368694
118.785 0.37034
118.813 0.374535
118.841 0.379271
118.868 0.384308
118.962 0.463729
119.015 0.478013
119.043 0.460481
119.07 0.44896
119.099 0.444089
119.13 0.445014
119.163 0.447652
119.194 0.450332
119.224 0.451923
119.325 0.534939
119.384 0.547389
119.416 0.527797
119.447 0.513009
119.48 0.506397
119.514 0.505546
119.55 0.507564
119.586 0.509308
119.619 0.508662
119.731 0.598749
119.802 0.619907
119.843 0.609951
119.881 0.604107
119.923 0.610299
119.972 0.626854
120.008 0.635535
120.042 0.633215
120.072 0.62253
120.169 0.683063
120.234 0.664443
120.273 0.618669
120.311 0.586421
120.356 0.558061
120.409 0.549011
120.449 0.530759
120.487 0.519132
120.521 0.51003
120.627 0.588367
120.692 0.60139
120.73 0.577987
120.767 0.556472
120.814 0.551401
120.869 0.557592
120.909 0.544292
120.947 0.53168
120.981 0.523679
121.087 0.592933
121.151 0.591164
121.188 0.576882
121.225 0.566544
121.273 0.551196
121.328 0.549618
121.368 0.541965
121.406 0.537163
121.44 0.536069
121.546 0.597011
121.612 0.589692
121.648 0.582281
121.685 0.575409
121.734 0.557238
121.783 0.543587
121.82 0.547887
121.854 0.553993
121.883 0.564407
121.975 0.584258
122.038 0.573841
122.079 0.586104
122.119 0.587585
122.174 0.568039
122.228 0.548617
122.27 0.539802
122.308 0.532148
122.338 0.52812
122.431 0.579573
122.494 0.580603
122.535 0.562539
122.577 0.546668
122.634 0.550926
122.688 0.55016
122.729 0.539252
122.767 0.533305
122.798 0.53508
122.88 0.570793
122.942 0.559361
122.984 0.559378
123.026 0.556126
123.084 0.544358
123.138 0.532816
123.18 0.533717
123.218 0.536285
123.248 0.542368
123.32 0.556664
123.386 0.545619
123.427 0.547141
123.47 0.544229
123.521 0.533311
123.565 0.536105
123.598 0.556154
123.627 0.575681
123.652 0.596537
123.716 0.575176
123.783 0.561965
123.827 0.569233
123.872 0.567152
123.924 0.552969
123.969 0.5456
124.002 0.547121
124.034 0.544458
124.06 0.543509
124.126 0.541453
124.194 0.541152
124.239 0.522857
124.285 0.505245
124.34 0.502148
124.385 0.490955
124.42 0.489517
124.454 0.486276
124.481 0.487234
124.547 0.513025
124.617 0.532325
124.662 0.517605
124.709 0.509551
124.764 0.511843
124.811 0.504226
124.848 0.498564
124.881 0.494361
124.91 0.494717
124.977 0.520328
125.055 0.549656
125.1 0.540382
125.147 0.53344
125.203 0.536152
125.244 0.52174
125.273 0.523757
125.299 0.532558
125.322 0.54519
125.373 0.52985
125.444 0.51485
125.489 0.532135
125.536 0.537538
125.594 0.528066
125.636 0.530473
125.665 0.540194
125.692 0.54438
125.717 0.543865
125.768 0.520931
125.84 0.524727
125.886 0.506732
125.935 0.490088
125.992 0.488369
126.036 0.480279
126.066 0.484961
126.094 0.486973
126.12 0.487137
126.172 0.490766
126.244 0.514343
126.292 0.501398
126.342 0.494515
126.399 0.499795
126.445 0.488454
126.476 0.487719
126.505 0.486371
126.533 0.483756
126.585 0.493301
126.658 0.522087
126.706 0.512631
126.764 0.516999
126.835 0.541898
126.884 0.546397
126.915 0.529212
126.945 0.515833
126.971 0.501997
127.011 0.505073
127.066 0.508277
127.103 0.517458
127.152 0.520125
127.225 0.50709
127.275 0.51522
127.306 0.533705
127.337 0.54122
127.364 0.543957
127.405 0.529411
127.462 0.512934
127.499 0.505091
127.549 0.489785
127.622 0.505154
127.673 0.490297
127.705 0.492925
127.738 0.490745
127.766 0.490791
127.808 0.477616
127.866 0.486794
127.905 0.476847
127.955 0.478967
128.023 0.500766
128.033 0.520435
128.034 0.572548
128.036 0.626167
128.038 0.679912
128.039 0.72581
128.071 0.750312
128.11 0.767568
128.276 0.678723
128.322 0.71949
128.49 0.728634
128.536 0.717678
128.553 0.693904
128.568 0.662493
128.583 0.626208
128.598 0.588795
128.614 0.550969
128.631 0.514115
128.645 0.479988
128.709 0.445401
128.761 0.407223
128.781 0.38838
128.799 0.368659
128.818 0.349072
128.836 0.331153
128.855 0.312326
128.875 0.299125
128.893 0.29127
128.961 0.345732
129.009 0.362325
129.027 0.341246
129.044 0.326593
129.062 0.315677
129.079 0.308398
129.098 0.301047
129.116 0.295658
129.133 0.29257
129.201 0.333351
129.25 0.336634
129.272 0.32759
129.29 0.319417
129.311 0.309447
129.329 0.300453
129.35 0.291423
129.371 0.287984
129.39 0.28504
129.461 0.343263
129.513 0.362745
129.536 0.345569
129.557 0.331092
129.58 0.324432
129.6 0.318736
129.622 0.317225
129.645 0.318601
129.666 0.318548
129.741 0.381683
129.795 0.40172
129.823 0.385534
129.847 0.373457
129.876 0.373487
129.901 0.372741
129.928 0.379416
129.956 0.388752
129.982 0.396355
130.07 0.472427
130.119 0.490711
130.145 0.469688
130.169 0.446339
130.196 0.429912
130.22 0.410728
130.246 0.399178
130.274 0.389718
130.302 0.3808
130.394 0.44786
130.446 0.452247
130.474 0.428931
130.501 0.411133
130.531 0.40426
130.561 0.400461
130.592 0.406735
130.627 0.417454
130.66 0.428724
130.768 0.52566
130.821 0.543316
130.849 0.522924
130.875 0.504419
130.903 0.48995
130.932 0.476362
130.962 0.464872
130.997 0.458491
131.033 0.454632
131.147 0.542611
131.203 0.537672
131.234 0.506223
131.262 0.48242
131.293 0.471131
131.325 0.465218
131.357 0.463112
131.395 0.471539
131.435 0.480178
131.554 0.577685
131.614 0.577809
131.651 0.555052
131.685 0.538835
131.723 0.537605
131.761 0.540965
131.796 0.545172
131.836 0.554427
131.877 0.559081
131.987 0.639352
132.042 0.617081
132.079 0.582829
132.117 0.557357
132.157 0.535365
132.194 0.517577
132.23 0.504466
132.272 0.500067
132.316 0.500677
132.437 0.592432
132.497 0.59407
132.536 0.573174
132.572 0.556737
132.609 0.542614
132.644 0.527422
132.679 0.518627
132.717 0.509836
132.758 0.504009
132.878 0.581976
132.939 0.564799
132.977 0.562336
133.016 0.557023
133.054 0.550035
133.093 0.540448
133.13 0.530424
133.169 0.518738
133.21 0.511938
133.333 0.600008
133.395 0.590429
133.432 0.576252
133.472 0.561472
133.51 0.550352
133.548 0.540199
133.584 0.535405
133.619 0.533278
133.654 0.532873
133.764 0.58765
133.83 0.569712
133.87 0.574698
133.912 0.571136
133.952 0.564826
133.992 0.556065
134.03 0.548658
134.067 0.538838
134.105 0.527837
134.219 0.599979
134.283 0.596479
134.321 0.580459
134.359 0.568681
134.396 0.561743
134.433 0.557198
134.468 0.556897
134.507 0.552202
134.547 0.544834
134.66 0.601665
134.728 0.586627
134.768 0.576232
134.808 0.56281
134.849 0.549695
134.886 0.539004
134.921 0.531988
134.962 0.521415
135.002 0.514182
135.114 0.588493
135.182 0.587962
135.222 0.57468
135.263 0.563255
135.301 0.55603
135.332 0.556944
135.363 0.56114
135.399 0.559264
135.436 0.558774
135.547 0.599216
135.62 0.581062
135.662 0.575534
135.704 0.567827
135.744 0.558963
135.78 0.553147
135.812 0.545919
135.851 0.531022
135.888 0.520589
135.996 0.591406
136.062 0.586086
136.101 0.579373
136.14 0.576081
136.178 0.57323
136.214 0.57154
136.249 0.567914
136.289 0.556099
136.325 0.547374
136.425 0.588934
136.494 0.570491
136.535 0.566573
136.575 0.559952
136.611 0.553546
136.648 0.54745
136.685 0.541717
136.726 0.52937
136.768 0.517661
136.863 0.569703
136.933 0.571115
136.972 0.560331
137.009 0.553963
137.042 0.553191
137.076 0.552397
137.108 0.552395
137.146 0.547538
137.187 0.543208
137.283 0.568268
137.355 0.556924
137.395 0.554005
137.433 0.549839
137.471 0.542329
137.51 0.529421
137.544 0.518812
137.585 0.508938
137.626 0.50571
137.716 0.558819
137.781 0.556553
137.818 0.554265
137.852 0.554943
137.888 0.552983
137.926 0.549323
137.96 0.548129
138.002 0.537061
138.045 0.524483
138.137 0.556415
138.203 0.548702
138.243 0.539181
138.277 0.532052
138.316 0.520529
138.356 0.508387
138.392 0.501564
138.437 0.499119
138.482 0.501073
138.574 0.556603
138.641 0.564964
138.678 0.548585
138.709 0.542318
138.745 0.535633
138.78 0.531508
138.813 0.533472
138.855 0.525996
138.901 0.518028
138.973 0.52683
138.974 0.576275
138.976 0.659871
138.978 0.734985
138.98 0.796716
138.985 0.845924
139.018 0.862594
139.06 0.84414
139.223 0.735156
139.272 0.758715
139.437 0.754466
139.488 0.733944
139.504 0.702541
139.52 0.665916
139.536 0.626164
139.551 0.586541
139.568 0.546521
139.583 0.509336
139.599 0.474329
139.66 0.44158
139.713 0.407008
139.731 0.391205
139.747 0.375953
139.765 0.358039
139.782 0.341689
139.801 0.32428
139.819 0.310348
139.836 0.298256
139.899 0.336053
139.953 0.350512
139.973 0.330634
139.991 0.315194
140.011 0.301865
140.03 0.291747
140.05 0.287427
140.07 0.283766
140.089 0.282903
140.154 0.335714
140.209 0.359474
140.231 0.338395
140.25 0.321331
140.273 0.313029
140.293 0.306361
140.316 0.305474
140.339 0.307408
140.362 0.312352
140.436 0.377742
140.501 0.418381
140.527 0.408851
140.551 0.401757
140.577 0.402173
140.596 0.397596
140.618 0.393199
140.64 0.386838
140.662 0.379357
140.729 0.421967
140.789 0.431119
140.821 0.404771
140.85 0.382895
140.881 0.374956
140.905 0.364779
140.932 0.365732
140.959 0.370835
140.986 0.378657
141.06 0.442176
141.116 0.469918
141.147 0.45047
141.175 0.430067
141.206 0.417426
141.23 0.398741
141.257 0.388519
141.287 0.382701
141.317 0.383392
141.399 0.443614
141.46 0.46621
141.494 0.453969
141.524 0.444437
141.56 0.443762
141.587 0.435639
141.617 0.437351
141.65 0.441213
141.684 0.447616
141.772 0.514142
141.839 0.539952
141.877 0.527673
141.911 0.515937
141.95 0.513925
141.98 0.505107
142.014 0.503223
142.051 0.506136
142.088 0.512293
142.185 0.583575
142.265 0.619679
142.313 0.616726
142.356 0.615735
142.398 0.619592
142.43 0.609886
142.463 0.601489
142.499 0.594276
142.534 0.585877
142.627 0.637713
142.713 0.658271
142.76 0.628128
142.803 0.599437
142.847 0.578095
142.882 0.553273
142.914 0.535726
142.95 0.524656
142.984 0.513746
143.064 0.556095
143.151 0.576101
143.202 0.558448
143.25 0.543599
143.297 0.530218
143.335 0.524674
143.369 0.518764
143.41 0.514914
143.447 0.513828
143.531 0.567527
143.618 0.608657
143.67 0.596565
143.717 0.580393
143.765 0.568643
143.803 0.556497
143.838 0.548448
143.877 0.537151
143.916 0.531233
143.999 0.572041
144.085 0.602445
144.138 0.581321
144.183 0.569849
144.226 0.563794
144.262 0.568357
144.294 0.573247
144.331 0.571043
144.368 0.570469
144.452 0.586888
144.543 0.604884
144.598 0.582167
144.641 0.572754
144.682 0.567709
144.714 0.572564
144.742 0.579888
144.775 0.579605
144.808 0.580525
144.899 0.595494
144.995 0.61549
145.054 0.590129
145.101 0.572772
145.146 0.557232
145.18 0.552183
145.209 0.548677
145.243 0.53923
145.276 0.532491
145.366 0.584589
145.461 0.622228
145.521 0.603203
145.567 0.584491
145.613 0.570634
145.646 0.569989
145.676 0.569785
145.71 0.563658
145.743 0.558335
145.823 0.586477
145.912 0.601243
145.967 0.590186
146.01 0.593175
146.053 0.596068
146.087 0.603902
146.118 0.60739
146.153 0.600823
146.187 0.590644
146.265 0.595072
146.352 0.603351
146.404 0.585523
146.442 0.585557
146.478 0.58803
146.511 0.593559
146.544 0.594513
146.582 0.584499
146.619 0.572192
146.688 0.569167
146.777 0.577177
146.83 0.559543
146.87 0.556611
146.909 0.550761
146.945 0.544961
146.979 0.536718
147.019 0.522818
147.057 0.511982
147.128 0.536159
147.221 0.580176
147.277 0.570276
147.319 0.549483
147.358 0.533697
147.395 0.524316
147.431 0.515837
147.47 0.510313
147.508 0.50362
147.576 0.533533
147.659 0.564896
147.71 0.554332
147.748 0.560858
147.789 0.561207
147.827 0.560149
147.865 0.555512
147.905 0.546078
147.943 0.539166
148.011 0.547534
148.086 0.558196
148.134 0.550502
148.167 0.557749
148.206 0.55917
148.245 0.559346
148.284 0.555108
148.325 0.544635
148.365 0.53493
148.436 0.543007
148.514 0.556682
148.563 0.535656
148.6 0.529431
148.641 0.51702
148.682 0.50642
148.723 0.49945
148.768 0.500737
148.809 0.500839
148.884 0.538412
148.964 0.572337
149.012 0.56034
149.049 0.544126
149.089 0.52954
149.132 0.519639
149.172 0.510902
149.217 0.509922
149.257 0.503478
149.324 0.526289
149.396 0.537311
149.439 0.542345
149.477 0.553857
149.517 0.554885
149.562 0.549125
149.603 0.542716
149.65 0.531707
149.69 0.526054
149.756 0.531833
149.822 0.533225
149.862 0.537088
149.896 0.544151
149.915 0.561594
149.917 0.603991
149.919 0.661939
149.92 0.72522
149.922 0.793147
149.961 0.82297
150.027 0.823292
150.166 0.742182
150.239 0.786572
150.394 0.784623
150.489 0.746669
150.508 0.700959
150.528 0.65265
150.548 0.602553
150.568 0.554815
150.587 0.509399
150.607 0.467989
150.626 0.430657
150.691 0.446026
150.783 0.502236
150.8 0.459184
150.816 0.428706
150.834 0.406464
150.852 0.391135
150.871 0.377227
150.891 0.366468
150.911 0.355455
150.984 0.396562
151.103 0.482865
151.125 0.457193
151.147 0.443245
151.172 0.439866
151.196 0.442653
151.222 0.451867
151.249 0.461919
151.276 0.474642
151.37 0.563222
151.521 0.704502
151.551 0.692732
151.58 0.685017
151.613 0.683797
151.646 0.686065
151.68 0.691958
151.715 0.699233
151.751 0.707468
151.851 0.788358
152.001 0.896431
152.031 0.823809
152.061 0.76725
152.093 0.724157
152.126 0.68906
152.161 0.663682
152.196 0.641069
152.232 0.623195
152.331 0.679897
152.481 0.770018
152.512 0.720001
152.541 0.681302
152.573 0.648584
152.606 0.622626
152.641 0.598415
152.677 0.580607
152.712 0.565777
152.807 0.616992
152.952 0.700853
152.991 0.681611
153.021 0.665184
153.053 0.646679
153.086 0.630107
153.121 0.611823
153.157 0.597485
153.192 0.584405
153.287 0.625776
153.433 0.708495
153.471 0.684782
153.501 0.671695
153.533 0.656085
153.566 0.64112
153.601 0.623545
153.637 0.609307
153.672 0.595923
153.767 0.63261
153.913 0.712042
153.951 0.690093
153.981 0.677092
154.013 0.66137
154.045 0.646166
154.081 0.628277
154.117 0.613685
154.152 0.599931
154.247 0.635122
154.393 0.713494
154.431 0.691668
154.461 0.678698
154.493 0.662947
154.525 0.647674
154.56 0.630567
154.596 0.616386
154.631 0.602786
154.722 0.631779
154.873 0.711657
154.911 0.689536
154.941 0.677315
154.973 0.661192
155.005 0.64573
155.04 0.62856
155.077 0.61265
155.112 0.598095
155.202 0.629262
155.353 0.715176
155.391 0.693124
155.421 0.680836
155.453 0.664558
155.485 0.64889
155.52 0.631486
155.544 0.626705
155.571 0.626484
155.659 0.626914
155.808 0.689731
155.847 0.685997
155.877 0.683422
155.909 0.672719
155.943 0.65886
155.978 0.641645
155.998 0.638608
156.026 0.627003
156.115 0.636984
156.267 0.713504
156.306 0.684548
156.336 0.668278
156.365 0.65353
156.393 0.641929
156.419 0.635255
156.436 0.642305
156.458 0.638297
156.525 0.606367
156.671 0.645964
156.711 0.659917
156.741 0.669076
156.771 0.667553
156.8 0.659067
156.828 0.646278
156.846 0.638939
156.869 0.621124
156.936 0.598863
157.08 0.666883
157.121 0.637334
157.152 0.620651
157.182 0.60387
157.213 0.587549
157.242 0.571165
157.26 0.564033
157.286 0.548914
157.352 0.555181
157.494 0.642288
157.536 0.61042
157.566 0.59318
157.599 0.575268
157.63 0.559285
157.66 0.545069
157.68 0.539457
157.706 0.52629
157.772 0.542462
157.917 0.638872
157.964 0.597687
158.003 0.568201
158.045 0.549462
158.083 0.541463
158.117 0.536449
158.138 0.522363
158.163 0.516014
158.218 0.544316
158.325 0.607785
158.368 0.610659
158.404 0.616963
158.447 0.61185
158.486 0.604781
158.522 0.596586
158.544 0.596596
158.57 0.586741
158.626 0.559113
158.734 0.596291
158.777 0.574549
158.815 0.560607
158.859 0.541563
158.899 0.527861
158.937 0.51803
158.96 0.520608
158.988 0.514218
159.044 0.519492
159.152 0.579813
159.196 0.552611
159.235 0.535209
159.28 0.517712
159.323 0.503034
159.362 0.493714
159.385 0.497763
159.415 0.492552
159.473 0.509539
159.58 0.577076
159.626 0.550144
159.665 0.533072
159.712 0.519801
159.76 0.514004
159.806 0.512294
159.836 0.501456
159.872 0.506432
159.937 0.547121
160.036 0.620038
160.072 0.586619
160.102 0.576387
160.138 0.568035
160.179 0.563741
160.22 0.565587
160.25 0.576374
160.287 0.573847
160.353 0.553913
160.453 0.578802
160.49 0.574094
160.523 0.571439
160.56 0.558683
160.601 0.542572
160.644 0.528418
160.676 0.523898
160.713 0.512467
160.78 0.529453
160.839 0.530273
160.841 0.588967
160.842 0.65158
160.844 0.710213
160.846 0.766935
161.046 0.711858
161.056 0.809717
161.253 0.712689
161.27 0.780128
161.287 0.804162
161.305 0.79818
161.323 0.773685
161.34 0.737902
161.357 0.696797
161.376 0.650922
161.392 0.605257
161.498 0.577482
161.519 0.532974
161.54 0.491704
161.562 0.453098
161.583 0.419354
161.604 0.389948
161.624 0.364402
161.644 0.34522
161.661 0.329038
161.756 0.404025
161.777 0.389273
161.8 0.374208
161.823 0.360347
161.844 0.34949
161.867 0.338287
161.891 0.32552
161.916 0.316707
161.936 0.311026
162.043 0.40661
162.071 0.392943
162.101 0.392538
162.131 0.397787
162.158 0.403426
162.189 0.414894
162.22 0.430111
162.251 0.445343
162.279 0.455829
162.397 0.569841
162.428 0.555541
162.458 0.543983
162.49 0.531305
162.519 0.517164
162.55 0.508097
162.583 0.502768
162.62 0.50131
162.652 0.496969
162.786 0.611245
162.821 0.589388
162.857 0.575282
162.894 0.56911
162.927 0.562931
162.965 0.563753
163.004 0.56827
163.046 0.578662
163.083 0.580524
163.23 0.709449
163.268 0.68176
163.306 0.659409
163.346 0.643573
163.381 0.625881
163.422 0.617587
163.464 0.614813
163.509 0.615936
163.548 0.608518
163.698 0.728353
163.736 0.679515
163.775 0.642949
163.815 0.616736
163.851 0.590322
163.895 0.580197
163.942 0.580234
163.989 0.582688
164.027 0.574403
164.178 0.692984
164.216 0.653752
164.254 0.623545
164.294 0.59933
164.327 0.58771
164.366 0.573093
164.411 0.560623
164.454 0.556107
164.489 0.562016
164.639 0.655584
164.676 0.648982
164.715 0.638806
164.755 0.62576
164.79 0.617424
164.834 0.597409
164.883 0.576825
164.929 0.562322
164.967 0.550263
165.117 0.667196
165.154 0.641992
165.194 0.61867
165.233 0.600032
165.27 0.58855
165.314 0.570694
165.363 0.562922
165.408 0.552044
165.446 0.550137
165.59 0.654622
165.627 0.645351
165.667 0.6331
165.71 0.619338
165.749 0.606827
165.793 0.588529
165.843 0.574146
165.887 0.562954
165.925 0.559423
166.07 0.661256
166.107 0.646854
166.144 0.634002
166.184 0.621661
166.219 0.615292
166.259 0.606728
166.306 0.596147
166.346 0.594262
166.386 0.593485
166.53 0.669789
166.568 0.66177
166.605 0.650264
166.648 0.631612
166.687 0.616071
166.731 0.595151
166.782 0.579203
166.826 0.564481
166.865 0.552085
167.009 0.658573
167.041 0.643576
167.078 0.628466
167.122 0.60941
167.161 0.598173
167.205 0.583513
167.255 0.56686
167.295 0.561766
167.334 0.561962
167.467 0.640875
167.501 0.644765
167.541 0.635325
167.59 0.615058
167.63 0.600912
167.678 0.580631
167.728 0.568058
167.769 0.558886
167.807 0.55387
167.94 0.642353
167.964 0.639164
168.001 0.630692
168.044 0.618204
168.081 0.615815
168.123 0.609284
168.17 0.602021
168.211 0.600597
168.251 0.596675
168.382 0.651477
168.404 0.658016
168.441 0.644651
168.486 0.623422
168.524 0.609321
168.567 0.591433
168.614 0.570898
168.656 0.558207
168.699 0.547435
168.829 0.626976
168.856 0.621126
168.896 0.595845
168.942 0.571599
168.98 0.556957
169.024 0.540788
169.069 0.533043
169.108 0.528648
169.146 0.527931
169.261 0.59225
169.288 0.609723
169.331 0.602262
169.377 0.587919
169.417 0.580197
169.461 0.566373
169.508 0.55179
169.549 0.544257
169.592 0.532681
169.716 0.613071
169.745 0.595298
169.788 0.571543
169.829 0.553468
169.866 0.545689
169.906 0.538562
169.947 0.533836
169.984 0.536897
170.028 0.534189
170.152 0.600988
170.182 0.603664
170.226 0.586868
170.269 0.571444
170.307 0.561808
170.35 0.547396
170.392 0.533114
170.432 0.523831
170.478 0.518314
170.603 0.604808
170.635 0.592243
170.686 0.573023
170.731 0.560253
170.77 0.545427
170.814 0.539716
170.857 0.53582
170.895 0.527645
170.937 0.522415
171.049 0.593564
171.078 0.600951
171.13 0.584175
171.177 0.574567
171.217 0.569806
171.261 0.559469
171.306 0.549452
171.346 0.54349
171.39 0.532405
171.514 0.612782
171.547 0.591892
171.6 0.585336
171.644 0.569804
171.681 0.556013
171.722 0.546025
171.763 0.540563
171.797 0.544274
171.803 0.575451
171.804 0.628709
171.806 0.764356
171.808 0.865488
172.011 0.779716
172.025 0.879718
172.226 0.92276
172.244 0.925388
172.262 0.901538
172.279 0.862933
172.298 0.813287
172.315 0.759855
172.333 0.703951
172.35 0.650077
172.368 0.599314
172.477 0.582818
172.499 0.531958
172.521 0.486739
172.542 0.447635
172.565 0.411234
172.586 0.380557
172.605 0.356637
172.622 0.33945
172.639 0.325469
172.741 0.408842
172.764 0.390986
172.787 0.374925
172.809 0.36145
172.837 0.343968
172.862 0.332752
172.885 0.325211
172.907 0.3226
172.928 0.324524
173.044 0.435239
173.072 0.423451
173.1 0.418201
173.126 0.416437
173.16 0.42614
173.19 0.431066
173.218 0.434984
173.244 0.439338
173.269 0.44284
173.402 0.568393
173.436 0.555369
173.469 0.547123
173.499 0.540177
173.54 0.545644
173.576 0.547117
173.611 0.551612
173.646 0.557043
173.679 0.56423
173.848 0.72669
173.889 0.726095
173.924 0.71917
173.956 0.706089
173.996 0.700596
174.03 0.682535
174.062 0.661072
174.093 0.634578
174.125 0.609924
174.296 0.743559
174.34 0.687552
174.379 0.642218
174.417 0.609742
174.461 0.598031
174.498 0.584939
174.533 0.573536
174.567 0.565849
174.6 0.562028
174.767 0.709457
174.812 0.662131
174.857 0.627412
174.897 0.600959
174.941 0.588632
174.978 0.571554
175.013 0.557294
175.048 0.546365
175.081 0.537962
175.245 0.676618
175.289 0.646737
175.338 0.620385
175.377 0.604268
175.421 0.587339
175.458 0.579281
175.493 0.575359
175.529 0.569774
175.561 0.565929
175.725 0.691213
175.768 0.66486
175.812 0.642882
175.848 0.634088
175.889 0.623377
175.924 0.620523
175.955 0.620009
175.99 0.615609
176.023 0.611421
176.187 0.709785
176.23 0.685311
176.277 0.658116
176.318 0.638047
176.362 0.614437
176.4 0.597336
176.432 0.585853
176.466 0.573947
176.499 0.564822
176.666 0.693131
176.709 0.660395
176.757 0.629119
176.798 0.612215
176.843 0.594521
176.88 0.585737
176.912 0.582887
176.946 0.576833
176.979 0.571552
177.146 0.696332
177.189 0.668217
177.237 0.640635
177.278 0.625795
177.323 0.609032
177.36 0.600405
177.393 0.596325
177.426 0.58995
177.459 0.584049
177.624 0.701644
177.663 0.679206
177.706 0.658318
177.744 0.650506
177.785 0.63977
177.82 0.637107
177.853 0.635137
177.887 0.628278
177.921 0.618455
178.087 0.717864
178.128 0.689622
178.174 0.658944
178.212 0.638344
178.251 0.619596
178.281 0.613181
178.312 0.60859
178.343 0.60259
178.375 0.596696
178.543 0.702266
178.586 0.676738
178.635 0.646305
178.675 0.627887
178.715 0.60896
178.749 0.596509
178.782 0.583322
178.814 0.571002
178.845 0.560542
179.004 0.680094
179.047 0.657203
179.097 0.630143
179.138 0.615443
179.178 0.601189
179.212 0.594703
179.245 0.58805
179.278 0.580589
179.31 0.57283
179.461 0.675445
179.499 0.658034
179.543 0.640419
179.579 0.635502
179.616 0.631666
179.647 0.632003
179.681 0.626912
179.717 0.616667
179.747 0.606923
179.898 0.686009
179.939 0.66115
179.984 0.63277
180.018 0.618934
180.051 0.607731
180.08 0.602012
180.111 0.593728
180.142 0.586644
180.171 0.583099
180.321 0.660898
180.362 0.640216
180.409 0.616543
180.444 0.604053
180.478 0.590261
180.508 0.580452
180.542 0.565563
180.574 0.551462
180.605 0.5401
180.754 0.645146
180.798 0.610249
180.845 0.578621
180.881 0.563409
180.918 0.548631
180.949 0.540789
180.985 0.527962
181.018 0.516826
181.052 0.50718
181.214 0.645403
181.259 0.617787
181.303 0.594826
181.336 0.57501
181.37 0.560912
181.399 0.556194
181.431 0.549654
181.463 0.546529
181.494 0.543868
181.651 0.652146
181.698 0.630334
181.744 0.609447
181.779 0.599507
181.811 0.590655
181.838 0.587107
181.867 0.579932
181.897 0.573256
181.927 0.567055
182.077 0.656732
182.125 0.632147
182.174 0.608227
182.21 0.59871
182.244 0.588943
182.273 0.580159
182.303 0.566984
182.335 0.553213
182.367 0.54042
182.519 0.653503
182.569 0.613104
182.62 0.58487
182.658 0.56773
182.693 0.55274
182.725 0.543161
182.755 0.532964
182.766 0.541992
182.768 0.572354
182.77 0.613049
182.775 0.762473
182.826 0.84358
182.98 0.788101
183.038 0.860564
183.193 0.886101
183.254 0.880106
183.27 0.853669
183.286 0.814705
183.301 0.769675
183.317 0.721228
183.333 0.672115
183.349 0.625037
183.366 0.579048
183.417 0.505553
183.478 0.45592
183.497 0.439153
183.514 0.420957
183.532 0.402423
183.55 0.383403
183.567 0.364722
183.584 0.347783
183.603 0.329924
183.656 0.343995
183.72 0.367073
183.74 0.347125
183.759 0.331154
183.779 0.316544
183.799 0.30247
183.818 0.292935
183.836 0.286805
183.857 0.285382
183.912 0.324311
183.979 0.366005
184.001 0.343429
184.021 0.327537
184.042 0.317685
184.064 0.313292
184.085 0.308213
184.105 0.30731
184.127 0.309271
184.198 0.366018
184.282 0.436007
184.313 0.438063
184.34 0.441566
184.368 0.448316
184.398 0.459454
184.421 0.464406
184.438 0.461799
184.457 0.454251
184.511 0.481883
184.577 0.49224
184.606 0.469156
184.636 0.450127
184.666 0.431698
184.697 0.413426
184.722 0.401171
184.741 0.39403
184.761 0.385093
184.818 0.403376
184.886 0.429581
184.917 0.406256
184.949 0.390339
184.98 0.381539
185.013 0.377779
185.041 0.369662
185.062 0.363534
185.084 0.356788
185.142 0.395555
185.211 0.432697
185.242 0.415081
185.275 0.404831
185.308 0.397578
185.343 0.3948
185.373 0.387265
185.395 0.380138
185.419 0.373933
185.478 0.411863
185.546 0.445009
185.578 0.425854
185.612 0.412382
185.646 0.403092
185.682 0.399117
185.712 0.390974
185.735 0.388577
185.76 0.382455
185.82 0.415101
185.888 0.444865
185.922 0.425933
185.961 0.419605
186.004 0.423089
186.05 0.438779
186.089 0.451145
186.118 0.456537
186.15 0.468403
186.217 0.521552
186.269 0.54632
186.295 0.512095
186.327 0.484578
186.359 0.469939
186.401 0.457866
186.441 0.453103
186.472 0.455724
186.505 0.452328
186.572 0.462628
186.624 0.452119
186.652 0.455173
186.685 0.448547
186.718 0.44037
186.761 0.433236
186.802 0.425109
186.833 0.421908
186.867 0.415154
186.935 0.445863
186.988 0.450676
187.016 0.446881
187.051 0.435456
187.085 0.426632
187.128 0.429381
187.171 0.428142
187.203 0.422299
187.238 0.416767
187.305 0.450768
187.36 0.457839
187.389 0.451709
187.425 0.439592
187.459 0.431595
187.504 0.434777
187.547 0.437248
187.58 0.429625
187.616 0.425705
187.686 0.463016
187.75 0.48122
187.787 0.473784
187.833 0.48413
187.876 0.498416
187.933 0.531965
187.978 0.551951
188.006 0.544413
188.035 0.532047
188.088 0.542649
188.139 0.524711
188.175 0.522531
188.221 0.509958
188.265 0.49999
188.323 0.489742
188.369 0.482464
188.398 0.48911
188.428 0.488469
188.482 0.486474
188.534 0.481494
188.572 0.475371
188.619 0.470834
188.664 0.464549
188.723 0.477501
188.77 0.471672
188.8 0.471483
188.832 0.468156
188.888 0.480688
188.94 0.48689
188.979 0.47484
189.028 0.478593
189.074 0.477881
189.134 0.494448
189.182 0.491963
189.214 0.48508
189.247 0.478216
189.303 0.494493
189.357 0.500878
189.397 0.489229
189.448 0.496076
189.501 0.502911
189.571 0.534369
189.625 0.545782
189.657 0.532216
189.687 0.519026
189.736 0.527806
189.777 0.514137
189.808 0.519348
189.848 0.520413
189.896 0.521348
189.966 0.506238
190.021 0.507361
190.054 0.523555
190.084 0.532759
190.135 0.516025
190.177 0.509731
190.21 0.510233
190.251 0.498305
190.301 0.488762
190.371 0.504787
190.427 0.499498
190.462 0.49729
190.494 0.494738
190.545 0.492602
190.588 0.482088
190.622 0.478788
190.665 0.475711
190.715 0.481857
190.787 0.510988
190.844 0.513387
190.88 0.503688
190.914 0.496396
190.965 0.501025
191.01 0.495062
191.045 0.487404
191.09 0.487973
191.141 0.495378
191.221 0.533132
191.282 0.544436
191.322 0.530934
191.356 0.520169
191.406 0.528411
191.445 0.517839
191.474 0.514657
191.509 0.512549
191.549 0.513773
191.617 0.5059
191.675 0.509909
191.716 0.52898
191.752 0.540933
191.803 0.531124
191.842 0.530588
191.874 0.533219
191.91 0.526251
191.952 0.513389
192.02 0.520769
192.08 0.513745
192.122 0.502995
192.159 0.496596
192.211 0.491698
192.252 0.484366
192.286 0.482574
192.322 0.475567
192.365 0.471371
192.435 0.50048
192.494 0.508693
192.538 0.495905
192.577 0.48687
192.631 0.493151
192.672 0.485111
192.707 0.479742
192.745 0.474067
192.789 0.476434
192.86 0.510068
192.925 0.525825
192.973 0.521328
193.016 0.515679
193.074 0.531919
193.114 0.527735
193.145 0.514812
193.18 0.504775
193.216 0.497819
193.27 0.499536
193.325 0.499053
193.368 0.518485
193.411 0.531253
193.47 0.523405
193.512 0.529868
193.543 0.538894
193.58 0.535915
193.617 0.527962
193.672 0.511534
193.685 0.528924
193.687 0.582901
193.688 0.646171
193.69 0.714061
193.717 0.771925
193.748 0.803806
193.785 0.802391
193.954 0.713935
193.997 0.73901
194.167 0.739028
194.212 0.721726
194.228 0.691881
194.243 0.656579
194.259 0.617957
194.275 0.5793
194.29 0.54186
194.307 0.504669
194.322 0.470648
194.387 0.441477
194.433 0.398037
194.45 0.384451
194.467 0.370771
194.485 0.355707
194.502 0.341142
194.519 0.326518
194.538 0.310623
194.554 0.298016
194.624 0.341246
194.677 0.355796
194.699 0.33385
194.718 0.320453
194.741 0.316553
194.761 0.314696
194.781 0.315423
194.804 0.321294
194.825 0.326044
194.888 0.379472
194.936 0.389238
194.956 0.365996
194.975 0.34865
194.996 0.333934
195.017 0.324935
195.036 0.31725
195.061 0.306293
195.084 0.298062
195.15 0.341234
195.201 0.356433
195.222 0.341316
195.243 0.326792
195.269 0.321716
195.294 0.320676
195.319 0.324659
195.348 0.337596
195.376 0.349568
195.454 0.418031
195.511 0.451147
195.531 0.434999
195.553 0.420934
195.578 0.413174
195.602 0.402045
195.626 0.392334
195.654 0.388357
195.681 0.379392
195.76 0.430309
195.82 0.440683
195.843 0.41688
195.866 0.395763
195.895 0.387072
195.921 0.379772
195.948 0.376988
195.979 0.382975
196.008 0.384654
196.093 0.450923
196.156 0.473852
196.183 0.450216
196.207 0.432886
196.239 0.429267
196.268 0.424914
196.297 0.423592
196.332 0.430018
196.363 0.432579
196.459 0.507897
196.535 0.546328
196.568 0.534351
196.599 0.52698
196.638 0.534237
196.67 0.535554
196.697 0.530683
196.731 0.529715
196.761 0.520244
196.85 0.576209
196.93 0.590805
196.965 0.551389
196.999 0.522636
197.042 0.513059
197.076 0.499834
197.11 0.49013
197.15 0.497695
197.187 0.503294
197.287 0.58399
197.365 0.62251
197.399 0.593554
197.431 0.565941
197.472 0.552321
197.506 0.531655
197.539 0.513509
197.583 0.512148
197.621 0.506437
197.721 0.573332
197.802 0.595534
197.84 0.566705
197.874 0.543826
197.918 0.537567
197.955 0.526066
197.988 0.516954
198.035 0.52432
198.075 0.523549
198.176 0.593839
198.258 0.617191
198.294 0.590543
198.33 0.571507
198.374 0.554163
198.409 0.542773
198.437 0.541336
198.479 0.530446
198.515 0.531472
198.61 0.568257
198.694 0.572014
198.733 0.57318
198.77 0.571565
198.817 0.556769
198.853 0.55166
198.884 0.550193
198.928 0.535114
198.967 0.523307
199.059 0.575684
199.136 0.588628
199.173 0.584123
199.207 0.582006
199.254 0.566491
199.293 0.560545
199.325 0.558188
199.372 0.539729
199.413 0.52928
199.481 0.546398
199.483 0.589774
199.485 0.67934
199.486 0.757295
199.488 0.822381
199.498 0.881238
199.53 0.905856
199.577 0.887765
199.618 0.861932
199.687 0.800106
199.701 0.790999
199.715 0.766928
199.729 0.73379
199.743 0.694862
199.757 0.654258
199.771 0.614697
199.785 0.576151
199.823 0.518475
199.892 0.46411
199.906 0.453391
199.92 0.438813
199.934 0.421283
199.948 0.403271
199.962 0.386379
199.976 0.369844
199.991 0.354061
200.028 0.329432
200.097 0.344099
200.111 0.337483
200.125 0.328345
200.139 0.318744
200.153 0.310014
200.167 0.301222
200.182 0.292663
200.196 0.284526
200.233 0.285209
200.302 0.318993
200.316 0.310116
200.33 0.30213
200.344 0.294073
200.359 0.286221
200.373 0.278748
200.387 0.271759
200.401 0.265304
200.439 0.273203
200.507 0.3121
200.521 0.303447
200.535 0.29491
200.55 0.286718
200.564 0.279006
200.578 0.271852
200.592 0.265286
200.606 0.258437
200.644 0.268718
200.712 0.309317
200.726 0.300706
200.741 0.292282
200.755 0.284245
200.769 0.276713
200.783 0.269748
200.797 0.262498
200.811 0.256193
200.849 0.266014
200.918 0.30749
200.932 0.299109
200.946 0.290887
200.96 0.283027
200.974 0.274773
200.988 0.267427
