0.0 0
0.0941392 4760
0.0941392 4760
0.178851 4192008914
0.184653 4089046248
0.190466 3986083582
0.196279 3883120916
0.202093 3780158250
10.1808 1428
10.1866 1904
10.1866 1428
10.1924 1904
10.1924 1428
10.1982 1904
10.1982 1428
10.204 1904
10.204 1428
10.2099 1904
10.2099 1428
10.2157 1904
10.2157 1428
10.2215 1904
10.2215 1428
10.2273 1904
10.2273 1428
10.2331 1904
10.2331 1428
10.2389 1904
10.2389 1428
10.2447 1904
10.2447 1428
10.2506 1904
10.2506 1428
10.2564 1904
10.2564 1428
10.2622 1904
10.2622 1428
10.3469 1904
10.3469 1428
10.4316 1904
10.4316 1428
10.5163 1904
10.5163 1428
10.601 1904
10.601 1428
10.6857 1904
10.6857 1428
10.7704 1904
10.7704 1428
10.8551 1904
10.8551 1428
10.9398 1904
10.9398 1428
11.0245 1904
11.0245 1428
11.1092 1904
11.1092 1428
11.1939 1904
11.1939 1428
11.2786 1904
11.2786 1428
11.3633 1904
11.3633 1428
11.448 1904
11.448 1428
11.5327 1904
11.5327 1428
11.6174 1904
11.6174 1428
11.7021 1904
11.7021 1428
11.7868 1904
11.7868 1428
11.8715 1904
11.8715 1428
11.9562 1904
11.9562 1428
12.0409 1904
12.0409 1428
12.1256 1904
12.1256 1428
12.2103 1904
12.2103 1428
12.295 1904
12.295 1428
12.3797 1904
12.3797 1428
12.4644 1904
12.4644 1428
12.5491 1904
12.5491 1428
12.6338 1904
12.6338 1428
12.7185 1904
12.7185 1428
12.8032 1904
12.8032 1428
12.8879 1904
12.8879 1428
12.9726 1904
12.9726 1428
13.0573 1904
13.0573 1428
13.142 1904
13.142 1428
13.2267 1904
13.2267 1428
13.3114 1904
13.3114 1428
13.3961 1904
13.3961 1428
13.4808 1904
13.4808 1428
13.5655 1904
13.5655 1428
13.6502 1904
13.6502 1428
13.7349 1904
13.7349 1428
13.8196 1904
13.8196 1428
13.9043 1904
13.9043 1428
13.989 1904
13.989 1428
14.0737 1904
14.0737 1428
14.1584 1904
14.1584 1428
14.2431 1904
14.2431 1428
14.3278 1904
14.3278 1428
14.4125 1904
14.4125 1428
14.4972 1904
14.4972 1428
14.5819 1904
14.5819 1428
14.6666 1904
14.6666 1428
14.7513 1904
14.7513 1428
14.836 1904
14.836 1428
14.9207 1904
14.9207 1428
15.0054 1904
15.0054 1428
15.0901 1904
15.0901 1428
15.1748 1904
15.1748 1428
15.2595 1904
15.2595 1428
15.3442 1904
15.3442 1428
15.4289 1904
15.4289 1428
15.5136 1904
15.5136 1428
15.5983 1904
15.5983 1428
15.683 1904
15.683 1428
15.7677 1904
15.7677 1428
15.8524 1904
15.8524 1428
15.9371 1904
15.9371 1428
16.0218 1904
16.0218 1428
16.1065 1904
16.1065 1428
16.1912 1904
16.1912 1428
16.2759 1904
16.2759 1428
16.3606 1904
16.3606 1428
16.4453 1904
16.4453 1428
16.53 1904
16.53 1428
16.6147 1904
16.6147 1428
16.6994 1904
16.6994 1428
16.7841 1904
16.7841 1428
16.8688 1904
16.8688 1428
16.9535 1904
16.9535 1428
17.0382 1904
17.0382 1428
17.1229 1904
17.1229 1428
17.2076 1904
17.2076 1428
17.2923 1904
17.2923 1428
17.377 1904
17.377 1428
17.4617 1904
17.4617 1428
17.5464 1904
17.5464 1428
17.6311 1904
17.6311 1428
17.7158 1904
17.7158 1428
17.8005 1904
17.8005 1428
17.8852 1904
17.8852 1428
17.9699 1904
17.9699 1428
18.0546 1904
18.0546 1428
18.1394 1904
18.1394 1428
18.2241 1904
18.2241 1428
18.3088 1904
18.3088 1428
18.3935 1904
18.3935 1428
18.4782 1904
18.4782 1428
18.5629 1904
18.5629 1428
18.6476 1904
18.6476 1428
18.7323 1904
18.7323 1428
18.817 1904
18.817 1428
18.9017 1904
18.9017 1428
18.9864 1904
18.9864 1428
19.0711 1904
19.0711 1428
19.1558 1904
19.1558 1428
19.2405 1904
19.2405 1428
19.3252 1904
19.3252 1428
19.4099 1904
19.4099 1428
19.4946 1904
19.4946 1428
19.5793 1904
19.5793 1428
19.664 1904
19.664 1428
19.7487 1904
19.7487 1428
19.8334 1904
19.8334 1428
19.9181 1904
19.9181 1428
20.0028 1904
20.0028 1428
20.0875 1904
20.0875 1428
20.1722 1904
20.1722 1428
20.2569 1904
20.2569 1428
20.3416 1904
20.3416 1428
20.4263 1904
20.4263 1428
20.511 1904
20.511 1428
20.5991 1904
20.5991 1428
20.7161 1904
20.7161 1428
20.8331 1904
20.8331 1428
20.9501 1904
20.9501 1428
21.0672 1904
21.0672 1428
21.1524 1904
21.1524 1428
21.2384 1904
21.2384 1428
21.3254 1904
21.3254 1428
21.4131 1904
21.4131 1428
21.5085 1904
21.5085 1428
21.6001 1904
21.6001 1428
21.6913 1904
21.6913 1428
21.7833 1904
21.7833 1428
21.8761 1904
21.8761 1428
21.9698 1904
21.9698 1428
22.0644 1904
22.0644 1428
22.1636 1904
22.1636 1428
22.2645 1904
22.2645 1428
22.3625 1904
22.3625 1428
22.4613 1904
22.4613 1428
22.5609 1904
22.5609 1428
22.6614 1904
22.6614 1428
22.7627 1904
22.7627 1428
22.8708 1904
22.8708 1428
22.9756 1904
22.9756 1428
23.0803 1904
23.0803 1428
23.1859 1904
23.1859 1428
23.2923 1904
23.2923 1428
23.3996 1904
23.3996 1428
23.509 1904
23.509 1428
23.6226 1904
23.6226 1428
23.732 1904
23.732 1428
23.8422 1904
23.8422 1428
23.9533 1904
23.9533 1428
24.0653 1904
24.0653 1428
24.178 1904
24.178 1428
24.2925 1904
24.2925 1428
24.4019 1904
24.4019 1428
24.5122 1904
24.5122 1428
24.6232 1904
24.6232 1428
24.7352 1904
24.7352 1428
24.848 1904
24.848 1428
24.9633 1904
24.9633 1428
25.0727 1904
25.0727 1428
25.1829 1904
25.1829 1428
25.294 1904
25.294 1428
25.4059 1904
25.4059 1428
25.5187 1904
25.5187 1428
25.6349 1904
25.6349 1428
25.7443 1904
25.7443 1428
25.8545 1904
25.8545 1428
25.9656 1904
25.9656 1428
26.0776 1904
26.0776 1428
26.1903 1904
26.1903 1428
26.3069 1904
26.3069 1428
26.4163 1904
26.4163 1428
26.5266 1904
26.5266 1428
26.6377 1904
26.6377 1428
26.7496 1904
26.7496 1428
26.8624 1904
26.8624 1428
26.9794 1904
26.9794 1428
27.0884 1904
27.0884 1428
27.1982 1904
27.1982 1428
27.3089 1904
27.3089 1428
27.4204 1904
27.4204 1428
27.5327 1904
27.5327 1428
27.6502 1904
27.6502 1428
27.7587 1904
27.7587 1428
27.8681 1904
27.8681 1428
27.9784 1904
27.9784 1428
28.0894 1904
28.0894 1428
28.2014 1904
28.2014 1428
28.3184 1904
28.3184 1428
28.4269 1904
28.4269 1428
28.5363 1904
28.5363 1428
28.6466 1904
28.6466 1428
28.7577 1904
28.7577 1428
28.8696 1904
28.8696 1428
28.9866 1904
28.9866 1428
29.0952 1904
29.0952 1428
29.2046 1904
29.2046 1428
29.3148 1904
29.3148 1428
29.4259 1904
29.4259 1428
29.5378 1904
29.5378 1428
29.6548 1904
29.6548 1428
29.7642 1904
29.7642 1428
29.8736 1904
29.8736 1428
29.9839 1904
29.9839 1428
30.095 1904
30.095 1428
30.2069 1904
30.2069 1428
30.293 1904
30.293 1428
30.3786 1904
30.3786 1428
30.4633 1904
30.4633 1428
30.548 1904
30.548 1428
30.6396 1904
30.6396 1428
30.7308 1904
30.7308 1428
30.8194 1904
30.8194 1428
30.9088 1904
30.9088 1428
30.9992 1904
30.9992 1428
31.0903 1904
31.0903 1428
31.1823 1904
31.1823 1428
31.2752 1904
31.2752 1428
31.3778 1904
31.3778 1428
31.4732 1904
31.4732 1428
31.5694 1904
31.5694 1428
31.6665 1904
31.6665 1428
31.7645 1904
31.7645 1428
31.8633 1904
31.8633 1428
31.9629 1904
31.9629 1428
32.0723 1904
32.0723 1428
32.1745 1904
32.1745 1428
32.2775 1904
32.2775 1428
32.3814 1904
32.3814 1428
32.4861 1904
32.4861 1428
32.5917 1904
32.5917 1428
32.7024 1904
32.7024 1428
32.813 1904
32.813 1428
32.9224 1904
32.9224 1428
33.0327 1904
33.0327 1428
33.1437 1904
33.1437 1428
33.2557 1904
33.2557 1428
33.3702 1904
33.3702 1428
33.4829 1904
33.4829 1428
33.5923 1904
33.5923 1428
33.7026 1904
33.7026 1428
33.8137 1904
33.8137 1428
33.9256 1904
33.9256 1428
34.0388 1904
34.0388 1428
34.1533 1904
34.1533 1428
34.2627 1904
34.2627 1428
34.3729 1904
34.3729 1428
34.484 1904
34.484 1428
34.5959 1904
34.5959 1428
34.7087 1904
34.7087 1428
34.8245 1904
34.8245 1428
34.9339 1904
34.9339 1428
35.0441 1904
35.0441 1428
35.1552 1904
35.1552 1428
35.2671 1904
35.2671 1428
35.3799 1904
35.3799 1428
35.4969 1904
35.4969 1428
35.6059 1904
35.6059 1428
35.7157 1904
35.7157 1428
35.8264 1904
35.8264 1428
35.9379 1904
35.9379 1428
36.0503 1904
36.0503 1428
36.1673 1904
36.1673 1428
36.2758 1904
36.2758 1428
36.3852 1904
36.3852 1428
36.4955 1904
36.4955 1428
36.6066 1904
36.6066 1428
36.7185 1904
36.7185 1428
36.8355 1904
36.8355 1428
36.9441 1904
36.9441 1428
37.0534 1904
37.0534 1428
37.1637 1904
37.1637 1428
37.2748 1904
37.2748 1428
37.3867 1904
37.3867 1428
37.5037 1904
37.5037 1428
37.614 1904
37.614 1428
37.7234 1904
37.7234 1428
37.8336 1904
37.8336 1428
37.9447 1904
37.9447 1428
38.0566 1904
38.0566 1428
38.172 1904
38.172 1428
38.2839 1904
38.2839 1428
38.3933 1904
38.3933 1428
38.5035 1904
38.5035 1428
38.6146 1904
38.6146 1428
38.7266 1904
38.7266 1428
38.8402 1904
38.8402 1428
38.9538 1904
38.9538 1428
39.0632 1904
39.0632 1428
39.1734 1904
39.1734 1428
39.2845 1904
39.2845 1428
39.3965 1904
39.3965 1428
39.5093 1904
39.5093 1428
39.6246 1904
39.6246 1428
39.734 1904
39.734 1428
39.8442 1904
39.8442 1428
39.9553 1904
39.9553 1428
40.0672 1904
40.0672 1428
40.1801 1904
40.1801 1428
40.301 1904
40.301 1428
40.4214 1904
40.4214 1428
40.5469 1904
40.5469 1428
40.6681 1904
40.6681 1428
40.8013 1904
40.8013 1428
40.9887 1904
40.9887 1428
41.1942 1904
41.1942 1428
41.2253 1904
41.2253 1428
41.4585 1904
41.4585 1428
41.6614 1904
41.6614 1428
41.6946 1904
41.6946 1428
41.9278 1904
41.9278 1428
42.1308 1904
42.1308 1428
42.1348 1904
42.1348 1428
42.3281 1904
42.3281 1428
42.5319 1904
42.5319 1428
42.5452 1904
42.5452 1428
42.7737 1904
42.7737 1428
42.9771 1904
42.9771 1428
43.0031 1904
43.0031 1428
43.2333 1904
43.2333 1428
43.4367 1904
43.4367 1428
43.467 1904
43.467 1428
43.6976 1904
43.6976 1428
43.901 1904
43.901 1428
43.927 1904
43.927 1428
44.1572 1904
44.1572 1428
44.3602 1904
44.3602 1428
44.3904 1904
44.3904 1428
44.6198 1904
44.6198 1428
44.8232 1904
44.8232 1428
44.8479 1904
44.8479 1428
45.0765 1904
45.0765 1428
45.279 1904
45.279 1428
45.3084 1904
45.3084 1428
45.5378 1904
45.5378 1428
45.7407 1904
45.7407 1428
45.7612 1904
45.7612 1428
45.983 1904
45.983 1428
46.1868 1904
46.1868 1428
46.2111 1904
46.2111 1428
46.4405 1904
46.4405 1428
46.643 1904
46.643 1428
46.6669 1904
46.6669 1428
46.8891 1904
46.8891 1428
47.0925 1904
47.0925 1428
47.118 1904
47.118 1428
47.3483 1904
47.3483 1428
47.5512 1904
47.5512 1428
47.5772 1904
47.5772 1428
47.8007 1904
47.8007 1428
48.0041 1904
48.0041 1428
48.0313 1904
48.0313 1428
48.2628 1904
48.2628 1428
48.4654 1904
48.4654 1428
48.4926 1904
48.4926 1428
48.7195 1904
48.7195 1428
48.9224 1904
48.9224 1428
48.9522 1904
48.9522 1428
49.1842 1904
49.1842 1428
49.3867 1904
49.3867 1428
49.4148 1904
49.4148 1428
49.6434 1904
49.6434 1428
49.8463 1904
49.8463 1428
49.8761 1904
49.8761 1428
50.1076 1904
50.1076 1428
50.3106 1904
50.3106 1428
50.3392 1904
50.3392 1428
50.5414 1904
50.5414 1428
50.7301 1904
50.7301 1428
50.9222 1904
50.9222 1428
51.093 1904
51.093 1428
51.2491 1904
51.2491 1428
51.4089 1904
51.4089 1428
51.5798 1904
51.5798 1428
51.7562 1904
51.7562 1428
51.9364 1904
51.9364 1428
52.1276 1904
52.1276 1428
52.331 1904
52.331 1428
52.3358 1904
52.3358 1428
52.5554 1904
52.5554 1428
52.7588 1904
52.7588 1428
52.792 1904
52.792 1428
53.0214 1904
53.0214 1428
53.2243 1904
53.2243 1428
53.255 1904
53.255 1428
53.4882 1904
53.4882 1428
53.6912 1904
53.6912 1428
53.7244 1904
53.7244 1428
53.9576 1904
53.9576 1428
54.1605 1904
54.1605 1428
54.1929 1904
54.1929 1428
54.4235 1904
54.4235 1428
54.6265 1904
54.6265 1428
54.6567 1904
54.6567 1428
54.8899 1904
54.8899 1428
55.0929 1904
55.0929 1428
55.1261 1904
55.1261 1428
55.3593 1904
55.3593 1428
55.5627 1904
55.5627 1428
55.5891 1904
55.5891 1428
55.81 1904
55.81 1428
56.013 1904
56.013 1428
56.036 1904
56.036 1428
56.2616 1904
56.2616 1428
56.465 1904
56.465 1428
56.4939 1904
56.4939 1428
56.7233 1904
56.7233 1428
56.9267 1904
56.9267 1428
56.9489 1904
56.9489 1428
57.1723 1904
57.1723 1428
57.3762 1904
57.3762 1428
57.403 1904
57.403 1428
57.6353 1904
57.6353 1428
57.8383 1904
57.8383 1428
57.8719 1904
57.8719 1428
58.0992 1904
58.0992 1428
58.3026 1904
58.3026 1428
58.326 1904
58.326 1428
58.5542 1904
58.5542 1428
58.7575 1904
58.7575 1428
58.7895 1904
58.7895 1428
59.0231 1904
59.0231 1428
59.2256 1904
59.2256 1428
59.2546 1904
59.2546 1428
59.4789 1904
59.4789 1428
59.6819 1904
59.6819 1428
59.7074 1904
59.7074 1428
59.9368 1904
59.9368 1428
60.1398 1904
60.1398 1428
60.1717 1904
60.1717 1428
60.4041 1904
60.4041 1428
60.6075 1904
60.6075 1428
60.6391 1904
60.6391 1428
60.8727 1904
60.8727 1428
61.0761 1904
61.0761 1428
61.1194 1904
61.1194 1428
61.3671 1904
61.3671 1428
61.5705 1904
61.5705 1428
61.574 1904
61.574 1428
61.761 1904
61.761 1428
61.959 1904
61.959 1428
62.1628 1904
62.1628 1428
62.2066 1904
62.2066 1428
62.4533 1904
62.4533 1428
62.5454 1904
62.5454 1428
62.6301 1904
62.6301 1428
62.7148 1904
62.7148 1428
62.7995 1904
62.7995 1428
62.8842 1904
62.8842 1428
62.9689 1904
62.9689 1428
63.0536 1904
63.0536 1428
63.1383 1904
63.1383 1428
63.223 1904
63.223 1428
63.3077 1904
63.3077 1428
63.3924 1904
63.3924 1428
63.4771 1904
63.4771 1428
63.5618 1904
63.5618 1428
63.6465 1904
63.6465 1428
63.7312 1904
63.7312 1428
63.8159 1904
63.8159 1428
63.9006 1904
63.9006 1428
63.9853 1904
63.9853 1428
64.07 1904
64.07 1428
64.1547 1904
64.1547 1428
64.2394 1904
64.2394 1428
64.3241 1904
64.3241 1428
64.4088 1904
64.4088 1428
64.4935 1904
64.4935 1428
64.5782 1904
64.5782 1428
64.6629 1904
64.6629 1428
64.7476 1904
64.7476 1428
64.8323 1904
64.8323 1428
64.917 1904
64.917 1428
65.0017 1904
65.0017 1428
65.0864 1904
65.0864 1428
65.1711 1904
65.1711 1428
65.2558 1904
65.2558 1428
65.3405 1904
65.3405 1428
65.4255 1904
65.4255 1428
65.5105 1904
65.5105 1428
65.5952 1904
65.5952 1428
65.6799 1904
65.6799 1428
65.7649 1904
65.7649 1428
65.8496 1904
65.8496 1428
65.9343 1904
65.9343 1428
66.019 1904
66.019 1428
66.1039 1904
66.1039 1428
66.1886 1904
66.1886 1428
66.2733 1904
66.2733 1428
66.358 1904
66.358 1428
66.4427 1904
66.4427 1428
66.5274 1904
66.5274 1428
66.6121 1904
66.6121 1428
66.6968 1904
66.6968 1428
66.7815 1904
66.7815 1428
66.8666 1904
66.8666 1428
66.9513 1904
66.9513 1428
67.036 1904
67.036 1428
67.121 1904
67.121 1428
67.2058 1904
67.2058 1428
67.2905 1904
67.2905 1428
67.3752 1904
67.3752 1428
67.4599 1904
67.4599 1428
67.5446 1904
67.5446 1428
67.6297 1904
67.6297 1428
67.7146 1904
67.7146 1428
67.7996 1904
67.7996 1428
67.8843 1904
67.8843 1428
67.969 1904
67.969 1428
68.0537 1904
68.0537 1428
68.1384 1904
68.1384 1428
68.2233 1904
68.2233 1428
68.3082 1904
68.3082 1428
68.3935 1904
68.3935 1428
68.4847 1904
68.4847 1428
68.5746 1904
68.5746 1428
68.6628 1904
68.6628 1428
68.7522 1904
68.7522 1428
68.8434 1904
68.8434 1428
68.9358 1904
68.9358 1428
69.0304 1904
69.0304 1428
69.1275 1904
69.1275 1428
69.2343 1904
69.2343 1428
69.3356 1904
69.3356 1428
69.4395 1904
69.4395 1428
69.5459 1904
69.5459 1428
69.6541 1904
69.6541 1428
69.7643 1904
69.7643 1428
69.883 1904
69.883 1428
69.9967 1904
69.9967 1428
70.1133 1904
70.1133 1428
70.2333 1904
70.2333 1428
70.3541 1904
70.3541 1428
70.4766 1904
70.4766 1428
70.5996 1904
70.5996 1428
70.7175 1904
70.7175 1428
70.8396 1904
70.8396 1428
70.963 1904
70.963 1428
71.0863 1904
71.0863 1428
71.2106 1904
71.2106 1428
71.3314 1904
71.3314 1428
71.4531 1904
71.4531 1428
71.5773 1904
71.5773 1428
71.7024 1904
71.7024 1428
71.8271 1904
71.8271 1428
71.9526 1904
71.9526 1428
72.0721 1904
72.0721 1428
72.1951 1904
72.1951 1428
72.321 1904
72.321 1428
72.4461 1904
72.4461 1428
72.572 1904
72.572 1428
72.695 1904
72.695 1428
72.8137 1904
72.8137 1428
72.9346 1904
72.9346 1428
73.0579 1904
73.0579 1428
73.1843 1904
73.1843 1428
73.3111 1904
73.3111 1428
73.4319 1904
73.4319 1428
73.557 1904
73.557 1428
73.6855 1904
73.6855 1428
73.8156 1904
73.8156 1428
73.9466 1904
73.9466 1428
74.0768 1904
74.0768 1428
74.2104 1904
74.2104 1428
74.3452 1904
74.3452 1428
74.4822 1904
74.4822 1428
74.6195 1904
74.6195 1428
74.7573 1904
74.7573 1428
74.8956 1904
74.8956 1428
75.0351 1904
75.0351 1428
75.1741 1904
75.1741 1428
75.314 1904
75.314 1428
75.4518 1904
75.4518 1428
75.5909 1904
75.5909 1428
75.7325 1904
75.7325 1428
75.872 1904
75.872 1428
76.0145 1904
76.0145 1428
76.1527 1904
76.1527 1428
76.2914 1904
76.2914 1428
76.4338 1904
76.4338 1428
76.5767 1904
76.5767 1428
76.7226 1904
76.7226 1428
76.8616 1904
76.8616 1428
77.0071 1904
77.0071 1428
77.1538 1904
77.1538 1428
77.3005 1904
77.3005 1428
77.448 1904
77.448 1428
77.5922 1904
77.5922 1428
77.7423 1904
77.7423 1428
77.8894 1904
77.8894 1428
78.0391 1904
78.0391 1428
78.1883 1904
78.1883 1428
78.3333 1904
78.3333 1428
78.4563 1904
78.4563 1428
78.5598 1904
78.5598 1428
78.6692 1904
78.6692 1428
78.7858 1904
78.7858 1428
78.9121 1904
78.9121 1428
79.041 1904
79.041 1428
79.1741 1904
79.1741 1428
79.3149 1904
79.3149 1428
79.4637 1904
79.4637 1428
79.6198 1904
79.6198 1428
79.7792 1904
79.7792 1428
79.9352 1904
79.9352 1428
80.0946 1904
80.0946 1428
80.2554 1904
80.2554 1428
80.4208 1904
80.4208 1428
80.5938 1904
80.5938 1428
80.7706 1904
80.7706 1428
80.9703 1904
80.9703 1428
81.1737 1904
81.1737 1428
81.2103 1904
81.2103 1428
81.4579 1904
81.4579 1428
81.558 1904
81.558 1428
81.6427 1904
81.6427 1428
81.7274 1904
81.7274 1428
81.8121 1904
81.8121 1428
81.8968 1904
81.8968 1428
81.9815 1904
81.9815 1428
82.0662 1904
82.0662 1428
82.1509 1904
82.1509 1428
82.2356 1904
82.2356 1428
82.3203 1904
82.3203 1428
82.405 1904
82.405 1428
82.4897 1904
82.4897 1428
82.5744 1904
82.5744 1428
82.6591 1904
82.6591 1428
82.7438 1904
82.7438 1428
82.8285 1904
82.8285 1428
82.9132 1904
82.9132 1428
82.9979 1904
82.9979 1428
83.0826 1904
83.0826 1428
83.1673 1904
83.1673 1428
83.252 1904
83.252 1428
83.3367 1904
83.3367 1428
83.4214 1904
83.4214 1428
83.5061 1904
83.5061 1428
83.5908 1904
83.5908 1428
83.6755 1904
83.6755 1428
83.7602 1904
83.7602 1428
83.8449 1904
83.8449 1428
83.9296 1904
83.9296 1428
84.0143 1904
84.0143 1428
84.099 1904
84.099 1428
84.1837 1904
84.1837 1428
84.2684 1904
84.2684 1428
84.3531 1904
84.3531 1428
84.4378 1904
84.4378 1428
84.5225 1904
84.5225 1428
84.6072 1904
84.6072 1428
84.6919 1904
84.6919 1428
84.7766 1904
84.7766 1428
84.8613 1904
84.8613 1428
84.946 1904
84.946 1428
85.0307 1904
85.0307 1428
85.1154 1904
85.1154 1428
85.2001 1904
85.2001 1428
85.2848 1904
85.2848 1428
85.3695 1904
85.3695 1428
85.4542 1904
85.4542 1428
85.5389 1904
85.5389 1428
85.6236 1904
85.6236 1428
85.7083 1904
85.7083 1428
85.793 1904
85.793 1428
85.8777 1904
85.8777 1428
85.9624 1904
85.9624 1428
86.0471 1904
86.0471 1428
86.1318 1904
86.1318 1428
86.2165 1904
86.2165 1428
86.3012 1904
86.3012 1428
86.3859 1904
86.3859 1428
86.4706 1904
86.4706 1428
86.5553 1904
86.5553 1428
86.64 1904
86.64 1428
86.7247 1904
86.7247 1428
86.8094 1904
86.8094 1428
86.8941 1904
86.8941 1428
86.9791 1904
86.9791 1428
87.064 1904
87.064 1428
87.1491 1904
87.1491 1428
87.2338 1904
87.2338 1428
87.3188 1904
87.3188 1428
87.4035 1904
87.4035 1428
87.4886 1904
87.4886 1428
87.5733 1904
87.5733 1428
87.658 1904
87.658 1428
87.7427 1904
87.7427 1428
87.8274 1904
87.8274 1428
87.9122 1904
87.9122 1428
87.9972 1904
87.9972 1428
88.0819 1904
88.0819 1428
88.1669 1904
88.1669 1428
88.2516 1904
88.2516 1428
88.3366 1904
88.3366 1428
88.4217 1904
88.4217 1428
88.5072 1904
88.5072 1428
88.593 1904
88.593 1428
88.6854 1904
88.6854 1428
88.7757 1904
88.7757 1428
88.8648 1904
88.8648 1428
88.9551 1904
88.9551 1428
89.0463 1904
89.0463 1428
89.1383 1904
89.1383 1428
89.2311 1904
89.2311 1428
89.3269 1904
89.3269 1428
89.4291 1904
89.4291 1428
89.5271 1904
89.5271 1428
89.6267 1904
89.6267 1428
89.728 1904
89.728 1428
89.8315 1904
89.8315 1428
89.9375 1904
89.9375 1428
90.0494 1904
90.0494 1428
90.1635 1904
90.1635 1428
90.2788 1904
90.2788 1428
90.3975 1904
90.3975 1428
90.5188 1904
90.5188 1428
90.6409 1904
90.6409 1428
90.7626 1904
90.7626 1428
90.8788 1904
90.8788 1428
90.9988 1904
90.9988 1428
91.1222 1904
91.1222 1428
91.2451 1904
91.2451 1428
91.3685 1904
91.3685 1428
91.4919 1904
91.4919 1428
91.6136 1904
91.6136 1428
91.7387 1904
91.7387 1428
91.8646 1904
91.8646 1428
91.9914 1904
91.9914 1428
92.119 1904
92.119 1428
92.2436 1904
92.2436 1428
92.3721 1904
92.3721 1428
92.5027 1904
92.5027 1428
92.6341 1904
92.6341 1428
92.7669 1904
92.7669 1428
92.8996 1904
92.8996 1428
93.0352 1904
93.0352 1428
93.1722 1904
93.1722 1428
93.3104 1904
93.3104 1428
93.4503 1904
93.4503 1428
93.5894 1904
93.5894 1428
93.7298 1904
93.7298 1428
93.8714 1904
93.8714 1428
94.0126 1904
94.0126 1428
94.1542 1904
94.1542 1428
94.2933 1904
94.2933 1428
94.4366 1904
94.4366 1428
94.5803 1904
94.5803 1428
94.7249 1904
94.7249 1428
94.8703 1904
94.8703 1428
95.0128 1904
95.0128 1428
95.1582 1904
95.1582 1428
95.3041 1904
95.3041 1428
95.4512 1904
95.4512 1428
95.5987 1904
95.5987 1428
95.7421 1904
95.7421 1428
95.8905 1904
95.8905 1428
96.0401 1904
96.0401 1428
96.1902 1904
96.1902 1428
96.3386 1904
96.3386 1428
96.49 1904
96.49 1428
96.6409 1904
96.6409 1428
96.7923 1904
96.7923 1428
96.9454 1904
96.9454 1428
97.0955 1904
97.0955 1428
97.2485 1904
97.2485 1428
97.4029 1904
97.4029 1428
97.5593 1904
97.5593 1428
97.7132 1904
97.7132 1428
97.8701 1904
97.8701 1428
98.0287 1904
98.0287 1428
98.1881 1904
98.1881 1428
98.3475 1904
98.3475 1428
98.5061 1904
98.5061 1428
98.6448 1904
98.6448 1428
98.7639 1904
98.7639 1428
98.8894 1904
98.8894 1428
99.0242 1904
99.0242 1428
99.1659 1904
99.1659 1428
99.3143 1904
99.3143 1428
99.4737 1904
99.4737 1428
99.6357 1904
99.6357 1428
99.798 1904
99.798 1428
99.9664 1904
99.9664 1428
100.138 1904
100.138 1428
100.31 1904
100.31 1428
100.453 1904
100.453 1428
100.55 1904
100.55 1428
100.635 1904
100.635 1428
100.72 1904
100.72 1428
100.804 1904
100.804 1428
100.889 1904
100.889 1428
100.974 1904
100.974 1428
101.059 1904
101.059 1428
101.144 1904
101.144 1428
101.229 1904
101.229 1428
101.314 1904
101.314 1428
101.401 1904
101.401 1428
101.495 1904
101.495 1428
101.583 1904
101.583 1428
101.673 1904
101.673 1428
101.763 1904
101.763 1428
101.855 1904
101.855 1428
101.949 1904
101.949 1428
102.043 1904
102.043 1428
102.144 1904
102.144 1428
102.245 1904
102.245 1428
102.345 1904
102.345 1428
102.447 1904
102.447 1428
102.55 1904
102.55 1428
102.654 1904
102.654 1428
102.761 1904
102.761 1428
102.877 1904
102.877 1428
102.988 1904
102.988 1428
103.101 1904
103.101 1428
103.215 1904
103.215 1428
103.332 1904
103.332 1428
103.452 1904
103.452 1428
103.572 1904
103.572 1428
103.686 1904
103.686 1428
103.802 1904
103.802 1428
103.919 1904
103.919 1428
104.038 1904
104.038 1428
104.16 1904
104.16 1428
104.281 1904
104.281 1428
104.397 1904
104.397 1428
104.517 1904
104.517 1428
104.639 1904
104.639 1428
104.763 1904
104.763 1428
104.888 1904
104.888 1428
105.009 1904
105.009 1428
105.134 1904
105.134 1428
105.261 1904
105.261 1428
105.388 1904
105.388 1428
105.516 1904
105.516 1428
105.645 1904
105.645 1428
105.775 1904
105.775 1428
105.907 1904
105.907 1428
106.039 1904
106.039 1428
106.173 1904
106.173 1428
106.309 1904
106.309 1428
106.442 1904
106.442 1428
106.578 1904
106.578 1428
106.716 1904
106.716 1428
106.854 1904
106.854 1428
106.993 1904
106.993 1428
107.131 1904
107.131 1428
107.272 1904
107.272 1428
107.414 1904
107.414 1428
107.558 1904
107.558 1428
107.703 1904
107.703 1428
107.848 1904
107.848 1428
107.997 1904
107.997 1428
108.149 1904
108.149 1428
108.301 1904
108.301 1428
108.453 1904
108.453 1428
108.607 1904
108.607 1428
108.763 1904
108.763 1428
108.919 1904
108.919 1428
109.076 1904
109.076 1428
109.235 1904
109.235 1428
109.395 1904
109.395 1428
109.554 1904
109.554 1428
109.717 1904
109.717 1428
109.877 1904
109.877 1428
110.041 1904
110.041 1428
110.206 1904
110.206 1428
110.371 1904
110.371 1428
110.537 1904
110.537 1428
110.703 1904
110.703 1428
110.872 1904
110.872 1428
111.044 1904
111.044 1428
111.215 1904
111.215 1428
111.388 1904
111.388 1428
111.539 1904
111.539 1428
111.675 1904
111.675 1428
111.819 1904
111.819 1428
111.982 1904
111.982 1428
112.144 1904
112.144 1428
112.309 1904
112.309 1428
112.485 1904
112.485 1428
112.671 1904
112.671 1428
112.853 1904
112.853 1428
113.04 1904
113.04 1428
113.229 1904
113.229 1428
113.419 1904
113.419 1428
113.609 1904
113.609 1428
113.804 1904
113.804 1428
113.996 1904
113.996 1428
114.192 1904
114.192 1428
114.391 1904
114.391 1428
114.591 1904
114.591 1428
114.793 1904
114.793 1428
114.996 1904
114.996 1428
115.001 1904
115.001 1428
115.206 1904
115.206 1428
115.408 1904
115.408 1428
115.414 1904
115.414 1428
115.623 1904
115.623 1428
115.827 1904
115.827 1428
115.838 1904
115.838 1428
116.054 1904
116.054 1428
116.257 1904
116.257 1428
116.272 1904
116.272 1428
116.488 1904
116.488 1428
116.691 1904
116.691 1428
116.713 1904
116.713 1428
116.939 1904
116.939 1428
117.141 1904
117.141 1428
117.172 1904
117.172 1428
117.4 1904
117.4 1428
117.603 1904
117.603 1428
117.634 1904
117.634 1428
117.869 1904
117.869 1428
118.072 1904
118.072 1428
118.112 1904
118.112 1428
118.356 1904
118.356 1428
118.559 1904
118.559 1428
118.603 1904
118.603 1428
118.848 1904
118.848 1428
119.032 1904
119.032 1428
119.129 1904
119.129 1428
119.214 1904
119.214 1428
119.299 1904
119.299 1428
119.384 1904
119.384 1428
119.469 1904
119.469 1428
119.554 1904
119.554 1428
119.64 1904
119.64 1428
119.728 1904
119.728 1428
119.825 1904
119.825 1428
119.918 1904
119.918 1428
120.012 1904
120.012 1428
120.109 1904
120.109 1428
120.209 1904
120.209 1428
120.312 1904
120.312 1428
120.418 1904
120.418 1428
120.535 1904
120.535 1428
120.649 1904
120.649 1428
120.766 1904
120.766 1428
120.887 1904
120.887 1428
121.012 1904
121.012 1428
121.142 1904
121.142 1428
121.283 1904
121.283 1428
121.422 1904
121.422 1428
121.567 1904
121.567 1428
121.718 1904
121.718 1428
121.875 1904
121.875 1428
122.041 1904
122.041 1428
122.209 1904
122.209 1428
122.383 1904
122.383 1428
122.56 1904
122.56 1428
122.734 1904
122.734 1428
122.909 1904
122.909 1428
123.085 1904
123.085 1428
123.262 1904
123.262 1428
123.433 1904
123.433 1428
123.605 1904
123.605 1428
123.78 1904
123.78 1428
123.957 1904
123.957 1428
124.128 1904
124.128 1428
124.301 1904
124.301 1428
124.477 1904
124.477 1428
124.653 1904
124.653 1428
124.825 1904
124.825 1428
124.998 1904
124.998 1428
125.174 1904
125.174 1428
125.35 1904
125.35 1428
125.522 1904
125.522 1428
125.694 1904
125.694 1428
125.869 1904
125.869 1428
126.045 1904
126.045 1428
126.216 1904
126.216 1428
126.388 1904
126.388 1428
126.561 1904
126.561 1428
126.737 1904
126.737 1428
126.908 1904
126.908 1428
127.08 1904
127.08 1428
127.255 1904
127.255 1428
127.431 1904
127.431 1428
127.603 1904
127.603 1428
127.775 1904
127.775 1428
127.95 1904
127.95 1428
128.126 1904
128.126 1428
128.298 1904
128.298 1428
128.47 1904
128.47 1428
128.645 1904
128.645 1428
128.821 1904
128.821 1428
128.993 1904
128.993 1428
129.165 1904
129.165 1428
129.34 1904
129.34 1428
129.515 1904
129.515 1428
129.673 1904
129.673 1428
129.8 1904
129.8 1428
129.924 1904
129.924 1428
130.035 1904
130.035 1428
130.155 1904
130.155 1428
130.281 1904
130.281 1428
130.418 1904
130.418 1428
130.559 1904
130.559 1428
130.708 1904
130.708 1428
130.866 1904
130.866 1428
131.034 1904
131.034 1428
131.214 1904
131.214 1428
131.399 1904
131.399 1428
131.587 1904
131.587 1428
131.777 1904
131.777 1428
131.969 1904
131.969 1428
132.161 1904
132.161 1428
132.351 1904
132.351 1428
132.546 1904
132.546 1428
132.742 1904
132.742 1428
132.943 1904
132.943 1428
133.137 1904
133.137 1428
133.336 1904
133.336 1428
133.537 1904
133.537 1428
133.739 1904
133.739 1428
133.941 1904
133.941 1428
134.139 1904
134.139 1428
134.342 1904
134.342 1428
134.346 1904
134.346 1428
134.552 1904
134.552 1428
134.755 1904
134.755 1428
134.765 1904
134.765 1428
134.971 1904
134.971 1428
135.174 1904
135.174 1428
135.183 1904
135.183 1428
135.394 1904
135.394 1428
135.597 1904
135.597 1428
135.613 1904
135.613 1428
135.823 1904
135.823 1428
136.026 1904
136.026 1428
136.036 1904
136.036 1428
136.25 1904
136.25 1428
136.454 1904
136.454 1428
136.472 1904
136.472 1428
136.685 1904
136.685 1428
136.888 1904
136.888 1428
136.902 1904
136.902 1428
137.119 1904
137.119 1428
137.322 1904
137.322 1428
137.342 1904
137.342 1428
137.557 1904
137.557 1428
137.76 1904
137.76 1428
137.774 1904
137.774 1428
137.992 1904
137.992 1428
138.195 1904
138.195 1428
138.217 1904
138.217 1428
138.433 1904
138.433 1428
138.636 1904
138.636 1428
138.65 1904
138.65 1428
138.869 1904
138.869 1428
139.072 1904
139.072 1428
139.095 1904
139.095 1428
139.312 1904
139.312 1428
139.516 1904
139.516 1428
139.532 1904
139.532 1428
139.752 1904
139.752 1428
139.956 1904
139.956 1428
139.979 1904
139.979 1428
140.196 1904
140.196 1428
140.365 1904
140.365 1428
140.509 1904
140.509 1428
140.664 1904
140.664 1428
140.818 1904
140.818 1428
140.979 1904
140.979 1428
141.149 1904
141.149 1428
141.328 1904
141.328 1428
141.517 1904
141.517 1428
141.712 1904
141.712 1428
141.916 1904
141.916 1428
141.925 1904
141.925 1428
142.14 1904
142.14 1428
142.344 1904
142.344 1428
142.37 1904
142.37 1428
142.601 1904
142.601 1428
142.804 1904
142.804 1428
142.837 1904
142.837 1428
143.071 1904
143.071 1428
143.274 1904
143.274 1428
143.303 1904
143.303 1428
143.536 1904
143.536 1428
143.74 1904
143.74 1428
143.773 1904
143.773 1428
144.007 1904
144.007 1428
144.21 1904
144.21 1428
144.243 1904
144.243 1428
144.472 1904
144.472 1428
144.675 1904
144.675 1428
144.708 1904
144.708 1428
144.942 1904
144.942 1428
145.145 1904
145.145 1428
145.173 1904
145.173 1428
145.405 1904
145.405 1428
145.608 1904
145.608 1428
145.637 1904
145.637 1428
145.869 1904
145.869 1428
146.072 1904
146.072 1428
146.107 1904
146.107 1428
146.336 1904
146.336 1428
146.539 1904
146.539 1428
146.572 1904
146.572 1428
146.801 1904
146.801 1428
147.005 1904
147.005 1428
147.038 1904
147.038 1428
147.272 1904
147.272 1428
147.475 1904
147.475 1428
147.504 1904
147.504 1428
147.737 1904
147.737 1428
147.94 1904
147.94 1428
147.97 1904
147.97 1428
148.203 1904
148.203 1428
148.407 1904
148.407 1428
148.441 1904
148.441 1428
148.669 1904
148.669 1428
148.872 1904
148.872 1428
148.904 1904
148.904 1428
149.133 1904
149.133 1428
149.336 1904
149.336 1428
149.368 1904
149.368 1428
149.603 1904
149.603 1428
149.805 1904
149.805 1428
149.835 1904
149.835 1428
150.066 1904
150.066 1428
150.268 1904
150.268 1428
150.372 1904
150.372 1428
150.457 1904
150.457 1428
150.542 1904
150.542 1428
150.627 1904
150.627 1428
150.711 1904
150.711 1428
150.796 1904
150.796 1428
150.881 1904
150.881 1428
150.966 1904
150.966 1428
151.051 1904
151.051 1428
151.136 1904
151.136 1428
151.221 1904
151.221 1428
151.313 1904
151.313 1428
151.404 1904
151.404 1428
151.493 1904
151.493 1428
151.583 1904
151.583 1428
151.674 1904
151.674 1428
151.766 1904
151.766 1428
151.859 1904
151.859 1428
151.954 1904
151.954 1428
152.057 1904
152.057 1428
152.154 1904
152.154 1428
152.253 1904
152.253 1428
152.353 1904
152.353 1428
152.454 1904
152.454 1428
152.557 1904
152.557 1428
152.663 1904
152.663 1428
152.773 1904
152.773 1428
152.88 1904
152.88 1428
152.988 1904
152.988 1428
153.098 1904
153.098 1428
153.21 1904
153.21 1428
153.325 1904
153.325 1428
153.442 1904
153.442 1428
153.556 1904
153.556 1428
153.671 1904
153.671 1428
153.788 1904
153.788 1428
153.908 1904
153.908 1428
154.027 1904
154.027 1428
154.144 1904
154.144 1428
154.26 1904
154.26 1428
154.378 1904
154.378 1428
154.499 1904
154.499 1428
154.621 1904
154.621 1428
154.744 1904
154.744 1428
154.86 1904
154.86 1428
154.978 1904
154.978 1428
155.1 1904
155.1 1428
155.224 1904
155.224 1428
155.348 1904
155.348 1428
155.473 1904
155.473 1428
155.593 1904
155.593 1428
155.717 1904
155.717 1428
155.844 1904
155.844 1428
155.971 1904
155.971 1428
156.1 1904
156.1 1428
156.226 1904
156.226 1428
156.357 1904
156.357 1428
156.488 1904
156.488 1428
156.621 1904
156.621 1428
156.756 1904
156.756 1428
156.891 1904
156.891 1428
157.028 1904
157.028 1428
157.166 1904
157.166 1428
157.304 1904
157.304 1428
157.443 1904
157.443 1428
157.581 1904
157.581 1428
157.718 1904
157.718 1428
157.858 1904
157.858 1428
157.999 1904
157.999 1428
158.141 1904
158.141 1428
158.28 1904
158.28 1428
158.423 1904
158.423 1428
158.566 1904
158.566 1428
158.709 1904
158.709 1428
158.853 1904
158.853 1428
158.993 1904
158.993 1428
159.138 1904
159.138 1428
159.283 1904
159.283 1428
159.429 1904
159.429 1428
159.576 1904
159.576 1428
159.719 1904
159.719 1428
159.865 1904
159.865 1428
160.013 1904
160.013 1428
160.163 1904
160.163 1428
160.31 1904
160.31 1428
160.457 1904
160.457 1428
160.607 1904
160.607 1428
160.76 1904
160.76 1428
160.912 1904
160.912 1428
161.062 1904
161.062 1428
161.201 1904
161.201 1428
161.325 1904
161.325 1428
161.437 1904
161.437 1428
161.556 1904
161.556 1428
161.681 1904
161.681 1428
161.81 1904
161.81 1428
161.944 1904
161.944 1428
162.085 1904
162.085 1428
162.234 1904
162.234 1428
162.384 1904
162.384 1428
162.542 1904
162.542 1428
162.702 1904
162.702 1428
162.864 1904
162.864 1428
163.03 1904
163.03 1428
163.191 1904
163.191 1428
163.355 1904
163.355 1428
163.522 1904
163.522 1428
163.688 1904
163.688 1428
163.856 1904
163.856 1428
164.024 1904
164.024 1428
164.193 1904
164.193 1428
164.364 1904
164.364 1428
164.535 1904
164.535 1428
164.707 1904
164.707 1428
164.882 1904
164.882 1428
165.053 1904
165.053 1428
165.227 1904
165.227 1428
165.403 1904
165.403 1428
165.58 1904
165.58 1428
165.761 1904
165.761 1428
165.938 1904
165.938 1428
166.117 1904
166.117 1428
166.299 1904
166.299 1428
166.48 1904
166.48 1428
166.666 1904
166.666 1428
166.847 1904
166.847 1428
167.032 1904
167.032 1428
167.219 1904
167.219 1428
167.407 1904
167.407 1428
167.598 1904
167.598 1428
167.785 1904
167.785 1428
167.977 1904
167.977 1428
168.17 1904
168.17 1428
168.364 1904
168.364 1428
168.558 1904
168.558 1428
168.753 1904
168.753 1428
168.951 1904
168.951 1428
169.151 1904
169.151 1428
169.354 1904
169.354 1428
169.357 1904
169.357 1428
169.556 1904
169.556 1428
169.759 1904
169.759 1428
169.762 1904
169.762 1428
169.969 1904
169.969 1428
170.172 1904
170.172 1428
170.178 1904
170.178 1428
170.387 1904
170.387 1428
170.59 1904
170.59 1428
170.601 1904
170.601 1428
170.815 1904
170.815 1428
171.018 1904
171.018 1428
171.033 1904
171.033 1428
171.248 1904
171.248 1428
171.452 1904
171.452 1428
171.466 1904
171.466 1428
171.634 1904
171.634 1428
171.785 1904
171.785 1428
171.933 1904
171.933 1428
172.089 1904
172.089 1428
172.259 1904
172.259 1428
172.432 1904
172.432 1428
172.62 1904
172.62 1428
172.816 1904
172.816 1428
173.019 1904
173.019 1428
173.025 1904
173.025 1428
173.242 1904
173.242 1428
173.445 1904
173.445 1428
173.474 1904
173.474 1428
173.697 1904
173.697 1428
173.9 1904
173.9 1428
173.928 1904
173.928 1428
174.158 1904
174.158 1428
174.361 1904
174.361 1428
174.393 1904
174.393 1428
174.626 1904
174.626 1428
174.829 1904
174.829 1428
174.855 1904
174.855 1428
175.085 1904
175.085 1428
175.287 1904
175.287 1428
175.315 1904
175.315 1428
175.547 1904
175.547 1428
175.75 1904
175.75 1428
175.783 1904
175.783 1428
176.01 1904
176.01 1428
176.213 1904
176.213 1428
176.243 1904
176.243 1428
176.472 1904
176.472 1428
176.675 1904
176.675 1428
176.708 1904
176.708 1428
176.942 1904
176.942 1428
177.144 1904
177.144 1428
177.172 1904
177.172 1428
177.404 1904
177.404 1428
177.607 1904
177.607 1428
177.636 1904
177.636 1428
177.869 1904
177.869 1428
178.071 1904
178.071 1428
178.105 1904
178.105 1428
178.332 1904
178.332 1428
178.535 1904
178.535 1428
178.567 1904
178.567 1428
178.795 1904
178.795 1428
178.998 1904
178.998 1428
179.029 1904
179.029 1428
179.263 1904
179.263 1428
179.465 1904
179.465 1428
179.493 1904
179.493 1428
179.724 1904
179.724 1428
179.928 1904
179.928 1428
179.955 1904
179.955 1428
180.187 1904
180.187 1428
180.391 1904
180.391 1428
180.423 1904
180.423 1428
180.65 1904
180.65 1428
180.853 1904
180.853 1428
180.884 1904
180.884 1428
181.112 1904
181.112 1428
181.316 1904
181.316 1428
181.346 1904
181.346 1428
181.58 1904
181.58 1428
181.782 1904
181.782 1428
181.81 1904
181.81 1428
182.041 1904
182.041 1428
182.217 1904
182.217 1428
182.377 1904
182.377 1428
182.544 1904
182.544 1428
182.715 1904
182.715 1428
182.892 1904
182.892 1428
183.085 1904
183.085 1428
183.28 1904
183.28 1428
183.483 1904
183.483 1428
183.487 1904
183.487 1428
183.708 1904
183.708 1428
183.911 1904
183.911 1428
183.934 1904
183.934 1428
184.165 1904
184.165 1428
184.369 1904
184.369 1428
184.4 1904
184.4 1428
184.63 1904
184.63 1428
184.833 1904
184.833 1428
184.866 1904
184.866 1428
185.098 1904
185.098 1428
185.301 1904
185.301 1428
185.334 1904
185.334 1428
185.567 1904
185.567 1428
185.77 1904
185.77 1428
185.798 1904
185.798 1428
186.031 1904
186.031 1428
186.234 1904
186.234 1428
186.268 1904
186.268 1428
186.498 1904
186.498 1428
186.702 1904
186.702 1428
186.734 1904
186.734 1428
186.961 1904
186.961 1428
187.164 1904
187.164 1428
187.192 1904
187.192 1428
187.423 1904
187.423 1428
187.626 1904
187.626 1428
187.651 1904
187.651 1428
187.879 1904
187.879 1428
188.083 1904
188.083 1428
188.114 1904
188.114 1428
188.341 1904
188.341 1428
188.545 1904
188.545 1428
188.574 1904
188.574 1428
188.806 1904
188.806 1428
189.008 1904
189.008 1428
189.037 1904
189.037 1428
189.27 1904
189.27 1428
189.472 1904
189.472 1428
189.499 1904
189.499 1428
189.729 1904
189.729 1428
189.932 1904
189.932 1428
189.965 1904
189.965 1428
190.192 1904
190.192 1428
190.395 1904
190.395 1428
190.425 1904
190.425 1428
190.656 1904
190.656 1428
190.858 1904
190.858 1428
190.887 1904
190.887 1428
191.12 1904
191.12 1428
191.323 1904
191.323 1428
191.351 1904
191.351 1428
191.58 1904
191.58 1428
191.783 1904
191.783 1428
191.816 1904
191.816 1428
192.042 1904
192.042 1428
192.245 1904
192.245 1428
192.274 1904
192.274 1428
192.507 1904
192.507 1428
192.683 1904
192.683 1428
192.838 1904
192.838 1428
192.995 1904
192.995 1428
193.162 1904
193.162 1428
193.328 1904
193.328 1428
193.5 1904
193.5 1428
193.679 1904
193.679 1428
193.871 1904
193.871 1428
194.064 1904
194.064 1428
194.267 1904
194.267 1428
194.471 1904
194.471 1428
194.489 1904
194.489 1428
194.713 1904
194.713 1428
194.917 1904
194.917 1428
194.949 1904
194.949 1428
195.18 1904
195.18 1428
195.383 1904
195.383 1428
195.414 1904
195.414 1428
195.648 1904
195.648 1428
195.851 1904
195.851 1428
195.882 1904
195.882 1428
196.116 1904
196.116 1428
196.318 1904
196.318 1428
196.352 1904
196.352 1428
196.579 1904
196.579 1428
196.782 1904
196.782 1428
196.816 1904
196.816 1428
197.044 1904
197.044 1428
197.247 1904
197.247 1428
197.278 1904
197.278 1428
197.511 1904
197.511 1428
197.715 1904
197.715 1428
197.742 1904
197.742 1428
197.97 1904
197.97 1428
198.173 1904
198.173 1428
198.205 1904
198.205 1428
198.431 1904
198.431 1428
198.634 1904
198.634 1428
198.664 1904
198.664 1428
198.895 1904
198.895 1428
199.098 1904
199.098 1428
199.125 1904
199.125 1428
199.234 1904
199.234 1428
199.319 1904
199.319 1428
199.403 1904
199.403 1428
199.488 1904
199.488 1428
199.573 1904
199.573 1428
199.657 1904
199.657 1428
199.742 1904
199.742 1428
199.827 1904
199.827 1428
199.911 1904
199.911 1428
199.996 1904
199.996 1428
200.084 1904
200.084 1428
200.171 1904
200.171 1428
200.256 1904
200.256 1428
200.341 1904
200.341 1428
200.425 1904
200.425 1428
200.51 1904
200.51 1428
200.595 1904
200.595 1428
200.68 1904
200.68 1428
200.764 1904
200.764 1428
200.849 1904
200.849 1428
200.934 1904
200.934 1428
