0.0 3
0.0941392 0.252
0.178851 0.21
0.184653 0.2
10.4316 0.234324
10.5163 0.270829
10.601 0.290417
10.6857 0.299383
10.7704 0.302224
10.8551 0.299862
10.9398 0.293036
11.0245 0.285711
11.1092 0.277194
11.1939 0.267037
11.2786 0.257213
11.3633 0.249041
11.448 0.23999
11.5327 0.231737
11.6174 0.225392
11.7021 0.219404
11.7868 0.212711
11.8715 0.207984
11.9562 0.203602
12.0409 0.2
20.7161 0.211365
20.8331 0.269536
20.9501 0.306538
21.0672 0.327366
21.1524 0.302023
21.2384 0.2958
21.3254 0.285973
21.4131 0.274149
21.5085 0.256198
21.6001 0.238536
21.6913 0.228742
21.7833 0.220791
21.8761 0.212548
21.9698 0.205309
22.0644 0.201881
22.1636 0.205854
22.2645 0.214747
22.3625 0.218903
22.4613 0.218665
22.5609 0.218863
22.6614 0.220497
22.7627 0.223085
22.8708 0.231906
22.9756 0.241385
23.0803 0.24325
23.1859 0.243341
23.2923 0.244515
23.3996 0.246426
23.509 0.248823
23.6226 0.257151
23.732 0.261456
23.8422 0.25961
23.9533 0.259317
24.0653 0.25899
24.178 0.259807
24.2925 0.261412
24.4019 0.257921
24.5122 0.249976
24.6232 0.245982
24.7352 0.243642
24.848 0.242493
24.9633 0.245567
25.0727 0.243567
25.1829 0.239047
25.294 0.235046
25.4059 0.233044
25.5187 0.233573
25.6349 0.238058
25.7443 0.237249
25.8545 0.235611
25.9656 0.23308
26.0776 0.230286
26.1903 0.230382
26.3069 0.234682
26.4163 0.233858
26.5266 0.234035
26.6377 0.232744
26.7496 0.229686
26.8624 0.229427
26.9794 0.234651
27.0884 0.233339
27.1982 0.235078
27.3089 0.234748
27.4204 0.232226
27.5327 0.230206
27.6502 0.235343
27.7587 0.233953
27.8681 0.236307
27.9784 0.235436
28.0894 0.233413
28.2014 0.23022
28.3184 0.234555
28.4269 0.232633
28.5363 0.234731
28.6466 0.233742
28.7577 0.231694
28.8696 0.229236
28.9866 0.234084
29.0952 0.233638
29.2046 0.235363
29.3148 0.234983
29.4259 0.232391
29.5378 0.229918
29.6548 0.234735
29.7642 0.235373
29.8736 0.235793
29.9839 0.23545
30.095 0.232866
30.2069 0.230189
30.293 0.24891
30.3786 0.282261
30.4633 0.301484
30.548 0.310802
30.6396 0.307173
30.7308 0.294474
30.8194 0.285188
30.9088 0.277463
30.9992 0.267441
31.0903 0.256289
31.1823 0.245679
31.2752 0.234914
31.3778 0.229428
31.4732 0.228032
31.5694 0.219334
31.6665 0.213803
31.7645 0.21168
31.8633 0.211921
31.9629 0.212645
32.0723 0.224943
32.1745 0.235797
32.2775 0.234207
32.3814 0.234408
32.4861 0.235839
32.5917 0.236971
32.7024 0.243527
32.813 0.253625
32.9224 0.25692
33.0327 0.257835
33.1437 0.258285
33.2557 0.259571
33.3702 0.263678
33.4829 0.265133
33.5923 0.259178
33.7026 0.251764
33.8137 0.246938
33.9256 0.245116
34.0388 0.245386
34.1533 0.248207
34.2627 0.244833
34.3729 0.239393
34.484 0.235716
34.5959 0.233906
34.7087 0.234533
34.8245 0.239053
34.9339 0.237112
35.0441 0.235097
35.1552 0.231459
35.2671 0.229206
35.3799 0.228565
35.4969 0.233533
35.6059 0.233183
35.7157 0.234194
35.8264 0.232539
35.9379 0.230123
36.0503 0.228933
36.1673 0.234654
36.2758 0.232544
36.3852 0.234848
36.4955 0.233989
36.6066 0.23202
36.7185 0.229385
36.8355 0.234112
36.9441 0.233586
37.0534 0.235406
37.1637 0.234213
37.2748 0.232017
37.3867 0.229499
37.5037 0.234299
37.614 0.23494
37.7234 0.234712
37.8336 0.234009
37.9447 0.232141
38.0566 0.229403
38.172 0.231813
38.2839 0.23315
38.3933 0.231536
38.5035 0.231835
38.6146 0.230693
38.7266 0.228193
38.8402 0.229672
38.9538 0.231558
39.0632 0.229451
39.1734 0.230398
39.2845 0.229725
39.3965 0.227392
39.5093 0.22788
39.6246 0.231392
39.734 0.228996
39.8442 0.230269
39.9553 0.22894
40.0672 0.226882
40.1801 0.227291
40.301 0.236394
40.4214 0.252293
40.5469 0.266812
40.6681 0.27672
40.8013 0.2912
40.9887 0.372603
41.1942 0.50641
41.2253 0.465542
41.4585 0.420757
41.6614 0.576594
41.6946 0.541198
41.9278 0.482181
42.1308 0.609353
42.1348 0.606114
42.3281 0.599392
42.5319 0.654683
42.5452 0.624418
42.7737 0.56995
42.9771 0.670342
43.0031 0.631548
43.2333 0.570792
43.4367 0.665297
43.467 0.632932
43.6976 0.574695
43.901 0.665
43.927 0.641774
44.1572 0.590914
44.3602 0.673038
44.3904 0.648413
44.6198 0.596521
44.8232 0.673577
44.8479 0.655911
45.0765 0.60907
45.279 0.681379
45.3084 0.658667
45.5378 0.607678
45.7407 0.679165
45.7612 0.665323
45.983 0.626698
46.1868 0.687286
46.2111 0.664106
46.4405 0.613422
46.643 0.686285
46.6669 0.667156
46.8891 0.623316
47.0925 0.686292
47.118 0.663032
47.3483 0.610579
47.5512 0.685254
47.5772 0.663924
47.8007 0.618835
48.0041 0.683342
48.0313 0.660014
48.2628 0.607673
48.4654 0.682102
48.4926 0.661779
48.7195 0.613949
48.9224 0.681759
48.9522 0.658954
49.1842 0.605302
49.3867 0.678577
49.4148 0.661101
49.6434 0.612535
49.8463 0.68145
49.8761 0.660689
50.1076 0.609199
50.3106 0.680438
50.3392 0.661941
50.5414 0.637242
50.7301 0.655796
50.9222 0.648353
51.093 0.615896
51.2491 0.545005
51.4089 0.497035
51.5798 0.461074
51.7562 0.452441
51.9364 0.453543
52.1276 0.466906
52.331 0.498459
52.3358 0.574873
52.5554 0.59868
52.7588 0.648906
52.792 0.645922
53.0214 0.607528
53.2243 0.67025
53.255 0.661195
53.4882 0.615653
53.6912 0.682406
53.7244 0.667368
53.9576 0.617769
54.1605 0.683168
54.1929 0.668336
54.4235 0.620561
54.6265 0.683721
54.6567 0.669421
54.8899 0.620149
55.0929 0.686496
55.1261 0.667346
55.3593 0.61508
55.5627 0.682266
55.5891 0.670781
55.81 0.633719
56.013 0.68408
56.036 0.671046
56.2616 0.628459
56.465 0.689895
56.4939 0.667614
56.7233 0.615754
56.9267 0.684713
56.9489 0.670587
57.1723 0.629018
57.3762 0.69069
57.403 0.668131
57.6353 0.614261
57.8383 0.688248
57.8719 0.662596
58.0992 0.610555
58.3026 0.678131
58.326 0.664107
58.5542 0.619369
58.7575 0.686983
58.7895 0.66263
59.0231 0.60616
59.2256 0.679944
59.2546 0.66325
59.4789 0.619537
59.6819 0.680227
59.7074 0.663524
59.9368 0.616233
60.1398 0.684353
60.1717 0.660971
60.4041 0.606065
60.6075 0.679795
60.6391 0.659725
60.8727 0.607031
61.0761 0.681476
61.1194 0.652223
61.3671 0.581862
61.5705 0.672198
61.574 0.688622
61.761 0.698318
61.959 0.695805
62.1628 0.703474
62.2066 0.667376
62.4533 0.592957
62.5454 0.554703
62.6301 0.612544
62.7148 0.643797
62.7995 0.648501
62.8842 0.636541
62.9689 0.614894
63.0536 0.58666
63.1383 0.554111
63.223 0.521529
63.3077 0.489036
63.3924 0.456743
63.4771 0.426496
63.5618 0.399413
63.6465 0.37347
63.7312 0.349993
63.8159 0.329742
63.9006 0.311336
63.9853 0.29384
64.07 0.27927
64.1547 0.266168
64.2394 0.253565
64.3241 0.242589
64.4088 0.233899
64.4935 0.225199
64.5782 0.217671
64.6629 0.212023
64.7476 0.206877
64.8323 0.201348
64.917 0.2
69.0304 0.204404
69.1275 0.213855
69.2343 0.23278
69.3356 0.248707
69.4395 0.254418
69.5459 0.262153
69.6541 0.271131
69.7643 0.279674
69.883 0.295666
69.9967 0.306265
70.1133 0.309681
70.2333 0.31612
70.3541 0.32228
70.4766 0.325938
70.5996 0.329028
70.7175 0.322743
70.8396 0.314845
70.963 0.312854
71.0863 0.311584
71.2106 0.309763
71.3314 0.303169
71.4531 0.29468
71.5773 0.290776
71.7024 0.290096
71.8271 0.289396
71.9526 0.287612
72.0721 0.280672
72.1951 0.271566
72.321 0.271353
72.4461 0.272672
72.572 0.273891
72.695 0.269413
72.8137 0.265472
72.9346 0.263808
73.0579 0.258379
73.1843 0.260598
73.3111 0.26613
73.4319 0.261413
73.557 0.257018
73.6855 0.262372
73.8156 0.271155
73.9466 0.278695
74.0768 0.282997
74.2104 0.288414
74.3452 0.296737
74.4822 0.304613
74.6195 0.310919
74.7573 0.314935
74.8956 0.317354
75.0351 0.319805
75.1741 0.321139
75.314 0.321728
75.4518 0.317342
75.5909 0.313109
75.7325 0.31361
75.872 0.31395
76.0145 0.313081
76.1527 0.310321
76.2914 0.303
76.4338 0.301789
76.5767 0.304751
76.7226 0.310483
76.8616 0.308981
77.0071 0.307151
77.1538 0.31304
77.3005 0.318403
77.448 0.322191
77.5922 0.320358
77.7423 0.321551
77.8894 0.32366
78.0391 0.324117
78.1883 0.325726
78.3333 0.321353
78.4563 0.333074
78.5598 0.375389
78.6692 0.40977
78.7858 0.414716
78.9121 0.397095
79.041 0.369247
79.1741 0.342089
79.3149 0.334542
79.4637 0.344478
79.6198 0.367172
79.7792 0.392403
79.9352 0.406479
80.0946 0.411671
80.2554 0.417588
80.4208 0.425078
80.5938 0.440303
80.7706 0.460504
80.9703 0.500589
81.1737 0.552188
81.2103 0.567801
81.4579 0.529303
81.558 0.513392
81.6427 0.578578
81.7274 0.622088
81.8121 0.63642
81.8968 0.632031
81.9815 0.613712
82.0662 0.587731
82.1509 0.558408
82.2356 0.526901
82.3203 0.494072
82.405 0.463182
82.4897 0.433624
82.5744 0.404988
82.6591 0.378758
82.7438 0.355803
82.8285 0.333932
82.9132 0.314362
82.9979 0.29779
83.0826 0.282796
83.1673 0.268431
83.252 0.256709
83.3367 0.246182
83.4214 0.235893
83.5061 0.226988
83.5908 0.220145
83.6755 0.213087
83.7602 0.207014
83.8449 0.202654
83.9296 0.2
89.2311 0.202908
89.3269 0.207846
89.4291 0.221623
89.5271 0.233207
89.6267 0.235208
89.728 0.240859
89.8315 0.246635
89.9375 0.254655
90.0494 0.267429
90.1635 0.283173
90.2788 0.295
90.3975 0.306231
90.5188 0.317999
90.6409 0.326567
90.7626 0.330608
90.8788 0.323711
90.9988 0.314162
91.1222 0.314359
91.2451 0.315571
91.3685 0.313005
91.4919 0.309133
91.6136 0.303401
91.7387 0.29997
91.8646 0.300469
91.9914 0.301408
92.119 0.301542
92.2436 0.2978
92.3721 0.29607
92.5027 0.299151
92.6341 0.3032
92.7669 0.306725
92.8996 0.308735
93.0352 0.313093
93.1722 0.318982
93.3104 0.323566
93.4503 0.328337
93.5894 0.330927
93.7298 0.33091
93.8714 0.332558
94.0126 0.33309
94.1542 0.331781
94.2933 0.327053
94.4366 0.323543
94.5803 0.325472
94.7249 0.326568
94.8703 0.328237
95.0128 0.325794
95.1582 0.322916
95.3041 0.324343
95.4512 0.325299
95.5987 0.327074
95.7421 0.322643
95.8905 0.319777
96.0401 0.32481
96.1902 0.328337
96.3386 0.327422
96.49 0.326934
96.6409 0.329022
96.7923 0.330579
96.9454 0.332895
97.0955 0.3312
97.2485 0.329112
97.4029 0.331332
97.5593 0.336435
97.7132 0.338895
97.8701 0.339544
98.0287 0.343484
98.1881 0.348461
98.3475 0.351807
98.5061 0.351758
98.6448 0.350646
98.7639 0.383147
98.8894 0.410939
99.0242 0.409898
99.1659 0.391344
99.3143 0.366844
99.4737 0.36852
99.6357 0.38226
99.798 0.393769
99.9664 0.405829
100.138 0.422562
100.31 0.433149
100.453 0.405687
100.55 0.443837
100.635 0.514941
100.72 0.561574
100.804 0.578939
100.889 0.577463
100.974 0.563667
101.059 0.542217
101.144 0.51554
101.229 0.488048
101.314 0.459973
101.401 0.430644
101.495 0.39447
101.583 0.363123
101.673 0.342078
101.763 0.320391
101.855 0.299052
101.949 0.279578
102.043 0.261124
102.144 0.246436
102.245 0.244095
102.345 0.240056
102.447 0.234998
102.55 0.233897
102.654 0.236647
102.761 0.240837
102.877 0.256061
102.988 0.270549
103.101 0.273009
103.215 0.277467
103.332 0.284347
103.452 0.291632
103.572 0.29908
103.686 0.296403
103.802 0.285884
103.919 0.282734
104.038 0.282426
104.16 0.28521
104.281 0.286687
104.397 0.280541
104.517 0.273928
104.639 0.273934
104.763 0.279565
104.888 0.285525
105.009 0.284856
105.134 0.282016
105.261 0.284558
105.388 0.288458
105.516 0.292098
105.645 0.295514
105.775 0.297615
105.907 0.299943
106.039 0.302411
106.173 0.307204
106.309 0.312375
106.442 0.3121
106.578 0.312698
106.716 0.316163
106.854 0.31815
106.993 0.321387
107.131 0.320936
107.272 0.321424
107.414 0.324824
107.558 0.32903
107.703 0.334852
107.848 0.338302
107.997 0.342369
108.149 0.351308
108.301 0.358883
108.453 0.362046
108.607 0.365588
108.763 0.370488
108.919 0.372876
109.076 0.374697
109.235 0.375027
109.395 0.376649
109.554 0.378036
109.717 0.37929
109.877 0.379353
110.041 0.37979
110.206 0.382771
110.371 0.385203
110.537 0.385011
110.703 0.384229
110.872 0.386489
111.044 0.391926
111.215 0.396059
111.388 0.398145
111.539 0.383527
111.675 0.404355
111.819 0.419513
111.982 0.401412
112.144 0.389269
112.309 0.380323
112.485 0.389536
112.671 0.418722
112.853 0.44279
113.04 0.457309
113.229 0.470766
113.419 0.478792
113.609 0.48194
113.804 0.48857
113.996 0.491873
114.192 0.4907
114.391 0.494502
114.591 0.499419
114.793 0.501695
114.996 0.503355
115.001 0.616985
115.206 0.678805
115.408 0.669243
115.414 0.707901
115.623 0.711523
115.827 0.720441
115.838 0.719495
116.054 0.691703
116.257 0.724399
116.272 0.707631
116.488 0.670826
116.691 0.714779
116.713 0.686624
116.939 0.635378
117.141 0.699737
117.172 0.668886
117.4 0.613144
117.603 0.683636
117.634 0.658102
117.869 0.600091
118.072 0.680586
118.112 0.651607
118.356 0.583946
118.559 0.673588
118.603 0.650641
118.848 0.586187
119.032 0.65018
119.129 0.607121
119.214 0.65611
119.299 0.683849
119.384 0.686776
119.469 0.671548
119.554 0.644912
119.64 0.612529
119.728 0.574761
119.825 0.526858
119.918 0.482052
120.012 0.445146
120.109 0.40839
120.209 0.373039
120.312 0.338994
120.418 0.307059
120.535 0.29665
120.649 0.296424
120.766 0.294138
120.887 0.298446
121.012 0.30829
121.142 0.322835
121.283 0.348166
121.422 0.373535
121.567 0.391698
121.718 0.411439
121.875 0.434162
122.041 0.463006
122.209 0.490966
122.383 0.512222
122.56 0.530883
122.734 0.53854
122.909 0.535391
123.085 0.528562
123.262 0.520688
123.433 0.504562
123.605 0.484493
123.78 0.471339
123.957 0.462133
124.128 0.44915
124.301 0.432875
124.477 0.423824
124.653 0.421046
124.825 0.412502
124.998 0.399192
125.174 0.394264
125.35 0.392897
125.522 0.386128
125.694 0.377026
125.869 0.373333
126.045 0.372274
126.216 0.367414
126.388 0.362576
126.561 0.35781
126.737 0.358689
126.908 0.356619
127.08 0.355162
127.255 0.35291
127.431 0.356748
127.603 0.355619
127.775 0.354431
127.95 0.353894
128.126 0.357764
128.298 0.35553
128.47 0.355321
128.645 0.353911
128.821 0.356082
128.993 0.353457
129.165 0.354063
129.34 0.35164
129.515 0.353186
129.673 0.362595
129.8 0.410657
129.924 0.467928
130.035 0.513514
130.155 0.537226
130.281 0.529999
130.418 0.501412
130.559 0.461983
130.708 0.418889
130.866 0.405018
131.034 0.414165
131.214 0.440975
131.399 0.473569
131.587 0.501567
131.777 0.521454
131.969 0.535553
132.161 0.541069
132.351 0.538562
132.546 0.535337
132.742 0.53296
132.943 0.533589
133.137 0.529608
133.336 0.520477
133.537 0.516063
133.739 0.513915
133.941 0.51007
134.139 0.500763
134.342 0.49257
134.346 0.618649
134.552 0.685869
134.755 0.672833
134.765 0.710077
134.971 0.717266
135.174 0.71562
135.183 0.720867
135.394 0.700533
135.597 0.724316
135.613 0.708081
135.823 0.675112
136.026 0.710251
136.036 0.693469
136.25 0.656942
136.454 0.706735
136.472 0.677206
136.685 0.634852
136.888 0.689716
136.902 0.667388
137.119 0.625504
137.322 0.690386
137.342 0.659281
137.557 0.614765
137.76 0.679728
137.774 0.657529
137.992 0.616945
138.195 0.685884
138.217 0.654278
138.433 0.609622
138.636 0.677237
138.65 0.654654
138.869 0.613064
139.072 0.683863
139.095 0.652293
139.312 0.606003
139.516 0.676108
139.532 0.653962
139.752 0.610087
139.956 0.682733
139.979 0.653017
140.196 0.607921
140.365 0.637236
140.509 0.567529
140.664 0.503188
140.818 0.460231
140.979 0.435095
141.149 0.430535
141.328 0.444556
141.517 0.474272
141.712 0.508389
141.916 0.541454
141.925 0.595877
142.14 0.608221
142.344 0.655789
142.37 0.65189
142.601 0.611616
142.804 0.68006
142.837 0.661154
143.071 0.609242
143.274 0.679824
143.303 0.666426
143.536 0.618683
143.74 0.686275
143.773 0.665317
144.007 0.611959
144.21 0.681433
144.243 0.664615
144.472 0.617434
144.675 0.68006
144.708 0.662719
144.942 0.61088
145.145 0.680737
145.173 0.668341
145.405 0.622039
145.608 0.686645
145.637 0.670447
145.869 0.619865
146.072 0.687705
146.107 0.665778
146.336 0.615271
146.539 0.677968
146.572 0.660272
146.801 0.611775
147.005 0.67787
147.038 0.660171
147.272 0.607302
147.475 0.679608
147.504 0.667151
147.737 0.619097
147.94 0.686674
147.97 0.669891
148.203 0.6181
148.407 0.687014
148.441 0.666829
148.669 0.6174
148.872 0.680482
148.904 0.663407
149.133 0.616939
149.336 0.680818
149.368 0.662016
149.603 0.60924
149.805 0.680265
149.835 0.666259
150.066 0.618123
150.268 0.683901
150.372 0.606922
150.457 0.64925
150.542 0.678271
150.627 0.681338
150.711 0.667278
150.796 0.642417
150.881 0.611245
150.966 0.576906
151.051 0.540687
151.136 0.506146
151.221 0.472881
151.313 0.435366
151.404 0.398205
151.493 0.368718
151.583 0.34425
151.674 0.321186
151.766 0.299825
151.859 0.280313
151.954 0.261811
152.057 0.251358
152.154 0.245019
152.253 0.233765
152.353 0.227355
152.454 0.225513
152.557 0.226819
152.663 0.232494
152.773 0.243266
152.88 0.250514
152.988 0.251879
153.098 0.256029
153.21 0.262001
153.325 0.270233
153.442 0.278722
153.556 0.280489
153.671 0.277727
153.788 0.279891
153.908 0.284253
154.027 0.287795
154.144 0.28625
154.26 0.277979
154.378 0.273271
154.499 0.27561
154.621 0.279313
154.744 0.28164
154.86 0.277397
154.978 0.267725
155.1 0.265886
155.224 0.269402
155.348 0.274228
155.473 0.277607
155.593 0.273211
155.717 0.270445
155.844 0.274491
155.971 0.280818
156.1 0.285195
156.226 0.285936
156.357 0.287612
156.488 0.293286
156.621 0.299314
156.756 0.304353
156.891 0.309774
157.028 0.31537
157.166 0.319874
157.304 0.323584
157.443 0.32447
157.581 0.323473
157.718 0.319023
157.858 0.318009
157.999 0.318249
158.141 0.320492
158.28 0.319574
158.423 0.317704
158.566 0.318642
158.709 0.320362
158.853 0.320355
158.993 0.314714
159.138 0.313303
159.283 0.315929
159.429 0.317874
159.576 0.320467
159.719 0.316716
159.865 0.31442
160.013 0.317681
160.163 0.321269
160.31 0.322771
160.457 0.319483
160.607 0.320935
160.76 0.326702
160.912 0.331903
161.062 0.332131
161.201 0.327119
161.325 0.345294
161.437 0.378182
161.556 0.400477
161.681 0.396563
161.81 0.380413
161.944 0.358803
162.085 0.340697
162.234 0.344638
162.384 0.356672
162.542 0.371705
162.702 0.391861
162.864 0.407218
163.03 0.420195
163.191 0.423487
163.355 0.421381
163.522 0.423644
163.688 0.423265
163.856 0.423446
164.024 0.421832
164.193 0.417996
164.364 0.417323
164.535 0.417746
164.707 0.41672
164.882 0.415929
165.053 0.412007
165.227 0.40837
165.403 0.409566
165.58 0.410676
165.761 0.415134
165.938 0.415055
166.117 0.41197
166.299 0.413728
166.48 0.41539
166.666 0.420375
166.847 0.420791
167.032 0.419289
167.219 0.423326
167.407 0.426558
167.598 0.43035
167.785 0.429983
167.977 0.430243
168.17 0.435469
168.364 0.439477
168.558 0.441499
168.753 0.442185
168.951 0.446505
169.151 0.45323
169.354 0.45923
169.357 0.59192
169.556 0.669532
169.759 0.655114
169.762 0.699219
169.969 0.710155
170.172 0.714938
170.178 0.718279
170.387 0.699338
170.59 0.723062
170.601 0.706824
170.815 0.672018
171.018 0.714179
171.033 0.688354
171.248 0.646239
171.452 0.700277
171.466 0.676379
171.634 0.67609
171.785 0.619821
171.933 0.549807
172.089 0.500428
172.259 0.48651
172.432 0.49361
172.62 0.512626
172.816 0.546147
173.019 0.580985
173.025 0.619224
173.242 0.618342
173.445 0.672068
173.474 0.654513
173.697 0.612288
173.9 0.674844
173.928 0.657145
174.158 0.607682
174.361 0.680639
174.393 0.658836
174.626 0.605002
174.829 0.679337
174.855 0.66425
175.085 0.617123
175.287 0.685206
175.315 0.666308
175.547 0.615803
175.75 0.685175
175.783 0.662237
176.01 0.612864
176.213 0.677688
176.243 0.65869
176.472 0.610201
176.675 0.677943
176.708 0.65741
176.942 0.604516
177.144 0.67829
177.172 0.663889
177.404 0.615536
177.607 0.684342
177.636 0.66723
177.869 0.617025
178.071 0.685446
178.105 0.663698
178.332 0.615091
178.535 0.677883
178.567 0.660496
178.795 0.613882
178.998 0.6787
179.029 0.660576
179.263 0.608226
179.465 0.680869
179.493 0.666053
179.724 0.618234
179.928 0.686338
179.955 0.669633
180.187 0.621339
180.391 0.689086
180.423 0.665972
180.65 0.617273
180.853 0.6799
180.884 0.66158
181.112 0.61432
181.316 0.679284
181.346 0.660726
181.58 0.608963
181.782 0.680577
181.81 0.665378
182.041 0.617329
182.217 0.654431
182.377 0.591078
182.544 0.532438
182.715 0.498723
182.892 0.482731
183.085 0.493807
183.28 0.516269
183.483 0.538158
183.487 0.609012
183.708 0.62629
183.911 0.670498
183.934 0.672683
184.165 0.635658
184.369 0.693332
184.4 0.677681
184.63 0.62992
184.833 0.689425
184.866 0.671148
185.098 0.62018
185.301 0.684845
185.334 0.66746
185.567 0.615443
185.77 0.683474
185.798 0.671165
186.031 0.623082
186.234 0.688999
186.268 0.669757
186.498 0.619074
186.702 0.683638
186.734 0.666448
186.961 0.619809
187.164 0.681445
187.192 0.668047
187.423 0.621067
187.626 0.687133
187.651 0.672069
187.879 0.626462
188.083 0.69013
188.114 0.667435
188.341 0.618903
188.545 0.683295
188.574 0.663089
188.806 0.612794
189.008 0.683038
189.037 0.666281
189.27 0.615431
189.472 0.685975
189.499 0.669686
189.729 0.621631
189.932 0.687588
189.965 0.664843
190.192 0.615515
190.395 0.679202
190.425 0.661233
190.656 0.612434
190.858 0.680521
190.887 0.663234
191.12 0.612163
191.323 0.683488
191.351 0.666986
191.58 0.619781
191.783 0.684957
191.816 0.662863
192.042 0.615774
192.245 0.678494
192.274 0.661187
192.507 0.610167
192.683 0.653055
192.838 0.584636
192.995 0.521777
193.162 0.47726
193.328 0.452164
193.5 0.438595
193.679 0.441078
193.871 0.462299
194.064 0.490154
194.267 0.517459
194.471 0.541646
194.489 0.606833
194.713 0.618305
194.917 0.659519
194.949 0.666406
195.18 0.632069
195.383 0.68283
195.414 0.678591
195.648 0.63479
195.851 0.691909
195.882 0.680826
196.116 0.634246
196.318 0.692592
196.352 0.67783
196.579 0.63246
196.782 0.687428
196.816 0.671228
197.044 0.624246
197.247 0.683908
197.278 0.668773
197.511 0.619005
197.715 0.685381
197.742 0.672923
197.97 0.628157
198.173 0.689274
198.205 0.670061
198.431 0.622825
198.634 0.683783
198.664 0.666559
198.895 0.617176
199.098 0.684693
199.125 0.668826
199.234 0.72695
199.319 0.698501
199.403 0.684972
199.488 0.660783
199.573 0.629446
199.657 0.593524
199.742 0.556621
199.827 0.521103
199.911 0.485822
199.996 0.452706
200.042 0.45617
200.084 0.484063
200.171 0.489085
200.256 0.410721
200.341 0.352554
200.425 0.307677
200.51 0.27383
200.595 0.249155
200.68 0.230363
200.764 0.215144
200.849 0.204528
200.934 0.2
