0.0 3
0.0941392 0.252
0.178851 0.21
0.184653 0.2
40.7402 0.223033
40.8169 0.24769
40.8636 0.216894
40.9111 0.218251
40.9691 0.205664
41.0336 0.2
41.2876 0.25169
41.4093 0.340954
41.5242 0.396286
41.6463 0.427619
41.7608 0.4411
41.8824 0.443537
41.9787 0.418401
42.1195 0.417018
42.2153 0.410485
42.356 0.400776
42.4519 0.388162
42.5926 0.375128
42.6885 0.363353
42.8241 0.346051
42.8992 0.318435
43.0298 0.302204
43.0972 0.29464
43.2257 0.288406
43.2905 0.284052
43.4084 0.2871
43.4618 0.296347
43.5602 0.315123
43.6102 0.324972
43.7044 0.330311
43.7531 0.328868
43.843 0.325613
43.8905 0.319395
43.977 0.312239
44.0228 0.303723
44.1059 0.296269
44.1508 0.286118
44.2314 0.276266
44.2772 0.264229
44.3713 0.240667
44.4286 0.222774
44.5346 0.222289
44.5918 0.220119
44.7054 0.225909
44.7699 0.235868
44.8988 0.25747
44.9751 0.284257
45.1019 0.296015
45.1761 0.298575
45.299 0.29383
45.3711 0.284347
45.5026 0.284332
45.5725 0.27953
45.6853 0.257612
45.7472 0.247897
45.8473 0.250619
45.902 0.256635
45.9991 0.259127
46.0554 0.255664
46.1551 0.248464
46.2136 0.2391
46.3158 0.22867
46.376 0.21793
46.4811 0.205634
46.543 0.2
47.0319 0.202408
47.1311 0.202982
47.1833 0.202671
47.28 0.204384
47.3313 0.203746
47.4254 0.203335
47.4763 0.202149
47.5683 0.201335
47.6187 0.2
51.2193 0.204528
51.2978 0.205831
51.3415 0.204067
51.4199 0.200344
51.4695 0.2
51.7264 0.205848
51.782 0.210181
51.8876 0.213675
51.9435 0.215447
52.0487 0.213814
52.1055 0.212217
52.2153 0.215225
52.2755 0.219067
52.3756 0.208805
52.4345 0.2
52.602 0.201362
52.7122 0.204672
52.7725 0.204666
52.8827 0.20358
52.9433 0.202942
53.0536 0.201525
53.1146 0.2
53.2274 0.200886
53.294 0.206487
53.3966 0.2
53.4504 0.200234
53.5416 0.210814
53.5976 0.213951
53.6972 0.206042
53.7587 0.2
54.0419 0.203268
54.1098 0.209612
54.223 0.215068
54.2925 0.219834
54.4163 0.234186
54.4778 0.232223
54.577 0.229792
54.6279 0.235671
54.722 0.241228
54.7776 0.237492
54.8797 0.226181
54.9399 0.212222
55.0506 0.208372
55.1163 0.211427
55.2355 0.221357
55.3042 0.230112
55.4263 0.237916
55.4996 0.246072
55.6272 0.256578
55.6866 0.245986
55.7892 0.245462
55.8376 0.252135
55.9313 0.261228
55.9838 0.25997
56.0843 0.249458
56.1416 0.23517
56.2493 0.217916
56.3112 0.210564
56.4265 0.212347
56.4935 0.218037
56.6173 0.23077
56.6894 0.243509
56.8301 0.269508
56.8899 0.27018
57.0031 0.255955
57.0532 0.251903
57.1464 0.264872
57.1939 0.272199
57.2931 0.266751
57.344 0.255934
57.4492 0.241181
57.5039 0.226212
57.6154 0.213489
57.6739 0.208155
57.7926 0.211338
57.8549 0.216853
57.9889 0.236227
58.0674 0.266809
58.1848 0.266072
58.2476 0.245399
58.3404 0.249099
58.3905 0.259993
58.4799 0.266986
58.5329 0.26495
58.6275 0.254522
58.6839 0.241725
58.7814 0.227867
58.8399 0.214714
58.9408 0.201623
59.0014 0.2
59.2948 0.214385
59.3686 0.24156
59.4666 0.226596
59.5238 0.225093
59.6031 0.237667
59.6595 0.243647
59.7413 0.242458
59.7998 0.236663
59.8842 0.227215
59.9453 0.215757
60.0326 0.204309
60.0962 0.2
60.4279 0.20013
60.5496 0.239211
60.6157 0.249039
60.7141 0.228445
60.7717 0.220822
60.8684 0.215544
60.9358 0.203631
61.0571 0.2227
61.1436 0.255535
61.3106 0.326223
61.4349 0.413074
61.646 0.51688
61.7338 0.537725
61.8228 0.500939
61.869 0.501644
61.9462 0.50118
61.9924 0.489964
62.0785 0.463261
62.1502 0.412635
62.3062 0.410243
62.4236 0.453604
62.6437 0.548415
62.7777 0.623153
62.9965 0.662664
63.1304 0.678916
63.3501 0.680522
63.4841 0.671371
63.7016 0.652074
63.8283 0.622126
64.042 0.590407
64.1671 0.559547
64.3795 0.530153
64.5038 0.503702
64.7166 0.482228
64.84 0.463597
65.0529 0.44629
65.1762 0.431485
65.3789 0.407536
65.4964 0.389677
65.6961 0.37753
65.8122 0.369448
65.956 0.412349
66.0488 0.455836
66.165 0.500254
66.2464 0.530833
66.3499 0.55275
66.4228 0.562609
66.5224 0.559623
66.5945 0.546456
66.6925 0.527863
66.7641 0.504479
66.8612 0.479555
66.9325 0.454369
67.0295 0.428892
67.1008 0.40402
67.203 0.375947
67.2878 0.338931
67.4145 0.322117
67.5057 0.314392
67.6295 0.302935
67.7224 0.294918
67.8483 0.289472
67.9437 0.285946
68.0811 0.295102
68.1697 0.291296
68.2986 0.276632
68.3825 0.260825
68.5046 0.255082
68.5877 0.250655
68.7149 0.241947
68.7883 0.24311
68.9074 0.249557
68.9825 0.251145
69.1114 0.241652
69.1953 0.240803
69.3391 0.256253
69.4324 0.275634
69.5918 0.30402
69.6957 0.333398
69.8729 0.370727
69.9946 0.41267
70.168 0.432144
70.2753 0.424887
70.4292 0.394254
70.5246 0.361216
70.6615 0.350903
70.7468 0.34917
70.8604 0.364183
70.9354 0.377624
71.041 0.38755
71.1165 0.387609
71.2238 0.380316
71.3009 0.367583
71.4103 0.350865
71.4892 0.333023
71.6011 0.315063
71.6817 0.298525
71.7966 0.281718
71.8788 0.266229
72.0115 0.265299
72.1099 0.281117
72.1985 0.279646
72.2596 0.30816
72.3011 0.363055
72.3472 0.404078
72.3888 0.421997
72.4348 0.423288
72.4766 0.412751
72.5224 0.395688
72.5642 0.374874
72.6126 0.350501
72.6596 0.32199
72.7135 0.290937
72.7661 0.259372
72.8301 0.225146
72.8971 0.212929
72.9658 0.206852
73.0285 0.2
73.9104 0.21029
73.9859 0.224919
74.0847 0.241678
74.158 0.249437
74.2471 0.240889
74.3145 0.224971
74.3963 0.207886
74.4582 0.2
74.5884 0.201286
74.652 0.210896
74.6982 0.222206
74.7618 0.226997
74.8144 0.220328
74.8856 0.205692
74.945 0.2
75.1816 0.200232
75.2571 0.215929
75.3635 0.243763
75.4593 0.2826
75.5488 0.286442
75.6293 0.268919
75.7039 0.244279
75.7705 0.237568
75.8311 0.241522
75.885 0.252819
75.935 0.264645
75.9906 0.265635
76.0444 0.258671
76.1038 0.245924
76.1614 0.229905
76.2238 0.213239
76.2848 0.2
76.8649 0.20255
76.9162 0.204578
76.9692 0.200985
77.023 0.2
80.7403 0.211561
80.8353 0.256122
80.9612 0.322548
81.0893 0.400092
81.2271 0.459915
81.3687 0.507739
81.5196 0.5466
81.6723 0.577647
81.8262 0.592844
81.9784 0.59276
82.1319 0.582619
82.2841 0.568413
82.4342 0.547515
82.5669 0.502535
82.6801 0.454828
82.767 0.456369
82.8467 0.480026
82.8824 0.530362
82.9343 0.57404
82.9701 0.587515
83.0222 0.580748
83.0582 0.560909
83.1103 0.533111
83.1467 0.500959
83.2213 0.446829
83.2849 0.377187
83.4032 0.361742
83.4956 0.378614
83.6542 0.429448
83.7759 0.489857
83.9455 0.535317
84.0621 0.553015
84.2368 0.560817
84.3521 0.55638
84.5281 0.547394
84.643 0.531265
84.8198 0.514267
84.9347 0.497259
85.1115 0.479684
85.2264 0.462285
85.4032 0.445545
85.5177 0.428637
85.6949 0.413239
85.8094 0.40044
85.9866 0.388651
86.1011 0.377895
86.2656 0.353527
86.339 0.371245
86.4573 0.418053
86.5175 0.453081
86.615 0.486753
86.6646 0.507296
86.7426 0.526143
86.7825 0.534819
86.8516 0.535362
86.8902 0.52327
86.9601 0.501482
86.9996 0.474919
87.0712 0.444302
87.1115 0.412919
87.1857 0.38117
87.2268 0.35111
87.3036 0.32138
87.3455 0.29464
87.4287 0.266352
87.4833 0.236028
87.5686 0.215314
87.611 0.204156
87.6818 0.206672
87.7208 0.208021
87.7933 0.204093
87.8348 0.2
88.386 0.200163
88.484 0.217126
88.5374 0.211972
88.6154 0.200554
88.6599 0.2
88.732 0.201035
88.7753 0.200181
88.8499 0.2
89.4359 0.218115
89.4969 0.239815
89.5898 0.226218
89.6394 0.20895
89.7144 0.211307
89.759 0.215407
89.8298 0.218584
89.8764 0.214808
89.9523 0.204929
90.0023 0.2
90.4467 0.202247
90.5569 0.23128
90.6129 0.23298
90.7015 0.214337
90.7473 0.208686
90.8211 0.2158
90.8643 0.220099
90.9368 0.221449
90.9839 0.215508
91.0615 0.203344
91.1119 0.2
91.5711 0.217853
91.6619 0.229566
91.7255 0.217391
91.7975 0.209737
91.8489 0.213785
91.9137 0.219729
91.9629 0.222138
92.0307 0.217715
92.0833 0.208165
92.1554 0.2
92.6752 0.229131
92.7541 0.224916
92.8177 0.20833
92.8804 0.209372
92.9356 0.214451
92.9941 0.21827
93.0513 0.215768
93.1132 0.208383
93.1734 0.2
93.3269 0.208514
93.373 0.218431
93.4145 0.219957
93.461 0.216834
93.5021 0.210759
93.5488 0.202936
93.5899 0.2
94.0222 0.208573
94.0925 0.218391
94.1672 0.22254
94.2443 0.230715
94.3312 0.24712
94.4093 0.256413
94.4979 0.26078
94.5776 0.262934
94.6675 0.263631
94.7493 0.263412
94.8473 0.269412
94.9295 0.270555
95.0198 0.259476
95.0987 0.246096
95.1839 0.229282
95.259 0.212288
95.3395 0.203002
95.4103 0.2
95.4799 0.205306
95.5413 0.215319
95.6011 0.22713
95.6588 0.23597
95.7198 0.237179
95.786 0.226373
95.8555 0.208301
95.9314 0.2
96.0116 0.201513
96.0985 0.214509
96.1875 0.231679
96.2863 0.254706
96.3936 0.287983
96.4788 0.291509
96.5678 0.270464
96.6395 0.24835
96.7141 0.243358
96.7735 0.248445
96.8362 0.258708
96.8875 0.26817
96.9473 0.272187
97.0012 0.267162
97.0656 0.255577
97.1241 0.2393
97.1941 0.219734
97.2577 0.200559
97.3336 0.2
97.5715 0.211417
97.6601 0.232083
97.7309 0.224767
97.8025 0.210876
97.8598 0.210983
97.9174 0.220741
97.9675 0.229965
98.0268 0.231332
98.0807 0.224906
98.1447 0.212817
98.2028 0.2
98.6467 0.211432
98.7222 0.224603
98.7938 0.21004
98.8541 0.201963
98.9117 0.206726
98.9618 0.216704
99.019 0.219823
99.072 0.21572
99.1326 0.206223
99.189 0.2
100.708 0.200582
100.743 0.203303
100.796 0.201485
100.831 0.2
104.485 0.224949
104.546 0.255166
104.649 0.268865
104.702 0.265579
104.79 0.241997
104.836 0.21546
104.912 0.203669
104.953 0.2
105.364 0.204888
105.472 0.229012
105.545 0.253155
105.669 0.285838
105.74 0.303385
105.844 0.286795
105.903 0.258882
105.989 0.24584
106.037 0.242879
106.109 0.249815
106.15 0.257341
106.212 0.26652
106.255 0.266558
106.321 0.258003
106.366 0.245077
106.436 0.228904
106.484 0.211231
106.559 0.2
106.908 0.208089
106.987 0.2
107.137 0.205342
107.199 0.210701
107.24 0.208134
107.305 0.200539
107.349 0.2
115.586 0.207363
115.65 0.2
116.505 0.204867
116.573 0.2
125.604 0.208954
125.645 0.214471
125.751 0.221452
125.794 0.227081
125.907 0.235117
125.957 0.244668
126.075 0.253977
126.118 0.251744
126.222 0.230598
126.261 0.209609
126.354 0.200683
126.39 0.2
126.473 0.201314
126.505 0.203237
126.6 0.2
126.799 0.201805
126.933 0.233559
126.99 0.26288
127.139 0.297844
127.198 0.32017
127.332 0.31444
127.382 0.297885
127.496 0.271133
127.538 0.256323
127.634 0.258344
127.671 0.262065
127.751 0.274443
127.781 0.282864
127.86 0.282989
127.893 0.275915
127.975 0.263525
128.01 0.249003
128.096 0.231848
128.132 0.215376
128.223 0.2
128.74 0.204026
128.769 0.207954
128.846 0.204626
128.877 0.2
136.221 0.215841
136.254 0.231847
136.364 0.227512
136.397 0.22312
136.498 0.207609
136.526 0.2
137.032 0.201622
137.072 0.222499
137.216 0.254684
137.263 0.281471
137.42 0.311973
137.461 0.319647
137.596 0.2961
137.631 0.271238
137.745 0.255933
137.775 0.246953
137.873 0.253624
137.899 0.257545
137.98 0.269913
138.003 0.275564
138.086 0.271286
138.11 0.263345
138.196 0.251497
138.221 0.236644
138.311 0.220377
138.338 0.204659
138.431 0.2
162.269 0.222051
162.342 0.244363
162.448 0.274462
162.535 0.306982
162.64 0.323636
162.714 0.315826
162.804 0.288426
162.867 0.255274
162.944 0.240287
162.998 0.235193
163.063 0.238219
163.11 0.243511
163.171 0.247249
163.224 0.239194
163.293 0.22212
163.353 0.201694
163.433 0.2
163.659 0.20871
163.755 0.224401
163.85 0.257717
163.928 0.256121
164.004 0.233319
164.067 0.224951
164.128 0.229898
164.179 0.23946
164.228 0.253159
164.279 0.257362
164.329 0.254328
164.383 0.245795
164.434 0.233983
164.49 0.220451
164.543 0.206275
164.6 0.2
172.669 0.222942
172.74 0.246625
172.851 0.279804
172.934 0.313115
173.037 0.323378
173.108 0.311226
173.196 0.282088
173.257 0.250033
173.332 0.237214
173.385 0.233514
173.449 0.237382
173.494 0.241377
173.556 0.241644
173.608 0.232392
173.679 0.215621
173.739 0.2
174.042 0.207286
174.141 0.22666
174.23 0.255635
174.309 0.25113
174.381 0.227575
174.445 0.2213
174.503 0.226766
174.555 0.238454
174.601 0.251704
174.653 0.255596
174.701 0.25235
174.755 0.242803
174.804 0.230388
174.86 0.217415
174.911 0.204514
174.968 0.2
182.851 0.211706
182.925 0.233919
183.021 0.262936
183.115 0.300481
183.214 0.325042
183.294 0.322409
183.379 0.299356
183.448 0.266528
183.52 0.244414
183.579 0.23542
183.641 0.23588
183.691 0.23956
183.747 0.242364
183.805 0.233849
183.869 0.218391
183.934 0.2
184.237 0.204467
184.322 0.218007
184.427 0.254486
184.5 0.260692
184.585 0.240774
184.644 0.224981
184.714 0.226993
184.761 0.234844
184.817 0.248564
184.858 0.259144
184.915 0.258364
184.958 0.251996
185.017 0.241318
185.062 0.228207
185.123 0.213971
185.169 0.20038
185.233 0.2
193.651 0.202356
193.75 0.221147
193.819 0.247099
193.921 0.267252
193.991 0.278626
194.086 0.273789
194.145 0.253715
194.225 0.229397
194.275 0.217614
194.344 0.21855
194.387 0.221271
194.45 0.224893
194.5 0.218304
194.571 0.202783
194.627 0.2
194.937 0.216421
195.041 0.24203
195.134 0.278209
195.222 0.281414
195.3 0.264629
195.374 0.240051
195.44 0.232545
195.5 0.235195
195.554 0.244929
195.601 0.2586
195.649 0.267896
195.697 0.267719
195.746 0.260487
195.796 0.249788
195.847 0.23718
195.898 0.223743
195.949 0.20934
196.002 0.2
