0.0 0
0.094232 0.084
0.179411 0.084125
0.185213 0.0846094
0.191026 0.0851582
0.196839 0.0855134
0.202653 0.0858242
0.264579 0.0930962
0.270392 0.0924592
0.276205 0.0919018
0.282018 0.0915391
0.287831 0.0910967
0.293645 0.0907096
0.299458 0.0903709
0.305271 0.0900745
0.311084 0.0898152
0.349747 0.0937133
0.35556 0.0929991
0.361373 0.0923743
0.367186 0.0918275
0.372999 0.091349
0.378813 0.0909304
0.384626 0.0905641
0.390439 0.0902436
0.396252 0.0899631
0.434915 0.0938428
0.440728 0.0931124
0.446541 0.0924734
0.452354 0.0919142
0.458167 0.0914249
0.463981 0.0909968
0.469794 0.0906222
0.475607 0.0902944
0.48142 0.0900076
0.520083 0.0938817
0.525896 0.0931465
0.531709 0.0925031
0.537522 0.0919403
0.543335 0.0914477
0.549149 0.0910168
0.554962 0.0906397
0.560775 0.0903097
0.566588 0.090021
0.605251 0.0938934
0.611064 0.0932817
0.616877 0.0926215
0.62269 0.0920438
0.628503 0.0915383
0.634317 0.091096
0.64013 0.090709
0.645943 0.0903704
0.651756 0.0900741
0.690419 0.0939398
0.696232 0.0931974
0.702045 0.0926727
0.707858 0.0920886
0.713671 0.0915775
0.719485 0.0911303
0.725298 0.090739
0.731111 0.0903967
0.736924 0.0900971
0.775587 0.0939599
0.7814 0.093215
0.787213 0.0925631
0.793026 0.0921177
0.798839 0.091603
0.804653 0.0911526
0.810466 0.0907585
0.816279 0.0904137
0.822092 0.090112
0.860755 0.093973
0.866568 0.0932264
0.872381 0.0925731
0.878194 0.0920014
0.884007 0.0916263
0.889821 0.091173
0.895634 0.0907764
0.901447 0.0904293
0.90726 0.0901256
0.945923 0.0939849
0.951736 0.0932368
0.957549 0.0925822
0.963362 0.0920094
0.969175 0.0915083
0.974989 0.0910697
0.980802 0.090686
0.986615 0.0903503
0.992428 0.0900565
1.03109 0.0939244
1.0369 0.0931839
1.04272 0.0925359
1.04853 0.0919689
1.05434 0.0914728
1.06016 0.0910387
1.06597 0.0906588
1.07178 0.0903265
1.0776 0.0900357
1.11626 0.0939062
1.12207 0.0932929
1.12789 0.0926313
1.1337 0.0920524
1.13951 0.0915459
1.14532 0.0911026
1.15114 0.0907148
1.15695 0.0903754
1.16276 0.0900785
1.20143 0.0939437
1.20724 0.0932007
1.21305 0.0926756
1.21887 0.0920912
1.22468 0.0915798
1.23049 0.0911323
1.23631 0.0907408
1.24212 0.0903982
1.24793 0.0900984
1.28659 0.0939611
1.29241 0.093216
1.29822 0.092564
1.30403 0.0921185
1.30985 0.0916037
1.31566 0.0911532
1.32147 0.0907591
1.32729 0.0904142
1.3331 0.0901124
1.37176 0.0939733
1.37758 0.0932267
1.38339 0.0925733
1.3892 0.0920017
1.39502 0.0916265
1.40083 0.0911732
1.40664 0.0907765
1.41245 0.0904294
1.41827 0.0901258
1.45693 0.09386
1.46274 0.0931275
1.46856 0.0924866
1.47437 0.0919258
1.48018 0.0914351
1.486 0.0910057
1.49181 0.09063
1.49762 0.0903012
1.50344 0.0900136
1.5421 0.0938869
1.54791 0.093151
1.55373 0.0925071
1.55954 0.0919437
1.56535 0.0914508
1.57116 0.0910194
1.57698 0.090642
1.58279 0.0903117
1.5886 0.0900228
1.62727 0.0938949
1.63308 0.0931581
1.63889 0.0925133
1.64471 0.0919491
1.65052 0.0914555
1.65633 0.0910236
1.66215 0.0906456
1.66796 0.0903149
1.67377 0.0900255
1.71243 0.0938974
1.71825 0.0931602
1.72406 0.0926402
1.72987 0.0920601
1.73569 0.0915526
1.7415 0.0911085
1.74731 0.09072
1.75313 0.09038
1.75894 0.0900825
1.7976 0.0939472
1.80342 0.0932038
1.80923 0.0925533
1.81504 0.0921091
1.82086 0.0915955
1.82667 0.0911461
1.83248 0.0907528
1.83829 0.0904087
1.84411 0.0901076
1.88277 0.0939692
1.88858 0.093223
1.8944 0.0925701
1.90021 0.0919989
1.90602 0.091624
1.91184 0.091171
1.91765 0.0907746
1.92346 0.0904278
1.92928 0.0901243
1.96794 0.0938588
1.97375 0.0931264
1.97957 0.0924856
1.98538 0.0919249
1.99119 0.0914343
1.997 0.09113
2.00282 0.0907388
2.00863 0.0903964
2.01444 0.0900969
2.05311 0.0939598
2.05892 0.0932148
2.06473 0.0925629
2.07055 0.0919926
2.07636 0.0914935
2.08217 0.0910568
2.08799 0.0906747
2.0938 0.0903404
2.09961 0.0900478
2.13827 0.0939168
2.14409 0.0931772
2.1499 0.0925301
2.15571 0.0919638
2.16153 0.0914683
2.16734 0.0910348
2.17315 0.0906555
2.17897 0.0903235
2.18478 0.0900331
2.22344 0.0939039
2.22926 0.093166
2.23507 0.0926452
2.24088 0.0920646
2.2467 0.0915565
2.25251 0.0911119
2.25832 0.0907229
2.26413 0.0903826
2.26995 0.0900847
2.30861 0.0939492
2.31442 0.0932055
2.32024 0.0925548
2.32605 0.0921105
2.33186 0.0915967
2.33768 0.0911471
2.34349 0.0907537
2.3493 0.0904095
2.35512 0.0901083
2.39378 0.0939698
2.39959 0.0932235
2.40541 0.0925706
2.41122 0.0919993
2.41703 0.0916244
2.42284 0.0911713
2.42866 0.0907749
2.43447 0.090428
2.44028 0.0901245
2.47895 0.093859
2.48476 0.0931266
2.49057 0.0924858
2.49639 0.091925
2.5022 0.0914344
2.50801 0.0911301
2.51383 0.0907388
2.51964 0.0903965
2.52545 0.0900969
2.56411 0.0939598
2.56993 0.0932148
2.57574 0.092563
2.58155 0.0919926
2.58737 0.0914935
2.59318 0.0910568
2.59899 0.0906747
2.60481 0.0903404
2.61062 0.0900478
2.64928 0.0939169
2.6551 0.0931773
2.66091 0.0925301
2.66672 0.0919638
2.67254 0.0914684
2.67835 0.0910348
2.68416 0.0906555
2.68997 0.0903235
2.69579 0.0900331
2.73445 0.0939039
2.74026 0.093166
2.74608 0.0925202
2.75189 0.0919552
2.7577 0.0914608
2.76352 0.0910282
2.76933 0.0906497
2.77514 0.0903185
2.78096 0.0900286
2.81962 0.0939001
2.82543 0.0931626
2.83125 0.0925172
2.83706 0.0920776
2.84287 0.0915679
2.84868 0.0911219
2.8545 0.0907317
2.86031 0.0903902
2.86612 0.0900914
2.90479 0.093955
2.9106 0.0932106
2.91641 0.0925593
2.92223 0.0919894
2.92804 0.0916157
2.93385 0.0911637
2.93967 0.0907683
2.94548 0.0904222
2.95129 0.0901195
2.98995 0.0938545
2.99577 0.0931227
3.00158 0.0924824
3.00739 0.0919221
3.01321 0.0914318
3.01902 0.0911278
3.02483 0.0907369
3.03065 0.0903947
3.03646 0.0900954
3.07512 0.0939585
3.08094 0.0932137
3.08675 0.092562
3.09256 0.0919917
3.09838 0.0914927
3.10419 0.0910562
3.11 0.0907991
3.11581 0.0904492
3.12163 0.0901431
3.16029 0.0940002
3.1661 0.0932502
3.17192 0.0925939
3.17773 0.0920197
3.18354 0.0915172
3.18936 0.0910776
3.19517 0.0906929
3.20098 0.0903563
3.2068 0.0900617
3.24546 0.093929
3.25127 0.0931879
3.25708 0.0925394
3.2629 0.091972
3.26871 0.0914755
3.27452 0.091041
3.28034 0.0906609
3.28615 0.0903283
3.29196 0.0900373
3.33063 0.0939076
3.33644 0.0931691
3.34225 0.092523
3.34807 0.0920826
3.35388 0.0915723
3.35969 0.0911258
3.36551 0.090735
3.37132 0.0903932
3.37713 0.090094
3.41579 0.0939573
3.42161 0.0932126
3.42742 0.092561
3.43323 0.0919909
3.43905 0.091617
3.44486 0.0911649
3.45067 0.0907693
3.45649 0.0904231
3.4623 0.0901202
3.50096 0.0938552
3.50678 0.0931233
3.51259 0.0924829
3.5184 0.0919225
3.52422 0.0914322
3.53003 0.0911282
3.53584 0.0907372
3.54165 0.090395
3.54747 0.0900956
3.58613 0.0939587
3.59194 0.0932138
3.59776 0.0925621
3.60357 0.0919919
3.60938 0.0914929
3.6152 0.0910563
3.62101 0.0907992
3.62682 0.0904493
3.63264 0.0901432
3.6713 0.0940003
3.67711 0.0932502
3.68292 0.092594
3.68874 0.0920197
3.69455 0.0915172
3.70036 0.0910776
3.70618 0.0906929
3.71199 0.0903563
3.7178 0.0900617
3.75647 0.093929
3.76228 0.0931879
3.76809 0.0925394
3.77391 0.091972
3.77972 0.0914755
3.78553 0.091041
3.79135 0.0906609
3.79716 0.0903283
3.80297 0.0900373
3.84163 0.0939076
3.84745 0.0931692
3.85326 0.092523
3.85907 0.0920826
3.86489 0.0915723
3.8707 0.0911258
3.87651 0.090735
3.88233 0.0903932
3.88814 0.090094
3.9268 0.0939573
3.93262 0.0932126
3.93843 0.092561
3.94424 0.0919909
3.95006 0.091617
3.95587 0.0911649
3.96168 0.0907693
3.96749 0.0904231
3.97331 0.0901202
4.01197 0.0938552
4.01778 0.0931233
4.0236 0.0924829
4.02941 0.0919225
4.03522 0.0914322
4.04104 0.0911282
4.04685 0.0907372
4.05266 0.090395
4.05848 0.0900956
4.09714 0.0939587
4.10295 0.0932138
4.10876 0.0925621
4.11458 0.0919919
4.12039 0.0914929
4.1262 0.0910563
4.13202 0.0907992
4.13783 0.0904493
4.14364 0.0901432
4.18231 0.0940003
4.18812 0.0932502
4.19393 0.092594
4.19975 0.0920197
4.20556 0.0915172
4.21137 0.0910776
4.21719 0.0906929
4.223 0.0903563
4.22881 0.0900617
4.26747 0.093929
4.27329 0.0931879
4.2791 0.0925394
4.28491 0.091972
4.29073 0.0914755
4.29654 0.091041
4.30235 0.0906609
4.30817 0.0903283
4.31398 0.0900373
4.35264 0.0939076
4.35846 0.0931692
4.36427 0.092523
4.37008 0.0919576
4.3759 0.0914629
4.38171 0.0910301
4.38752 0.0906513
4.39333 0.0903199
4.39915 0.0900299
4.43781 0.0939012
4.44362 0.0931635
4.44944 0.0925181
4.45525 0.0919533
4.46106 0.0915842
4.46688 0.0911361
4.47269 0.0907441
4.4785 0.0904011
4.48432 0.090101
4.52298 0.0938383
4.52879 0.0931086
4.5346 0.09247
4.54042 0.0919112
4.54623 0.0914223
4.55204 0.0911195
4.55786 0.0907296
4.56367 0.0903884
4.56948 0.0900898
4.60815 0.0939536
4.61396 0.0932094
4.61977 0.0925582
4.62559 0.0919885
4.6314 0.0914899
4.63721 0.0910537
4.64303 0.090797
4.64884 0.0904473
4.65465 0.0901414
4.69331 0.0939987
4.69913 0.0932489
4.70494 0.0925928
4.71075 0.0920187
4.71657 0.0915163
4.72238 0.0910768
4.72819 0.0906922
4.73401 0.0904807
4.73982 0.0901706
4.77848 0.0940243
4.7843 0.0932712
4.79011 0.0926123
4.79592 0.0920358
4.80174 0.0915313
4.80755 0.0910899
4.81336 0.0907037
4.81917 0.0903657
4.82499 0.09007
4.86365 0.0939362
4.86946 0.0931942
4.87528 0.0925449
4.88109 0.0919768
4.8869 0.0914797
4.89272 0.0910447
4.89853 0.0906642
4.90434 0.0903311
4.91016 0.0900397
4.94882 0.0939098
4.95463 0.0931711
4.96044 0.0925247
4.96626 0.0919591
4.97207 0.0915892
4.97788 0.0911406
4.9837 0.090748
4.98951 0.0904045
4.99532 0.0901039
5.03399 0.0938409
5.0398 0.0931108
5.04561 0.092472
5.05143 0.091913
5.05724 0.0914238
5.06305 0.0911209
5.06887 0.0907308
5.07468 0.0903894
5.08049 0.0900907
5.11915 0.0939544
5.12497 0.0932101
5.13078 0.0925588
5.13659 0.091989
5.14241 0.0914904
5.14822 0.0910541
5.15403 0.0907973
5.15985 0.0904476
5.16566 0.0901417
5.20432 0.093999
5.21014 0.0932491
5.21595 0.092593
5.22176 0.0920188
5.22758 0.0915165
5.23339 0.0910769
5.2392 0.0906923
5.24501 0.0904808
5.25083 0.0901707
5.28949 0.0940243
5.2953 0.0932713
5.30112 0.0926124
5.30693 0.0920358
5.31274 0.0915314
5.31856 0.0910899
5.32437 0.0907037
5.33018 0.0903657
5.336 0.09007
5.37466 0.0939363
5.38047 0.0931942
5.38628 0.092545
5.3921 0.0919768
5.39791 0.0914797
5.40372 0.0910448
5.40954 0.0906642
5.41535 0.0903311
5.42116 0.0900398
5.45983 0.0939098
5.46564 0.0931711
5.47145 0.0925247
5.47727 0.0919591
5.48308 0.0914642
5.48889 0.0910312
5.49471 0.0906523
5.50052 0.0903207
5.50633 0.0900307
5.54499 0.0937768
5.55081 0.0930547
5.55662 0.0924229
5.56243 0.09187
5.56825 0.0913863
5.57406 0.091088
5.57987 0.090702
5.58569 0.0903642
5.5915 0.0900687
5.63016 0.0939351
5.63598 0.0931932
5.64179 0.0925441
5.6476 0.0919761
5.65342 0.0914791
5.65923 0.0910442
5.66504 0.0907887
5.67085 0.0904401
5.67667 0.0901351
5.71533 0.0939932
5.72114 0.093244
5.72696 0.0925885
5.73277 0.092015
5.73858 0.0915131
5.7444 0.091074
5.75021 0.0906897
5.75602 0.0904785
5.76184 0.0901687
5.8005 0.0940226
5.80631 0.0932698
5.81212 0.092611
5.81794 0.0920347
5.82375 0.0915303
5.82956 0.091089
5.83538 0.0907029
5.84119 0.090365
5.847 0.0901944
5.88567 0.0940451
5.89148 0.0932895
5.89729 0.0926283
5.90311 0.0920498
5.90892 0.0915435
5.91473 0.0911006
5.92055 0.090713
5.92636 0.0903739
5.93217 0.0900772
5.97083 0.0939425
5.97665 0.0931997
5.98246 0.0925497
5.98827 0.091981
5.99409 0.0914834
5.9999 0.091048
6.00571 0.090667
6.01153 0.0903336
6.01734 0.0900419
6.056 0.0939117
6.06182 0.0931727
6.06763 0.0925261
6.07344 0.0919603
6.07926 0.0914653
6.08507 0.0911571
6.09088 0.0907625
6.09669 0.0904172
6.10251 0.090115
6.14117 0.0939757
6.14698 0.0932287
6.1528 0.0925751
6.15861 0.0920032
6.16442 0.0915028
6.17024 0.091065
6.17605 0.0908068
6.18186 0.090456
6.18768 0.090149
6.22634 0.0940054
6.23215 0.0932547
6.23796 0.0925979
6.24378 0.0920231
6.24959 0.0915202
6.2554 0.0910802
6.26122 0.0906952
6.26703 0.0904833
6.27284 0.0901729
6.31151 0.0940263
6.31732 0.093273
6.32313 0.0926139
6.32895 0.0920371
6.33476 0.0915325
6.34057 0.0910909
6.34639 0.0907046
6.3522 0.0903665
6.35801 0.0901957
6.39667 0.0940462
6.40249 0.0932904
6.4083 0.0926291
6.41411 0.0920505
6.41993 0.0915442
6.42574 0.0911012
6.43155 0.0907135
6.43737 0.0903743
6.44318 0.0900775
6.48184 0.0939428
6.48766 0.0932
6.49347 0.09255
6.49928 0.0919812
6.5051 0.0914836
6.51091 0.0910481
6.51672 0.0906671
6.52253 0.0903337
6.52835 0.090042
6.56701 0.0939118
6.57282 0.0931728
6.57864 0.0925262
6.58445 0.0919604
6.59026 0.0914654
6.59608 0.0910322
6.60189 0.0906532
6.6077 0.0903215
6.61352 0.0900313
6.65218 0.0939024
6.65799 0.0931646
6.6638 0.092519
6.66962 0.0919542
6.67543 0.0914599
6.68124 0.0910274
6.68706 0.090774
6.69287 0.0904272
6.69868 0.0901238
6.73735 0.0939833
6.74316 0.0932354
6.74897 0.092581
6.75479 0.0920084
6.7606 0.0915073
6.76641 0.0910689
6.77223 0.0906853
6.77804 0.0904746
6.78385 0.0901653
6.82251 0.0940196
6.82833 0.0932672
6.83414 0.0926088
6.83995 0.0920327
6.84577 0.0915286
6.85158 0.0910875
6.85739 0.0907016
6.86321 0.0903639
6.86902 0.0901934
6.90768 0.0940442
6.9135 0.0932887
6.91931 0.0926276
6.92512 0.0920492
6.93094 0.091543
6.93675 0.0911001
6.94256 0.0907126
6.94837 0.0903735
6.95419 0.0900768
6.99285 0.0939422
6.99866 0.0931995
7.00448 0.0925495
7.01029 0.0919808
7.0161 0.0914832
7.02192 0.0910478
7.02773 0.0906668
7.03354 0.0903335
7.03936 0.0900418
7.07802 0.0939116
7.08383 0.0931726
7.08964 0.0925261
7.09546 0.0919603
7.10127 0.0914653
7.10708 0.0910321
7.1129 0.0906531
7.11871 0.0903215
7.12452 0.0900313
7.16319 0.0939024
7.169 0.0931646
7.17481 0.092519
7.18063 0.0919541
7.18644 0.0914599
7.19225 0.0910274
7.19807 0.090774
7.20388 0.0904272
7.20969 0.0901238
7.24835 0.0939833
7.25417 0.0932354
7.25998 0.092581
7.26579 0.0920084
7.27161 0.0915073
7.27742 0.0910689
7.28323 0.0906853
7.28905 0.0904746
7.29486 0.0901653
7.33352 0.0940196
7.33934 0.0932672
7.34515 0.0926088
7.35096 0.0920327
7.35678 0.0915286
7.36259 0.0910875
7.3684 0.0907016
7.37421 0.0903639
7.38003 0.0901934
7.41869 0.0940442
7.4245 0.0932887
7.43032 0.0926276
7.43613 0.0920492
7.44194 0.091543
7.44776 0.0911001
7.45357 0.0907126
7.45938 0.0903735
7.4652 0.0900768
7.50386 0.0939422
7.50967 0.0931995
7.51548 0.0925495
7.5213 0.0919808
7.52711 0.0914832
7.53292 0.0910478
7.53874 0.0906668
7.54455 0.0903335
7.55036 0.0900418
7.58903 0.0939116
7.59484 0.0931726
7.60065 0.0925261
7.60647 0.0919603
7.61228 0.0914653
7.61809 0.0910321
7.62391 0.0906531
7.62972 0.0903215
7.63553 0.0900313
7.67419 0.0939024
7.68001 0.0932896
7.68582 0.0926284
7.69163 0.0920498
7.69745 0.0915436
7.70326 0.0911006
7.70907 0.0908381
7.71489 0.0904833
7.7207 0.0901729
7.75936 0.0940263
7.76518 0.093273
7.77099 0.0926139
7.7768 0.0920371
7.78262 0.0915325
7.78843 0.0910909
7.79424 0.0907046
7.80005 0.0904915
7.80587 0.0901801
7.84453 0.0940325
7.85034 0.0932785
7.85616 0.0926187
7.86197 0.0920413
7.86778 0.0915362
7.8736 0.0910941
7.87941 0.0907074
7.88522 0.090369
7.89104 0.0901978
7.9297 0.0940481
7.93551 0.0932921
7.94132 0.0926306
7.94714 0.0920518
7.95295 0.0915453
7.95876 0.0911021
7.96458 0.0907144
7.97039 0.0903751
7.9762 0.0900782
8.01487 0.0939434
8.02068 0.0932005
8.02649 0.0925504
8.03231 0.0919816
8.03812 0.0914839
8.04393 0.0910484
8.04975 0.0906674
8.05556 0.0903339
8.06137 0.0900422
8.10003 0.0939119
8.10585 0.0931729
8.11166 0.0925263
8.11747 0.0919605
8.12329 0.0914655
8.1291 0.0910323
8.13491 0.0906532
8.14073 0.0903216
8.14654 0.0900314
8.1852 0.0939025
8.19102 0.0932897
8.19683 0.0926284
8.20264 0.0920499
8.20846 0.0915437
8.21427 0.0911007
8.22008 0.0907131
8.22589 0.090374
8.23171 0.0900772
8.27037 0.0939426
8.27618 0.0931997
8.282 0.0925498
8.28781 0.0919811
8.29362 0.0914834
8.29944 0.091048
8.30525 0.090667
8.31106 0.0904586
8.31688 0.0901513
8.35554 0.0940074
8.36135 0.0932565
8.36716 0.0925994
8.37298 0.0920245
8.37879 0.0915214
8.3846 0.0910812
8.39042 0.0906961
8.39623 0.0903591
8.40204 0.0901892
8.44071 0.0940405
8.44652 0.0932855
8.45233 0.0926248
8.45815 0.0920467
8.46396 0.0915409
8.46977 0.0910982
8.47559 0.090711
8.4814 0.0903721
8.48721 0.0900756
8.52587 0.0939411
8.53169 0.0931985
8.5375 0.0925487
8.54331 0.0919801
8.54913 0.0914826
8.55494 0.0910473
8.56075 0.0906664
8.56657 0.0903331
8.57238 0.0900414
8.61104 0.0939112
8.61686 0.0931723
8.62267 0.0925258
8.62848 0.0919601
8.6343 0.0914651
8.64011 0.0910319
8.64592 0.0906529
8.65173 0.0903213
8.65755 0.0900312
8.69621 0.0939023
8.70202 0.0932895
8.70784 0.0926283
8.71365 0.0920498
8.71946 0.0915435
8.72528 0.0911006
8.73109 0.090713
8.7369 0.0903739
8.74272 0.0900772
8.78138 0.0939425
8.78719 0.0931997
8.793 0.0926747
8.79882 0.0920904
8.80463 0.0915791
8.81044 0.0911317
8.81626 0.0907402
8.82207 0.0905227
8.82788 0.0902074
8.86655 0.0940564
8.87236 0.0932994
8.87817 0.092637
8.88399 0.0920573
8.8898 0.0915502
8.89561 0.0911064
8.90143 0.0907181
8.90724 0.0903783
8.91305 0.090206
8.95171 0.0940553
8.95753 0.0932984
8.96334 0.0926361
8.96915 0.0920566
8.97497 0.0915495
8.98078 0.0911058
8.98659 0.0907176
8.99241 0.0903779
8.99822 0.0900806
9.03688 0.0939456
9.0427 0.0932024
9.04851 0.0925521
9.05432 0.0919831
9.06014 0.0914852
9.06595 0.0910495
9.07176 0.0906683
9.07757 0.0903348
9.08339 0.0900429
9.12205 0.0939126
9.12786 0.0931735
9.13368 0.0925268
9.13949 0.091961
9.1453 0.0914658
9.15112 0.0910326
9.15693 0.0906535
9.16274 0.0903218
9.16856 0.0900316
9.20722 0.0939027
9.21303 0.0932898
9.21884 0.0926286
9.22466 0.09205
9.23047 0.0915438
9.23628 0.0911008
9.2421 0.0907132
9.24791 0.090374
9.25372 0.0900773
9.29239 0.0939426
9.2982 0.0931998
9.30401 0.0926748
9.30983 0.0920905
9.31564 0.0915792
9.32145 0.0911318
9.32727 0.0907403
9.33308 0.0903978
9.33889 0.090098
9.37755 0.0939608
9.38337 0.0932157
9.38918 0.0925637
9.39499 0.0919933
9.40081 0.0914941
9.40662 0.0910573
9.41243 0.0906752
9.41825 0.0903408
9.42406 0.0901732
9.46272 0.0940265
9.46854 0.0932732
9.47435 0.0926141
9.48016 0.0920373
9.48598 0.0915326
9.49179 0.0910911
9.4976 0.0907047
9.50341 0.0903666
9.50923 0.0900708
9.54789 0.0939369
9.5537 0.0931948
9.55952 0.0925455
9.56533 0.0919773
9.57114 0.0914801
9.57696 0.0910451
9.58277 0.0906645
9.58858 0.0903314
9.5944 0.09004
9.63306 0.09391
9.63887 0.0931712
9.64468 0.0925248
9.6505 0.0919592
9.65631 0.0914643
9.66212 0.0910313
9.66794 0.0906524
9.67375 0.0903208
9.67956 0.0900307
9.71823 0.0939019
9.72404 0.0932891
9.72985 0.092628
9.73567 0.0920495
9.74148 0.0915433
9.74729 0.0911004
9.75311 0.0907128
9.75892 0.0903737
9.76473 0.090077
9.80339 0.0939424
9.80921 0.0931996
9.81502 0.0926746
9.82083 0.0920903
9.82665 0.091579
9.83246 0.0911316
9.83827 0.0907402
9.84409 0.0903977
9.8499 0.090098
9.88856 0.0939607
9.89438 0.0932156
9.90019 0.0925637
9.906 0.0921182
9.91182 0.0916034
9.91763 0.091153
9.92344 0.0907589
9.92925 0.090414
9.93507 0.0902373
9.97373 0.0940826
9.97954 0.0933223
9.98536 0.092657
9.99117 0.0920749
9.99698 0.0915655
10.0028 0.0911198
10.0086 0.0907298
10.0144 0.0903886
10.0202 0.09009
10.0589 0.0939538
10.0647 0.0932096
10.0705 0.0925584
10.0763 0.0919886
10.0822 0.09149
10.088 0.0910537
10.0938 0.090672
10.0996 0.090338
10.1054 0.0900458
10.1441 0.093915
10.1499 0.0931757
10.1557 0.0925287
10.1615 0.0919626
10.1673 0.0914673
10.1731 0.0910339
10.1789 0.0906546
10.2641 0.100323
10.3493 0.108782
10.4344 0.11606
10.5196 0.122427
10.6048 0.127999
10.69 0.132874
10.7751 0.137265
10.8603 0.141107
10.9455 0.144343
11.0306 0.147175
11.1158 0.149653
11.201 0.151822
11.2861 0.153844
11.3713 0.155614
11.4565 0.157037
11.5416 0.158282
11.6268 0.159372
11.712 0.160325
11.7971 0.161285
11.8823 0.162124
11.9675 0.162734
12.0526 0.163267
12.1378 0.163734
12.223 0.164142
12.3081 0.164624
12.3933 0.165046
12.4785 0.16529
12.5636 0.165504
12.6488 0.165691
12.734 0.165855
12.8192 0.166123
12.9043 0.166357
12.9895 0.166438
13.0747 0.166508
13.1598 0.16657
13.245 0.166623
13.3302 0.166795
13.4153 0.166946
13.5005 0.166953
13.5857 0.166959
13.6708 0.166964
13.756 0.167093
13.8412 0.167207
13.9263 0.167306
14.0115 0.167268
14.0967 0.167234
14.1818 0.167205
14.267 0.167304
14.3522 0.167391
14.4373 0.167467
14.5225 0.167409
14.6077 0.167358
14.6928 0.167313
14.778 0.167399
14.8632 0.167474
14.9484 0.16754
15.0335 0.167472
15.1187 0.167413
15.2039 0.167362
15.289 0.167441
15.3742 0.167511
15.4594 0.167572
15.5445 0.167501
15.6297 0.167438
15.7149 0.167383
15.8 0.16746
15.8852 0.167528
15.9704 0.167587
16.0555 0.167514
16.1407 0.167449
16.2259 0.167393
16.311 0.167469
16.3962 0.167535
16.4814 0.167593
16.5665 0.167519
16.6517 0.167454
16.7369 0.167398
16.822 0.167473
16.9072 0.167539
16.9924 0.167596
17.0776 0.167522
17.1627 0.167457
17.2479 0.1674
17.3331 0.167475
17.4182 0.16754
17.5034 0.167598
17.5886 0.167523
17.6737 0.167458
17.7589 0.1674
17.8441 0.167475
17.9292 0.167541
18.0144 0.167598
18.0996 0.167524
18.1847 0.167458
18.2699 0.167401
18.3551 0.167476
18.4402 0.167541
18.5254 0.167599
18.6106 0.167524
18.6957 0.167458
18.7809 0.167401
18.8661 0.167476
18.9512 0.167541
19.0364 0.167599
19.1216 0.167524
19.2068 0.167458
19.2919 0.167401
19.3771 0.167476
19.4623 0.167541
19.5474 0.167599
19.6326 0.167524
19.7178 0.167458
19.8029 0.167401
19.8881 0.167476
19.9733 0.167541
20.0584 0.167474
20.1436 0.167415
20.2288 0.167363
20.3139 0.167317
20.3991 0.167403
20.4843 0.167477
20.5694 0.167418
20.6672 0.168991
20.7829 0.174117
20.9219 0.183727
21.1253 0.203261
21.1356 0.204604
21.3705 0.209653
21.5731 0.237821
21.6071 0.237719
21.8412 0.241504
22.0454 0.265691
22.0794 0.26223
22.3135 0.262951
22.5177 0.284457
22.5518 0.27865
22.7858 0.277319
22.9901 0.297154
23.0241 0.289885
23.2582 0.287149
23.4624 0.30563
23.4965 0.297177
23.7305 0.29353
23.9347 0.311213
23.9688 0.302062
24.2028 0.297804
24.4071 0.315078
24.4411 0.305569
24.6752 0.300873
24.8794 0.317638
24.9135 0.307684
25.1475 0.302723
25.3517 0.319258
25.3858 0.309101
25.6198 0.303963
25.8241 0.320468
25.8581 0.310284
26.0922 0.304999
26.2964 0.321249
26.3305 0.310843
26.5645 0.305487
26.7688 0.321676
26.8028 0.311217
27.0369 0.305815
27.2411 0.322088
27.2751 0.311702
27.5092 0.306239
27.7134 0.322334
27.7475 0.311793
27.9815 0.306318
28.1858 0.322404
28.2198 0.311853
28.4539 0.306372
28.6581 0.322575
28.6921 0.312128
28.9262 0.306612
29.1304 0.322661
29.1645 0.312078
29.3985 0.306568
29.6028 0.322622
29.6368 0.312044
29.8709 0.306539
30.0751 0.322722
30.1092 0.312256
30.3432 0.306724
30.5474 0.322759
30.5815 0.312164
30.8155 0.306643
31.0198 0.322688
31.0538 0.312102
31.2879 0.306589
31.4921 0.322766
31.5262 0.312295
31.7602 0.306758
31.9645 0.322788
31.9985 0.31219
32.2325 0.306666
32.4368 0.322708
32.4708 0.312119
32.7049 0.306604
32.9091 0.322779
32.9432 0.312306
33.1772 0.306768
33.3815 0.322797
33.4155 0.312198
33.6496 0.306673
33.8538 0.322714
33.8878 0.312124
34.1219 0.306609
34.3261 0.322783
34.3602 0.31231
34.5942 0.306771
34.7985 0.3228
34.8325 0.3122
35.0666 0.306675
35.2708 0.322716
35.3049 0.312126
35.5389 0.30661
35.7431 0.322784
35.7772 0.312311
36.0112 0.306772
36.2155 0.322801
36.2495 0.312201
36.4836 0.306675
36.6878 0.322716
36.7219 0.312127
36.9559 0.306611
37.1601 0.322784
37.1942 0.312311
37.4282 0.306772
37.6325 0.322801
37.6665 0.312201
37.9006 0.306676
38.1048 0.322716
38.1389 0.312127
38.3729 0.306611
38.5772 0.322784
38.6112 0.312311
38.8453 0.306772
39.0495 0.322801
39.0835 0.312201
39.3176 0.306676
39.5218 0.322716
39.5559 0.312127
39.7899 0.306611
39.9942 0.322785
40.0282 0.312311
40.2623 0.306773
40.4665 0.322801
40.5005 0.312201
40.7346 0.306676
40.9388 0.322716
40.9729 0.312127
41.2069 0.306611
41.4112 0.322785
41.4452 0.312311
41.6793 0.306773
41.8835 0.322801
41.9176 0.312201
42.1516 0.306676
42.3558 0.322716
42.3899 0.312127
42.6239 0.306611
42.8282 0.322785
42.8622 0.312311
43.0963 0.306773
43.3005 0.322801
43.3346 0.312201
43.5686 0.306676
43.7729 0.322716
43.8069 0.312127
44.0409 0.306611
44.2452 0.322785
44.2792 0.312311
44.5133 0.306773
44.7175 0.322801
44.7516 0.312201
44.9856 0.306676
45.1899 0.322716
45.2239 0.312127
45.458 0.306611
45.6622 0.322785
45.6962 0.312311
45.9303 0.306773
46.1345 0.322801
46.1686 0.312201
46.4026 0.306676
46.6069 0.322716
46.6409 0.312127
46.875 0.306611
47.0792 0.322785
47.1133 0.312311
47.3473 0.306773
47.5515 0.322801
47.5856 0.312201
47.8196 0.306676
48.0239 0.322716
48.0579 0.312127
48.292 0.306611
48.4962 0.322785
48.5303 0.312311
48.7643 0.306773
48.9685 0.322801
49.0026 0.312201
49.2366 0.306676
49.4409 0.322716
49.4749 0.312127
49.709 0.306611
49.9132 0.322785
49.9473 0.312311
50.1813 0.306773
50.3856 0.322801
50.4196 0.312201
50.6537 0.306676
50.8579 0.322716
50.8919 0.312127
51.126 0.306611
51.3302 0.322785
51.3643 0.312311
51.5983 0.306773
51.8026 0.322801
51.8366 0.312201
52.0707 0.306676
52.2749 0.322716
52.3089 0.312127
52.543 0.306611
52.7472 0.322785
52.7813 0.312311
53.0153 0.306773
53.2196 0.322801
53.2536 0.312201
53.4877 0.306676
53.6919 0.322716
53.726 0.312127
53.96 0.306736
54.1642 0.322894
54.1983 0.312282
54.4323 0.306747
54.6366 0.322779
54.6706 0.312181
54.9047 0.306659
55.1089 0.322701
55.143 0.312114
55.377 0.306724
55.5813 0.322884
55.6153 0.312273
55.8493 0.306739
56.0536 0.322772
56.0876 0.312175
56.3217 0.306653
56.5259 0.322697
56.56 0.31211
56.794 0.306721
56.9983 0.322881
57.0323 0.312271
57.2664 0.306737
57.4706 0.32277
57.5046 0.312174
57.7387 0.306652
57.9429 0.322695
57.977 0.312108
58.211 0.30672
58.4153 0.32288
58.4493 0.31227
58.6834 0.306736
58.8876 0.322769
58.9217 0.312173
59.1557 0.306651
59.3599 0.322695
59.394 0.312108
59.628 0.30672
59.8323 0.32288
59.8663 0.31227
60.1004 0.306736
60.3046 0.322769
60.3387 0.312173
60.5727 0.306651
60.7769 0.322695
60.811 0.312108
61.045 0.306719
61.2493 0.32288
61.2833 0.31227
61.5174 0.306736
61.7216 0.322769
61.7557 0.312173
61.9897 0.306651
62.194 0.322695
62.228 0.312233
62.4621 0.306829
62.6663 0.322975
62.7003 0.312353
62.9344 0.306809
63.1386 0.322833
63.1727 0.312229
63.4067 0.3067
63.611 0.322738
63.645 0.312271
63.8791 0.306862
64.0833 0.323004
64.1173 0.312378
64.3514 0.306831
64.5556 0.322852
64.5897 0.312246
64.8237 0.306715
65.028 0.322751
65.062 0.312282
65.2961 0.306872
65.5003 0.323013
65.5344 0.312386
65.7684 0.306838
65.9726 0.322858
66.0067 0.312251
66.2407 0.306719
66.445 0.322755
66.479 0.312285
66.7131 0.306875
66.9173 0.323015
66.9514 0.312388
67.1854 0.30684
67.3897 0.32286
67.4237 0.312252
67.6577 0.306721
67.862 0.322756
67.896 0.312286
68.1301 0.306875
68.3343 0.323016
68.3684 0.312389
68.6024 0.30684
68.8067 0.32286
68.8407 0.312253
69.0748 0.306721
69.279 0.322756
69.313 0.312287
69.5471 0.306876
69.7513 0.323016
69.7854 0.312389
70.0194 0.306841
70.2237 0.32286
70.2577 0.312253
70.4918 0.306721
70.696 0.322881
70.7301 0.312396
70.9641 0.306847
71.1683 0.322991
71.2024 0.312367
71.4364 0.306821
71.6407 0.322843
71.6747 0.312238
71.9088 0.306708
72.113 0.32287
72.1471 0.312386
72.3811 0.306838
72.5853 0.322983
72.6194 0.31236
72.8534 0.306815
73.0577 0.322838
73.0917 0.312233
73.3258 0.306704
73.53 0.322866
73.5641 0.312383
73.7981 0.306835
74.0024 0.322981
74.0364 0.312358
74.2705 0.306813
74.4747 0.322837
74.5087 0.312232
74.7428 0.306703
74.947 0.322865
74.9811 0.312382
75.2151 0.306834
75.4194 0.32298
75.4534 0.312358
75.6875 0.306813
75.8917 0.322836
75.9257 0.312232
76.1598 0.306703
76.364 0.322865
76.3981 0.312382
76.6321 0.306834
76.8364 0.32298
76.8704 0.312357
77.1045 0.306813
77.3087 0.322836
77.3428 0.312232
77.5768 0.306703
77.781 0.322865
77.8151 0.312382
78.0491 0.306834
78.2534 0.32298
78.2874 0.312357
78.5215 0.306813
78.7257 0.322836
78.7598 0.312232
78.9938 0.306703
79.1981 0.322865
79.2321 0.312382
79.4661 0.306834
79.6704 0.322855
79.7044 0.312248
79.9385 0.306717
80.1427 0.322752
80.1768 0.312158
80.4108 0.306638
80.6151 0.322809
80.6491 0.312333
80.8832 0.306791
81.0874 0.322817
81.1214 0.312215
81.3555 0.306688
81.5597 0.322727
81.5938 0.312136
81.8278 0.306619
82.0321 0.322792
82.0661 0.312318
82.3002 0.306778
82.5044 0.322806
82.5385 0.312205
82.7725 0.306679
82.9767 0.32272
83.0108 0.31213
83.2448 0.306613
83.4491 0.322787
83.4831 0.312313
83.7172 0.306774
83.9214 0.322802
83.9555 0.312202
84.1895 0.306677
84.3937 0.322717
84.4278 0.312128
84.6618 0.306612
84.8661 0.322785
84.9001 0.312312
85.1342 0.306773
85.3384 0.322801
85.3725 0.312201
85.6065 0.306676
85.8108 0.322717
85.8448 0.312127
86.0789 0.306611
86.2831 0.322785
86.3171 0.312312
86.5512 0.306773
86.7554 0.322801
86.7895 0.312201
87.0235 0.306676
87.2278 0.322716
87.2618 0.312127
87.4959 0.306611
87.7001 0.322785
87.7341 0.312312
87.9682 0.306773
88.1724 0.322801
88.2065 0.312201
88.4405 0.306676
88.6448 0.322716
88.6788 0.312127
88.9129 0.306611
89.1171 0.322785
89.1512 0.312311
89.3852 0.306773
89.5894 0.322801
89.6235 0.312201
89.8575 0.306676
90.0618 0.322716
90.0958 0.312127
90.3299 0.306611
90.5341 0.322785
90.5682 0.312311
90.8022 0.306773
91.0065 0.322801
91.0405 0.312201
91.2745 0.306676
91.4788 0.322716
91.5128 0.312127
91.7469 0.306611
91.9511 0.322785
91.9852 0.312311
92.2192 0.306773
92.4235 0.322801
92.4575 0.312201
92.6916 0.306676
92.8958 0.322716
92.9298 0.312127
93.1639 0.306611
93.3681 0.322785
93.4022 0.312311
93.6362 0.306773
93.8405 0.322801
93.8745 0.312201
94.1086 0.306676
94.3128 0.322716
94.3469 0.312127
94.5809 0.306611
94.7851 0.322785
94.8192 0.312311
95.0532 0.306773
95.2575 0.322801
95.2915 0.312201
95.5256 0.306676
95.7298 0.322716
95.7639 0.312127
95.9979 0.306611
96.2021 0.322785
96.2362 0.312311
96.4702 0.306773
96.6745 0.322801
96.7085 0.312201
96.9426 0.306676
97.1468 0.322716
97.1809 0.312127
97.4149 0.306611
97.6192 0.322785
97.6532 0.312311
97.8873 0.306773
98.0915 0.322801
98.1255 0.312201
98.3596 0.306676
98.5638 0.322716
98.5979 0.312127
98.8319 0.306611
99.0362 0.322785
99.0702 0.312311
99.3043 0.306773
99.5085 0.322801
99.5425 0.312201
99.7766 0.306676
99.9808 0.322716
100.015 0.312127
100.249 0.306611
100.453 0.322785
100.487 0.312311
100.721 0.306773
100.926 0.322801
100.96 0.312201
101.194 0.306676
101.398 0.322716
101.432 0.312127
101.666 0.306611
101.87 0.322785
101.904 0.312311
102.138 0.306773
102.343 0.322801
102.377 0.312201
102.611 0.306676
102.815 0.322716
102.849 0.312127
103.083 0.306611
103.287 0.322785
103.321 0.312311
103.555 0.306773
103.76 0.322801
103.794 0.312201
104.028 0.306676
104.232 0.322716
104.266 0.312127
104.5 0.306611
104.704 0.322785
104.738 0.312311
104.972 0.306773
105.177 0.322801
105.211 0.312201
105.445 0.306676
105.649 0.322716
105.683 0.312127
105.917 0.306611
106.121 0.322785
106.155 0.312311
106.389 0.306773
106.594 0.322801
106.628 0.312201
106.862 0.306676
107.066 0.322716
107.1 0.312127
107.334 0.306611
107.538 0.322785
107.572 0.312311
107.806 0.306773
108.011 0.322801
108.045 0.312201
108.279 0.306676
108.483 0.322716
108.517 0.312127
108.751 0.306611
108.955 0.322785
108.989 0.312311
109.223 0.306773
109.428 0.322801
109.462 0.312201
109.696 0.306676
109.9 0.322716
109.934 0.312127
110.168 0.306611
110.372 0.322785
110.406 0.312311
110.64 0.306773
110.845 0.322801
110.879 0.312201
111.113 0.306676
111.317 0.322716
111.351 0.312127
111.585 0.306611
111.789 0.322785
111.823 0.312311
112.057 0.306773
112.262 0.322801
112.296 0.312201
112.53 0.306676
112.734 0.322716
112.768 0.312127
113.002 0.306736
113.206 0.322894
113.24 0.312282
113.474 0.306747
113.679 0.322779
113.713 0.312181
113.947 0.306659
114.151 0.322701
114.185 0.312114
114.419 0.306724
114.623 0.322884
114.657 0.312273
114.891 0.306739
115.096 0.322772
115.13 0.312175
115.364 0.306653
115.568 0.322697
115.602 0.31211
115.836 0.306721
116.04 0.322881
116.074 0.312271
116.308 0.306737
116.513 0.32277
116.547 0.312174
116.781 0.306652
116.985 0.322695
117.019 0.312108
117.253 0.30672
117.457 0.32288
117.491 0.31227
117.725 0.306736
117.93 0.322769
117.964 0.312173
118.198 0.306651
118.402 0.322695
118.436 0.312108
118.67 0.30672
118.874 0.32288
118.908 0.31227
119.142 0.306736
119.347 0.322769
119.381 0.312173
119.615 0.306651
119.819 0.322695
119.853 0.312108
120.087 0.306719
120.291 0.32288
120.325 0.31227
120.559 0.306736
120.764 0.322769
120.798 0.312173
121.032 0.306651
121.236 0.322695
121.27 0.312233
121.504 0.306829
121.708 0.322975
121.742 0.312353
121.976 0.306809
122.181 0.322833
122.215 0.312229
122.449 0.3067
122.653 0.322738
122.687 0.312271
122.921 0.306862
123.125 0.323004
123.159 0.312378
123.393 0.306831
123.598 0.322852
123.632 0.312246
123.866 0.306715
124.07 0.322751
124.104 0.312282
124.338 0.306872
124.542 0.323013
124.576 0.312386
124.81 0.306838
125.015 0.322858
125.049 0.312251
125.283 0.306719
125.487 0.322755
125.521 0.312285
125.755 0.306875
125.959 0.323015
125.993 0.312388
126.227 0.30684
126.432 0.32286
126.466 0.312252
126.7 0.306721
126.904 0.322756
126.938 0.312286
127.172 0.306875
127.376 0.323016
127.41 0.312389
127.644 0.30684
127.849 0.32286
127.883 0.312253
128.117 0.306721
128.321 0.322756
128.355 0.312287
128.589 0.306876
128.793 0.323016
128.827 0.312389
129.061 0.306841
129.266 0.32286
129.3 0.312253
129.534 0.306721
129.738 0.322881
129.772 0.312396
130.006 0.306847
130.21 0.322991
130.244 0.312367
130.478 0.306821
130.683 0.322843
130.717 0.312238
130.951 0.306708
131.155 0.32287
131.189 0.312386
131.423 0.306838
131.627 0.322983
131.661 0.31236
131.895 0.306815
132.1 0.322838
132.134 0.312233
132.368 0.306704
132.572 0.322866
132.606 0.312383
132.84 0.306835
133.044 0.322981
133.078 0.312358
133.312 0.306813
133.517 0.322837
133.551 0.312232
133.785 0.306703
133.989 0.322865
134.023 0.312382
134.257 0.306834
134.461 0.32298
134.495 0.312358
134.729 0.306813
134.934 0.322836
134.968 0.312232
135.202 0.306703
135.406 0.322865
135.44 0.312382
135.674 0.306834
135.878 0.32298
135.912 0.312357
136.146 0.306813
136.351 0.322836
136.385 0.312232
136.619 0.306703
136.823 0.322865
136.857 0.312382
137.091 0.306834
137.295 0.32298
137.329 0.312357
137.563 0.306813
137.768 0.322836
137.802 0.312232
138.036 0.306703
138.24 0.322865
138.274 0.312382
138.508 0.306834
138.712 0.322855
138.746 0.312248
138.98 0.306717
139.185 0.322752
139.219 0.312158
139.453 0.306638
139.657 0.322809
139.691 0.312333
139.925 0.306791
140.129 0.322817
140.163 0.312215
140.397 0.306688
140.602 0.322727
140.636 0.312136
140.87 0.306619
141.074 0.322792
141.108 0.312318
141.342 0.306778
141.546 0.322806
141.58 0.312205
141.814 0.306679
142.019 0.32272
142.053 0.31213
142.287 0.306613
142.491 0.322787
142.525 0.312313
142.759 0.306774
142.963 0.322802
142.997 0.312202
143.232 0.306677
143.436 0.322717
143.47 0.312128
143.704 0.306612
143.908 0.322785
143.942 0.312312
144.176 0.306773
144.38 0.322801
144.414 0.312201
144.649 0.306676
144.853 0.322717
144.887 0.312127
145.121 0.306611
145.325 0.322785
145.359 0.312312
145.593 0.306773
145.797 0.322801
145.831 0.312201
146.066 0.306676
146.27 0.322716
146.304 0.312127
146.538 0.306611
146.742 0.322785
146.776 0.312312
147.01 0.306773
147.214 0.322801
147.248 0.312201
147.483 0.306676
147.687 0.322716
147.721 0.312127
147.955 0.306611
148.159 0.322785
148.193 0.312311
148.427 0.306773
148.631 0.322801
148.665 0.312201
148.9 0.306676
149.104 0.322716
149.138 0.312127
149.372 0.306611
149.576 0.322785
149.61 0.312311
149.844 0.306773
150.048 0.322801
150.082 0.312201
150.317 0.306676
150.521 0.322716
150.555 0.312127
150.789 0.306611
150.993 0.322785
151.027 0.312311
151.261 0.306773
151.465 0.322801
151.5 0.312201
151.734 0.306676
151.938 0.322716
151.972 0.312127
152.206 0.306611
152.41 0.322785
152.444 0.312311
152.678 0.306773
152.882 0.322801
152.917 0.312201
153.151 0.306676
153.355 0.322716
153.389 0.312127
153.623 0.306611
153.827 0.322785
153.861 0.312311
154.095 0.306773
154.299 0.322801
154.334 0.312201
154.568 0.306676
154.772 0.322716
154.806 0.312127
155.04 0.306611
155.244 0.322785
155.278 0.312311
155.512 0.306773
155.716 0.322801
155.751 0.312201
155.985 0.306676
156.189 0.322716
156.223 0.312127
156.457 0.306611
156.661 0.322785
156.695 0.312311
156.929 0.306773
157.133 0.322801
157.168 0.312201
157.402 0.306676
157.606 0.322716
157.64 0.312127
157.874 0.306611
158.078 0.322785
158.112 0.312311
158.346 0.306773
158.55 0.322801
158.585 0.312201
158.819 0.306676
159.023 0.322716
159.057 0.312127
159.291 0.306611
159.495 0.322785
159.529 0.312311
159.763 0.306773
159.968 0.322801
160.002 0.312201
160.236 0.306676
160.44 0.322716
160.474 0.312127
160.708 0.306611
160.912 0.322785
160.946 0.312311
161.18 0.306773
161.385 0.322801
161.419 0.312201
161.653 0.306676
161.857 0.322716
161.891 0.312127
162.125 0.306611
162.329 0.322785
162.363 0.312311
162.597 0.306773
162.802 0.322801
162.836 0.312201
163.07 0.306676
163.274 0.322716
163.308 0.312127
163.542 0.306611
163.746 0.322785
163.78 0.312311
164.014 0.306773
164.219 0.322801
164.253 0.312201
164.487 0.306676
164.691 0.322716
164.725 0.312127
164.959 0.306611
165.163 0.322785
165.197 0.312311
165.431 0.306773
165.636 0.322801
165.67 0.312201
165.904 0.306676
166.108 0.322716
166.142 0.312127
166.376 0.306611
166.58 0.322785
166.614 0.312311
166.848 0.306773
167.053 0.322801
167.087 0.312201
167.321 0.306676
167.525 0.322716
167.559 0.312127
167.793 0.306611
167.997 0.322785
168.031 0.312311
168.265 0.306773
168.47 0.322801
168.504 0.312201
168.738 0.306676
168.942 0.322716
168.976 0.312127
169.21 0.306611
169.414 0.322785
169.448 0.312311
169.682 0.306773
169.887 0.322801
169.921 0.312201
170.155 0.306676
170.359 0.322716
170.393 0.312127
170.627 0.306611
170.831 0.322785
170.865 0.312311
171.099 0.306773
171.304 0.322801
171.338 0.312201
171.572 0.306676
171.776 0.322716
171.81 0.312127
172.044 0.306736
172.248 0.322894
172.282 0.312282
172.516 0.306747
172.721 0.322779
172.755 0.312181
172.989 0.306659
173.193 0.322701
173.227 0.312114
173.461 0.306724
173.665 0.322884
173.699 0.312273
173.933 0.306739
174.138 0.322772
174.172 0.312175
174.406 0.306653
174.61 0.322697
174.644 0.31211
174.878 0.306721
175.082 0.322881
175.116 0.312271
175.35 0.306737
175.555 0.32277
175.589 0.312174
175.823 0.306652
176.027 0.322695
176.061 0.312108
176.295 0.30672
176.499 0.32288
176.533 0.31227
176.767 0.306736
176.972 0.322769
177.006 0.312173
177.24 0.306651
177.444 0.322695
177.478 0.312108
177.712 0.30672
177.916 0.32288
177.95 0.31227
178.184 0.306736
178.389 0.322769
178.423 0.312173
178.657 0.306651
178.861 0.322695
178.895 0.312108
179.129 0.306719
179.333 0.32288
179.367 0.31227
179.601 0.306736
179.806 0.322769
179.84 0.312173
180.074 0.306651
180.278 0.322695
180.312 0.312233
180.546 0.306829
180.75 0.322975
180.784 0.312353
181.018 0.306809
181.223 0.322833
181.257 0.312229
181.491 0.3067
181.695 0.322738
181.729 0.312271
181.963 0.306862
182.167 0.323004
182.201 0.312378
182.435 0.306831
182.64 0.322852
182.674 0.312246
182.908 0.306715
183.112 0.322751
183.146 0.312282
183.38 0.306872
183.584 0.323013
183.618 0.312386
183.852 0.306838
184.057 0.322858
184.091 0.312251
184.325 0.306719
184.529 0.322755
184.563 0.312285
184.797 0.306875
185.001 0.323015
185.035 0.312388
185.269 0.30684
185.474 0.32286
185.508 0.312252
185.742 0.306721
185.946 0.322756
185.98 0.312286
186.214 0.306875
186.418 0.323016
186.452 0.312389
186.686 0.30684
186.891 0.32286
186.925 0.312253
187.159 0.306721
187.363 0.322756
187.397 0.312287
187.631 0.306876
187.835 0.323016
187.869 0.312389
188.103 0.306841
188.308 0.32286
188.342 0.312253
188.576 0.306721
188.78 0.322881
188.814 0.312396
189.048 0.306847
189.252 0.322991
189.286 0.312367
189.52 0.306821
189.725 0.322843
189.759 0.312238
189.993 0.306708
190.197 0.32287
190.231 0.312386
190.465 0.306838
190.669 0.322983
190.703 0.31236
190.937 0.306815
191.142 0.322838
191.176 0.312233
191.41 0.306704
191.614 0.322866
191.648 0.312383
191.882 0.306835
192.086 0.322981
192.12 0.312358
192.354 0.306813
192.559 0.322837
192.593 0.312232
192.827 0.306703
193.031 0.322865
193.065 0.312382
193.299 0.306834
193.503 0.32298
193.537 0.312358
193.771 0.306813
193.976 0.322836
194.01 0.312232
194.244 0.306703
194.448 0.322865
194.482 0.312382
194.716 0.306834
194.92 0.32298
194.954 0.312357
195.188 0.306813
195.393 0.322836
195.427 0.312232
195.661 0.306703
195.865 0.322865
195.899 0.312382
196.133 0.306834
196.337 0.32298
196.371 0.312357
196.605 0.306813
196.81 0.322836
196.844 0.312232
197.078 0.306703
197.282 0.322865
197.316 0.312382
197.55 0.306834
197.754 0.322855
197.788 0.312248
198.022 0.306717
198.227 0.322752
198.261 0.312158
198.495 0.306638
198.699 0.322809
198.733 0.312333
198.967 0.306791
199.171 0.322817
199.205 0.312215
199.291 0.288063
199.376 0.27293
199.461 0.259689
199.546 0.248228
199.631 0.238199
199.716 0.229299
199.802 0.221512
199.887 0.214698
199.972 0.208736
200.042 0.201769
200.06 0.187673
200.148 0.175214
200.233 0.174312
200.318 0.173398
200.404 0.172598
200.489 0.171898
200.574 0.171286
200.659 0.170875
200.744 0.170516
200.829 0.170076
200.915 0.169692
201 0.169355
