0.0 0
0.094232 4294967295
0.179411 4294967295
0.185213 4294967295
0.191026 4294967295
0.196839 4294967295
0.202653 4294967295
10.0996 4294967295
41.4643 4294967295
41.6274 4294967295
50.9879 4294967295
50.9879 4294967295
50.9964 4294967295
50.999 4294967295
51.0117 4294967295
51.0151 4294967295
51.0295 4294967295
51.0329 4294967295
51.077 4294967295
51.0812 4294967295
51.0812 4294967295
51.0812 4294967295
51.1974 4294967295
51.1974 4294967295
51.1974 4294967295
51.2016 4294967295
51.2016 4294967295
51.2016 4294967295
51.2576 4294967295
51.2576 4294967295
51.2576 4294967295
51.2678 4294967295
51.2678 4294967295
51.2678 4294967295
51.2737 4294967295
51.2737 4294967295
51.2737 4294967295
51.2763 4294967295
51.2763 4294967295
51.2763 4294967295
51.278 4294967295
51.278 4294967295
51.3589 4294967295
51.3615 4294967295
51.3623 4294967295
51.3647 4294967295
51.3676 4294967295
51.3705 4294967295
51.3735 4294967295
51.3764 4294967295
51.3793 4294967295
51.3822 4294967295
51.3851 4294967295
51.3851 4294967295
51.388 4294967295
51.388 4294967295
51.3909 4294967295
51.3909 4294967295
51.3938 4294967295
51.3938 4294967295
51.3967 4294967295
51.3967 4294967295
51.4441 4294967295
51.4441 4294967295
51.4475 4294967295
51.4475 4294967295
51.4475 4294967295
52.8425 4294967295
53.3539 4294967295
55.6452 4294967295
55.6452 4294967295
55.6715 4294967295
55.6732 4294967295
55.6876 4294967295
55.6901 4294967295
55.6952 4294967295
55.696 4294967295
55.7045 4294967295
55.7062 4294967295
55.7172 4294967295
55.7198 4294967295
55.7359 4294967295
55.7393 4294967295
55.7486 4294967295
55.752 4294967295
55.8529 4294967295
55.8555 4294967295
55.8589 4294967295
55.8589 4294967295
55.8673 4294967295
55.8673 4294967295
55.869 4294967295
55.869 4294967295
55.869 4294967295
56.4825 4294967295
56.4825 4294967295
56.4868 4294967295
56.5046 4294967295
56.5182 4294967295
56.5216 4294967295
56.5385 4294967295
56.5385 4294967295
56.5419 4294967295
56.5419 4294967295
56.5419 4294967295
56.6657 4294967295
56.6657 4294967295
56.6657 4294967295
56.6666 4294967295
56.6666 4294967295
56.6666 4294967295
56.7022 4294967295
56.7047 4294967295
56.731 4294967295
56.7336 4294967295
56.8387 4294967295
56.8421 4294967295
56.8455 4294967295
56.8497 4294967295
56.8523 4294967295
56.854 4294967295
56.8556 4294967295
56.8573 4294967295
61.4545 4294967295
61.4545 4294967295
61.4579 4294967295
61.4596 4294967295
61.4647 4294967295
61.469 4294967295
61.4715 4294967295
61.4749 4294967295
61.4783 4294967295
61.4834 4294967295
61.4859 4294967295
61.4893 4294967295
61.4919 4294967295
61.4953 4294967295
61.4987 4294967295
61.5012 4294967295
61.5063 4294967295
61.5097 4294967295
61.5131 4294967295
61.5156 4294967295
61.519 4294967295
61.5215 4294967295
61.5241 4294967295
61.5275 4294967295
61.53 4294967295
61.5326 4294967295
61.536 4294967295
61.5394 4294967295
61.5394 4294967295
61.5394 4294967295
61.5419 4294967295
61.5478 4294967295
61.5538 4294967295
61.5563 4294967295
61.5623 4294967295
61.5648 4294967295
61.5682 4294967295
61.5707 4294967295
61.5741 4294967295
61.5767 4294967295
61.5792 4294967295
61.5826 4294967295
61.5851 4294967295
61.5885 4294967295
61.5945 4294967295
61.597 4294967295
61.603 4294967295
61.6055 4294967295
61.6089 4294967295
61.6148 4294967295
61.6174 4294967295
61.6292 4294967295
61.6352 4294967295
61.6377 4294967295
61.6403 4294967295
61.6428 4294967295
61.6496 4294967295
61.6555 4294967295
61.6606 4294967295
61.664 4294967295
61.6699 4294967295
61.6725 4294967295
61.675 4294967295
61.6844 4294967295
61.6869 4294967295
61.6903 4294967295
61.6928 4294967295
61.6962 4294967295
61.7047 4294967295
61.7073 4294967295
61.7107 4294967295
61.7132 4294967295
61.7166 4294967295
61.7251 4294967295
61.731 4294967295
61.7369 4294967295
61.742 4294967295
61.7429 4294967295
61.7434 4294967295
61.7437 4294967295
61.7437 4294967295
67.7543 4294967295
69.5741 4294967295
69.5741 4294967295
69.5758 4294967295
69.5801 4294967295
69.5826 4294967295
69.586 4294967295
69.5877 4294967295
69.5911 4294967295
69.5945 4294967295
69.597 4294967295
69.5996 4294967295
69.603 4294967295
69.6064 4294967295
69.6089 4294967295
69.614 4294967295
69.6174 4294967295
69.6199 4294967295
69.6225 4294967295
69.6267 4294967295
69.6284 4294967295
69.6344 4294967295
69.6369 4294967295
69.6411 4294967295
69.6437 4294967295
69.6471 4294967295
69.6496 4294967295
69.6522 4294967295
69.6556 4294967295
69.6581 4294967295
69.6606 4294967295
69.664 4294967295
69.6674 4294967295
69.67 4294967295
69.6751 4294967295
69.6785 4294967295
69.6878 4294967295
69.6878 4294967295
69.6878 4294967295
69.6903 4294967295
69.6963 4294967295
69.6988 4294967295
69.7022 4294967295
69.7047 4294967295
69.7073 4294967295
69.7107 4294967295
69.7192 4294967295
69.7225 4294967295
69.7242 4294967295
69.7276 4294967295
69.7302 4294967295
69.737 4294967295
69.7412 4294967295
69.7437 4294967295
69.7463 4294967295
69.7488 4294967295
69.7522 4294967295
69.7548 4294967295
69.7582 4294967295
69.7599 4294967295
69.7633 4294967295
69.7649 4294967295
69.7675 4294967295
69.77 4294967295
69.7726 4294967295
69.7751 4294967295
69.7768 4294967295
69.7802 4294967295
69.7819 4294967295
69.7845 4294967295
69.787 4294967295
69.7895 4294967295
69.7921 4294967295
69.7946 4294967295
69.7972 4294967295
69.7997 4294967295
69.8014 4294967295
69.804 4294967295
69.8065 4294967295
69.809 4294967295
69.8116 4294967295
69.8141 4294967295
69.8167 4294967295
69.8184 4294967295
69.8226 4294967295
69.8243 4294967295
69.8277 4294967295
69.8294 4294967295
69.8328 4294967295
69.8353 4294967295
69.837 4294967295
69.8413 4294967295
69.8455 4294967295
69.8506 4294967295
69.8557 4294967295
69.8565 4294967295
69.8582 4294967295
69.8947 4294967295
69.8964 4294967295
69.8972 4294967295
69.8981 4294967295
69.8989 4294967295
69.8998 4294967295
69.9023 4294967295
69.9057 4294967295
69.9083 4294967295
69.9108 4294967295
69.9125 4294967295
69.9142 4294967295
69.9167 4294967295
69.9184 4294967295
69.921 4294967295
69.9235 4294967295
69.9252 4294967295
69.9286 4294967295
69.9294 4294967295
69.9311 4294967295
69.9328 4294967295
69.9328 4294967295
74.1114 4294967295
74.1114 4294967295
74.1173 4294967295
74.1224 4294967295
74.1258 4294967295
74.1284 4294967295
74.1318 4294967295
74.1335 4294967295
74.136 4294967295
74.1394 4294967295
74.1419 4294967295
74.1445 4294967295
74.1479 4294967295
74.1504 4294967295
74.1504 4294967295
74.1504 4294967295
74.1538 4294967295
74.1564 4294967295
74.1597 4294967295
74.1631 4294967295
74.1657 4294967295
74.1691 4294967295
74.1708 4294967295
74.1742 4294967295
74.1776 4294967295
74.1801 4294967295
74.1835 4294967295
74.1852 4294967295
74.1886 4294967295
74.192 4294967295
74.1945 4294967295
74.1971 4294967295
74.2005 4294967295
74.2038 4294967295
74.2106 4294967295
74.2132 4294967295
74.2157 4294967295
74.2183 4294967295
74.2233 4294967295
74.2267 4294967295
74.2301 4294967295
74.2327 4294967295
74.2513 4294967295
74.2539 4294967295
74.259 4294967295
74.2624 4294967295
74.2649 4294967295
74.2708 4294967295
74.2768 4294967295
74.2793 4294967295
74.2844 4294967295
74.2886 4294967295
74.292 4294967295
74.2997 4294967295
74.3031 4294967295
74.3056 4294967295
74.3124 4294967295
74.3141 4294967295
74.32 4294967295
74.3234 4294967295
74.3268 4294967295
74.3293 4294967295
74.3327 4294967295
74.3344 4294967295
74.3378 4294967295
74.3412 4294967295
74.3438 4294967295
74.3463 4294967295
74.3497 4294967295
74.3522 4294967295
74.3556 4294967295
74.3582 4294967295
74.3607 4294967295
74.3641 4294967295
74.3667 4294967295
74.3701 4294967295
74.3717 4294967295
74.3751 4294967295
74.3785 4294967295
74.3836 4294967295
74.3862 4294967295
74.3887 4294967295
74.3913 4294967295
74.3921 4294967295
74.3946 4294967295
74.3955 4294967295
74.3963 4294967295
74.3972 4294967295
74.4074 4294967295
74.4099 4294967295
74.4125 4294967295
74.4141 4294967295
74.415 4294967295
74.4158 4294967295
74.4192 4294967295
74.4243 4294967295
74.4269 4294967295
74.4277 4294967295
74.4286 4294967295
74.432 4294967295
74.437 4294967295
74.4404 4294967295
74.4413 4294967295
74.443 4294967295
74.4472 4294967295
74.4532 4294967295
74.4582 4294967295
74.4591 4294967295
74.4599 4294967295
74.4608 4294967295
74.4642 4294967295
74.4693 4294967295
74.4718 4294967295
74.4727 4294967295
74.4744 4294967295
74.4794 4294967295
74.482 4294967295
74.4837 4294967295
74.4879 4294967295
74.4888 4294967295
74.4905 4294967295
74.4913 4294967295
74.4922 4294967295
74.493 4294967295
74.4939 4294967295
74.4947 4294967295
74.4964 4294967295
74.4973 4294967295
74.4989 4294967295
74.4998 4294967295
74.5023 4294967295
74.5049 4294967295
74.5066 4294967295
74.5074 4294967295
74.5083 4294967295
74.5091 4294967295
74.51 4294967295
74.5117 4294967295
74.5142 4294967295
74.5168 4294967295
74.5185 4294967295
74.521 4294967295
74.5235 4294967295
74.5252 4294967295
74.5261 4294967295
74.5269 4294967295
74.5278 4294967295
74.5286 4294967295
74.5311 4294967295
74.5337 4294967295
74.5362 4294967295
74.5379 4294967295
74.5388 4294967295
74.5405 4294967295
74.5413 4294967295
74.5422 4294967295
74.543 4294967295
74.5439 4294967295
74.5447 4294967295
74.5464 4294967295
74.5489 4294967295
74.5506 4294967295
74.5523 4294967295
74.5532 4294967295
74.554 4294967295
74.5549 4294967295
74.5566 4294967295
74.5583 4294967295
74.5591 4294967295
74.5617 4294967295
74.5617 4294967295
85.683 4294967295
85.683 4294967295
85.6864 4294967295
85.6897 4294967295
85.6923 4294967295
85.694 4294967295
85.6974 4294967295
85.6991 4294967295
85.7016 4294967295
85.7042 4294967295
85.7059 4294967295
85.7093 4294967295
85.7109 4294967295
85.7135 4294967295
85.716 4294967295
85.7169 4294967295
85.7203 4294967295
85.722 4294967295
85.7245 4294967295
85.7245 4294967295
85.7262 4294967295
85.7262 4294967295
85.7288 4294967295
85.7288 4294967295
85.7313 4294967295
85.7313 4294967295
85.733 4294967295
85.733 4294967295
85.7355 4294967295
85.7355 4294967295
85.7372 4294967295
85.7372 4294967295
85.7398 4294967295
85.7398 4294967295
85.7415 4294967295
85.7415 4294967295
85.7449 4294967295
85.7449 4294967295
85.7457 4294967295
85.7457 4294967295
85.7491 4294967295
85.7491 4294967295
85.7508 4294967295
85.7508 4294967295
85.7533 4294967295
85.7533 4294967295
85.755 4294967295
85.755 4294967295
85.7576 4294967295
85.7576 4294967295
85.7593 4294967295
85.7593 4294967295
85.7618 4294967295
85.7618 4294967295
85.7644 4294967295
85.7644 4294967295
85.7669 4294967295
85.7669 4294967295
85.7686 4294967295
85.7686 4294967295
85.7712 4294967295
85.7712 4294967295
85.7737 4294967295
85.7737 4294967295
85.7754 4294967295
85.7754 4294967295
85.7771 4294967295
85.7771 4294967295
85.7805 4294967295
85.7805 4294967295
85.7813 4294967295
85.7813 4294967295
85.7847 4294967295
85.7847 4294967295
85.7864 4294967295
85.7864 4294967295
85.7907 4294967295
85.7907 4294967295
85.7949 4294967295
85.7949 4294967295
85.7991 4294967295
85.7991 4294967295
85.8025 4294967295
85.8025 4294967295
85.8068 4294967295
85.8068 4294967295
85.8093 4294967295
85.8093 4294967295
85.811 4294967295
85.811 4294967295
85.8153 4294967295
85.8153 4294967295
85.8178 4294967295
85.8178 4294967295
85.8203 4294967295
85.8203 4294967295
85.8229 4294967295
85.8229 4294967295
85.8263 4294967295
85.8263 4294967295
85.828 4294967295
85.828 4294967295
85.8305 4294967295
85.8305 4294967295
85.8322 4294967295
85.8322 4294967295
85.8356 4294967295
85.8356 4294967295
85.8381 4294967295
85.8381 4294967295
85.8415 4294967295
85.8415 4294967295
85.8449 4294967295
85.8449 4294967295
85.8466 4294967295
85.8466 4294967295
85.8509 4294967295
85.8509 4294967295
85.8534 4294967295
85.8534 4294967295
85.8568 4294967295
85.8568 4294967295
85.8593 4294967295
85.8593 4294967295
85.8627 4294967295
85.8627 4294967295
85.8653 4294967295
85.8653 4294967295
85.8695 4294967295
85.8695 4294967295
85.8729 4294967295
85.8729 4294967295
85.8755 4294967295
85.8755 4294967295
85.8805 4294967295
85.8805 4294967295
85.8831 4294967295
85.8831 4294967295
85.8865 4294967295
85.8865 4294967295
85.8899 4294967295
85.8899 4294967295
85.8933 4294967295
85.8933 4294967295
85.8958 4294967295
85.8958 4294967295
85.9001 4294967295
85.9001 4294967295
85.9026 4294967295
85.9026 4294967295
85.9068 4294967295
85.9068 4294967295
85.9094 4294967295
85.9094 4294967295
85.9128 4294967295
85.9128 4294967295
85.9153 4294967295
85.9153 4294967295
85.9187 4294967295
85.9187 4294967295
85.9221 4294967295
85.9221 4294967295
85.9238 4294967295
85.9238 4294967295
85.928 4294967295
85.928 4294967295
85.9306 4294967295
85.9306 4294967295
85.9348 4294967295
85.9348 4294967295
85.9365 4294967295
85.9365 4294967295
85.9408 4294967295
85.9408 4294967295
85.9433 4294967295
85.9433 4294967295
85.9467 4294967295
85.9467 4294967295
85.9501 4294967295
85.9501 4294967295
85.9543 4294967295
85.9543 4294967295
85.9569 4294967295
85.9569 4294967295
85.9569 4294967295
85.9594 4294967295
86.2172 4294967295
86.7786 4294967295
86.7786 4294967295
86.7845 4294967295
86.793 4294967295
86.799 4294967295
86.8041 4294967295
86.8134 4294967295
86.8151 4294967295
86.8185 4294967295
86.821 4294967295
86.8236 4294967295
86.8261 4294967295
86.8278 4294967295
86.8312 4294967295
86.8346 4294967295
86.8363 4294967295
86.8397 4294967295
86.8422 4294967295
86.8422 4294967295
86.8448 4294967295
86.8465 4294967295
86.8498 4294967295
86.8532 4294967295
86.8566 4294967295
86.8609 4294967295
86.8643 4294967295
86.8677 4294967295
86.871 4294967295
86.8744 4294967295
86.8761 4294967295
86.8795 4294967295
86.8829 4294967295
86.8863 4294967295
86.8948 4294967295
86.8973 4294967295
86.9033 4294967295
86.9067 4294967295
86.9143 4294967295
86.9168 4294967295
86.9211 4294967295
86.9236 4294967295
86.9262 4294967295
86.9296 4294967295
86.9321 4294967295
86.9355 4294967295
86.9363 4294967295
86.9414 4294967295
86.9431 4294967295
86.9499 4294967295
86.955 4294967295
86.9584 4294967295
86.9609 4294967295
86.9643 4294967295
86.966 4294967295
86.9703 4294967295
86.9728 4294967295
86.9753 4294967295
86.9787 4294967295
86.9813 4294967295
86.9838 4294967295
86.9864 4294967295
86.9898 4294967295
86.9923 4294967295
86.9949 4294967295
86.9982 4294967295
87.0008 4294967295
87.0042 4294967295
87.0076 4294967295
87.0101 4294967295
87.0161 4294967295
87.0194 4294967295
87.022 4294967295
87.0254 4294967295
87.0296 4294967295
87.0356 4294967295
87.0398 4294967295
87.0483 4294967295
87.0517 4294967295
87.0542 4294967295
87.0568 4294967295
87.0601 4294967295
87.0635 4294967295
87.0652 4294967295
87.0678 4294967295
87.0686 4294967295
87.072 4294967295
87.0797 4294967295
87.0805 4294967295
87.0822 4294967295
87.0839 4294967295
87.0847 4294967295
87.0856 4294967295
87.0864 4294967295
87.0873 4294967295
87.0881 4294967295
87.089 4294967295
87.0898 4294967295
87.0907 4294967295
87.0915 4294967295
87.0932 4294967295
87.0949 4294967295
87.0966 4294967295
87.0983 4294967295
87.0992 4294967295
87.1009 4294967295
87.1025 4294967295
87.1034 4294967295
87.1042 4294967295
87.1051 4294967295
87.1059 4294967295
87.1068 4294967295
87.1076 4294967295
87.1085 4294967295
87.1093 4294967295
87.111 4294967295
87.1144 4294967295
87.117 4294967295
87.1204 4294967295
87.1212 4294967295
87.1221 4294967295
87.1229 4294967295
87.1263 4294967295
87.1288 4294967295
87.1297 4294967295
87.1305 4294967295
87.1314 4294967295
87.1331 4294967295
87.1365 4294967295
87.1399 4294967295
87.1416 4294967295
87.1424 4294967295
87.1433 4294967295
87.1466 4294967295
87.1483 4294967295
87.1492 4294967295
87.15 4294967295
87.1526 4294967295
87.1551 4294967295
87.1585 4294967295
87.1594 4294967295
87.1611 4294967295
87.1636 4294967295
87.167 4294967295
87.1687 4294967295
87.1695 4294967295
87.1721 4294967295
87.1755 4294967295
87.178 4294967295
87.1789 4294967295
87.1797 4294967295
87.1814 4294967295
87.1831 4294967295
87.184 4294967295
87.1857 4294967295
87.1873 4294967295
87.1882 4294967295
87.189 4294967295
87.1916 4294967295
87.1949 4294967295
87.1975 4294967295
87.2 4294967295
87.2 4294967295
97.8837 4294967295
98.3563 4294967295
99.0195 4294967295
99.0195 4294967295
99.022 4294967295
99.0254 4294967295
99.0339 4294967295
99.0364 4294967295
99.0398 4294967295
99.0424 4294967295
99.0449 4294967295
99.0483 4294967295
99.0542 4294967295
99.0568 4294967295
99.0602 4294967295
99.0661 4294967295
99.0687 4294967295
99.0805 4294967295
99.089 4294967295
99.0949 4294967295
99.0975 4294967295
99.1009 4294967295
99.1034 4294967295
99.1034 4294967295
99.1034 4294967295
99.1085 4294967295
99.1153 4294967295
99.1212 4294967295
99.1238 4294967295
99.1246 4294967295
99.1272 4294967295
99.1314 4294967295
99.1331 4294967295
99.1365 4294967295
99.139 4294967295
99.1407 4294967295
99.145 4294967295
99.1475 4294967295
99.1492 4294967295
99.1526 4294967295
99.1569 4294967295
99.1585 4294967295
99.1628 4294967295
99.1645 4294967295
99.1696 4294967295
99.173 4294967295
99.1764 4294967295
99.1806 4294967295
99.1848 4294967295
99.1874 4294967295
99.1899 4294967295
99.1933 4294967295
99.1959 4294967295
99.1984 4294967295
99.2026 4294967295
99.2103 4294967295
99.212 4294967295
99.2162 4294967295
99.2188 4294967295
99.2213 4294967295
99.2238 4294967295
99.2255 4294967295
99.2281 4294967295
99.2315 4294967295
99.2349 4294967295
99.2374 4294967295
99.2391 4294967295
99.2417 4294967295
99.2442 4294967295
99.2484 4294967295
99.2518 4294967295
99.2535 4294967295
99.2569 4294967295
99.2603 4294967295
99.2645 4294967295
99.2688 4294967295
99.2722 4294967295
99.2747 4294967295
99.2781 4294967295
99.2807 4294967295
99.2841 4294967295
99.2866 4294967295
99.2925 4294967295
99.2985 4294967295
99.301 4294967295
99.3044 4294967295
99.3103 4294967295
99.3112 4294967295
99.329 4294967295
99.3298 4294967295
99.3315 4294967295
99.3341 4294967295
99.3358 4294967295
99.3366 4294967295
99.3375 4294967295
99.3383 4294967295
99.3392 4294967295
99.3417 4294967295
99.3451 4294967295
99.3485 4294967295
99.3527 4294967295
99.3553 4294967295
99.357 4294967295
99.3595 4294967295
99.3621 4294967295
99.3638 4294967295
99.3646 4294967295
99.3663 4294967295
99.3672 4294967295
99.3689 4294967295
99.3722 4294967295
99.3748 4294967295
99.3799 4294967295
99.3833 4294967295
99.385 4294967295
99.3867 4294967295
99.3884 4294967295
99.3909 4294967295
99.3926 4294967295
99.3934 4294967295
99.3977 4294967295
99.4019 4294967295
99.407 4294967295
99.4104 4294967295
99.4138 4294967295
99.4163 4294967295
99.4206 4294967295
99.4265 4294967295
99.4325 4294967295
99.435 4294967295
99.4384 4294967295
99.4392 4294967295
99.4409 4294967295
99.4469 4294967295
99.4528 4294967295
99.4553 4294967295
99.4562 4294967295
99.4587 4294967295
99.463 4294967295
99.4698 4294967295
99.4765 4294967295
99.4816 4294967295
99.485 4294967295
99.4876 4294967295
99.4893 4294967295
99.491 4294967295
99.4944 4294967295
99.4961 4294967295
99.4986 4294967295
99.502 4294967295
99.5037 4294967295
99.5071 4294967295
99.5096 4294967295
99.5139 4294967295
99.5173 4294967295
99.5181 4294967295
99.5198 4294967295
99.5223 4294967295
99.524 4294967295
99.5257 4294967295
99.5308 4294967295
99.535 4294967295
99.5384 4294967295
99.5427 4294967295
99.5477 4294967295
99.5503 4294967295
99.5511 4294967295
99.552 4294967295
99.5554 4294967295
99.5571 4294967295
99.5605 4294967295
99.5647 4294967295
99.5664 4294967295
99.5681 4294967295
99.5706 4294967295
99.5723 4294967295
99.5732 4294967295
99.5757 4294967295
99.5783 4294967295
99.5791 4294967295
99.5817 4294967295
99.5834 4294967295
99.5851 4294967295
99.5868 4294967295
99.5893 4294967295
99.5927 4294967295
99.5935 4294967295
99.5978 4294967295
99.5986 4294967295
99.5995 4294967295
99.6003 4294967295
99.6012 4294967295
99.6012 4294967295
100.118 4294967295
100.118 4294967295
100.126 4294967295
100.138 4294967295
100.143 4294967295
100.146 4294967295
100.152 4294967295
100.154 4294967295
100.157 4294967295
100.158 4294967295
100.16 4294967295
100.163 4294967295
100.166 4294967295
100.169 4294967295
100.172 4294967295
100.174 4294967295
100.179 4294967295
100.182 4294967295
100.185 4294967295
100.189 4294967295
100.193 4294967295
100.196 4294967295
100.199 4294967295
100.201 4294967295
100.203 4294967295
100.208 4294967295
100.21 4294967295
100.213 4294967295
100.215 4294967295
100.219 4294967295
100.222 4294967295
100.227 4294967295
100.23 4294967295
100.233 4294967295
100.24 4294967295
100.242 4294967295
100.245 4294967295
100.247 4294967295
100.25 4294967295
100.252 4294967295
100.255 4294967295
100.258 4294967295
100.26 4294967295
100.263 4294967295
100.264 4294967295
100.268 4294967295
100.27 4294967295
100.272 4294967295
100.275 4294967295
100.277 4294967295
100.28 4294967295
100.283 4294967295
100.284 4294967295
100.289 4294967295
100.292 4294967295
100.297 4294967295
100.302 4294967295
100.306 4294967295
100.309 4294967295
100.315 4294967295
100.321 4294967295
100.324 4294967295
100.33 4294967295
100.338 4294967295
100.342 4294967295
100.344 4294967295
100.35 4294967295
100.353 4294967295
100.356 4294967295
100.358 4294967295
100.362 4294967295
100.364 4294967295
100.37 4294967295
100.373 4294967295
100.375 4294967295
100.379 4294967295
100.381 4294967295
100.385 4294967295
100.391 4294967295
100.392 4294967295
100.394 4294967295
100.396 4294967295
100.397 4294967295
100.397 4294967295
100.398 4294967295
100.399 4294967295
100.4 4294967295
100.432 4294967295
100.434 4294967295
100.436 4294967295
100.436 4294967295
100.441 4294967295
100.445 4294967295
100.446 4294967295
100.447 4294967295
100.449 4294967295
100.451 4294967295
100.452 4294967295
100.455 4294967295
100.46 4294967295
100.463 4294967295
100.464 4294967295
100.465 4294967295
100.467 4294967295
100.47 4294967295
100.471 4294967295
100.472 4294967295
100.473 4294967295
100.475 4294967295
100.477 4294967295
100.478 4294967295
100.48 4294967295
100.481 4294967295
100.483 4294967295
100.485 4294967295
100.487 4294967295
100.488 4294967295
100.49 4294967295
100.494 4294967295
100.496 4294967295
100.498 4294967295
100.501 4294967295
100.503 4294967295
100.505 4294967295
100.507 4294967295
100.509 4294967295
100.509 4294967295
100.513 4294967295
100.515 4294967295
100.516 4294967295
100.518 4294967295
100.522 4294967295
100.526 4294967295
100.531 4294967295
100.533 4294967295
100.537 4294967295
100.54 4294967295
100.546 4294967295
100.553 4294967295
100.555 4294967295
100.559 4294967295
100.559 4294967295
100.562 4294967295
100.569 4294967295
100.574 4294967295
100.576 4294967295
100.577 4294967295
100.58 4294967295
100.584 4294967295
100.589 4294967295
100.591 4294967295
100.593 4294967295
100.595 4294967295
100.6 4294967295
100.606 4294967295
100.609 4294967295
100.611 4294967295
100.616 4294967295
100.62 4294967295
100.621 4294967295
100.626 4294967295
100.631 4294967295
100.637 4294967295
100.643 4294967295
100.646 4294967295
100.649 4294967295
100.649 4294967295
111.423 4294967295
111.973 4294967295
113.416 4294967295
113.416 4294967295
113.419 4294967295
113.421 4294967295
113.424 4294967295
113.427 4294967295
113.43 4294967295
113.432 4294967295
113.435 4294967295
113.437 4294967295
113.44 4294967295
113.443 4294967295
113.445 4294967295
113.448 4294967295
113.45 4294967295
113.453 4294967295
113.456 4294967295
113.459 4294967295
113.462 4294967295
113.465 4294967295
113.469 4294967295
113.473 4294967295
113.478 4294967295
113.485 4294967295
113.488 4294967295
113.499 4294967295
113.502 4294967295
113.505 4294967295
113.514 4294967295
113.52 4294967295
113.528 4294967295
113.534 4294967295
113.537 4294967295
113.54 4294967295
113.549 4294967295
113.551 4294967295
113.551 4294967295
113.551 4294967295
113.56 4294967295
113.562 4294967295
113.566 4294967295
113.568 4294967295
113.575 4294967295
113.581 4294967295
113.589 4294967295
113.595 4294967295
113.598 4294967295
113.601 4294967295
113.61 4294967295
113.616 4294967295
113.618 4294967295
113.622 4294967295
113.636 4294967295
113.65 4294967295
113.656 4294967295
113.662 4294967295
113.665 4294967295
113.671 4294967295
113.673 4294967295
113.683 4294967295
113.691 4294967295
113.696 4294967295
113.7 4294967295
113.702 4294967295
113.704 4294967295
113.705 4294967295
113.706 4294967295
113.753 4294967295
113.755 4294967295
113.757 4294967295
113.76 4294967295
113.761 4294967295
113.763 4294967295
113.764 4294967295
113.766 4294967295
113.767 4294967295
113.769 4294967295
113.77 4294967295
113.771 4294967295
113.774 4294967295
113.778 4294967295
113.779 4294967295
113.781 4294967295
113.785 4294967295
113.789 4294967295
113.792 4294967295
113.794 4294967295
113.797 4294967295
113.8 4294967295
113.803 4294967295
113.806 4294967295
113.811 4294967295
113.817 4294967295
113.822 4294967295
113.828 4294967295
113.832 4294967295
113.835 4294967295
113.838 4294967295
113.84 4294967295
113.846 4294967295
113.852 4294967295
113.856 4294967295
113.858 4294967295
113.861 4294967295
113.865 4294967295
113.872 4294967295
113.878 4294967295
113.882 4294967295
113.887 4294967295
113.891 4294967295
113.898 4294967295
113.903 4294967295
113.909 4294967295
113.914 4294967295
113.922 4294967295
113.925 4294967295
113.927 4294967295
113.928 4294967295
113.93 4294967295
113.933 4294967295
113.933 4294967295
124.498 4294967295
124.944 4294967295
126.202 4294967295
126.202 4294967295
126.205 4294967295
126.208 4294967295
126.21 4294967295
126.212 4294967295
126.216 4294967295
126.217 4294967295
126.221 4294967295
126.224 4294967295
126.227 4294967295
126.23 4294967295
126.233 4294967295
126.237 4294967295
126.24 4294967295
126.243 4294967295
126.244 4294967295
126.247 4294967295
126.25 4294967295
126.252 4294967295
126.255 4294967295
126.259 4294967295
126.26 4294967295
126.263 4294967295
126.266 4294967295
126.268 4294967295
126.271 4294967295
126.273 4294967295
126.276 4294967295
126.277 4294967295
126.28 4294967295
126.283 4294967295
126.284 4294967295
126.287 4294967295
126.289 4294967295
126.289 4294967295
126.289 4294967295
126.292 4294967295
126.292 4294967295
126.292 4294967295
126.294 4294967295
126.294 4294967295
126.294 4294967295
126.296 4294967295
126.296 4294967295
126.296 4294967295
126.299 4294967295
126.299 4294967295
126.299 4294967295
126.301 4294967295
126.301 4294967295
126.301 4294967295
126.304 4294967295
126.304 4294967295
126.304 4294967295
126.307 4294967295
126.307 4294967295
126.307 4294967295
126.311 4294967295
126.311 4294967295
126.311 4294967295
126.314 4294967295
126.314 4294967295
126.314 4294967295
126.318 4294967295
126.318 4294967295
126.318 4294967295
126.322 4294967295
126.322 4294967295
126.322 4294967295
126.327 4294967295
126.327 4294967295
126.327 4294967295
126.33 4294967295
126.33 4294967295
126.33 4294967295
126.333 4294967295
126.333 4294967295
126.333 4294967295
126.335 4294967295
126.335 4294967295
126.335 4294967295
126.338 4294967295
126.338 4294967295
126.338 4294967295
126.34 4294967295
126.34 4294967295
126.34 4294967295
126.343 4294967295
126.343 4294967295
126.343 4294967295
126.345 4294967295
126.345 4294967295
126.345 4294967295
126.348 4294967295
126.348 4294967295
126.348 4294967295
126.35 4294967295
126.35 4294967295
126.35 4294967295
126.352 4294967295
126.352 4294967295
126.352 4294967295
126.355 4294967295
126.355 4294967295
126.355 4294967295
126.357 4294967295
126.357 4294967295
126.357 4294967295
126.361 4294967295
126.361 4294967295
126.361 4294967295
126.363 4294967295
126.363 4294967295
126.363 4294967295
126.366 4294967295
126.366 4294967295
126.366 4294967295
126.371 4294967295
126.371 4294967295
126.371 4294967295
126.373 4294967295
126.373 4294967295
126.373 4294967295
126.378 4294967295
126.378 4294967295
126.378 4294967295
126.382 4294967295
126.382 4294967295
126.382 4294967295
126.388 4294967295
126.388 4294967295
126.388 4294967295
126.392 4294967295
126.392 4294967295
126.392 4294967295
126.397 4294967295
126.397 4294967295
126.397 4294967295
126.4 4294967295
126.4 4294967295
126.4 4294967295
126.403 4294967295
126.403 4294967295
126.403 4294967295
126.405 4294967295
126.405 4294967295
126.405 4294967295
126.407 4294967295
126.407 4294967295
126.407 4294967295
126.411 4294967295
126.411 4294967295
126.411 4294967295
126.413 4294967295
126.413 4294967295
126.413 4294967295
126.417 4294967295
126.417 4294967295
126.417 4294967295
126.418 4294967295
126.418 4294967295
126.418 4294967295
126.421 4294967295
126.421 4294967295
126.421 4294967295
126.423 4294967295
126.423 4294967295
126.423 4294967295
126.426 4294967295
126.426 4294967295
126.426 4294967295
126.428 4294967295
126.428 4294967295
126.428 4294967295
126.431 4294967295
126.431 4294967295
126.431 4294967295
126.434 4294967295
126.434 4294967295
126.434 4294967295
126.438 4294967295
126.438 4294967295
126.438 4294967295
126.441 4294967295
126.441 4294967295
126.441 4294967295
126.444 4294967295
126.444 4294967295
126.444 4294967295
126.446 4294967295
126.446 4294967295
126.446 4294967295
126.45 4294967295
126.45 4294967295
126.45 4294967295
126.453 4294967295
126.453 4294967295
126.453 4294967295
126.456 4294967295
126.456 4294967295
126.456 4294967295
126.46 4294967295
126.46 4294967295
126.46 4294967295
126.462 4294967295
126.462 4294967295
126.462 4294967295
126.465 4294967295
126.465 4294967295
126.465 4294967295
126.468 4294967295
126.468 4294967295
126.468 4294967295
126.472 4294967295
126.472 4294967295
126.472 4294967295
126.475 4294967295
126.475 4294967295
126.475 4294967295
126.478 4294967295
126.478 4294967295
126.478 4294967295
126.481 4294967295
126.481 4294967295
126.481 4294967295
126.484 4294967295
126.484 4294967295
126.484 4294967295
126.487 4294967295
126.487 4294967295
126.487 4294967295
126.489 4294967295
126.489 4294967295
126.489 4294967295
126.489 4294967295
126.489 4294967295
126.489 4294967295
126.49 4294967295
126.49 4294967295
126.49 4294967295
126.572 4294967295
126.572 4294967295
126.572 4294967295
127.378 4294967295
127.378 4294967295
127.382 4294967295
127.385 4294967295
127.388 4294967295
127.392 4294967295
127.397 4294967295
127.4 4294967295
127.406 4294967295
127.411 4294967295
127.413 4294967295
127.418 4294967295
127.419 4294967295
127.421 4294967295
127.423 4294967295
127.424 4294967295
127.426 4294967295
127.428 4294967295
127.429 4294967295
127.432 4294967295
127.435 4294967295
127.437 4294967295
127.44 4294967295
127.441 4294967295
127.444 4294967295
127.446 4294967295
127.449 4294967295
127.449 4294967295
127.449 4294967295
127.451 4294967295
127.453 4294967295
127.456 4294967295
127.458 4294967295
127.461 4294967295
127.463 4294967295
127.465 4294967295
127.468 4294967295
127.47 4294967295
127.473 4294967295
127.474 4294967295
127.477 4294967295
127.479 4294967295
127.482 4294967295
127.485 4294967295
127.487 4294967295
127.49 4294967295
127.492 4294967295
127.495 4294967295
127.498 4294967295
127.502 4294967295
127.507 4294967295
127.511 4294967295
127.515 4294967295
127.521 4294967295
127.526 4294967295
127.532 4294967295
127.535 4294967295
127.54 4294967295
127.545 4294967295
127.547 4294967295
127.552 4294967295
127.556 4294967295
127.559 4294967295
127.563 4294967295
127.565 4294967295
127.569 4294967295
127.571 4294967295
127.574 4294967295
127.577 4294967295
127.579 4294967295
127.582 4294967295
127.586 4294967295
127.588 4294967295
127.591 4294967295
127.596 4294967295
127.597 4294967295
127.601 4294967295
127.604 4294967295
127.608 4294967295
127.613 4294967295
127.616 4294967295
127.619 4294967295
127.621 4294967295
127.624 4294967295
127.626 4294967295
127.63 4294967295
127.633 4294967295
127.636 4294967295
127.639 4294967295
127.641 4294967295
127.643 4294967295
127.646 4294967295
127.648 4294967295
127.65 4294967295
127.652 4294967295
127.656 4294967295
127.658 4294967295
127.661 4294967295
127.663 4294967295
127.664 4294967295
127.665 4294967295
127.671 4294967295
127.672 4294967295
127.673 4294967295
127.674 4294967295
127.674 4294967295
127.675 4294967295
127.676 4294967295
127.677 4294967295
127.678 4294967295
127.679 4294967295
127.68 4294967295
127.68 4294967295
127.681 4294967295
127.682 4294967295
127.683 4294967295
127.684 4294967295
127.685 4294967295
127.685 4294967295
127.686 4294967295
127.687 4294967295
127.688 4294967295
127.689 4294967295
127.69 4294967295
127.691 4294967295
127.691 4294967295
127.692 4294967295
127.693 4294967295
127.694 4294967295
127.695 4294967295
127.696 4294967295
127.697 4294967295
127.697 4294967295
127.698 4294967295
127.699 4294967295
127.7 4294967295
127.701 4294967295
127.702 4294967295
127.702 4294967295
127.703 4294967295
127.704 4294967295
127.705 4294967295
127.706 4294967295
127.707 4294967295
127.708 4294967295
127.708 4294967295
127.709 4294967295
127.71 4294967295
127.711 4294967295
127.712 4294967295
127.713 4294967295
127.713 4294967295
127.714 4294967295
127.715 4294967295
127.716 4294967295
127.717 4294967295
127.718 4294967295
127.719 4294967295
127.719 4294967295
127.719 4294967295
128.343 4294967295
128.343 4294967295
128.349 4294967295
128.355 4294967295
128.361 4294967295
128.363 4294967295
128.369 4294967295
128.375 4294967295
128.38 4294967295
128.386 4294967295
128.39 4294967295
128.396 4294967295
128.398 4294967295
128.402 4294967295
128.404 4294967295
128.409 4294967295
128.413 4294967295
128.416 4294967295
128.419 4294967295
128.421 4294967295
128.425 4294967295
128.427 4294967295
128.43 4294967295
128.432 4294967295
128.436 4294967295
128.439 4294967295
128.442 4294967295
128.444 4294967295
128.447 4294967295
128.45 4294967295
128.453 4294967295
128.456 4294967295
128.458 4294967295
128.461 4294967295
128.464 4294967295
128.467 4294967295
128.469 4294967295
128.473 4294967295
128.475 4294967295
128.478 4294967295
128.48 4294967295
128.485 4294967295
128.487 4294967295
128.491 4294967295
128.494 4294967295
128.497 4294967295
128.503 4294967295
128.505 4294967295
128.511 4294967295
128.518 4294967295
128.52 4294967295
128.523 4294967295
128.526 4294967295
128.529 4294967295
128.531 4294967295
128.535 4294967295
128.537 4294967295
128.541 4294967295
128.544 4294967295
128.546 4294967295
128.549 4294967295
128.552 4294967295
128.554 4294967295
128.558 4294967295
128.559 4294967295
128.561 4294967295
128.565 4294967295
128.567 4294967295
128.57 4294967295
128.573 4294967295
128.575 4294967295
128.578 4294967295
128.581 4294967295
128.584 4294967295
128.587 4294967295
128.591 4294967295
128.594 4294967295
128.598 4294967295
128.6 4294967295
128.603 4294967295
128.607 4294967295
128.61 4294967295
128.613 4294967295
128.615 4294967295
128.616 4294967295
128.619 4294967295
128.622 4294967295
128.625 4294967295
128.626 4294967295
128.628 4294967295
128.629 4294967295
128.631 4294967295
128.654 4294967295
128.655 4294967295
128.657 4294967295
128.658 4294967295
128.659 4294967295
128.66 4294967295
128.665 4294967295
128.669 4294967295
128.673 4294967295
128.677 4294967295
128.679 4294967295
128.68 4294967295
128.681 4294967295
128.684 4294967295
128.691 4294967295
128.694 4294967295
128.698 4294967295
128.704 4294967295
128.708 4294967295
128.709 4294967295
128.711 4294967295
128.717 4294967295
128.722 4294967295
128.725 4294967295
128.726 4294967295
128.727 4294967295
128.732 4294967295
128.734 4294967295
128.736 4294967295
128.737 4294967295
128.74 4294967295
128.744 4294967295
128.747 4294967295
128.749 4294967295
128.75 4294967295
128.754 4294967295
128.757 4294967295
128.761 4294967295
128.763 4294967295
128.767 4294967295
128.769 4294967295
128.77 4294967295
128.77 4294967295
140.334 4294967295
140.938 4294967295
141.967 4294967295
141.967 4294967295
141.982 4294967295
141.988 4294967295
142.008 4294967295
142.017 4294967295
142.022 4294967295
142.037 4294967295
142.043 4294967295
142.045 4294967295
142.049 4294967295
142.063 4294967295
142.069 4294967295
142.072 4294967295
142.084 4294967295
142.091 4294967295
142.095 4294967295
142.098 4294967295
142.1 4294967295
142.112 4294967295
142.115 4294967295
142.118 4294967295
142.121 4294967295
142.123 4294967295
142.128 4294967295
142.132 4294967295
142.137 4294967295
142.14 4294967295
142.145 4294967295
142.147 4294967295
142.149 4294967295
142.153 4294967295
142.156 4294967295
142.158 4294967295
142.162 4294967295
142.164 4294967295
142.167 4294967295
142.17 4294967295
142.173 4294967295
142.179 4294967295
142.185 4294967295
142.188 4294967295
142.2 4294967295
142.201 4294967295
142.204 4294967295
142.206 4294967295
142.209 4294967295
142.211 4294967295
142.213 4294967295
142.217 4294967295
142.218 4294967295
142.221 4294967295
142.224 4294967295
142.226 4294967295
142.229 4294967295
142.232 4294967295
142.234 4294967295
142.235 4294967295
142.238 4294967295
142.241 4294967295
142.245 4294967295
142.248 4294967295
142.251 4294967295
142.251 4294967295
142.253 4294967295
142.291 4294967295
142.294 4294967295
142.296 4294967295
142.298 4294967295
142.301 4294967295
142.305 4294967295
142.31 4294967295
142.314 4294967295
142.318 4294967295
142.319 4294967295
142.321 4294967295
142.323 4294967295
142.325 4294967295
142.328 4294967295
142.331 4294967295
142.333 4294967295
142.337 4294967295
142.343 4294967295
142.346 4294967295
142.351 4294967295
142.354 4294967295
142.357 4294967295
142.361 4294967295
142.364 4294967295
142.365 4294967295
142.369 4294967295
142.374 4294967295
142.378 4294967295
142.379 4294967295
142.385 4294967295
142.389 4294967295
142.391 4294967295
142.396 4294967295
142.399 4294967295
142.401 4294967295
142.406 4294967295
142.411 4294967295
142.412 4294967295
142.416 4294967295
142.421 4294967295
142.424 4294967295
142.426 4294967295
142.43 4294967295
142.435 4294967295
142.437 4294967295
142.439 4294967295
142.443 4294967295
142.448 4294967295
142.45 4294967295
142.452 4294967295
142.455 4294967295
142.459 4294967295
142.461 4294967295
142.466 4294967295
142.47 4294967295
142.477 4294967295
142.482 4294967295
142.483 4294967295
142.483 4294967295
142.633 4294967295
142.642 4294967295
142.645 4294967295
142.647 4294967295
142.648 4294967295
142.652 4294967295
142.653 4294967295
142.655 4294967295
142.656 4294967295
142.66 4294967295
142.662 4294967295
142.665 4294967295
142.666 4294967295
142.668 4294967295
142.669 4294967295
142.67 4294967295
142.672 4294967295
142.674 4294967295
142.675 4294967295
142.675 4294967295
142.676 4294967295
142.677 4294967295
142.678 4294967295
142.679 4294967295
142.68 4294967295
142.681 4294967295
142.681 4294967295
142.682 4294967295
142.683 4294967295
142.685 4294967295
142.686 4294967295
142.686 4294967295
142.688 4294967295
142.689 4294967295
142.69 4294967295
142.691 4294967295
142.692 4294967295
142.693 4294967295
142.694 4294967295
142.696 4294967295
142.697 4294967295
142.697 4294967295
142.698 4294967295
142.699 4294967295
142.7 4294967295
142.701 4294967295
142.702 4294967295
142.703 4294967295
142.703 4294967295
142.705 4294967295
142.706 4294967295
142.707 4294967295
142.708 4294967295
142.709 4294967295
142.71 4294967295
142.711 4294967295
142.712 4294967295
142.713 4294967295
142.714 4294967295
142.714 4294967295
142.715 4294967295
142.716 4294967295
142.717 4294967295
142.718 4294967295
142.719 4294967295
142.72 4294967295
142.72 4294967295
142.721 4294967295
142.722 4294967295
142.723 4294967295
142.724 4294967295
142.725 4294967295
142.725 4294967295
142.726 4294967295
142.727 4294967295
142.728 4294967295
142.729 4294967295
142.73 4294967295
142.731 4294967295
142.731 4294967295
142.732 4294967295
142.733 4294967295
142.734 4294967295
142.735 4294967295
142.736 4294967295
142.736 4294967295
142.737 4294967295
142.738 4294967295
142.739 4294967295
142.741 4294967295
142.742 4294967295
142.742 4294967295
142.743 4294967295
142.744 4294967295
142.745 4294967295
142.746 4294967295
142.747 4294967295
142.748 4294967295
142.748 4294967295
142.749 4294967295
142.75 4294967295
142.751 4294967295
142.752 4294967295
142.753 4294967295
142.753 4294967295
142.754 4294967295
142.755 4294967295
142.756 4294967295
142.757 4294967295
142.758 4294967295
142.759 4294967295
142.759 4294967295
142.76 4294967295
142.761 4294967295
142.762 4294967295
142.763 4294967295
142.764 4294967295
142.764 4294967295
142.765 4294967295
142.766 4294967295
142.769 4294967295
142.77 4294967295
142.77 4294967295
142.771 4294967295
142.773 4294967295
142.776 4294967295
142.779 4294967295
142.782 4294967295
142.782 4294967295
153.334 4294967295
153.743 4294967295
155.412 4294967295
155.412 4294967295
155.415 4294967295
155.418 4294967295
155.421 4294967295
155.433 4294967295
155.435 4294967295
155.438 4294967295
155.441 4294967295
155.447 4294967295
155.453 4294967295
155.459 4294967295
155.461 4294967295
155.467 4294967295
155.47 4294967295
155.472 4294967295
155.475 4294967295
155.478 4294967295
155.481 4294967295
155.484 4294967295
155.487 4294967295
155.489 4294967295
155.492 4294967295
155.495 4294967295
155.498 4294967295
155.502 4294967295
155.505 4294967295
155.508 4294967295
155.514 4294967295
155.522 4294967295
155.525 4294967295
155.531 4294967295
155.534 4294967295
155.537 4294967295
155.549 4294967295
155.55 4294967295
155.555 4294967295
155.557 4294967295
155.562 4294967295
155.569 4294967295
155.572 4294967295
155.574 4294967295
155.586 4294967295
155.589 4294967295
155.594 4294967295
155.598 4294967295
155.603 4294967295
155.608 4294967295
155.612 4294967295
155.616 4294967295
155.617 4294967295
155.621 4294967295
155.623 4294967295
155.627 4294967295
155.63 4294967295
155.632 4294967295
155.636 4294967295
155.639 4294967295
155.641 4294967295
155.645 4294967295
155.646 4294967295
155.65 4294967295
155.655 4294967295
155.659 4294967295
155.661 4294967295
155.664 4294967295
155.667 4294967295
155.67 4294967295
155.673 4294967295
155.677 4294967295
155.678 4294967295
155.684 4294967295
155.686 4294967295
155.687 4294967295
155.688 4294967295
155.689 4294967295
155.689 4294967295
155.69 4294967295
155.691 4294967295
155.692 4294967295
155.719 4294967295
155.723 4294967295
155.728 4294967295
155.728 4294967295
155.729 4294967295
155.731 4294967295
155.733 4294967295
155.737 4294967295
155.742 4294967295
155.743 4294967295
155.745 4294967295
155.747 4294967295
155.748 4294967295
155.751 4294967295
155.752 4294967295
155.754 4294967295
155.76 4294967295
155.763 4294967295
155.769 4294967295
155.775 4294967295
155.778 4294967295
155.779 4294967295
155.781 4294967295
155.783 4294967295
155.787 4294967295
155.79 4294967295
155.794 4294967295
155.795 4294967295
155.796 4294967295
155.798 4294967295
155.801 4294967295
155.806 4294967295
155.809 4294967295
155.812 4294967295
155.812 4294967295
155.814 4294967295
155.816 4294967295
155.817 4294967295
155.819 4294967295
155.82 4294967295
155.824 4294967295
155.829 4294967295
155.834 4294967295
155.838 4294967295
155.84 4294967295
155.841 4294967295
155.846 4294967295
155.85 4294967295
155.851 4294967295
155.854 4294967295
155.858 4294967295
155.861 4294967295
155.863 4294967295
155.868 4294967295
155.871 4294967295
155.877 4294967295
155.882 4294967295
155.885 4294967295
155.89 4294967295
155.893 4294967295
155.895 4294967295
155.899 4294967295
155.904 4294967295
155.907 4294967295
155.909 4294967295
155.913 4294967295
155.917 4294967295
155.918 4294967295
155.919 4294967295
155.923 4294967295
155.928 4294967295
155.929 4294967295
155.933 4294967295
155.939 4294967295
155.942 4294967295
155.945 4294967295
155.945 4294967295
164.886 4294967295
165.358 4294967295
166.39 4294967295
166.39 4294967295
166.393 4294967295
166.396 4294967295
166.399 4294967295
166.401 4294967295
166.404 4294967295
166.407 4294967295
166.41 4294967295
166.412 4294967295
166.414 4294967295
166.417 4294967295
166.419 4294967295
166.421 4294967295
166.424 4294967295
166.426 4294967295
166.428 4294967295
166.431 4294967295
166.434 4294967295
166.436 4294967295
166.438 4294967295
166.44 4294967295
166.443 4294967295
166.446 4294967295
166.448 4294967295
166.451 4294967295
166.453 4294967295
166.455 4294967295
166.457 4294967295
166.46 4294967295
166.463 4294967295
166.464 4294967295
166.467 4294967295
166.47 4294967295
166.472 4294967295
166.474 4294967295
166.474 4294967295
166.474 4294967295
166.477 4294967295
166.477 4294967295
166.477 4294967295
166.48 4294967295
166.48 4294967295
166.48 4294967295
166.481 4294967295
166.481 4294967295
166.481 4294967295
166.485 4294967295
166.485 4294967295
166.485 4294967295
166.489 4294967295
166.489 4294967295
166.489 4294967295
166.494 4294967295
166.494 4294967295
166.494 4294967295
166.499 4294967295
166.499 4294967295
166.499 4294967295
166.504 4294967295
166.504 4294967295
166.504 4294967295
166.511 4294967295
166.511 4294967295
166.511 4294967295
166.516 4294967295
166.516 4294967295
166.516 4294967295
166.521 4294967295
166.521 4294967295
166.521 4294967295
166.527 4294967295
166.527 4294967295
166.527 4294967295
166.53 4294967295
166.53 4294967295
166.53 4294967295
166.532 4294967295
166.532 4294967295
166.532 4294967295
166.535 4294967295
166.535 4294967295
166.535 4294967295
166.536 4294967295
166.536 4294967295
166.536 4294967295
166.54 4294967295
166.54 4294967295
166.54 4294967295
166.542 4294967295
166.542 4294967295
166.542 4294967295
166.544 4294967295
166.544 4294967295
166.544 4294967295
166.547 4294967295
166.547 4294967295
166.547 4294967295
166.549 4294967295
166.549 4294967295
166.549 4294967295
166.552 4294967295
166.552 4294967295
166.552 4294967295
166.554 4294967295
166.554 4294967295
166.554 4294967295
166.558 4294967295
166.558 4294967295
166.558 4294967295
166.56 4294967295
166.56 4294967295
166.56 4294967295
166.563 4294967295
166.563 4294967295
166.563 4294967295
166.565 4294967295
166.565 4294967295
166.565 4294967295
166.567 4294967295
166.567 4294967295
166.567 4294967295
166.571 4294967295
166.571 4294967295
166.571 4294967295
166.574 4294967295
166.574 4294967295
166.574 4294967295
166.579 4294967295
166.579 4294967295
166.579 4294967295
166.582 4294967295
166.582 4294967295
166.582 4294967295
166.585 4294967295
166.585 4294967295
166.585 4294967295
166.589 4294967295
166.589 4294967295
166.589 4294967295
166.591 4294967295
166.591 4294967295
166.591 4294967295
166.596 4294967295
166.596 4294967295
166.596 4294967295
166.597 4294967295
166.597 4294967295
166.597 4294967295
166.601 4294967295
166.601 4294967295
166.601 4294967295
166.604 4294967295
166.604 4294967295
166.604 4294967295
166.606 4294967295
166.606 4294967295
166.606 4294967295
166.609 4294967295
166.609 4294967295
166.609 4294967295
166.612 4294967295
166.612 4294967295
166.612 4294967295
166.614 4294967295
166.614 4294967295
166.614 4294967295
166.617 4294967295
166.617 4294967295
166.617 4294967295
166.62 4294967295
166.62 4294967295
166.62 4294967295
166.624 4294967295
166.624 4294967295
166.624 4294967295
166.625 4294967295
166.625 4294967295
166.625 4294967295
166.629 4294967295
166.629 4294967295
166.629 4294967295
166.631 4294967295
166.631 4294967295
166.631 4294967295
166.634 4294967295
166.634 4294967295
166.634 4294967295
166.636 4294967295
166.636 4294967295
166.636 4294967295
166.64 4294967295
166.64 4294967295
166.64 4294967295
166.643 4294967295
166.643 4294967295
166.643 4294967295
166.645 4294967295
166.645 4294967295
166.645 4294967295
166.648 4294967295
166.648 4294967295
166.648 4294967295
166.651 4294967295
166.651 4294967295
166.651 4294967295
166.653 4294967295
166.653 4294967295
166.653 4294967295
166.656 4294967295
166.656 4294967295
166.656 4294967295
166.659 4294967295
166.659 4294967295
166.659 4294967295
166.662 4294967295
166.662 4294967295
166.662 4294967295
166.664 4294967295
166.664 4294967295
166.664 4294967295
166.667 4294967295
166.667 4294967295
166.667 4294967295
166.67 4294967295
166.67 4294967295
166.67 4294967295
166.672 4294967295
166.672 4294967295
166.675 4294967295
166.675 4294967295
166.675 4294967295
166.675 4294967295
166.675 4294967295
166.763 4294967295
166.763 4294967295
166.763 4294967295
166.764 4294967295
166.764 4294967295
166.764 4294967295
166.765 4294967295
166.765 4294967295
177.226 4294967295
177.73 4294967295
178.428 4294967295
178.428 4294967295
178.434 4294967295
178.44 4294967295
178.454 4294967295
178.462 4294967295
178.474 4294967295
178.483 4294967295
178.495 4294967295
178.509 4294967295
178.518 4294967295
178.524 4294967295
178.526 4294967295
178.528 4294967295
178.532 4294967295
178.534 4294967295
178.538 4294967295
178.54 4294967295
178.543 4294967295
178.548 4294967295
178.552 4294967295
178.555 4294967295
178.558 4294967295
178.56 4294967295
178.564 4294967295
178.567 4294967295
178.57 4294967295
178.573 4294967295
178.575 4294967295
178.585 4294967295
178.59 4294967295
178.596 4294967295
178.599 4294967295
178.604 4294967295
178.607 4294967295
178.608 4294967295
178.613 4294967295
178.614 4294967295
178.616 4294967295
178.619 4294967295
178.622 4294967295
178.624 4294967295
178.627 4294967295
178.629 4294967295
178.631 4294967295
178.635 4294967295
178.636 4294967295
178.638 4294967295
178.641 4294967295
178.644 4294967295
178.646 4294967295
178.649 4294967295
178.651 4294967295
178.654 4294967295
178.657 4294967295
178.658 4294967295
178.662 4294967295
178.665 4294967295
178.668 4294967295
178.671 4294967295
178.673 4294967295
178.676 4294967295
178.68 4294967295
178.684 4294967295
178.69 4294967295
178.697 4294967295
178.709 4294967295
178.71 4294967295
178.711 4294967295
178.712 4294967295
178.713 4294967295
178.713 4294967295
178.752 4294967295
178.755 4294967295
178.758 4294967295
178.762 4294967295
178.764 4294967295
178.768 4294967295
178.774 4294967295
178.775 4294967295
178.779 4294967295
178.78 4294967295
178.783 4294967295
178.789 4294967295
178.792 4294967295
178.794 4294967295
178.799 4294967295
178.802 4294967295
178.807 4294967295
178.813 4294967295
178.815 4294967295
178.82 4294967295
178.827 4294967295
178.833 4294967295
178.838 4294967295
178.847 4294967295
178.849 4294967295
178.853 4294967295
178.857 4294967295
178.864 4294967295
178.87 4294967295
178.875 4294967295
178.881 4294967295
178.886 4294967295
178.89 4294967295
178.893 4294967295
178.897 4294967295
178.901 4294967295
178.908 4294967295
178.913 4294967295
178.914 4294967295
178.917 4294967295
178.921 4294967295
178.922 4294967295
178.923 4294967295
178.925 4294967295
178.929 4294967295
178.931 4294967295
178.931 4294967295
178.932 4294967295
178.936 4294967295
178.94 4294967295
178.941 4294967295
178.942 4294967295
178.943 4294967295
178.945 4294967295
178.947 4294967295
178.947 4294967295
178.949 4294967295
178.951 4294967295
178.952 4294967295
178.953 4294967295
178.956 4294967295
178.958 4294967295
178.959 4294967295
178.961 4294967295
178.963 4294967295
178.964 4294967295
178.965 4294967295
178.968 4294967295
178.971 4294967295
178.971 4294967295
179.39 4294967295
179.39 4294967295
179.393 4294967295
179.396 4294967295
179.399 4294967295
179.4 4294967295
179.403 4294967295
179.405 4294967295
179.407 4294967295
179.409 4294967295
179.412 4294967295
179.416 4294967295
179.419 4294967295
179.422 4294967295
179.425 4294967295
179.428 4294967295
179.432 4294967295
179.435 4294967295
179.439 4294967295
179.441 4294967295
179.445 4294967295
179.448 4294967295
179.45 4294967295
179.454 4294967295
179.456 4294967295
179.46 4294967295
179.462 4294967295
179.466 4294967295
179.467 4294967295
179.472 4294967295
179.477 4294967295
179.48 4294967295
179.482 4294967295
179.486 4294967295
179.491 4294967295
179.491 4294967295
179.491 4294967295
179.494 4294967295
179.494 4294967295
179.494 4294967295
179.5 4294967295
179.503 4294967295
179.506 4294967295
179.512 4294967295
179.527 4294967295
179.547 4294967295
179.553 4294967295
179.567 4294967295
179.573 4294967295
179.584 4294967295
179.587 4294967295
179.59 4294967295
179.594 4294967295
179.6 4294967295
179.607 4294967295
179.611 4294967295
179.613 4294967295
179.617 4294967295
179.619 4294967295
179.625 4294967295
179.628 4294967295
179.631 4294967295
179.634 4294967295
179.637 4294967295
179.639 4294967295
179.642 4294967295
179.648 4294967295
179.651 4294967295
179.653 4294967295
179.657 4294967295
179.662 4294967295
179.668 4294967295
179.669 4294967295
179.67 4294967295
179.671 4294967295
179.672 4294967295
179.673 4294967295
179.673 4294967295
179.725 4294967295
179.73 4294967295
179.735 4294967295
179.738 4294967295
179.74 4294967295
179.742 4294967295
179.748 4294967295
179.751 4294967295
179.754 4294967295
179.758 4294967295
179.759 4294967295
179.763 4294967295
179.765 4294967295
179.767 4294967295
179.769 4294967295
179.772 4294967295
179.777 4294967295
179.779 4294967295
179.783 4294967295
179.786 4294967295
179.79 4294967295
179.792 4294967295
179.797 4294967295
179.799 4294967295
179.807 4294967295
179.812 4294967295
179.818 4294967295
179.821 4294967295
179.826 4294967295
179.828 4294967295
179.832 4294967295
179.839 4294967295
179.846 4294967295
179.851 4294967295
179.853 4294967295
179.862 4294967295
179.867 4294967295
179.87 4294967295
179.873 4294967295
179.879 4294967295
179.881 4294967295
179.884 4294967295
179.887 4294967295
179.893 4294967295
179.894 4294967295
179.899 4294967295
179.902 4294967295
179.904 4294967295
179.905 4294967295
179.907 4294967295
179.913 4294967295
179.916 4294967295
179.917 4294967295
179.92 4294967295
179.922 4294967295
179.923 4294967295
179.924 4294967295
179.928 4294967295
179.93 4294967295
179.931 4294967295
179.932 4294967295
179.934 4294967295
179.934 4294967295
190.935 4294967295
190.941 4294967295
190.941 4294967295
190.941 4294967295
190.944 4294967295
190.944 4294967295
190.946 4294967295
190.946 4294967295
190.95 4294967295
190.95 4294967295
190.952 4294967295
190.952 4294967295
190.956 4294967295
190.956 4294967295
190.958 4294967295
190.958 4294967295
190.96 4294967295
190.96 4294967295
190.963 4294967295
190.963 4294967295
190.966 4294967295
190.966 4294967295
190.968 4294967295
190.968 4294967295
190.971 4294967295
190.971 4294967295
190.973 4294967295
190.973 4294967295
190.977 4294967295
190.977 4294967295
190.978 4294967295
190.978 4294967295
190.981 4294967295
190.981 4294967295
190.984 4294967295
190.984 4294967295
190.987 4294967295
190.987 4294967295
190.989 4294967295
190.989 4294967295
190.991 4294967295
190.991 4294967295
190.994 4294967295
190.994 4294967295
190.997 4294967295
190.997 4294967295
191 4294967295
191 4294967295
191.001 4294967295
191.001 4294967295
191.005 4294967295
191.005 4294967295
191.007 4294967295
191.007 4294967295
191.009 4294967295
191.009 4294967295
191.011 4294967295
191.011 4294967295
191.014 4294967295
191.014 4294967295
191.016 4294967295
191.016 4294967295
191.018 4294967295
191.018 4294967295
191.021 4294967295
191.021 4294967295
191.023 4294967295
191.023 4294967295
191.025 4294967295
191.025 4294967295
191.028 4294967295
191.028 4294967295
191.03 4294967295
191.03 4294967295
191.032 4294967295
191.032 4294967295
191.035 4294967295
191.035 4294967295
191.037 4294967295
191.037 4294967295
191.04 4294967295
191.04 4294967295
191.042 4294967295
191.042 4294967295
191.044 4294967295
191.044 4294967295
191.046 4294967295
191.046 4294967295
191.048 4294967295
191.048 4294967295
191.051 4294967295
191.051 4294967295
191.053 4294967295
191.053 4294967295
191.056 4294967295
191.056 4294967295
191.058 4294967295
191.058 4294967295
191.06 4294967295
191.06 4294967295
191.063 4294967295
191.063 4294967295
191.065 4294967295
191.065 4294967295
191.068 4294967295
191.068 4294967295
191.069 4294967295
191.069 4294967295
191.072 4294967295
191.072 4294967295
191.074 4294967295
191.074 4294967295
191.077 4294967295
191.077 4294967295
191.08 4294967295
191.08 4294967295
191.084 4294967295
191.084 4294967295
191.089 4294967295
191.089 4294967295
191.092 4294967295
191.092 4294967295
191.098 4294967295
191.098 4294967295
191.102 4294967295
191.102 4294967295
191.107 4294967295
191.107 4294967295
191.11 4294967295
191.11 4294967295
191.113 4294967295
191.113 4294967295
191.116 4294967295
191.116 4294967295
191.119 4294967295
191.119 4294967295
191.122 4294967295
191.122 4294967295
191.125 4294967295
191.125 4294967295
191.129 4294967295
191.129 4294967295
191.131 4294967295
191.131 4294967295
191.135 4294967295
191.135 4294967295
191.138 4294967295
191.138 4294967295
191.141 4294967295
191.141 4294967295
191.144 4294967295
191.144 4294967295
191.148 4294967295
191.148 4294967295
191.151 4294967295
191.151 4294967295
191.154 4294967295
191.154 4294967295
191.157 4294967295
191.157 4294967295
191.161 4294967295
191.161 4294967295
191.163 4294967295
191.163 4294967295
191.167 4294967295
191.167 4294967295
191.17 4294967295
191.17 4294967295
191.173 4294967295
191.173 4294967295
191.177 4294967295
191.177 4294967295
191.18 4294967295
191.18 4294967295
191.182 4294967295
191.182 4294967295
191.185 4294967295
191.185 4294967295
191.189 4294967295
191.189 4294967295
191.191 4294967295
191.191 4294967295
191.195 4294967295
191.195 4294967295
191.198 4294967295
191.198 4294967295
191.202 4294967295
191.202 4294967295
191.205 4294967295
191.205 4294967295
191.208 4294967295
191.208 4294967295
191.211 4294967295
191.211 4294967295
191.214 4294967295
191.214 4294967295
191.218 4294967295
191.218 4294967295
191.221 4294967295
191.221 4294967295
191.228 4294967295
191.228 4294967295
191.228 4294967295
191.303 4294967295
191.49 4294967295
192.312 4294967295
192.312 4294967295
192.315 4294967295
192.318 4294967295
192.321 4294967295
192.324 4294967295
192.327 4294967295
192.329 4294967295
192.332 4294967295
192.335 4294967295
192.338 4294967295
192.341 4294967295
192.344 4294967295
192.347 4294967295
192.35 4294967295
192.352 4294967295
192.356 4294967295
192.357 4294967295
192.361 4294967295
192.363 4294967295
192.365 4294967295
192.374 4294967295
192.38 4294967295
192.388 4294967295
192.394 4294967295
192.397 4294967295
192.4 4294967295
192.408 4294967295
192.417 4294967295
192.42 4294967295
192.429 4294967295
192.441 4294967295
192.455 4294967295
192.461 4294967295
192.469 4294967295
192.472 4294967295
192.475 4294967295
192.478 4294967295
192.48 4294967295
192.484 4294967295
192.49 4294967295
192.491 4294967295
192.496 4294967295
192.498 4294967295
192.501 4294967295
192.504 4294967295
192.507 4294967295
192.509 4294967295
192.513 4294967295
192.515 4294967295
192.519 4294967295
192.521 4294967295
192.523 4294967295
192.525 4294967295
192.53 4294967295
192.532 4294967295
192.535 4294967295
192.539 4294967295
192.542 4294967295
192.544 4294967295
192.547 4294967295
192.55 4294967295
192.553 4294967295
192.556 4294967295
192.558 4294967295
192.562 4294967295
192.565 4294967295
192.568 4294967295
192.571 4294967295
192.574 4294967295
192.575 4294967295
192.58 4294967295
192.583 4294967295
192.592 4294967295
192.597 4294967295
192.6 4294967295
192.603 4294967295
192.603 4294967295
192.64 4294967295
192.642 4294967295
192.647 4294967295
192.651 4294967295
192.653 4294967295
192.655 4294967295
192.66 4294967295
192.666 4294967295
192.671 4294967295
192.673 4294967295
192.678 4294967295
192.687 4294967295
192.692 4294967295
192.694 4294967295
192.698 4294967295
192.703 4294967295
192.709 4294967295
192.714 4294967295
192.721 4294967295
192.726 4294967295
192.727 4294967295
192.728 4294967295
192.733 4294967295
192.739 4294967295
192.743 4294967295
192.744 4294967295
192.745 4294967295
192.751 4294967295
192.759 4294967295
192.765 4294967295
192.765 4294967295
192.766 4294967295
192.769 4294967295
192.772 4294967295
192.776 4294967295
192.779 4294967295
192.781 4294967295
192.783 4294967295
192.786 4294967295
192.79 4294967295
192.794 4294967295
192.796 4294967295
192.799 4294967295
192.802 4294967295
192.804 4294967295
192.805 4294967295
192.807 4294967295
192.809 4294967295
192.814 4294967295
192.817 4294967295
192.818 4294967295
192.82 4294967295
192.82 4294967295
