0.010001 1 -0
0.110001 1 0.0101557
0.110001 2 0.0101557
0.210001 1 0.26879
0.210001 2 0.0160701
0.310001 1 0.406807
0.310001 2 0.0221463
0.410001 1 0.538062
0.410001 2 0.0278738
0.510001 1 0.616962
0.510001 2 0.030704
0.610001 1 0.673095
0.610001 2 0.0314451
0.710001 1 0.695739
0.710001 2 0.0334913
0.810001 1 0.713396
0.810001 2 0.0352671
0.910001 1 0.709835
0.910001 2 0.0364033
1.01 1 0.734013
1.01 2 0.036924
1.11 1 0.752037
1.11 2 0.0373583
1.21 1 0.764061
1.21 2 0.037129
1.31 1 0.770162
1.31 2 0.0378994
1.41 1 0.758802
1.41 2 0.0384265
1.51 1 0.77159
1.51 2 0.0387653
1.61 1 0.781651
1.61 2 0.0389531
1.71 1 0.790535
1.71 2 0.0385611
1.81 1 0.794614
1.81 2 0.0389315
1.91 1 0.797397
1.91 2 0.0393542
2.01 1 0.790388
2.01 2 0.0396478
2.11 1 0.797165
2.11 2 0.039752
2.21 1 0.803329
2.21 2 0.039848
2.31 1 0.80823
2.31 2 0.0395821
2.41 1 0.809934
2.41 2 0.0398165
2.51 1 0.80167
2.51 2 0.0400992
2.61 1 0.806713
2.61 2 0.0402319
2.71 1 0.812003
2.71 2 0.0402938
2.81 1 0.816316
2.81 2 0.0399361
2.91 1 0.818056
2.91 2 0.0401749
3.01 1 0.81914
3.01 2 0.0403972
3.11 1 0.813181
3.11 2 0.040552
3.21 1 0.817438
3.21 2 0.0405953
3.31 1 0.820935
3.31 2 0.0406362
3.41 1 0.823747
3.41 2 0.040426
3.51 1 0.824533
3.51 2 0.0405621
3.61 1 0.818311
3.61 2 0.0407358
3.71 1 0.821406
3.71 2 0.0408127
3.81 1 0.824339
3.81 2 0.0408431
3.91 1 0.827123
3.91 2 0.0405701
4.01 1 0.828552
4.01 2 0.040726
4.11 1 0.829125
4.11 2 0.0408741
4.21 1 0.82443
4.21 2 0.0409769
4.31 1 0.826952
4.31 2 0.0410004
4.41 1 0.829728
4.41 2 0.041023
4.51 1 0.831663
4.51 2 0.0408173
4.61 1 0.832114
4.61 2 0.0409472
4.71 1 0.832549
4.71 2 0.0410714
4.81 1 0.829358
4.81 2 0.041124
4.91 1 0.831471
4.91 2 0.0411421
5.01 1 0.8335
5.01 2 0.0409223
5.11 1 0.834507
5.11 2 0.0410372
5.21 1 0.83486
5.21 2 0.0411169
5.31 1 0.831004
5.31 2 0.0412237
5.41 1 0.832891
5.41 2 0.0412385
5.51 1 0.83471
5.51 2 0.0412528
5.61 1 0.836464
5.61 2 0.0410825
5.71 1 0.836757
5.71 2 0.0411823
5.81 1 0.83704
5.81 2 0.0412786
5.91 1 0.83407
5.91 2 0.0413181
6.01 1 0.835718
6.01 2 0.0413301
6.11 1 0.837574
6.11 2 0.0411464
6.21 1 0.838342
6.21 2 0.0412115
6.31 1 0.838582
6.31 2 0.0412997
6.41 1 0.835066
6.41 2 0.041385
6.51 1 0.836818
6.51 2 0.0413951
6.61 1 0.838274
6.61 2 0.041405
6.71 1 0.839687
6.71 2 0.04126
6.81 1 0.839892
6.81 2 0.0413408
6.91 1 0.840091
6.91 2 0.0413965
7.01 1 0.837531
7.01 2 0.0414507
7.11 1 0.838875
7.11 2 0.0414592
7.21 1 0.840182
7.21 2 0.0413016
7.31 1 0.841019
7.31 2 0.0413547
7.41 1 0.841192
7.41 2 0.0414277
7.51 1 0.83815
7.51 2 0.0414987
7.61 1 0.839398
7.61 2 0.0415061
7.71 1 0.840613
7.71 2 0.0415133
7.81 1 0.842
7.81 2 0.041387
7.91 1 0.842151
7.91 2 0.0414549
8.01 1 0.842299
8.01 2 0.0415015
8.11 1 0.839855
8.11 2 0.041547
8.21 1 0.841184
8.21 2 0.0415534
8.31 1 0.84229
8.31 2 0.0415595
8.41 1 0.842994
8.41 2 0.0414602
8.51 1 0.843125
8.51 2 0.0415224
8.61 1 0.840444
8.61 2 0.041565
8.71 1 0.841508
8.71 2 0.0415887
8.81 1 0.842547
8.81 2 0.0415942
8.91 1 0.843564
8.91 2 0.0414825
9.01 1 0.843857
9.01 2 0.0415236
9.11 1 0.843971
9.11 2 0.041581
9.21 1 0.841796
9.21 2 0.0416202
9.31 1 0.842777
9.31 2 0.0416251
9.41 1 0.843904
9.41 2 0.0416299
9.51 1 0.844511
9.51 2 0.0415411
9.61 1 0.844613
9.61 2 0.0415953
9.71 1 0.842055
9.71 2 0.0416323
9.81 1 0.842983
9.81 2 0.0416527
9.91 1 0.844051
9.91 2 0.041657
10.01 1 0.844941
10.01 2 0.0415568
10.11 1 0.84519
10.11 2 0.0415927
10.21 1 0.845281
10.21 2 0.0416432
10.31 1 0.837146
10.31 2 0.0414067
10.41 1 0.831633
10.41 2 0.0411327
10.51 1 0.826213
10.51 2 0.0408632
10.61 1 0.820883
10.61 2 0.0404777
10.71 1 0.812846
10.71 2 0.0402191
10.81 1 0.807734
10.81 2 0.0399647
10.91 1 0.802705
10.91 2 0.0397144
11.01 1 0.795506
11.01 2 0.0393368
11.11 1 0.790671
11.11 2 0.0390966
11.21 1 0.785912
11.21 2 0.0388601
11.31 1 0.781228
11.31 2 0.0385215
11.41 1 0.774152
11.41 2 0.038294
11.51 1 0.769648
11.51 2 0.03807
11.61 1 0.765211
11.61 2 0.0378493
11.71 1 0.758857
11.71 2 0.0375159
11.81 1 0.754582
11.81 2 0.0373036
11.91 1 0.750371
11.91 2 0.0370944
12.01 1 0.746221
12.01 2 0.0368883
12.11 1 0.739944
12.11 2 0.0365929
12.21 1 0.735944
12.21 2 0.0363941
12.31 1 0.732002
12.31 2 0.0361981
12.41 1 0.726352
12.41 2 0.0359016
12.51 1 0.722545
12.51 2 0.0357125
12.61 1 0.718792
12.61 2 0.0355262
12.71 1 0.71509
12.71 2 0.0353424
12.81 1 0.709483
12.81 2 0.0350789
12.91 1 0.705909
12.91 2 0.0349013
13.01 1 0.702382
13.01 2 0.0347261
13.11 1 0.697325
13.11 2 0.0344605
13.21 1 0.693914
13.21 2 0.0342912
13.31 1 0.690548
13.31 2 0.0341241
13.41 1 0.687226
13.41 2 0.0339592
13.51 1 0.682187
13.51 2 0.0337227
13.61 1 0.678973
13.61 2 0.0335631
13.71 1 0.6758
13.71 2 0.0334055
13.81 1 0.671248
13.81 2 0.0331663
13.91 1 0.668173
13.91 2 0.0330138
14.01 1 0.665137
14.01 2 0.0328631
14.11 1 0.662139
14.11 2 0.0327144
14.21 1 0.657586
14.21 2 0.0325009
14.31 1 0.65468
14.31 2 0.0323566
14.41 1 0.651811
14.41 2 0.0322141
14.51 1 0.647691
14.51 2 0.0319976
14.61 1 0.644906
14.61 2 0.0318594
14.71 1 0.642154
14.71 2 0.0317229
14.81 1 0.639434
14.81 2 0.031588
14.91 1 0.6353
14.91 2 0.0313944
15.01 1 0.632661
15.01 2 0.0312634
15.11 1 0.630052
15.11 2 0.0311339
15.21 1 0.626307
15.21 2 0.0310059
15.31 1 0.623772
15.31 2 0.0308112
15.41 1 0.621266
15.41 2 0.0306869
15.51 1 0.618788
15.51 2 0.030564
15.61 1 0.615017
15.61 2 0.0303876
15.71 1 0.612609
15.71 2 0.0302681
15.81 1 0.610228
15.81 2 0.0301499
15.91 1 0.606666
15.91 2 0.0300331
16.01 1 0.604491
16.01 2 0.0298551
16.11 1 0.602199
16.11 2 0.0297415
16.21 1 0.599932
16.21 2 0.0296291
16.31 1 0.596478
16.31 2 0.0294677
16.41 1 0.594272
16.41 2 0.0293582
16.51 1 0.59209
16.51 2 0.02925
16.61 1 0.588816
16.61 2 0.0291428
16.71 1 0.586829
16.71 2 0.0289796
16.81 1 0.584725
16.81 2 0.0288753
16.91 1 0.582643
16.91 2 0.0287721
17.01 1 0.579468
17.01 2 0.0286238
17.11 1 0.57744
17.11 2 0.0285232
17.21 1 0.575433
17.21 2 0.0284237
17.31 1 0.572413
17.31 2 0.0283251
17.41 1 0.570591
17.41 2 0.0281747
17.51 1 0.568653
17.51 2 0.0280787
17.61 1 0.566734
17.61 2 0.0279836
17.71 1 0.563806
17.71 2 0.027847
17.81 1 0.561935
17.81 2 0.0277542
17.91 1 0.560082
17.91 2 0.0276623
18.01 1 0.558247
18.01 2 0.0275713
18.11 1 0.555612
18.11 2 0.0274324
18.21 1 0.55382
18.21 2 0.0273436
18.31 1 0.552046
18.31 2 0.0272557
18.41 1 0.549204
18.41 2 0.0271295
18.51 1 0.547605
18.51 2 0.0270436
18.61 1 0.545889
18.61 2 0.0269586
18.71 1 0.54419
18.71 2 0.0268743
18.81 1 0.541749
18.81 2 0.0267456
18.91 1 0.540089
18.91 2 0.0266633
19.01 1 0.538444
19.01 2 0.0265818
19.11 1 0.535799
19.11 2 0.0264647
19.21 1 0.534321
19.21 2 0.026385
19.31 1 0.532729
19.31 2 0.0263061
19.41 1 0.531151
19.41 2 0.0262279
19.51 1 0.528884
19.51 2 0.0261082
19.61 1 0.52734
19.61 2 0.0260318
19.71 1 0.52581
19.71 2 0.025956
19.81 1 0.523343
19.81 2 0.0258471
19.91 1 0.521974
19.91 2 0.025773
20.01 1 0.520492
20.01 2 0.0256995
20.01 3 -0
20.11 1 0.519022
20.11 2 0.0256267
20.11 3 0.0101557
20.11 4 0.0101557
20.21 1 0.516911
20.21 2 0.0255152
20.21 3 0.26879
20.21 4 0.0160701
20.31 1 0.515473
20.31 2 0.025444
20.31 3 0.555721
20.31 4 0.0221463
20.41 1 0.514047
20.41 2 0.0253734
20.41 3 0.991187
20.41 4 0.0369239
20.51 1 0.512633
20.51 2 0.0252719
20.51 3 1.78363
20.51 4 0.0686985
20.61 1 0.51114
20.61 2 0.0251983
20.61 3 3.04451
20.61 4 0.12678
20.71 1 0.508942
20.71 2 0.0251403
20.71 3 3.94477
20.71 4 0.178097
20.81 1 0.506769
20.81 2 0.025032
20.81 3 4.61975
20.81 4 0.21533
20.91 1 0.50561
20.91 2 0.0249255
20.91 3 5.15357
20.91 4 0.243873
21.01 1 0.503475
21.01 2 0.0248767
21.01 3 5.5725
21.01 4 0.266864
21.11 1 0.502041
21.11 2 0.024772
21.11 3 5.9152
21.11 4 0.28513
21.21 1 0.500038
21.21 2 0.0246838
21.21 3 6.19958
21.21 4 0.300237
21.31 1 0.497848
21.31 2 0.0245809
21.31 3 6.44445
21.31 4 0.312941
21.41 1 0.496567
21.41 2 0.0245486
21.41 3 6.6543
21.41 4 0.324065
21.51 1 0.494535
21.51 2 0.0244476
21.51 3 6.83347
21.51 4 0.333389
21.61 1 0.493896
21.61 2 0.0243478
21.61 3 6.99526
21.61 4 0.341516
21.71 1 0.491895
21.71 2 0.0242802
21.71 3 7.13326
21.71 4 0.34884
21.81 1 0.489915
21.81 2 0.0241822
21.81 3 7.25592
21.81 4 0.355165
21.91 1 0.488573
21.91 2 0.0241515
21.91 3 7.36943
21.91 4 0.36094
22.01 1 0.48663
22.01 2 0.0240549
22.01 3 7.46802
22.01 4 0.366077
22.11 1 0.48459
22.11 2 0.0239594
22.11 3 7.55913
22.11 4 0.370641
22.21 1 0.484106
22.21 2 0.023865
22.21 3 7.64196
22.21 4 0.374782
22.31 1 0.482212
22.31 2 0.0238009
22.31 3 7.71582
22.31 4 0.378731
22.41 1 0.480337
22.41 2 0.0237081
22.41 3 7.78353
22.41 4 0.382176
22.51 1 0.479064
22.51 2 0.0236791
22.51 3 7.84876
22.51 4 0.385503
22.61 1 0.477223
22.61 2 0.0235877
22.61 3 7.90615
22.61 4 0.388414
22.71 1 0.475286
22.71 2 0.0234972
22.71 3 7.96078
22.71 4 0.391106
22.81 1 0.474834
22.81 2 0.0234077
22.81 3 8.0115
22.81 4 0.393602
22.91 1 0.473038
22.91 2 0.0233468
22.91 3 8.05733
22.91 4 0.396063
23.01 1 0.471261
23.01 2 0.0232589
23.01 3 8.10011
23.01 4 0.398203
23.11 1 0.470051
23.11 2 0.0232315
23.11 3 8.14272
23.11 4 0.400352
23.21 1 0.468305
23.21 2 0.0231448
23.21 3 8.17997
23.21 4 0.40224
23.31 1 0.467763
23.31 2 0.023059
23.31 3 8.21759
23.31 4 0.404012
23.41 1 0.46604
23.41 2 0.022974
23.41 3 8.25061
23.41 4 0.405678
23.51 1 0.464336
23.51 2 0.0229161
23.51 3 8.28175
23.51 4 0.407362
23.61 1 0.462648
23.61 2 0.0228326
23.61 3 8.31116
23.61 4 0.40884
23.71 1 0.461497
23.71 2 0.0228067
23.71 3 8.34116
23.71 4 0.410346
23.81 1 0.459838
23.81 2 0.0227244
23.81 3 8.36732
23.81 4 0.411666
23.91 1 0.459325
23.91 2 0.0226428
23.91 3 8.39434
23.91 4 0.412917
24.01 1 0.457689
24.01 2 0.0225621
24.01 3 8.41799
24.01 4 0.414105
24.11 1 0.456068
24.11 2 0.022507
24.11 3 8.44049
24.11 4 0.415333
24.21 1 0.454464
24.21 2 0.0224276
24.21 3 8.46191
24.21 4 0.416405
24.31 1 0.453367
24.31 2 0.0224031
24.31 3 8.48422
24.31 4 0.417521
24.41 1 0.451789
24.41 2 0.0223248
24.41 3 8.50367
24.41 4 0.418485
24.51 1 0.451304
24.51 2 0.0222472
24.51 3 8.52396
24.51 4 0.419415
24.61 1 0.449747
24.61 2 0.0221704
24.61 3 8.54171
24.61 4 0.420304
24.71 1 0.448205
24.71 2 0.0221178
24.71 3 8.5587
24.71 4 0.42124
24.81 1 0.446678
24.81 2 0.0220423
24.81 3 8.57498
24.81 4 0.422053
24.91 1 0.445631
24.91 2 0.0220191
24.91 3 8.59224
24.91 4 0.422915
25.01 1 0.444128
25.01 2 0.0219445
25.01 3 8.6072
25.01 4 0.423662
25.11 1 0.443668
25.11 2 0.0218707
25.11 3 8.62315
25.11 4 0.424379
25.21 1 0.442185
25.21 2 0.0217975
25.21 3 8.63687
25.21 4 0.425068
25.31 1 0.440716
25.31 2 0.0217473
25.31 3 8.65014
25.31 4 0.425807
25.41 1 0.43926
25.41 2 0.0216753
25.41 3 8.66292
25.41 4 0.426444
25.51 1 0.43826
25.51 2 0.0216533
25.51 3 8.6767
25.51 4 0.42713
25.61 1 0.436828
25.61 2 0.0215822
25.61 3 8.68855
25.61 4 0.42772
25.71 1 0.436391
25.71 2 0.0215118
25.71 3 8.70139
25.71 4 0.428284
25.81 1 0.434976
25.81 2 0.021442
25.81 3 8.71235
25.81 4 0.428833
25.91 1 0.433575
25.91 2 0.021394
25.91 3 8.72299
25.91 4 0.429432
26.01 1 0.432186
26.01 2 0.0213253
26.01 3 8.73328
26.01 4 0.429944
26.11 1 0.43123
26.11 2 0.0213044
26.11 3 8.74455
26.11 4 0.430504
26.21 1 0.429863
26.21 2 0.0212366
26.21 3 8.75415
26.21 4 0.430982
26.31 1 0.429448
26.31 2 0.0211694
26.31 3 8.76473
26.31 4 0.431445
26.41 1 0.428097
26.41 2 0.021123
26.41 3 8.77372
26.41 4 0.431922
26.51 1 0.426759
26.51 2 0.0210568
26.51 3 8.78239
26.51 4 0.432388
26.61 1 0.425433
26.61 2 0.0209912
26.61 3 8.7914
26.61 4 0.432808
26.71 1 0.424518
26.71 2 0.0209713
26.71 3 8.80024
26.71 4 0.433275
26.81 1 0.423211
26.81 2 0.0209065
26.81 3 8.80818
26.81 4 0.43367
26.91 1 0.422816
26.91 2 0.0208423
26.91 3 8.81705
26.91 4 0.434053
27.01 1 0.421525
27.01 2 0.0207979
27.01 3 8.82453
27.01 4 0.434477
27.11 1 0.420246
27.11 2 0.0207347
27.11 3 8.83179
27.11 4 0.434838
27.21 1 0.418876
27.21 2 0.0206719
27.21 3 8.83937
27.21 4 0.435214
27.31 1 0.418101
27.31 2 0.020653
27.31 3 8.84678
27.31 4 0.435584
27.41 1 0.416852
27.41 2 0.020591
27.41 3 8.85344
27.41 4 0.435915
27.51 1 0.416476
27.51 2 0.0205296
27.51 3 8.861
27.51 4 0.436237
27.61 1 0.415241
27.61 2 0.0204871
27.61 3 8.86731
27.61 4 0.436603
27.71 1 0.414017
27.71 2 0.0204265
27.71 3 8.87345
27.71 4 0.436907
27.81 1 0.413169
27.81 2 0.0204083
27.81 3 8.88043
27.81 4 0.437228
27.91 1 0.411962
27.91 2 0.0203485
27.91 3 8.88625
27.91 4 0.437544
28.01 1 0.410665
28.01 2 0.0202891
28.01 3 8.89242
28.01 4 0.437825
28.11 1 0.410407
28.11 2 0.0202303
28.11 3 8.89845
28.11 4 0.438099
28.21 1 0.409225
28.21 2 0.0201895
28.21 3 8.90383
28.21 4 0.438416
28.31 1 0.408052
28.31 2 0.0201315
28.31 3 8.90909
28.31 4 0.438673
28.41 1 0.407238
28.41 2 0.0201142
28.41 3 8.91517
28.41 4 0.438975
28.51 1 0.406082
28.51 2 0.0200568
28.51 3 8.92014
28.51 4 0.439222
28.61 1 0.404837
28.61 2 0.02
28.61 3 8.92593
28.61 4 0.439464
28.71 1 0.404594
28.71 2 0.0199436
28.71 3 8.93072
28.71 4 0.439701
28.81 1 0.40346
28.81 2 0.0199044
28.81 3 8.93537
28.81 4 0.439977
28.91 1 0.402336
28.91 2 0.0198488
28.91 3 8.93992
28.91 4 0.440202
29.01 1 0.401554
29.01 2 0.0198323
29.01 3 8.94526
29.01 4 0.440467
29.11 1 0.400446
29.11 2 0.0197773
29.11 3 8.94957
29.11 4 0.440681
29.21 1 0.400116
29.21 2 0.0197228
29.21 3 8.95469
29.21 4 0.440892
29.31 1 0.39902
29.31 2 0.0196687
29.31 3 8.95883
29.31 4 0.441097
29.41 1 0.397933
29.41 2 0.0196311
29.41 3 8.96289
29.41 4 0.441341
29.51 1 0.396854
29.51 2 0.0195777
29.51 3 8.96686
29.51 4 0.441537
29.61 1 0.396102
29.61 2 0.0195619
29.61 3 8.97158
29.61 4 0.441771
29.71 1 0.395038
29.71 2 0.0195091
29.71 3 8.97538
29.71 4 0.441957
29.81 1 0.394723
29.81 2 0.0194568
29.81 3 8.9799
29.81 4 0.442141
29.91 1 0.393671
29.91 2 0.0194049
29.91 3 8.98354
29.91 4 0.442321
30.01 1 0.392627
30.01 2 0.0193687
30.01 3 8.9871
30.01 4 0.442538
30.11 1 0.391591
30.11 2 0.0193175
30.11 3 8.9906
30.11 4 0.442711
30.21 1 0.390868
30.21 2 0.0193023
30.21 3 8.99481
30.21 4 0.442919
30.31 1 0.389966
30.31 2 0.0192371
30.31 3 8.99622
30.31 4 0.443052
30.41 1 0.389372
30.41 2 0.0192077
30.41 3 8.92362
30.41 4 0.439477
30.51 1 0.388782
30.51 2 0.0191785
30.51 3 8.78198
30.51 4 0.435961
30.61 1 0.388194
30.61 2 0.0191494
30.61 3 8.71386
30.61 4 0.432502
30.71 1 0.387298
30.71 2 0.0191053
30.71 3 8.7189
30.71 4 0.429281
30.81 1 0.3866
30.81 2 0.0190755
30.81 3 8.72465
30.81 4 0.429565
30.91 1 0.385848
30.91 2 0.0190341
30.91 3 8.7303
30.91 4 0.429845
31.01 1 0.385222
31.01 2 0.0190037
31.01 3 8.73585
31.01 4 0.43012
31.11 1 0.384584
31.11 2 0.0189727
31.11 3 8.74129
31.11 4 0.430389
31.21 1 0.383935
31.21 2 0.018941
31.21 3 8.74664
31.21 4 0.430654
31.31 1 0.383274
31.31 2 0.0189088
31.31 3 8.75189
31.31 4 0.430911
31.41 1 0.382601
31.41 2 0.0188761
31.41 3 8.75702
31.41 4 0.431167
31.51 1 0.381865
31.51 2 0.0188427
31.51 3 8.76209
31.51 4 0.431418
31.61 1 0.380915
31.61 2 0.018799
31.61 3 8.76707
31.61 4 0.431665
31.71 1 0.380445
31.71 2 0.0187525
31.71 3 8.77266
31.71 4 0.431907
31.81 1 0.37951
31.81 2 0.0187294
31.81 3 8.77747
31.81 4 0.432179
31.91 1 0.378582
31.91 2 0.0186835
31.91 3 8.7822
31.91 4 0.432413
32.01 1 0.378121
32.01 2 0.0186379
32.01 3 8.78752
32.01 4 0.432643
32.11 1 0.377204
32.11 2 0.0186153
32.11 3 8.79206
32.11 4 0.432902
32.21 1 0.376293
32.21 2 0.0185702
32.21 3 8.79655
32.21 4 0.433125
32.31 1 0.375841
32.31 2 0.0185255
32.31 3 8.80162
32.31 4 0.433343
32.41 1 0.374941
32.41 2 0.0185032
32.41 3 8.80597
32.41 4 0.433591
32.51 1 0.374047
32.51 2 0.018459
32.51 3 8.81024
32.51 4 0.433802
32.61 1 0.373603
32.61 2 0.0184151
32.61 3 8.81508
32.61 4 0.434008
32.71 1 0.372719
32.71 2 0.0183932
32.71 3 8.81919
32.71 4 0.434244
32.81 1 0.371842
32.81 2 0.0183498
32.81 3 8.82326
32.81 4 0.434445
32.91 1 0.371406
32.91 2 0.0183067
32.91 3 8.8279
32.91 4 0.434643
33.01 1 0.370538
33.01 2 0.0182853
33.01 3 8.83183
33.01 4 0.434869
33.11 1 0.369677
33.11 2 0.0182427
33.11 3 8.83571
33.11 4 0.435061
33.21 1 0.369248
33.21 2 0.0182003
33.21 3 8.84015
33.21 4 0.43525
33.31 1 0.368396
33.31 2 0.0181793
33.31 3 8.8439
33.31 4 0.435466
33.41 1 0.367551
33.41 2 0.0181374
33.41 3 8.84759
33.41 4 0.435649
33.51 1 0.36713
33.51 2 0.0180959
33.51 3 8.85183
33.51 4 0.43583
33.61 1 0.366293
33.61 2 0.0180752
33.61 3 8.85542
33.61 4 0.436037
33.71 1 0.365463
33.71 2 0.0180341
33.71 3 8.85896
33.71 4 0.436211
33.81 1 0.365049
33.81 2 0.0180136
33.81 3 8.86303
33.81 4 0.436397
33.91 1 0.364228
33.91 2 0.0179729
33.91 3 8.86646
33.91 4 0.43658
34.01 1 0.363411
34.01 2 0.0179326
34.01 3 8.86982
34.01 4 0.436748
34.11 1 0.363006
34.11 2 0.0179125
34.11 3 8.87373
34.11 4 0.436928
34.21 1 0.362198
34.21 2 0.0178725
34.21 3 8.87701
34.21 4 0.437103
34.31 1 0.36131
34.31 2 0.0178328
34.31 3 8.88053
34.31 4 0.437263
34.41 1 0.360998
34.41 2 0.0178131
34.41 3 8.884
34.41 4 0.437436
34.51 1 0.360204
34.51 2 0.0177738
34.51 3 8.88715
34.51 4 0.437604
34.61 1 0.359331
34.61 2 0.0177348
34.61 3 8.89053
34.61 4 0.437757
34.71 1 0.359024
34.71 2 0.0177154
34.71 3 8.89384
34.71 4 0.437936
34.81 1 0.358245
34.81 2 0.0176769
34.81 3 8.89686
34.81 4 0.438085
34.91 1 0.357385
34.91 2 0.0176385
34.91 3 8.9001
34.91 4 0.438232
35.01 1 0.357085
35.01 2 0.0176195
35.01 3 8.9033
35.01 4 0.438403
35.11 1 0.356319
35.11 2 0.0175816
35.11 3 8.90619
35.11 4 0.438546
35.21 1 0.355938
35.21 2 0.0175439
35.21 3 8.90958
35.21 4 0.438686
35.31 1 0.355179
35.31 2 0.0175252
35.31 3 8.91239
35.31 4 0.438851
35.41 1 0.354426
35.41 2 0.0174879
35.41 3 8.91515
35.41 4 0.438988
35.51 1 0.354051
35.51 2 0.0174508
35.51 3 8.91841
35.51 4 0.439124
35.61 1 0.353305
35.61 2 0.0174324
35.61 3 8.92111
35.61 4 0.439283
35.71 1 0.352565
35.71 2 0.0173958
35.71 3 8.92378
35.71 4 0.439415
35.81 1 0.352196
35.81 2 0.0173594
35.81 3 8.92693
35.81 4 0.439545
35.91 1 0.351463
35.91 2 0.0173413
35.91 3 8.92952
35.91 4 0.439698
36.01 1 0.350735
36.01 2 0.0173052
36.01 3 8.93207
36.01 4 0.439825
36.11 1 0.350373
36.11 2 0.0172694
36.11 3 8.93511
36.11 4 0.43995
36.21 1 0.349652
36.21 2 0.0172516
36.21 3 8.93761
36.21 4 0.440098
36.31 1 0.348935
36.31 2 0.0172162
36.31 3 8.94008
36.31 4 0.44022
36.41 1 0.348579
36.41 2 0.017181
36.41 3 8.94301
36.41 4 0.440341
36.51 1 0.34787
36.51 2 0.0171635
36.51 3 8.94541
36.51 4 0.440484
36.61 1 0.347165
36.61 2 0.0171286
36.61 3 8.94779
36.61 4 0.4406
36.71 1 0.346815
36.71 2 0.017094
36.71 3 8.95061
36.71 4 0.440716
36.81 1 0.346117
36.81 2 0.0170767
36.81 3 8.95292
36.81 4 0.440854
36.91 1 0.345424
36.91 2 0.0170424
36.91 3 8.95521
36.91 4 0.440967
37.01 1 0.345079
37.01 2 0.0170084
37.01 3 8.95795
37.01 4 0.441079
37.11 1 0.344393
37.11 2 0.0169914
37.11 3 8.96019
37.11 4 0.441213
37.21 1 0.343711
37.21 2 0.0169577
37.21 3 8.96239
37.21 4 0.441322
37.31 1 0.343372
37.31 2 0.0169242
37.31 3 8.96504
37.31 4 0.44143
37.41 1 0.342697
37.41 2 0.0169075
37.41 3 8.96718
37.41 4 0.441559
37.51 1 0.342026
37.51 2 0.0168743
37.51 3 8.96931
37.51 4 0.441664
37.61 1 0.341692
37.61 2 0.0168413
37.61 3 8.97188
37.61 4 0.441768
37.71 1 0.341028
37.71 2 0.0168249
37.71 3 8.97396
37.71 4 0.441893
37.81 1 0.340367
37.81 2 0.0167922
37.81 3 8.97601
37.81 4 0.441995
37.91 1 0.340039
37.91 2 0.0167598
37.91 3 8.9785
37.91 4 0.442094
38.01 1 0.339385
38.01 2 0.0167436
38.01 3 8.98049
38.01 4 0.442216
38.11 1 0.338735
38.11 2 0.0167115
38.11 3 8.98248
38.11 4 0.442314
38.21 1 0.338412
38.21 2 0.0166795
38.21 3 8.98489
38.21 4 0.442411
38.31 1 0.337768
38.31 2 0.0166636
38.31 3 8.98683
38.31 4 0.442528
38.41 1 0.337128
38.41 2 0.016632
38.41 3 8.98874
38.41 4 0.442623
38.51 1 0.33681
38.51 2 0.0166006
38.51 3 8.99108
38.51 4 0.442717
38.61 1 0.336176
38.61 2 0.0165849
38.61 3 8.99295
38.61 4 0.442831
38.71 1 0.335547
38.71 2 0.0165537
38.71 3 8.9948
38.71 4 0.442922
38.81 1 0.335233
38.81 2 0.0165228
38.81 3 8.99706
38.81 4 0.443013
38.91 1 0.334609
38.91 2 0.0165074
38.91 3 8.99888
38.91 4 0.443124
39.01 1 0.333989
39.01 2 0.0164767
39.01 3 9.00067
39.01 4 0.443212
39.11 1 0.333681
39.11 2 0.0164462
39.11 3 9.00287
39.11 4 0.4433
39.21 1 0.333066
39.21 2 0.0164311
39.21 3 9.00463
39.21 4 0.443406
39.31 1 0.332456
39.31 2 0.0164008
39.31 3 9.00635
39.31 4 0.443492
39.41 1 0.332152
39.41 2 0.0163708
39.41 3 9.00849
39.41 4 0.443587
39.51 1 0.331547
39.51 2 0.0163559
39.51 3 9.01019
39.51 4 0.443681
39.61 1 0.330946
39.61 2 0.0163261
39.61 3 9.01187
39.61 4 0.443764
39.71 1 0.330646
39.71 2 0.0163113
39.71 3 9.01394
39.71 4 0.443857
39.81 1 0.330051
39.81 2 0.0162819
39.81 3 9.01559
39.81 4 0.443948
39.91 1 0.329458
39.91 2 0.0162526
39.91 3 9.01722
39.91 4 0.444028
40.01 1 0.329163
40.01 2 0.016238
40.01 3 9.01923
40.01 4 0.444118
40.11 1 0.328577
40.11 2 0.016209
40.11 3 9.02082
40.11 4 0.444207
40.21 1 0.327917
40.21 2 0.0161801
40.21 3 9.0226
40.21 4 0.444285
40.31 1 0.327703
40.31 2 0.0161657
40.31 3 9.02436
40.31 4 0.44438
40.41 1 0.327125
40.41 2 0.0161371
40.41 3 9.02591
40.41 4 0.444458
40.51 1 0.326474
40.51 2 0.0161087
40.51 3 9.02764
40.51 4 0.444532
40.61 1 0.326264
40.61 2 0.0160946
40.61 3 9.02935
40.61 4 0.444627
40.71 1 0.325694
40.71 2 0.0160664
40.71 3 9.03084
40.71 4 0.444701
40.81 1 0.32539
40.81 2 0.0160384
40.81 3 9.03194
40.81 4 0.444774
40.91 1 0.325086
40.91 2 0.0160224
40.91 3 8.99583
40.91 4 0.443004
41.01 1 0.324784
41.01 2 0.0160075
41.01 3 8.96002
41.01 4 0.441241
41.11 1 0.324204
41.11 2 0.0159926
41.11 3 8.92449
41.11 4 0.439492
41.21 1 0.323898
41.21 2 0.0159776
41.21 3 8.89135
41.21 4 0.437819
41.31 1 0.323555
41.31 2 0.0159623
41.31 3 8.89326
41.31 4 0.437923
41.41 1 0.323239
41.41 2 0.0159468
41.41 3 8.89517
41.41 4 0.438016
41.51 1 0.322917
41.51 2 0.0159173
41.51 3 8.89724
41.51 4 0.438109
41.61 1 0.322586
41.61 2 0.0159011
41.61 3 8.89929
41.61 4 0.438209
41.71 1 0.322248
41.71 2 0.0158847
41.71 3 8.9013
41.71 4 0.438309
41.81 1 0.321799
41.81 2 0.0158658
41.81 3 8.90332
41.81 4 0.438409
41.91 1 0.321259
41.91 2 0.0158391
41.91 3 8.90531
41.91 4 0.438507
42.01 1 0.320834
42.01 2 0.0158335
42.01 3 8.90765
42.01 4 0.438623
42.11 1 0.320299
42.11 2 0.015807
42.11 3 8.90961
42.11 4 0.438719
42.21 1 0.320188
42.21 2 0.0157807
42.21 3 8.91191
42.21 4 0.438815
42.31 1 0.319657
42.31 2 0.0157545
42.31 3 8.91383
42.31 4 0.43891
42.41 1 0.319129
42.41 2 0.0157339
42.41 3 8.91572
42.41 4 0.439022
42.51 1 0.318603
42.51 2 0.0157285
42.51 3 8.91761
42.51 4 0.439123
42.61 1 0.31819
42.61 2 0.0157026
42.61 3 8.91983
42.61 4 0.439225
42.71 1 0.31767
42.71 2 0.0156768
42.71 3 8.92168
42.71 4 0.439316
42.81 1 0.317562
42.81 2 0.0156512
42.81 3 8.92387
42.81 4 0.439407
42.91 1 0.317046
42.91 2 0.015631
42.91 3 8.92569
42.91 4 0.439504
43.01 1 0.316533
43.01 2 0.0156057
43.01 3 8.92748
43.01 4 0.439601
43.11 1 0.31595
43.11 2 0.0156004
43.11 3 8.92944
43.11 4 0.439699
43.21 1 0.315619
43.21 2 0.0155753
43.21 3 8.93138
43.21 4 0.439794
43.31 1 0.315042
43.31 2 0.0155502
43.31 3 8.93331
43.31 4 0.439881
43.41 1 0.31501
43.41 2 0.0155253
43.41 3 8.93522
43.41 4 0.439967
43.51 1 0.314508
43.51 2 0.0155057
43.51 3 8.93694
43.51 4 0.440068
43.61 1 0.314008
43.61 2 0.015481
43.61 3 8.93865
43.61 4 0.440153
43.71 1 0.313441
43.71 2 0.015476
43.71 3 8.9405
43.71 4 0.440253
43.81 1 0.313119
43.81 2 0.0154515
43.81 3 8.94235
43.81 4 0.440336
43.91 1 0.313018
43.91 2 0.0154271
43.91 3 8.94435
43.91 4 0.440418
44.01 1 0.312527
44.01 2 0.0154029
44.01 3 8.946
44.01 4 0.440499
44.11 1 0.312039
44.11 2 0.0153837
44.11 3 8.94764
44.11 4 0.440597
44.21 1 0.311553
44.21 2 0.0153597
44.21 3 8.94926
44.21 4 0.440676
44.31 1 0.311168
44.31 2 0.0153549
44.31 3 8.9512
44.31 4 0.440771
44.41 1 0.310687
44.41 2 0.015331
44.41 3 8.95278
44.41 4 0.44085
44.51 1 0.310589
44.51 2 0.0153073
44.51 3 8.95469
44.51 4 0.440928
44.61 1 0.310111
44.61 2 0.0152838
44.61 3 8.95626
44.61 4 0.441005
44.71 1 0.309636
44.71 2 0.0152651
44.71 3 8.95781
44.71 4 0.441098
44.81 1 0.309163
44.81 2 0.0152417
44.81 3 8.95935
44.81 4 0.441174
44.91 1 0.308788
44.91 2 0.015237
44.91 3 8.9612
44.91 4 0.441266
45.01 1 0.30832
45.01 2 0.0152138
45.01 3 8.96271
45.01 4 0.44134
45.11 1 0.308226
45.11 2 0.0151908
45.11 3 8.96453
45.11 4 0.441415
45.21 1 0.30776
45.21 2 0.0151678
45.21 3 8.96602
45.21 4 0.441488
45.31 1 0.307298
45.31 2 0.0151496
45.31 3 8.9675
45.31 4 0.441577
45.41 1 0.306837
45.41 2 0.0151268
45.41 3 8.96897
45.41 4 0.441649
45.51 1 0.306471
45.51 2 0.0151223
45.51 3 8.97074
45.51 4 0.441736
45.61 1 0.306015
45.61 2 0.0150997
45.61 3 8.97218
45.61 4 0.441807
45.71 1 0.305924
45.71 2 0.0150773
45.71 3 8.97392
45.71 4 0.441877
45.81 1 0.305471
45.81 2 0.0150549
45.81 3 8.97533
45.81 4 0.441947
45.91 1 0.30502
45.91 2 0.0150371
45.91 3 8.97674
45.91 4 0.442032
46.01 1 0.304572
46.01 2 0.015015
46.01 3 8.97814
46.01 4 0.442101
46.11 1 0.304215
46.11 2 0.0150106
46.11 3 8.97983
46.11 4 0.442185
46.21 1 0.30377
46.21 2 0.0149886
46.21 3 8.98121
46.21 4 0.442253
46.31 1 0.303683
46.31 2 0.0149667
46.31 3 8.98288
46.31 4 0.44232
46.41 1 0.303241
46.41 2 0.014945
46.41 3 8.98422
46.41 4 0.442387
46.51 1 0.302802
46.51 2 0.0149276
46.51 3 8.98557
46.51 4 0.442468
46.61 1 0.302366
46.61 2 0.014906
46.61 3 8.9869
46.61 4 0.442534
46.71 1 0.302016
46.71 2 0.0149018
46.71 3 8.98852
46.71 4 0.442614
46.81 1 0.301583
46.81 2 0.0148803
46.81 3 8.98983
46.81 4 0.442678
46.91 1 0.301499
46.91 2 0.014859
46.91 3 8.99143
46.91 4 0.442742
47.01 1 0.301069
47.01 2 0.0148378
47.01 3 8.99272
47.01 4 0.442806
47.11 1 0.300641
47.11 2 0.0148208
47.11 3 8.994
47.11 4 0.442884
47.21 1 0.300215
47.21 2 0.0147998
47.21 3 8.99527
47.21 4 0.442946
47.31 1 0.299874
47.31 2 0.0147957
47.31 3 8.99683
47.31 4 0.443023
47.41 1 0.299452
47.41 2 0.0147748
47.41 3 8.99808
47.41 4 0.443085
47.51 1 0.29937
47.51 2 0.0147541
47.51 3 8.99962
47.51 4 0.443146
47.61 1 0.298951
47.61 2 0.0147334
47.61 3 9.00085
47.61 4 0.443207
47.71 1 0.298534
47.71 2 0.0147168
47.71 3 9.00207
47.71 4 0.443282
47.81 1 0.298119
47.81 2 0.0146963
47.81 3 9.00328
47.81 4 0.443342
47.91 1 0.297786
47.91 2 0.0146924
47.91 3 9.00478
47.91 4 0.443416
48.01 1 0.297374
48.01 2 0.014672
48.01 3 9.00597
48.01 4 0.443475
48.11 1 0.297295
48.11 2 0.0146517
48.11 3 9.00745
48.11 4 0.443533
48.21 1 0.296887
48.21 2 0.0146316
48.21 3 9.00863
48.21 4 0.443597
48.31 1 0.29648
48.31 2 0.0146154
48.31 3 9.00979
48.31 4 0.443663
48.41 1 0.296075
48.41 2 0.0146115
48.41 3 9.01095
48.41 4 0.443727
48.51 1 0.295749
48.51 2 0.0145916
48.51 3 9.01239
48.51 4 0.443791
48.61 1 0.295348
48.61 2 0.0145717
48.61 3 9.01354
48.61 4 0.443847
48.71 1 0.295272
48.71 2 0.0145519
48.71 3 9.01495
48.71 4 0.443903
48.81 1 0.294873
48.81 2 0.014536
48.81 3 9.01608
48.81 4 0.443966
48.91 1 0.294476
48.91 2 0.0145164
48.91 3 9.0172
48.91 4 0.444028
49.01 1 0.294017
49.01 2 0.0145127
49.01 3 9.01845
49.01 4 0.444096
49.11 1 0.293763
49.11 2 0.0144932
49.11 3 9.01969
49.11 4 0.444151
49.21 1 0.293307
49.21 2 0.0144738
49.21 3 9.02093
49.21 4 0.444205
49.31 1 0.293298
49.31 2 0.0144546
49.31 3 9.02215
49.31 4 0.444259
49.41 1 0.292909
49.41 2 0.014439
49.41 3 9.02323
49.41 4 0.444326
49.51 1 0.292521
49.51 2 0.0144199
49.51 3 9.02431
49.51 4 0.444378
49.61 1 0.292072
49.61 2 0.0144163
49.61 3 9.02551
49.61 4 0.444444
49.71 1 0.291825
49.71 2 0.0143973
49.71 3 9.0267
49.71 4 0.444496
49.81 1 0.291753
49.81 2 0.0143784
49.81 3 9.02802
49.81 4 0.444548
49.91 1 0.291371
49.91 2 0.0143596
49.91 3 9.02906
49.91 4 0.4446
50.01 1 0.290991
50.01 2 0.0143443
50.01 3 9.0301
50.01 4 0.444664
50.11 1 0.290614
50.11 2 0.0143257
50.11 3 9.03113
50.11 4 0.444715
50.21 1 0.290307
50.21 2 0.0143222
50.21 3 9.03242
50.21 4 0.444778
50.31 1 0.289933
50.31 2 0.0143036
50.31 3 9.03342
50.31 4 0.444828
50.41 1 0.289863
50.41 2 0.0142852
50.41 3 9.0347
50.41 4 0.444878
50.51 1 0.289491
50.51 2 0.0142668
50.51 3 9.0357
50.51 4 0.444927
50.61 1 0.28912
50.61 2 0.0142519
50.61 3 9.03669
50.61 4 0.444989
50.71 1 0.288751
50.71 2 0.0142337
50.71 3 9.03768
50.71 4 0.445038
50.81 1 0.288451
50.81 2 0.0142303
50.81 3 9.03892
50.81 4 0.445099
50.91 1 0.288086
50.91 2 0.0142122
50.91 3 9.0399
50.91 4 0.445147
51.01 1 0.288018
51.01 2 0.0141942
51.01 3 9.04112
51.01 4 0.445195
51.11 1 0.287655
51.11 2 0.0141763
51.11 3 9.04208
51.11 4 0.445242
51.21 1 0.287292
51.21 2 0.0141617
51.21 3 9.04303
51.21 4 0.445302
51.31 1 0.286932
51.31 2 0.0141439
51.31 3 9.0439
51.31 4 0.445349
51.41 1 0.286756
51.41 2 0.0141352
51.41 3 9.01987
51.41 4 0.445362
51.51 1 0.286581
51.51 2 0.0141266
51.51 3 8.9959
51.51 4 0.444179
51.61 1 0.286298
51.61 2 0.0141147
51.61 3 8.97214
51.61 4 0.441828
51.71 1 0.28612
51.71 2 0.0141059
51.71 3 8.94933
51.71 4 0.440682
51.81 1 0.285937
51.81 2 0.014097
51.81 3 8.95056
51.81 4 0.440743
51.91 1 0.285752
51.91 2 0.0140879
51.91 3 8.95178
51.91 4 0.440803
52.01 1 0.285485
52.01 2 0.0140731
52.01 3 8.95286
52.01 4 0.44085
52.11 1 0.285288
52.11 2 0.0140634
52.11 3 8.95395
52.11 4 0.440909
52.21 1 0.285084
52.21 2 0.0140535
52.21 3 8.95514
52.21 4 0.440968
52.31 1 0.284817
52.31 2 0.0140432
52.31 3 8.95633
52.31 4 0.441027
52.41 1 0.28462
52.41 2 0.0140266
52.41 3 8.95777
52.41 4 0.441085
52.51 1 0.284274
52.51 2 0.0140191
52.51 3 8.95894
52.51 4 0.441155
52.61 1 0.283929
52.61 2 0.0140021
52.61 3 8.96011
52.61 4 0.441213
52.71 1 0.283781
52.71 2 0.0139852
52.71 3 8.96152
52.71 4 0.44127
52.81 1 0.283438
52.81 2 0.0139756
52.81 3 8.96267
52.81 4 0.441339
52.91 1 0.283098
52.91 2 0.0139588
52.91 3 8.96381
52.91 4 0.441396
53.01 1 0.282905
53.01 2 0.0139515
53.01 3 8.9652
53.01 4 0.441458
53.11 1 0.282567
53.11 2 0.0139348
53.11 3 8.96633
53.11 4 0.44152
53.21 1 0.282231
53.21 2 0.0139181
53.21 3 8.96745
53.21 4 0.441576
53.31 1 0.282085
53.31 2 0.0139015
53.31 3 8.96881
53.31 4 0.441631
53.41 1 0.281751
53.41 2 0.0138922
53.41 3 8.96993
53.41 4 0.441697
53.51 1 0.281418
53.51 2 0.0138757
53.51 3 8.97102
53.51 4 0.441751
53.61 1 0.281229
53.61 2 0.0138686
53.61 3 8.97236
53.61 4 0.441812
53.71 1 0.280899
53.71 2 0.0138523
53.71 3 8.97345
53.71 4 0.441871
53.81 1 0.28051
53.81 2 0.013836
53.81 3 8.97466
53.81 4 0.441925
53.91 1 0.280428
53.91 2 0.0138198
53.91 3 8.97585
53.91 4 0.441978
54.01 1 0.280101
54.01 2 0.0138106
54.01 3 8.97692
54.01 4 0.442042
54.11 1 0.279775
54.11 2 0.0137945
54.11 3 8.97799
54.11 4 0.442095
54.21 1 0.279591
54.21 2 0.0137876
54.21 3 8.97928
54.21 4 0.442159
54.31 1 0.279267
54.31 2 0.0137716
54.31 3 8.98033
54.31 4 0.44221
54.41 1 0.279128
54.41 2 0.0137557
54.41 3 8.98161
54.41 4 0.442262
54.51 1 0.278807
54.51 2 0.0137467
54.51 3 8.98265
54.51 4 0.442319
54.61 1 0.278487
54.61 2 0.0137309
54.61 3 8.98368
54.61 4 0.442376
54.71 1 0.278168
54.71 2 0.0137152
54.71 3 8.98481
54.71 4 0.442426
54.81 1 0.277988
54.81 2 0.0137084
54.81 3 8.98596
54.81 4 0.442487
54.91 1 0.277672
54.91 2 0.0136927
54.91 3 8.98696
54.91 4 0.442537
55.01 1 0.277536
55.01 2 0.0136772
55.01 3 8.9882
55.01 4 0.442587
55.11 1 0.277221
55.11 2 0.0136684
55.11 3 8.98921
55.11 4 0.442648
55.21 1 0.276908
55.21 2 0.0136529
55.21 3 8.9902
55.21 4 0.442697
55.31 1 0.276539
55.31 2 0.0136375
55.31 3 8.99131
55.31 4 0.442746
55.41 1 0.27642
55.41 2 0.0136309
55.41 3 8.99241
55.41 4 0.442806
55.51 1 0.276111
55.51 2 0.0136156
55.51 3 8.99338
55.51 4 0.442854
55.61 1 0.275978
55.61 2 0.0136003
55.61 3 8.99458
55.61 4 0.442902
55.71 1 0.27567
55.71 2 0.0135917
55.71 3 8.99555
55.71 4 0.442961
55.81 1 0.275364
55.81 2 0.0135766
55.81 3 8.99651
55.81 4 0.443008
55.91 1 0.27519
55.91 2 0.0135615
55.91 3 8.99769
55.91 4 0.443055
56.01 1 0.274886
56.01 2 0.013555
56.01 3 8.99864
56.01 4 0.443113
56.11 1 0.274583
56.11 2 0.0135401
56.11 3 8.99959
56.11 4 0.443159
56.21 1 0.274453
56.21 2 0.0135252
56.21 3 9.00074
56.21 4 0.443206
56.31 1 0.274152
56.31 2 0.0135167
56.31 3 9.00168
56.31 4 0.443263
56.41 1 0.273852
56.41 2 0.0135019
56.41 3 9.00261
56.41 4 0.443309
56.51 1 0.273682
56.51 2 0.0134872
56.51 3 9.00375
56.51 4 0.443354
56.61 1 0.273385
56.61 2 0.0134808
56.61 3 9.00467
56.61 4 0.44341
56.71 1 0.273088
56.71 2 0.0134662
56.71 3 9.00558
56.71 4 0.443455
56.81 1 0.272961
56.81 2 0.0134516
56.81 3 9.0067
56.81 4 0.4435
56.91 1 0.272666
56.91 2 0.0134433
56.91 3 9.00761
56.91 4 0.443555
57.01 1 0.272373
57.01 2 0.0134288
57.01 3 9.00851
57.01 4 0.4436
57.11 1 0.272206
57.11 2 0.0134144
57.11 3 9.00962
57.11 4 0.443644
57.21 1 0.271915
57.21 2 0.0134082
57.21 3 9.0105
57.21 4 0.443698
57.31 1 0.271625
57.31 2 0.0133938
57.31 3 9.01139
57.31 4 0.443742
57.41 1 0.2715
57.41 2 0.0133795
57.41 3 9.01248
57.41 4 0.443785
57.51 1 0.271212
57.51 2 0.0133714
57.51 3 9.01335
57.51 4 0.443838
57.61 1 0.270924
57.61 2 0.0133572
57.61 3 9.01422
57.61 4 0.443881
57.71 1 0.270761
57.71 2 0.0133431
57.71 3 9.0153
57.71 4 0.443924
57.81 1 0.270476
57.81 2 0.013337
57.81 3 9.01615
57.81 4 0.443977
57.91 1 0.270192
57.91 2 0.013323
57.91 3 9.01701
57.91 4 0.444019
58.01 1 0.27007
58.01 2 0.013309
58.01 3 9.01807
58.01 4 0.444061
58.11 1 0.269787
58.11 2 0.013301
58.11 3 9.01892
58.11 4 0.444113
58.21 1 0.269506
58.21 2 0.0132871
58.21 3 9.01975
58.21 4 0.444154
58.31 1 0.269346
58.31 2 0.0132733
58.31 3 9.0208
58.31 4 0.444195
58.41 1 0.269066
58.41 2 0.0132673
58.41 3 9.02163
58.41 4 0.444247
58.51 1 0.268788
58.51 2 0.0132536
58.51 3 9.02245
58.51 4 0.444287
58.61 1 0.268669
58.61 2 0.0132399
58.61 3 9.02349
58.61 4 0.444328
58.71 1 0.268392
58.71 2 0.0132321
58.71 3 9.0243
58.71 4 0.444378
58.81 1 0.268116
58.81 2 0.0132185
58.81 3 9.02511
58.81 4 0.444418
58.91 1 0.267959
58.91 2 0.0132126
58.91 3 9.02613
58.91 4 0.444463
59.01 1 0.267686
59.01 2 0.0131991
59.01 3 9.02693
59.01 4 0.444508
59.11 1 0.267413
59.11 2 0.0131856
59.11 3 9.02773
59.11 4 0.444547
59.21 1 0.267296
59.21 2 0.0131722
59.21 3 9.02874
59.21 4 0.444587
59.31 1 0.267025
59.31 2 0.0131646
59.31 3 9.02953
59.31 4 0.444636
59.41 1 0.266755
59.41 2 0.0131512
59.41 3 9.03031
59.41 4 0.444675
59.51 1 0.266601
59.51 2 0.0131455
59.51 3 9.0313
59.51 4 0.444723
59.61 1 0.266333
59.61 2 0.0131322
59.61 3 9.03208
59.61 4 0.444762
59.71 1 0.266011
59.71 2 0.013119
59.71 3 9.03295
59.71 4 0.4448
59.81 1 0.265951
59.81 2 0.0131059
59.81 3 9.03383
59.81 4 0.444838
59.91 1 0.265685
59.91 2 0.0130984
59.91 3 9.03459
59.91 4 0.444886
60.01 1 0.265421
60.01 2 0.0130853
60.01 3 9.03536
60.01 4 0.444923
60.11 1 0.26527
60.11 2 0.0130797
60.11 3 9.03632
60.11 4 0.44497
60.21 1 0.265007
60.21 2 0.0130667
60.21 3 9.03707
60.21 4 0.445008
60.31 1 0.264895
60.31 2 0.0130538
60.31 3 9.03802
60.31 4 0.445045
60.41 1 0.264633
60.41 2 0.0130464
60.41 3 9.03877
60.41 4 0.445087
60.51 1 0.264373
60.51 2 0.0130335
60.51 3 9.03951
60.51 4 0.445128
60.61 1 0.26406
60.61 2 0.0130207
60.61 3 9.04035
60.61 4 0.445164
60.71 1 0.263965
60.71 2 0.0130152
60.71 3 9.04118
60.71 4 0.44521
60.81 1 0.263708
60.81 2 0.0130025
60.81 3 9.04191
60.81 4 0.445247
60.91 1 0.263597
60.91 2 0.0129898
60.91 3 9.04284
60.91 4 0.445282
61.01 1 0.263341
61.01 2 0.0129826
61.01 3 9.04356
61.01 4 0.445328
61.11 1 0.263086
61.11 2 0.0129699
61.11 3 9.04428
61.11 4 0.445363
61.21 1 0.262778
61.21 2 0.0129574
61.21 3 9.0451
61.21 4 0.445399
61.31 1 0.262686
61.31 2 0.012952
61.31 3 9.04591
61.31 4 0.445443
61.41 1 0.262434
61.41 2 0.0129395
61.41 3 9.04662
61.41 4 0.445478
61.51 1 0.262326
61.51 2 0.0129271
61.51 3 9.04752
61.51 4 0.445513
61.61 1 0.262074
61.61 2 0.01292
61.61 3 9.04822
61.61 4 0.445557
61.71 1 0.261824
61.71 2 0.0129076
61.71 3 9.04892
61.71 4 0.445592
61.81 1 0.261596
61.81 2 0.0128953
61.81 3 9.04979
61.81 4 0.445626
61.91 1 0.261486
61.91 2 0.0128898
61.91 3 9.03178
61.91 4 0.445648
62.01 1 0.261376
62.01 2 0.0128844
62.01 3 9.01384
62.01 4 0.444761
62.11 1 0.261242
62.11 2 0.012879
62.11 3 8.99598
62.11 4 0.442998
62.21 1 0.261129
62.21 2 0.0128693
62.21 3 8.97864
62.21 4 0.442128
62.31 1 0.261013
62.31 2 0.0128636
62.31 3 8.97949
62.31 4 0.44217
62.41 1 0.260893
62.41 2 0.0128578
62.41 3 8.98034
62.41 4 0.442211
62.51 1 0.260772
62.51 2 0.0128519
62.51 3 8.98119
62.51 4 0.442248
62.61 1 0.260646
62.61 2 0.0128442
62.61 3 8.98202
62.61 4 0.442285
62.71 1 0.26044
62.71 2 0.0128377
62.71 3 8.98286
62.71 4 0.442331
62.81 1 0.260195
62.81 2 0.0128257
62.81 3 8.9837
62.81 4 0.442377
62.91 1 0.259901
62.91 2 0.0128137
62.91 3 8.98471
62.91 4 0.442418
63.01 1 0.259787
63.01 2 0.01281
63.01 3 8.98554
63.01 4 0.442468
63.11 1 0.259547
63.11 2 0.0127981
63.11 3 8.98636
63.11 4 0.442508
63.21 1 0.259472
63.21 2 0.0127863
63.21 3 8.98736
63.21 4 0.442549
63.31 1 0.259233
63.31 2 0.0127782
63.31 3 8.98818
63.31 4 0.442598
63.41 1 0.258995
63.41 2 0.0127664
63.41 3 8.98899
63.41 4 0.442638
63.51 1 0.258831
63.51 2 0.0127547
63.51 3 8.98998
63.51 4 0.442678
63.61 1 0.258594
63.61 2 0.012751
63.61 3 8.99078
63.61 4 0.442726
63.71 1 0.258358
63.71 2 0.0127394
63.71 3 8.99158
63.71 4 0.442766
63.81 1 0.258285
63.81 2 0.0127278
63.81 3 8.99256
63.81 4 0.442804
63.91 1 0.258051
63.91 2 0.0127198
63.91 3 8.99335
63.91 4 0.442853
64.01 1 0.257817
64.01 2 0.0127082
64.01 3 8.99414
64.01 4 0.442891
64.11 1 0.257656
64.11 2 0.0126967
64.11 3 8.9951
64.11 4 0.442934
64.21 1 0.257423
64.21 2 0.0126932
64.21 3 8.99588
64.21 4 0.442977
64.31 1 0.257192
64.31 2 0.0126817
64.31 3 8.99666
64.31 4 0.443016
64.41 1 0.257121
64.41 2 0.0126703
64.41 3 8.99761
64.41 4 0.443054
64.51 1 0.25689
64.51 2 0.0126625
64.51 3 8.99838
64.51 4 0.443101
64.61 1 0.256661
64.61 2 0.0126511
64.61 3 8.99914
64.61 4 0.443138
64.71 1 0.256503
64.71 2 0.0126477
64.71 3 9.00009
64.71 4 0.44318
64.81 1 0.256275
64.81 2 0.0126364
64.81 3 9.00085
64.81 4 0.443222
64.91 1 0.255997
64.91 2 0.0126252
64.91 3 9.00169
64.91 4 0.44326
65.01 1 0.255978
65.01 2 0.012614
65.01 3 9.00253
65.01 4 0.443297
65.11 1 0.255751
65.11 2 0.0126062
65.11 3 9.00328
65.11 4 0.443342
65.21 1 0.255526
65.21 2 0.0125951
65.21 3 9.00402
65.21 4 0.443379
65.31 1 0.255371
65.31 2 0.0125917
65.31 3 9.00494
65.31 4 0.443424
65.41 1 0.255147
65.41 2 0.0125806
65.41 3 9.00568
65.41 4 0.44346
65.51 1 0.254874
65.51 2 0.0125696
65.51 3 9.00658
65.51 4 0.443496
65.61 1 0.254855
65.61 2 0.0125586
65.61 3 9.00732
65.61 4 0.443533
65.71 1 0.254634
65.71 2 0.012551
65.71 3 9.00805
65.71 4 0.443577
65.81 1 0.254412
65.81 2 0.0125401
65.81 3 9.00877
65.81 4 0.443613
65.91 1 0.25426
65.91 2 0.0125368
65.91 3 9.00966
65.91 4 0.443657
66.01 1 0.25404
66.01 2 0.0125259
66.01 3 9.01038
66.01 4 0.443692
66.11 1 0.253973
66.11 2 0.0125151
66.11 3 9.01127
66.11 4 0.443728
66.21 1 0.253754
66.21 2 0.0125043
66.21 3 9.01198
66.21 4 0.443763
66.31 1 0.253536
66.31 2 0.0124968
66.31 3 9.01269
66.31 4 0.443806
66.41 1 0.253319
66.41 2 0.0124861
66.41 3 9.0134
66.41 4 0.443841
66.51 1 0.253169
66.51 2 0.0124828
66.51 3 9.01427
66.51 4 0.443884
66.61 1 0.252953
66.61 2 0.0124722
66.61 3 9.01497
66.61 4 0.443918
66.71 1 0.252887
66.71 2 0.0124615
66.71 3 9.01584
66.71 4 0.443952
66.81 1 0.252672
66.81 2 0.012451
66.81 3 9.01653
66.81 4 0.443987
66.91 1 0.252458
66.91 2 0.0124436
66.91 3 9.01722
66.91 4 0.444029
67.01 1 0.252245
67.01 2 0.0124331
67.01 3 9.0179
67.01 4 0.444063
67.11 1 0.252097
67.11 2 0.0124299
67.11 3 9.01876
67.11 4 0.444105
67.21 1 0.251885
67.21 2 0.0124194
67.21 3 9.01944
67.21 4 0.444139
67.31 1 0.251821
67.31 2 0.012409
67.31 3 9.02028
67.31 4 0.444172
67.41 1 0.25161
67.41 2 0.0124017
67.41 3 9.02096
67.41 4 0.444209
67.51 1 0.251399
67.51 2 0.0123913
67.51 3 9.02163
67.51 4 0.444247
67.61 1 0.25119
67.61 2 0.012381
67.61 3 9.0223
67.61 4 0.44428
67.71 1 0.251045
67.71 2 0.0123779
67.71 3 9.02313
67.71 4 0.44432
67.81 1 0.250836
67.81 2 0.0123676
67.81 3 9.0238
67.81 4 0.444353
67.91 1 0.250773
67.91 2 0.0123573
67.91 3 9.02462
67.91 4 0.444386
68.01 1 0.250566
68.01 2 0.0123502
68.01 3 9.02528
68.01 4 0.444422
68.11 1 0.25036
68.11 2 0.01234
68.11 3 9.02593
68.11 4 0.444459
68.21 1 0.250106
68.21 2 0.0123298
68.21 3 9.02667
68.21 4 0.444491
68.31 1 0.250011
68.31 2 0.0123268
68.31 3 9.0274
68.31 4 0.444531
68.41 1 0.249806
68.41 2 0.0123166
68.41 3 9.02804
68.41 4 0.444563
68.51 1 0.249744
68.51 2 0.0123066
68.51 3 9.02885
68.51 4 0.444594
68.61 1 0.249541
68.61 2 0.0122996
68.61 3 9.02949
68.61 4 0.444634
68.71 1 0.249338
68.71 2 0.0122895
68.71 3 9.03013
68.71 4 0.444666
68.81 1 0.249197
68.81 2 0.0122796
68.81 3 9.03093
68.81 4 0.444697
68.91 1 0.248995
68.91 2 0.0122766
68.91 3 9.03156
68.91 4 0.444736
69.01 1 0.248794
69.01 2 0.0122666
69.01 3 9.03219
69.01 4 0.444767
69.11 1 0.248733
69.11 2 0.0122567
69.11 3 9.03298
69.11 4 0.444798
69.21 1 0.248533
69.21 2 0.0122498
69.21 3 9.0336
69.21 4 0.444836
69.31 1 0.248334
69.31 2 0.01224
69.31 3 9.03422
69.31 4 0.444867
69.41 1 0.248195
69.41 2 0.0122302
69.41 3 9.035
69.41 4 0.444898
69.51 1 0.247997
69.51 2 0.0122272
69.51 3 9.03562
69.51 4 0.444936
69.61 1 0.247799
69.61 2 0.0122175
69.61 3 9.03623
69.61 4 0.444966
69.71 1 0.24774
69.71 2 0.0122077
69.71 3 9.037
69.71 4 0.444996
69.81 1 0.247543
69.81 2 0.0122009
69.81 3 9.03761
69.81 4 0.445034
69.91 1 0.247347
69.91 2 0.0121913
69.91 3 9.03821
69.91 4 0.445064
70.01 1 0.247211
70.01 2 0.0121884
70.01 3 9.03898
70.01 4 0.445098
70.11 1 0.247016
70.11 2 0.0121787
70.11 3 9.03958
70.11 4 0.445131
70.21 1 0.246822
70.21 2 0.0121691
70.21 3 9.04018
70.21 4 0.445161
70.31 1 0.246764
70.31 2 0.0121596
70.31 3 9.04093
70.31 4 0.44519
70.41 1 0.24657
70.41 2 0.0121529
70.41 3 9.04153
70.41 4 0.445227
70.51 1 0.246378
70.51 2 0.0121434
70.51 3 9.04211
70.51 4 0.445256
70.61 1 0.246243
70.61 2 0.0121405
70.61 3 9.04286
70.61 4 0.445289
70.71 1 0.246052
70.71 2 0.0121311
70.71 3 9.04345
70.71 4 0.445322
70.81 1 0.245814
70.81 2 0.0121216
70.81 3 9.04411
70.81 4 0.445351
70.91 1 0.245804
70.91 2 0.0121122
70.91 3 9.04477
70.91 4 0.445379
71.01 1 0.245614
71.01 2 0.0121057
71.01 3 9.04535
71.01 4 0.445416
71.11 1 0.245424
71.11 2 0.0120963
71.11 3 9.04593
71.11 4 0.445444
71.21 1 0.245292
71.21 2 0.0120935
71.21 3 9.04665
71.21 4 0.44548
71.31 1 0.245104
71.31 2 0.0120842
71.31 3 9.04723
71.31 4 0.445508
71.41 1 0.245048
71.41 2 0.0120749
71.41 3 9.04795
71.41 4 0.445536
71.51 1 0.24486
71.51 2 0.0120657
71.51 3 9.04852
71.51 4 0.445564
71.61 1 0.244673
71.61 2 0.0120592
71.61 3 9.04908
71.61 4 0.4456
71.71 1 0.244487
71.71 2 0.01205
71.71 3 9.04965
71.71 4 0.445627
71.81 1 0.244357
71.81 2 0.0120473
71.81 3 9.05036
71.81 4 0.445662
71.91 1 0.244171
71.91 2 0.0120381
71.91 3 9.05092
71.91 4 0.44569
72.01 1 0.244117
72.01 2 0.012029
72.01 3 9.05163
72.01 4 0.445717
72.11 1 0.243932
72.11 2 0.0120199
72.11 3 9.05218
72.11 4 0.445745
72.21 1 0.243748
72.21 2 0.0120136
72.21 3 9.05273
72.21 4 0.445779
72.31 1 0.243565
72.31 2 0.0120045
72.31 3 9.05328
72.31 4 0.445806
72.41 1 0.243493
72.41 2 0.012001
72.41 3 9.03887
72.41 4 0.445816
72.51 1 0.243421
72.51 2 0.0119974
72.51 3 9.02451
72.51 4 0.445107
72.61 1 0.243331
72.61 2 0.0119938
72.61 3 9.0102
72.61 4 0.443695
72.71 1 0.243257
72.71 2 0.0119875
72.71 3 8.99621
72.71 4 0.442994
72.81 1 0.24318
72.81 2 0.0119838
72.81 3 8.99686
72.81 4 0.443026
72.91 1 0.243099
72.91 2 0.0119799
72.91 3 8.99751
72.91 4 0.443058
73.01 1 0.243018
73.01 2 0.0119748
73.01 3 8.99815
73.01 4 0.443082
73.11 1 0.242932
73.11 2 0.0119706
73.11 3 8.99879
73.11 4 0.443114
73.21 1 0.242785
73.21 2 0.0119663
73.21 3 8.99943
73.21 4 0.443149
73.31 1 0.242606
73.31 2 0.0119574
73.31 3 9.00007
73.31 4 0.443184
73.41 1 0.242427
73.41 2 0.0119486
73.41 3 9.00071
73.41 4 0.443216
73.51 1 0.242308
73.51 2 0.0119457
73.51 3 9.00149
73.51 4 0.443255
73.61 1 0.24213
73.61 2 0.0119369
73.61 3 9.00213
73.61 4 0.443286
73.71 1 0.242072
73.71 2 0.0119282
73.71 3 9.00291
73.71 4 0.443316
73.81 1 0.241896
73.81 2 0.0119223
73.81 3 9.00353
73.81 4 0.443351
73.91 1 0.241719
73.91 2 0.0119136
73.91 3 9.00415
73.91 4 0.443385
74.01 1 0.241499
74.01 2 0.0119049
74.01 3 9.00485
74.01 4 0.443416
74.11 1 0.241426
74.11 2 0.0119021
74.11 3 9.00554
74.11 4 0.443454
74.21 1 0.241251
74.21 2 0.0118935
74.21 3 9.00616
74.21 4 0.443484
74.31 1 0.241194
74.31 2 0.0118849
74.31 3 9.00692
74.31 4 0.443514
74.41 1 0.24102
74.41 2 0.0118791
74.41 3 9.00753
74.41 4 0.443552
74.51 1 0.240847
74.51 2 0.0118705
74.51 3 9.00814
74.51 4 0.443582
74.61 1 0.240731
74.61 2 0.011862
74.61 3 9.0089
74.61 4 0.443612
74.71 1 0.240558
74.71 2 0.0118592
74.71 3 9.0095
74.71 4 0.443649
74.81 1 0.240386
74.81 2 0.0118507
74.81 3 9.0101
74.81 4 0.443679
74.91 1 0.24033
74.91 2 0.0118423
74.91 3 9.01085
74.91 4 0.443708
75.01 1 0.240159
75.01 2 0.0118366
75.01 3 9.01145
75.01 4 0.443745
75.11 1 0.239989
75.11 2 0.0118282
75.11 3 9.01204
75.11 4 0.443774
75.21 1 0.239874
75.21 2 0.0118198
75.21 3 9.01278
75.21 4 0.443803
75.31 1 0.239704
75.31 2 0.011817
75.31 3 9.01337
75.31 4 0.44384
75.41 1 0.239535
75.41 2 0.0118087
75.41 3 9.01396
75.41 4 0.443869
75.51 1 0.23948
75.51 2 0.0118004
75.51 3 9.0147
75.51 4 0.443898
75.61 1 0.239312
75.61 2 0.0117947
75.61 3 9.01528
75.61 4 0.443934
75.71 1 0.239144
75.71 2 0.0117865
75.71 3 9.01586
75.71 4 0.443962
75.81 1 0.239031
75.81 2 0.0117782
75.81 3 9.01658
75.81 4 0.443991
75.91 1 0.238864
75.91 2 0.0117755
75.91 3 9.01716
75.91 4 0.444027
76.01 1 0.238698
76.01 2 0.0117673
76.01 3 9.01774
76.01 4 0.444055
76.11 1 0.238644
76.11 2 0.0117591
76.11 3 9.01846
76.11 4 0.444083
76.21 1 0.238478
76.21 2 0.0117536
76.21 3 9.01903
76.21 4 0.444119
76.31 1 0.238313
76.31 2 0.0117454
76.31 3 9.0196
76.31 4 0.444146
76.41 1 0.238201
76.41 2 0.0117428
76.41 3 9.02031
76.41 4 0.444178
76.51 1 0.238037
76.51 2 0.0117347
76.51 3 9.02087
76.51 4 0.444209
76.61 1 0.237873
76.61 2 0.0117266
76.61 3 9.02144
76.61 4 0.444237
76.71 1 0.23782
76.71 2 0.0117185
76.71 3 9.02214
76.71 4 0.444265
76.81 1 0.237657
76.81 2 0.011713
76.81 3 9.0227
76.81 4 0.444299
76.91 1 0.237495
76.91 2 0.011705
76.91 3 9.02326
76.91 4 0.444327
77.01 1 0.237385
77.01 2 0.0117024
77.01 3 9.02395
77.01 4 0.444361
77.11 1 0.237223
77.11 2 0.0116944
77.11 3 9.0245
77.11 4 0.444388
77.21 1 0.237019
77.21 2 0.0116865
77.21 3 9.02513
77.21 4 0.444416
77.31 1 0.23701
77.31 2 0.0116785
77.31 3 9.02575
77.31 4 0.444443
77.41 1 0.236849
77.41 2 0.0116731
77.41 3 9.02629
77.41 4 0.444477
77.51 1 0.236689
77.51 2 0.0116652
77.51 3 9.02684
77.51 4 0.444503
77.61 1 0.236581
77.61 2 0.0116627
77.61 3 9.02752
77.61 4 0.444537
77.71 1 0.236422
77.71 2 0.0116548
77.71 3 9.02806
77.71 4 0.444563
77.81 1 0.23637
77.81 2 0.011647
77.81 3 9.02874
77.81 4 0.44459
77.91 1 0.236212
77.91 2 0.0116392
77.91 3 9.02928
77.91 4 0.444617
78.01 1 0.236054
78.01 2 0.0116339
78.01 3 9.02981
78.01 4 0.44465
78.11 1 0.235896
78.11 2 0.0116261
78.11 3 9.03035
78.11 4 0.444676
78.21 1 0.235789
78.21 2 0.0116236
78.21 3 9.03102
78.21 4 0.444709
78.31 1 0.235632
78.31 2 0.0116158
78.31 3 9.03155
78.31 4 0.444735
78.41 1 0.235582
78.41 2 0.0116081
78.41 3 9.03221
78.41 4 0.444761
78.51 1 0.235426
78.51 2 0.0116004
78.51 3 9.03273
78.51 4 0.444787
78.61 1 0.23527
78.61 2 0.0115952
78.61 3 9.03326
78.61 4 0.44482
78.71 1 0.235115
78.71 2 0.0115875
78.71 3 9.03378
78.71 4 0.444846
78.81 1 0.23501
78.81 2 0.0115851
78.81 3 9.03444
78.81 4 0.444878
78.91 1 0.234855
78.91 2 0.0115774
78.91 3 9.03496
78.91 4 0.444904
79.01 1 0.234806
79.01 2 0.0115698
79.01 3 9.03561
79.01 4 0.444929
79.11 1 0.234652
79.11 2 0.0115647
79.11 3 9.03612
79.11 4 0.444958
79.21 1 0.234499
79.21 2 0.0115571
79.21 3 9.03664
79.21 4 0.444986
79.31 1 0.234346
79.31 2 0.0115495
79.31 3 9.03715
79.31 4 0.445011
79.41 1 0.234242
79.41 2 0.0115471
79.41 3 9.03779
79.41 4 0.445043
79.51 1 0.23409
79.51 2 0.0115396
79.51 3 9.0383
79.51 4 0.445068
79.61 1 0.234041
79.61 2 0.0115321
79.61 3 9.03894
79.61 4 0.445093
79.71 1 0.23389
79.71 2 0.011527
79.71 3 9.03945
79.71 4 0.445124
79.81 1 0.233739
79.81 2 0.0115196
79.81 3 9.03994
79.81 4 0.445149
79.91 1 0.233547
79.91 2 0.0115121
79.91 3 9.04051
79.91 4 0.445174
80.01 1 0.233486
80.01 2 0.0115098
80.01 3 9.04108
80.01 4 0.445205
80.11 1 0.233336
80.11 2 0.0115024
80.11 3 9.04158
80.11 4 0.44523
80.21 1 0.233289
80.21 2 0.011495
80.21 3 9.04221
80.21 4 0.445254
80.31 1 0.233139
80.31 2 0.01149
80.31 3 9.0427
80.31 4 0.445285
80.41 1 0.23299
80.41 2 0.0114826
80.41 3 9.04319
80.41 4 0.445309
80.51 1 0.232889
80.51 2 0.0114753
80.51 3 9.04381
80.51 4 0.445333
80.61 1 0.232741
80.61 2 0.011473
80.61 3 9.0443
80.61 4 0.445364
80.71 1 0.232594
80.71 2 0.0114657
80.71 3 9.04479
80.71 4 0.445388
80.81 1 0.232547
80.81 2 0.0114584
80.81 3 9.04541
80.81 4 0.445412
80.91 1 0.2324
80.91 2 0.0114535
80.91 3 9.04589
80.91 4 0.445442
81.01 1 0.232253
81.01 2 0.0114462
81.01 3 9.04637
81.01 4 0.445466
81.11 1 0.232153
81.11 2 0.011439
81.11 3 9.04698
81.11 4 0.445489
81.21 1 0.232007
81.21 2 0.0114367
81.21 3 9.04746
81.21 4 0.44552
81.31 1 0.231862
81.31 2 0.0114295
81.31 3 9.04794
81.31 4 0.445543
81.41 1 0.231816
81.41 2 0.0114224
81.41 3 9.04854
81.41 4 0.445566
81.51 1 0.231671
81.51 2 0.0114175
81.51 3 9.04902
81.51 4 0.445596
81.61 1 0.231527
81.61 2 0.0114104
81.61 3 9.04949
81.61 4 0.445619
81.71 1 0.231428
81.71 2 0.0114033
81.71 3 9.05009
81.71 4 0.445642
81.81 1 0.231284
81.81 2 0.011401
81.81 3 9.05056
81.81 4 0.445672
81.91 1 0.231141
81.91 2 0.0113939
81.91 3 9.05102
81.91 4 0.445695
82.01 1 0.231096
82.01 2 0.0113869
82.01 3 9.05162
82.01 4 0.445718
82.11 1 0.230953
82.11 2 0.011382
82.11 3 9.05208
82.11 4 0.445747
82.21 1 0.230811
82.21 2 0.011375
82.21 3 9.05255
82.21 4 0.44577
82.31 1 0.230714
82.31 2 0.0113728
82.31 3 9.05314
82.31 4 0.445796
82.41 1 0.230572
82.41 2 0.0113658
82.41 3 9.05359
82.41 4 0.445822
82.51 1 0.230431
82.51 2 0.0113588
82.51 3 9.05411
82.51 4 0.445844
82.61 1 0.230386
82.61 2 0.0113519
82.61 3 9.05464
82.61 4 0.445867
82.71 1 0.230246
82.71 2 0.0113471
82.71 3 9.05509
82.71 4 0.445896
82.81 1 0.230106
82.81 2 0.0113402
82.81 3 9.05552
82.81 4 0.445918
82.91 1 0.230057
82.91 2 0.0113378
82.91 3 9.04351
82.91 4 0.445925
83.01 1 0.230008
83.01 2 0.0113354
83.01 3 9.03154
83.01 4 0.445334
83.11 1 0.229955
83.11 2 0.0113308
83.11 3 9.01955
83.11 4 0.444154
83.21 1 0.229873
83.21 2 0.0113281
83.21 3 9.008
83.21 4 0.443575
83.31 1 0.229791
83.31 2 0.0113225
83.31 3 9.00853
83.31 4 0.443601
83.41 1 0.229683
83.41 2 0.0113184
83.41 3 9.00911
83.41 4 0.443627
83.51 1 0.229568
83.51 2 0.0113171
83.51 3 9.0097
83.51 4 0.443659
83.61 1 0.22943
83.61 2 0.0113103
83.61 3 9.01022
83.61 4 0.443684
83.71 1 0.229405
83.71 2 0.0113035
83.71 3 9.01086
83.71 4 0.44371
83.81 1 0.229268
83.81 2 0.0112979
83.81 3 9.01137
83.81 4 0.443741
83.91 1 0.229139
83.91 2 0.0112915
83.91 3 9.01189
83.91 4 0.443767
84.01 1 0.229006
84.01 2 0.0112847
84.01 3 9.0124
84.01 4 0.443792
84.11 1 0.228889
84.11 2 0.0112838
84.11 3 9.01304
84.11 4 0.443823
84.21 1 0.228753
84.21 2 0.011277
84.21 3 9.01355
84.21 4 0.443848
84.31 1 0.228734
84.31 2 0.0112703
84.31 3 9.01418
84.31 4 0.443873
84.41 1 0.228598
84.41 2 0.0112646
84.41 3 9.01468
84.41 4 0.443901
84.51 1 0.228463
84.51 2 0.011258
84.51 3 9.01519
84.51 4 0.443929
84.61 1 0.228289
84.61 2 0.0112513
84.61 3 9.01575
84.61 4 0.443957
84.71 1 0.228213
84.71 2 0.0112504
84.71 3 9.01631
84.71 4 0.443985
84.81 1 0.228079
84.81 2 0.0112437
84.81 3 9.01681
84.81 4 0.444009
84.91 1 0.22806
84.91 2 0.0112371
84.91 3 9.01744
84.91 4 0.444034
85.01 1 0.227926
85.01 2 0.0112315
85.01 3 9.01793
85.01 4 0.444064
85.11 1 0.227793
85.11 2 0.0112249
85.11 3 9.01842
85.11 4 0.444089
85.21 1 0.227621
85.21 2 0.011224
85.21 3 9.01898
85.21 4 0.444116
85.31 1 0.227547
85.31 2 0.0112174
85.31 3 9.01953
85.31 4 0.444143
85.41 1 0.227375
85.41 2 0.0112109
85.41 3 9.02008
85.41 4 0.444168
85.51 1 0.227396
85.51 2 0.0112044
85.51 3 9.02063
85.51 4 0.444191
85.61 1 0.227264
85.61 2 0.0111988
85.61 3 9.02112
85.61 4 0.444221
85.71 1 0.227133
85.71 2 0.0111923
85.71 3 9.0216
85.71 4 0.444245
85.81 1 0.22702
85.81 2 0.0111914
85.81 3 9.02221
85.81 4 0.444275
85.91 1 0.22689
85.91 2 0.0111849
85.91 3 9.02269
85.91 4 0.444299
86.01 1 0.22672
86.01 2 0.0111785
86.01 3 9.02329
86.01 4 0.444323
86.11 1 0.226741
86.11 2 0.0111721
86.11 3 9.02377
86.11 4 0.444346
86.21 1 0.226611
86.21 2 0.0111666
86.21 3 9.02425
86.21 4 0.444376
86.31 1 0.226482
86.31 2 0.0111602
86.31 3 9.02472
86.31 4 0.444399
86.41 1 0.22637
86.41 2 0.0111593
86.41 3 9.02532
86.41 4 0.444429
86.51 1 0.226242
86.51 2 0.0111529
86.51 3 9.02579
86.51 4 0.444452
86.61 1 0.226224
86.61 2 0.0111466
86.61 3 9.02638
86.61 4 0.444475
86.71 1 0.226095
86.71 2 0.0111402
86.71 3 9.02685
86.71 4 0.444498
86.81 1 0.225967
86.81 2 0.0111348
86.81 3 9.02732
86.81 4 0.444527
86.91 1 0.22584
86.91 2 0.0111285
86.91 3 9.02779
86.91 4 0.44455
87.01 1 0.22573
87.01 2 0.0111276
87.01 3 9.02837
87.01 4 0.444579
87.11 1 0.225603
87.11 2 0.0111213
87.11 3 9.02884
87.11 4 0.444602
87.21 1 0.225585
87.21 2 0.0111151
87.21 3 9.02942
87.21 4 0.444625
87.31 1 0.225459
87.31 2 0.0111088
87.31 3 9.02988
87.31 4 0.444647
87.41 1 0.225332
87.41 2 0.0111035
87.41 3 9.03034
87.41 4 0.444676
87.51 1 0.225206
87.51 2 0.0110972
87.51 3 9.0308
87.51 4 0.444699
87.61 1 0.225098
87.61 2 0.0110964
87.61 3 9.03138
87.61 4 0.444727
87.71 1 0.224972
87.71 2 0.0110902
87.71 3 9.03183
87.71 4 0.444749
87.81 1 0.224955
87.81 2 0.011084
87.81 3 9.0324
87.81 4 0.444772
87.91 1 0.22483
87.91 2 0.0110779
87.91 3 9.03286
87.91 4 0.444794
88.01 1 0.224706
88.01 2 0.0110725
88.01 3 9.03331
88.01 4 0.444822
88.11 1 0.224582
88.11 2 0.0110664
88.11 3 9.03376
88.11 4 0.444844
88.21 1 0.224474
88.21 2 0.0110656
88.21 3 9.03432
88.21 4 0.444872
88.31 1 0.224351
88.31 2 0.0110595
88.31 3 9.03477
88.31 4 0.444894
88.41 1 0.224334
88.41 2 0.0110534
88.41 3 9.03533
88.41 4 0.444916
88.51 1 0.224211
88.51 2 0.0110473
88.51 3 9.03578
88.51 4 0.444938
88.61 1 0.224088
88.61 2 0.0110421
88.61 3 9.03622
88.61 4 0.444966
88.71 1 0.223966
88.71 2 0.011036
88.71 3 9.03666
88.71 4 0.444987
88.81 1 0.223859
88.81 2 0.0110352
88.81 3 9.03722
88.81 4 0.445015
88.91 1 0.223737
88.91 2 0.0110292
88.91 3 9.03766
88.91 4 0.445037
89.01 1 0.223721
89.01 2 0.0110232
89.01 3 9.03821
89.01 4 0.445058
89.11 1 0.2236
89.11 2 0.0110172
89.11 3 9.03865
89.11 4 0.44508
89.21 1 0.223479
89.21 2 0.011012
89.21 3 9.03908
89.21 4 0.445107
89.31 1 0.223358
89.31 2 0.011006
89.31 3 9.03952
89.31 4 0.445128
89.41 1 0.223253
89.41 2 0.0110052
89.41 3 9.04007
89.41 4 0.445155
89.51 1 0.223132
89.51 2 0.0109993
89.51 3 9.0405
89.51 4 0.445176
89.61 1 0.223117
89.61 2 0.0109933
89.61 3 9.04104
89.61 4 0.445197
89.71 1 0.222997
89.71 2 0.0109874
89.71 3 9.04147
89.71 4 0.445221
89.81 1 0.222877
89.81 2 0.0109823
89.81 3 9.0419
89.81 4 0.445245
89.91 1 0.222758
89.91 2 0.0109764
89.91 3 9.04232
89.91 4 0.445266
90.01 1 0.222654
90.01 2 0.0109756
90.01 3 9.04286
90.01 4 0.445293
90.11 1 0.222536
90.11 2 0.0109698
90.11 3 9.04329
90.11 4 0.445314
90.21 1 0.22252
90.21 2 0.0109639
90.21 3 9.04383
90.21 4 0.445335
90.31 1 0.222402
90.31 2 0.0109588
90.31 3 9.04424
90.31 4 0.445358
90.41 1 0.222284
90.41 2 0.010953
90.41 3 9.04466
90.41 4 0.445382
90.51 1 0.222129
90.51 2 0.0109523
90.51 3 9.04514
90.51 4 0.445405
90.61 1 0.222064
90.61 2 0.0109465
90.61 3 9.04561
90.61 4 0.445429
90.71 1 0.221947
90.71 2 0.0109407
90.71 3 9.04603
90.71 4 0.445449
90.81 1 0.221932
90.81 2 0.0109349
90.81 3 9.04656
90.81 4 0.445469
90.91 1 0.221815
90.91 2 0.0109299
90.91 3 9.04697
90.91 4 0.445495
91.01 1 0.221698
91.01 2 0.0109241
91.01 3 9.04738
91.01 4 0.445516
91.11 1 0.221545
91.11 2 0.0109234
91.11 3 9.04791
91.11 4 0.445539
91.21 1 0.221481
91.21 2 0.0109177
91.21 3 9.04832
91.21 4 0.445562
91.31 1 0.221329
91.31 2 0.010912
91.31 3 9.04878
91.31 4 0.445582
91.41 1 0.221351
91.41 2 0.0109063
91.41 3 9.04925
91.41 4 0.445602
91.51 1 0.221236
91.51 2 0.0109013
91.51 3 9.04965
91.51 4 0.445628
91.61 1 0.221121
91.61 2 0.0108956
91.61 3 9.05006
91.61 4 0.445647
91.71 1 0.22102
91.71 2 0.0108949
91.71 3 9.05057
91.71 4 0.445673
91.81 1 0.220906
91.81 2 0.0108893
91.81 3 9.05098
91.81 4 0.445693
91.91 1 0.220892
91.91 2 0.0108836
91.91 3 9.05149
91.91 4 0.445713
92.01 1 0.220778
92.01 2 0.010878
92.01 3 9.05189
92.01 4 0.445732
92.11 1 0.220664
92.11 2 0.0108731
92.11 3 9.05229
92.11 4 0.445758
92.21 1 0.220551
92.21 2 0.0108675
92.21 3 9.05269
92.21 4 0.445777
92.31 1 0.220451
92.31 2 0.0108668
92.31 3 9.0532
92.31 4 0.445802
92.41 1 0.220338
92.41 2 0.0108612
92.41 3 9.05359
92.41 4 0.445821
92.51 1 0.220324
92.51 2 0.0108556
92.51 3 9.0541
92.51 4 0.445841
92.61 1 0.220212
92.61 2 0.0108501
92.61 3 9.05449
92.61 4 0.44586
92.71 1 0.2201
92.71 2 0.0108452
92.71 3 9.05488
92.71 4 0.445885
92.81 1 0.219988
92.81 2 0.0108397
92.81 3 9.05528
92.81 4 0.445904
92.91 1 0.21989
92.91 2 0.010839
92.91 3 9.05578
92.91 4 0.445929
93.01 1 0.219778
93.01 2 0.0108335
93.01 3 9.05616
93.01 4 0.445948
93.11 1 0.219765
93.11 2 0.010828
93.11 3 9.05666
93.11 4 0.445967
93.21 1 0.219653
93.21 2 0.0108226
93.21 3 9.05705
93.21 4 0.445986
93.31 1 0.219543
93.31 2 0.0108178
93.31 3 9.05727
93.31 4 0.446011
93.41 1 0.219509
93.41 2 0.0108154
93.41 3 9.04698
93.41 4 0.445503
93.51 1 0.219456
93.51 2 0.0108138
93.51 3 9.03666
93.51 4 0.444995
93.61 1 0.219423
93.61 2 0.0108121
93.61 3 9.02641
93.61 4 0.44449
93.71 1 0.219387
93.71 2 0.0108104
93.71 3 9.01665
93.71 4 0.444001
93.81 1 0.219298
93.81 2 0.0108076
93.81 3 9.01703
93.81 4 0.444017
93.91 1 0.219293
93.91 2 0.0108057
93.91 3 9.01741
93.91 4 0.444039
94.01 1 0.219237
94.01 2 0.0108037
94.01 3 9.01785
94.01 4 0.44406
94.11 1 0.219186
94.11 2 0.0107995
94.11 3 9.01839
94.11 4 0.444082
94.21 1 0.219076
94.21 2 0.0107966
94.21 3 9.01882
94.21 4 0.444108
94.31 1 0.218967
94.31 2 0.0107912
94.31 3 9.01925
94.31 4 0.44413
94.41 1 0.218909
94.41 2 0.0107858
94.41 3 9.01979
94.41 4 0.444151
94.51 1 0.218801
94.51 2 0.0107833
94.51 3 9.02022
94.51 4 0.444178
94.61 1 0.218692
94.61 2 0.010778
94.61 3 9.02065
94.61 4 0.444198
94.71 1 0.218642
94.71 2 0.0107727
94.71 3 9.02119
94.71 4 0.444219
94.81 1 0.218535
94.81 2 0.0107698
94.81 3 9.02161
94.81 4 0.444246
94.91 1 0.218427
94.91 2 0.0107645
94.91 3 9.02203
94.91 4 0.444267
95.01 1 0.21837
95.01 2 0.0107592
95.01 3 9.02257
95.01 4 0.444288
95.11 1 0.218262
95.11 2 0.0107568
95.11 3 9.02299
95.11 4 0.444314
95.21 1 0.218156
95.21 2 0.0107515
95.21 3 9.02341
95.21 4 0.444334
95.31 1 0.218106
95.31 2 0.0107462
95.31 3 9.02394
95.31 4 0.444355
95.41 1 0.218
95.41 2 0.0107434
95.41 3 9.02436
95.41 4 0.444381
95.51 1 0.217894
95.51 2 0.0107382
95.51 3 9.02477
95.51 4 0.444402
95.61 1 0.217837
95.61 2 0.0107329
95.61 3 9.0253
95.61 4 0.444422
95.71 1 0.217731
95.71 2 0.0107305
95.71 3 9.02571
95.71 4 0.444448
95.81 1 0.217626
95.81 2 0.0107253
95.81 3 9.02613
95.81 4 0.444468
95.91 1 0.217577
95.91 2 0.0107201
95.91 3 9.02665
95.91 4 0.444489
96.01 1 0.217472
96.01 2 0.0107173
96.01 3 9.02706
96.01 4 0.444514
96.11 1 0.217367
96.11 2 0.0107122
96.11 3 9.02747
96.11 4 0.444534
96.21 1 0.217311
96.21 2 0.010707
96.21 3 9.02798
96.21 4 0.444554
96.31 1 0.217206
96.31 2 0.0107046
96.31 3 9.02839
96.31 4 0.44458
96.41 1 0.217102
96.41 2 0.0106995
96.41 3 9.0288
96.41 4 0.4446
96.51 1 0.217054
96.51 2 0.0106943
96.51 3 9.02931
96.51 4 0.44462
96.61 1 0.21695
96.61 2 0.0106916
96.61 3 9.02972
96.61 4 0.444645
96.71 1 0.216847
96.71 2 0.0106865
96.71 3 9.03012
96.71 4 0.444665
96.81 1 0.216791
96.81 2 0.0106841
96.81 3 9.03063
96.81 4 0.444687
96.91 1 0.216688
96.91 2 0.010679
96.91 3 9.03103
96.91 4 0.44471
97.01 1 0.216585
97.01 2 0.0106739
97.01 3 9.03143
97.01 4 0.44473
97.11 1 0.216538
97.11 2 0.0106689
97.11 3 9.03193
97.11 4 0.444749
97.21 1 0.216435
97.21 2 0.0106661
97.21 3 9.03233
97.21 4 0.444774
97.31 1 0.216333
97.31 2 0.0106611
97.31 3 9.03273
97.31 4 0.444794
97.41 1 0.216278
97.41 2 0.0106588
97.41 3 9.03323
97.41 4 0.444816
97.51 1 0.216176
97.51 2 0.0106537
97.51 3 9.03362
97.51 4 0.444838
97.61 1 0.21604
97.61 2 0.0106487
97.61 3 9.03407
97.61 4 0.444857
97.71 1 0.216028
97.71 2 0.010646
97.71 3 9.03452
97.71 4 0.444879
97.81 1 0.215926
97.81 2 0.010641
97.81 3 9.03491
97.81 4 0.444901
97.91 1 0.215791
97.91 2 0.010636
97.91 3 9.03535
97.91 4 0.44492
98.01 1 0.215771
98.01 2 0.0106337
98.01 3 9.03579
98.01 4 0.444945
98.11 1 0.215671
98.11 2 0.0106288
98.11 3 9.03618
98.11 4 0.444964
98.21 1 0.215624
98.21 2 0.0106238
98.21 3 9.03667
98.21 4 0.444983
98.31 1 0.215524
98.31 2 0.0106212
98.31 3 9.03706
98.31 4 0.445007
98.41 1 0.215424
98.41 2 0.0106162
98.41 3 9.03745
98.41 4 0.445026
98.51 1 0.21529
98.51 2 0.0106113
98.51 3 9.03788
98.51 4 0.445045
98.61 1 0.21527
98.61 2 0.010609
98.61 3 9.03832
98.61 4 0.445069
98.71 1 0.215171
98.71 2 0.0106041
98.71 3 9.0387
98.71 4 0.445088
98.81 1 0.215125
98.81 2 0.0105992
98.81 3 9.03918
98.81 4 0.445107
98.91 1 0.215026
98.91 2 0.0105966
98.91 3 9.03957
98.91 4 0.44513
99.01 1 0.214927
99.01 2 0.0105917
99.01 3 9.03995
99.01 4 0.445149
99.11 1 0.2149
99.11 2 0.0105868
99.11 3 9.04023
99.11 4 0.445168
99.21 1 0.214873
99.21 2 0.0105855
99.21 3 9.03063
99.21 4 0.445173
99.31 1 0.214845
99.31 2 0.0105854
99.31 3 9.03063
99.31 4 0.445173
99.41 1 0.214765
99.41 2 0.010584
99.41 3 9.03063
99.41 4 0.445173
99.51 1 0.214738
99.51 2 0.0105827
99.51 3 9.03063
99.51 4 0.445173
99.61 1 0.214736
99.61 2 0.0105814
99.61 3 9.03063
99.61 4 0.445173
99.71 1 0.214709
99.71 2 0.01058
99.71 3 9.03063
99.71 4 0.445173
99.81 1 0.214682
99.81 2 0.0105761
99.81 3 9.03063
99.81 4 0.445173
99.91 1 0.214655
99.91 2 0.0105748
99.91 3 9.03063
99.91 4 0.445173
100.01 1 0.214628
100.01 2 0.0105747
100.01 3 9.03063
100.01 4 0.445173
100.11 1 0.214553
100.11 2 0.0105773
100.11 3 9.03063
100.11 4 0.445173
100.21 1 0.214526
100.21 2 0.010576
100.21 3 9.03063
100.21 4 0.445173
100.31 1 0.214525
100.31 2 0.0105747
100.31 3 9.03063
100.31 4 0.445173
100.41 1 0.214498
100.41 2 0.0105733
100.41 3 9.03063
100.41 4 0.445173
100.51 1 0.214472
100.51 2 0.0105694
100.51 3 9.03063
100.51 4 0.445173
100.61 1 0.214445
100.61 2 0.0105681
100.61 3 9.03063
100.61 4 0.445173
100.71 1 0.214419
100.71 2 0.0105681
100.71 3 9.03063
100.71 4 0.445173
100.81 1 0.21434
100.81 2 0.0105667
100.81 3 9.03063
100.81 4 0.445173
100.91 1 0.214314
100.91 2 0.0105654
100.91 3 9.03063
100.91 4 0.445173
