0.0 0
0.034232 4760
0.034232 4760
0.0594108 5236
0.0611068 6188
0.0628028 7140
0.0644988 8092
0.0661948 9044
10.0344 1428
10.0361 1904
10.0361 1428
10.0378 1904
10.0378 1428
10.0395 1904
10.0395 1428
10.0511 1904
10.0511 1428
10.0528 1904
10.0528 1428
10.0545 1904
10.0545 1428
10.0562 1904
10.0562 1428
10.0579 1904
10.0579 1428
10.0831 1904
10.0831 1428
10.1082 1904
10.1082 1428
10.1334 1904
10.1334 1428
10.1586 1904
10.1586 1428
10.1837 1904
10.1837 1428
10.2089 1904
10.2089 1428
10.2341 1904
10.2341 1428
10.2592 1904
10.2592 1428
10.2844 1904
10.2844 1428
10.3096 1904
10.3096 1428
10.3347 1904
10.3347 1428
10.3599 1904
10.3599 1428
10.3851 1904
10.3851 1428
10.4102 1904
10.4102 1428
10.4354 1904
10.4354 1428
10.4606 1904
10.4606 1428
10.4857 1904
10.4857 1428
10.5109 1904
10.5109 1428
10.5361 1904
10.5361 1428
10.5612 1904
10.5612 1428
10.5864 1904
10.5864 1428
10.6116 1904
10.6116 1428
10.6368 1904
10.6368 1428
10.6619 1904
10.6619 1428
10.6871 1904
10.6871 1428
10.7123 1904
10.7123 1428
10.7374 1904
10.7374 1428
10.7626 1904
10.7626 1428
10.7878 1904
10.7878 1428
10.8129 1904
10.8129 1428
10.8381 1904
10.8381 1428
10.8633 1904
10.8633 1428
10.8884 1904
10.8884 1428
10.9136 1904
10.9136 1428
10.9388 1904
10.9388 1428
10.9639 1904
10.9639 1428
10.9891 1904
10.9891 1428
11.0143 1904
11.0143 1428
11.0394 1904
11.0394 1428
11.0646 1904
11.0646 1428
11.0898 1904
11.0898 1428
11.1149 1904
11.1149 1428
11.1401 1904
11.1401 1428
11.1653 1904
11.1653 1428
11.1904 1904
11.1904 1428
11.2156 1904
11.2156 1428
11.2408 1904
11.2408 1428
11.266 1904
11.266 1428
11.2911 1904
11.2911 1428
11.3163 1904
11.3163 1428
11.3415 1904
11.3415 1428
11.3666 1904
11.3666 1428
11.3918 1904
11.3918 1428
11.417 1904
11.417 1428
11.4421 1904
11.4421 1428
11.4673 1904
11.4673 1428
11.4925 1904
11.4925 1428
11.5176 1904
11.5176 1428
11.5428 1904
11.5428 1428
11.568 1904
11.568 1428
11.5931 1904
11.5931 1428
11.6183 1904
11.6183 1428
11.6435 1904
11.6435 1428
11.6686 1904
11.6686 1428
11.6938 1904
11.6938 1428
11.719 1904
11.719 1428
11.7441 1904
11.7441 1428
11.7693 1904
11.7693 1428
11.7945 1904
11.7945 1428
11.8196 1904
11.8196 1428
11.8448 1904
11.8448 1428
11.87 1904
11.87 1428
11.8952 1904
11.8952 1428
11.9203 1904
11.9203 1428
11.9455 1904
11.9455 1428
11.9707 1904
11.9707 1428
11.9958 1904
11.9958 1428
12.021 1904
12.021 1428
12.0462 1904
12.0462 1428
12.0713 1904
12.0713 1428
12.0965 1904
12.0965 1428
12.1217 1904
12.1217 1428
12.1468 1904
12.1468 1428
12.172 1904
12.172 1428
12.1972 1904
12.1972 1428
12.2223 1904
12.2223 1428
12.2475 1904
12.2475 1428
12.2727 1904
12.2727 1428
12.2978 1904
12.2978 1428
12.323 1904
12.323 1428
12.3482 1904
12.3482 1428
12.3733 1904
12.3733 1428
12.3985 1904
12.3985 1428
12.4237 1904
12.4237 1428
12.4488 1904
12.4488 1428
12.474 1904
12.474 1428
12.4992 1904
12.4992 1428
12.5244 1904
12.5244 1428
12.5495 1904
12.5495 1428
12.5747 1904
12.5747 1428
12.5999 1904
12.5999 1428
12.625 1904
12.625 1428
12.6502 1904
12.6502 1428
12.6754 1904
12.6754 1428
12.7005 1904
12.7005 1428
12.7257 1904
12.7257 1428
12.7509 1904
12.7509 1428
12.776 1904
12.776 1428
12.8012 1904
12.8012 1428
12.8264 1904
12.8264 1428
12.8515 1904
12.8515 1428
12.8767 1904
12.8767 1428
12.9019 1904
12.9019 1428
12.927 1904
12.927 1428
12.9522 1904
12.9522 1428
12.9774 1904
12.9774 1428
13.0025 1904
13.0025 1428
13.0277 1904
13.0277 1428
13.0529 1904
13.0529 1428
13.078 1904
13.078 1428
13.1032 1904
13.1032 1428
13.1284 1904
13.1284 1428
13.1536 1904
13.1536 1428
13.1787 1904
13.1787 1428
13.2039 1904
13.2039 1428
13.2291 1904
13.2291 1428
13.2542 1904
13.2542 1428
13.2794 1904
13.2794 1428
13.3046 1904
13.3046 1428
13.3297 1904
13.3297 1428
13.3549 1904
13.3549 1428
13.3801 1904
13.3801 1428
13.4052 1904
13.4052 1428
13.4304 1904
13.4304 1428
13.4556 1904
13.4556 1428
13.4807 1904
13.4807 1428
13.5059 1904
13.5059 1428
13.5311 1904
13.5311 1428
13.5562 1904
13.5562 1428
13.5814 1904
13.5814 1428
13.6066 1904
13.6066 1428
13.6317 1904
13.6317 1428
13.6569 1904
13.6569 1428
13.6821 1904
13.6821 1428
13.7072 1904
13.7072 1428
13.7324 1904
13.7324 1428
13.7576 1904
13.7576 1428
13.7828 1904
13.7828 1428
13.8079 1904
13.8079 1428
13.8331 1904
13.8331 1428
13.8583 1904
13.8583 1428
13.8834 1904
13.8834 1428
13.9086 1904
13.9086 1428
13.9338 1904
13.9338 1428
13.9589 1904
13.9589 1428
13.9841 1904
13.9841 1428
14.0093 1904
14.0093 1428
14.0344 1904
14.0344 1428
14.0596 1904
14.0596 1428
14.0848 1904
14.0848 1428
14.1099 1904
14.1099 1428
14.1351 1904
14.1351 1428
14.1603 1904
14.1603 1428
14.1854 1904
14.1854 1428
14.2106 1904
14.2106 1428
14.2358 1904
14.2358 1428
14.2609 1904
14.2609 1428
14.2861 1904
14.2861 1428
14.3113 1904
14.3113 1428
14.3364 1904
14.3364 1428
14.3616 1904
14.3616 1428
14.3868 1904
14.3868 1428
14.412 1904
14.412 1428
14.4371 1904
14.4371 1428
14.4623 1904
14.4623 1428
14.4875 1904
14.4875 1428
14.5126 1904
14.5126 1428
14.5378 1904
14.5378 1428
14.563 1904
14.563 1428
14.5881 1904
14.5881 1428
14.6133 1904
14.6133 1428
14.6385 1904
14.6385 1428
14.6636 1904
14.6636 1428
14.6888 1904
14.6888 1428
14.714 1904
14.714 1428
14.7391 1904
14.7391 1428
14.7643 1904
14.7643 1428
14.7895 1904
14.7895 1428
14.8146 1904
14.8146 1428
14.8398 1904
14.8398 1428
14.865 1904
14.865 1428
14.8901 1904
14.8901 1428
14.9153 1904
14.9153 1428
14.9405 1904
14.9405 1428
14.9656 1904
14.9656 1428
14.9908 1904
14.9908 1428
15.016 1904
15.016 1428
15.0412 1904
15.0412 1428
15.0663 1904
15.0663 1428
15.0915 1904
15.0915 1428
15.1167 1904
15.1167 1428
15.1418 1904
15.1418 1428
15.167 1904
15.167 1428
15.1922 1904
15.1922 1428
15.2173 1904
15.2173 1428
15.2425 1904
15.2425 1428
15.2677 1904
15.2677 1428
15.2928 1904
15.2928 1428
15.318 1904
15.318 1428
15.3432 1904
15.3432 1428
15.3683 1904
15.3683 1428
15.3935 1904
15.3935 1428
15.4187 1904
15.4187 1428
15.4438 1904
15.4438 1428
15.469 1904
15.469 1428
15.4942 1904
15.4942 1428
15.5193 1904
15.5193 1428
15.5445 1904
15.5445 1428
15.5697 1904
15.5697 1428
15.5948 1904
15.5948 1428
15.62 1904
15.62 1428
15.6452 1904
15.6452 1428
15.6704 1904
15.6704 1428
15.6955 1904
15.6955 1428
15.7207 1904
15.7207 1428
15.7459 1904
15.7459 1428
15.771 1904
15.771 1428
15.7962 1904
15.7962 1428
15.8214 1904
15.8214 1428
15.8465 1904
15.8465 1428
15.8717 1904
15.8717 1428
15.8969 1904
15.8969 1428
15.922 1904
15.922 1428
15.9472 1904
15.9472 1428
15.9724 1904
15.9724 1428
15.9975 1904
15.9975 1428
16.0227 1904
16.0227 1428
16.0479 1904
16.0479 1428
16.073 1904
16.073 1428
16.0982 1904
16.0982 1428
16.1234 1904
16.1234 1428
16.1485 1904
16.1485 1428
16.1737 1904
16.1737 1428
16.1989 1904
16.1989 1428
16.224 1904
16.224 1428
16.2492 1904
16.2492 1428
16.2744 1904
16.2744 1428
16.2996 1904
16.2996 1428
16.3247 1904
16.3247 1428
16.3499 1904
16.3499 1428
16.3751 1904
16.3751 1428
16.4002 1904
16.4002 1428
16.4254 1904
16.4254 1428
16.4506 1904
16.4506 1428
16.4757 1904
16.4757 1428
16.5009 1904
16.5009 1428
16.5261 1904
16.5261 1428
16.5512 1904
16.5512 1428
16.5764 1904
16.5764 1428
16.6016 1904
16.6016 1428
16.6267 1904
16.6267 1428
16.6519 1904
16.6519 1428
16.6771 1904
16.6771 1428
16.7022 1904
16.7022 1428
16.7274 1904
16.7274 1428
16.7526 1904
16.7526 1428
16.7777 1904
16.7777 1428
16.8029 1904
16.8029 1428
16.8281 1904
16.8281 1428
16.8532 1904
16.8532 1428
16.8784 1904
16.8784 1428
16.9036 1904
16.9036 1428
16.9288 1904
16.9288 1428
16.9539 1904
16.9539 1428
16.9791 1904
16.9791 1428
17.0043 1904
17.0043 1428
17.0294 1904
17.0294 1428
17.0546 1904
17.0546 1428
17.0798 1904
17.0798 1428
17.1049 1904
17.1049 1428
17.1301 1904
17.1301 1428
17.1553 1904
17.1553 1428
17.1804 1904
17.1804 1428
17.2056 1904
17.2056 1428
17.2308 1904
17.2308 1428
17.2559 1904
17.2559 1428
17.2811 1904
17.2811 1428
17.3063 1904
17.3063 1428
17.3314 1904
17.3314 1428
17.3566 1904
17.3566 1428
17.3818 1904
17.3818 1428
17.4069 1904
17.4069 1428
17.4321 1904
17.4321 1428
17.4573 1904
17.4573 1428
17.4824 1904
17.4824 1428
17.5076 1904
17.5076 1428
17.5328 1904
17.5328 1428
17.558 1904
17.558 1428
17.5831 1904
17.5831 1428
17.6083 1904
17.6083 1428
17.6335 1904
17.6335 1428
17.6586 1904
17.6586 1428
17.6838 1904
17.6838 1428
17.709 1904
17.709 1428
17.7341 1904
17.7341 1428
17.7593 1904
17.7593 1428
17.7845 1904
17.7845 1428
17.8096 1904
17.8096 1428
17.8348 1904
17.8348 1428
17.86 1904
17.86 1428
17.8851 1904
17.8851 1428
17.9103 1904
17.9103 1428
17.9355 1904
17.9355 1428
17.9606 1904
17.9606 1428
17.9858 1904
17.9858 1428
18.011 1904
18.011 1428
18.0361 1904
18.0361 1428
18.0613 1904
18.0613 1428
18.0865 1904
18.0865 1428
18.1116 1904
18.1116 1428
18.1368 1904
18.1368 1428
18.162 1904
18.162 1428
18.1872 1904
18.1872 1428
18.2123 1904
18.2123 1428
18.2375 1904
18.2375 1428
18.2627 1904
18.2627 1428
18.2878 1904
18.2878 1428
18.313 1904
18.313 1428
18.3382 1904
18.3382 1428
18.3633 1904
18.3633 1428
18.3885 1904
18.3885 1428
18.4137 1904
18.4137 1428
18.4388 1904
18.4388 1428
18.464 1904
18.464 1428
18.4892 1904
18.4892 1428
18.5143 1904
18.5143 1428
18.5395 1904
18.5395 1428
18.5647 1904
18.5647 1428
18.5898 1904
18.5898 1428
18.615 1904
18.615 1428
18.6402 1904
18.6402 1428
18.6653 1904
18.6653 1428
18.6905 1904
18.6905 1428
18.7157 1904
18.7157 1428
18.7408 1904
18.7408 1428
18.766 1904
18.766 1428
18.7912 1904
18.7912 1428
18.8164 1904
18.8164 1428
18.8415 1904
18.8415 1428
18.8667 1904
18.8667 1428
18.8919 1904
18.8919 1428
18.917 1904
18.917 1428
18.9422 1904
18.9422 1428
18.9674 1904
18.9674 1428
18.9925 1904
18.9925 1428
19.0177 1904
19.0177 1428
19.0429 1904
19.0429 1428
19.068 1904
19.068 1428
19.0932 1904
19.0932 1428
19.1184 1904
19.1184 1428
19.1435 1904
19.1435 1428
19.1687 1904
19.1687 1428
19.1939 1904
19.1939 1428
19.219 1904
19.219 1428
19.2442 1904
19.2442 1428
19.2694 1904
19.2694 1428
19.2945 1904
19.2945 1428
19.3197 1904
19.3197 1428
19.3449 1904
19.3449 1428
19.37 1904
19.37 1428
19.3952 1904
19.3952 1428
19.4204 1904
19.4204 1428
19.4456 1904
19.4456 1428
19.4707 1904
19.4707 1428
19.4959 1904
19.4959 1428
19.5211 1904
19.5211 1428
19.5462 1904
19.5462 1428
19.5714 1904
19.5714 1428
19.5966 1904
19.5966 1428
19.6217 1904
19.6217 1428
19.6469 1904
19.6469 1428
19.6721 1904
19.6721 1428
19.6972 1904
19.6972 1428
19.7224 1904
19.7224 1428
19.7476 1904
19.7476 1428
19.7727 1904
19.7727 1428
19.7979 1904
19.7979 1428
19.8231 1904
19.8231 1428
19.8482 1904
19.8482 1428
19.8734 1904
19.8734 1428
19.8986 1904
19.8986 1428
19.9237 1904
19.9237 1428
19.9489 1904
19.9489 1428
19.9741 1904
19.9741 1428
19.9992 1904
19.9992 1428
20.0244 1904
20.0244 1428
20.0496 1904
20.0496 1428
20.0748 1904
20.0748 1428
20.1007 1904
20.1007 1428
20.1287 1904
20.1287 1428
20.1592 1904
20.1592 1428
20.1923 1904
20.1923 1428
20.227 1904
20.227 1428
20.2644 1904
20.2644 1428
20.3042 1904
20.3042 1428
20.3466 1904
20.3466 1428
20.3916 1904
20.3916 1428
20.439 1904
20.439 1428
20.4899 1904
20.4899 1428
20.5433 1904
20.5433 1428
20.5993 1904
20.5993 1428
20.6587 1904
20.6587 1428
20.7206 1904
20.7206 1428
20.7859 1904
20.7859 1428
20.8537 1904
20.8537 1428
20.9249 1904
20.9249 1428
20.9996 1904
20.9996 1428
21.0776 1904
21.0776 1428
21.159 1904
21.159 1428
21.2438 1904
21.2438 1428
21.332 1904
21.332 1428
21.4236 1904
21.4236 1428
21.5185 1904
21.5185 1428
21.6178 1904
21.6178 1428
21.7204 1904
21.7204 1428
21.8272 1904
21.8272 1428
21.9375 1904
21.9375 1428
22.0519 1904
22.0519 1428
22.1707 1904
22.1707 1428
22.2936 1904
22.2936 1428
22.4208 1904
22.4208 1428
22.5523 1904
22.5523 1428
22.6879 1904
22.6879 1428
22.8287 1904
22.8287 1428
22.9712 1904
22.9712 1428
22.9966 1904
22.9966 1428
22.9975 1904
22.9975 1428
23.0235 1904
23.0235 1428
23.0252 952
23.0252 3808
23.0252 1428
23.0557 952
23.0557 1904
23.0557 1428
23.0557 9044
23.0591 1428
23.0922 1904
23.0922 1428
23.0956 1904
23.0956 1428
23.099 1904
23.099 1428
23.1414 1904
23.1414 1428
23.1863 1904
23.1863 1428
23.2338 1904
23.2338 1428
23.2847 1904
23.2847 1428
23.3381 1904
23.3381 1428
23.3941 1904
23.3941 1428
23.4535 1904
23.4535 1428
23.5154 1904
23.5154 1428
23.5807 1904
23.5807 1428
23.6485 1904
23.6485 1428
23.7197 1904
23.7197 1428
23.7944 1904
23.7944 1428
23.8724 1904
23.8724 1428
23.9538 1904
23.9538 1428
24.0386 1904
24.0386 1428
24.1268 1904
24.1268 1428
24.2184 1904
24.2184 1428
24.3133 1904
24.3133 1428
24.4125 1904
24.4125 1428
24.5152 1904
24.5152 1428
24.622 1904
24.622 1428
24.7322 1904
24.7322 1428
24.8467 1904
24.8467 1428
24.9654 1904
24.9654 1428
25.0884 1904
25.0884 1428
25.2156 1904
25.2156 1428
25.347 1904
25.347 1428
25.4827 1904
25.4827 1428
25.6235 1904
25.6235 1428
25.7651 1904
25.7651 1428
25.7903 1904
25.7903 1428
25.8166 1904
25.8166 1428
25.8446 1904
25.8446 1428
25.8751 1904
25.8751 1428
25.9073 1904
25.9073 1428
25.9325 1904
25.9325 1428
25.9577 1904
25.9577 1428
25.9829 1904
25.9829 1428
26.008 1904
26.008 1428
26.0332 1904
26.0332 1428
26.0584 1904
26.0584 1428
26.0835 1904
26.0835 1428
26.1087 1904
26.1087 1428
26.1339 1904
26.1339 1428
26.159 1904
26.159 1428
26.1842 1904
26.1842 1428
26.2094 1904
26.2094 1428
26.2345 1904
26.2345 1428
26.2597 1904
26.2597 1428
26.2849 1904
26.2849 1428
26.31 1904
26.31 1428
26.3352 1904
26.3352 1428
26.3604 1904
26.3604 1428
26.3855 1904
26.3855 1428
26.4107 1904
26.4107 1428
26.4359 1904
26.4359 1428
26.461 1904
26.461 1428
26.4862 1904
26.4862 1428
26.5114 1904
26.5114 1428
26.5365 1904
26.5365 1428
26.562 1904
26.562 1428
26.588 1904
26.588 1428
26.614 1904
26.614 1428
26.64 1904
26.64 1428
26.6661 1904
26.6661 1428
26.6921 1904
26.6921 1428
26.7181 1904
26.7181 1428
26.7441 1904
26.7441 1428
26.7701 1904
26.7701 1428
26.7961 1904
26.7961 1428
26.8221 1904
26.8221 1428
26.8482 1904
26.8482 1428
26.8742 1904
26.8742 1428
26.9002 1904
26.9002 1428
26.9262 1904
26.9262 1428
26.9522 1904
26.9522 1428
26.9782 1904
26.9782 1428
27.0043 1904
27.0043 1428
27.0303 1904
27.0303 1428
27.0563 1904
27.0563 1428
27.0823 1904
27.0823 1428
27.1083 1904
27.1083 1428
27.1343 1904
27.1343 1428
27.1604 1904
27.1604 1428
27.1864 1904
27.1864 1428
27.2124 1904
27.2124 1428
27.2384 1904
27.2384 1428
27.2644 1904
27.2644 1428
27.2904 1904
27.2904 1428
27.3165 1904
27.3165 1428
27.3425 1904
27.3425 1428
27.3685 1904
27.3685 1428
27.3945 1904
27.3945 1428
27.4205 1904
27.4205 1428
27.4465 1904
27.4465 1428
27.4725 1904
27.4725 1428
27.4986 1904
27.4986 1428
27.5246 1904
27.5246 1428
27.5506 1904
27.5506 1428
27.5766 1904
27.5766 1428
27.6026 1904
27.6026 1428
27.6286 1904
27.6286 1428
27.6547 1904
27.6547 1428
27.6807 1904
27.6807 1428
27.7067 1904
27.7067 1428
27.7327 1904
27.7327 1428
27.7587 1904
27.7587 1428
27.7847 1904
27.7847 1428
27.8108 1904
27.8108 1428
27.8368 1904
27.8368 1428
27.8628 1904
27.8628 1428
27.8888 1904
27.8888 1428
27.9148 1904
27.9148 1428
27.9408 1904
27.9408 1428
27.9669 1904
27.9669 1428
27.9929 1904
27.9929 1428
28.0189 1904
28.0189 1428
28.0449 1904
28.0449 1428
28.0709 1904
28.0709 1428
28.0969 1904
28.0969 1428
28.1229 1904
28.1229 1428
28.149 1904
28.149 1428
28.175 1904
28.175 1428
28.201 1904
28.201 1428
28.227 1904
28.227 1428
28.253 1904
28.253 1428
28.279 1904
28.279 1428
28.3051 1904
28.3051 1428
28.3311 1904
28.3311 1428
28.3571 1904
28.3571 1428
28.3831 1904
28.3831 1428
28.4091 1904
28.4091 1428
28.4351 1904
28.4351 1428
28.4612 1904
28.4612 1428
28.4872 1904
28.4872 1428
28.5132 1904
28.5132 1428
28.5392 1904
28.5392 1428
28.5652 1904
28.5652 1428
28.5912 1904
28.5912 1428
28.6173 1904
28.6173 1428
28.6433 1904
28.6433 1428
28.6693 1904
28.6693 1428
28.6953 1904
28.6953 1428
28.7213 1904
28.7213 1428
28.7473 1904
28.7473 1428
28.7733 1904
28.7733 1428
28.7994 1904
28.7994 1428
28.8254 1904
28.8254 1428
28.8514 1904
28.8514 1428
28.8774 1904
28.8774 1428
28.9034 1904
28.9034 1428
28.9294 1904
28.9294 1428
28.9555 1904
28.9555 1428
28.9815 1904
28.9815 1428
29.0075 1904
29.0075 1428
29.0335 1904
29.0335 1428
29.0595 1904
29.0595 1428
29.0855 1904
29.0855 1428
29.1116 1904
29.1116 1428
29.1376 1904
29.1376 1428
29.1636 1904
29.1636 1428
29.1896 1904
29.1896 1428
29.2156 1904
29.2156 1428
29.2416 1904
29.2416 1428
29.2677 1904
29.2677 1428
29.2937 1904
29.2937 1428
29.3197 1904
29.3197 1428
29.3457 1904
29.3457 1428
29.3717 1904
29.3717 1428
29.3977 1904
29.3977 1428
29.4237 1904
29.4237 1428
29.4498 1904
29.4498 1428
29.4758 1904
29.4758 1428
29.5018 1904
29.5018 1428
29.5278 1904
29.5278 1428
29.5538 1904
29.5538 1428
29.5798 1904
29.5798 1428
29.6059 1904
29.6059 1428
29.6319 1904
29.6319 1428
29.6579 1904
29.6579 1428
29.6839 1904
29.6839 1428
29.7099 1904
29.7099 1428
29.7359 1904
29.7359 1428
29.762 1904
29.762 1428
29.788 1904
29.788 1428
29.814 1904
29.814 1428
29.84 1904
29.84 1428
29.866 1904
29.866 1428
29.892 1904
29.892 1428
29.9181 1904
29.9181 1428
29.9441 1904
29.9441 1428
29.9701 1904
29.9701 1428
29.9961 1904
29.9961 1428
30.0221 1904
30.0221 1428
30.0481 1904
30.0481 1428
30.0741 1904
30.0741 1428
30.0993 1904
30.0993 1428
30.1245 1904
30.1245 1428
30.1497 1904
30.1497 1428
30.1748 1904
30.1748 1428
30.2 1904
30.2 1428
30.2252 1904
30.2252 1428
30.2503 1904
30.2503 1428
30.2763 1904
30.2763 1428
30.3043 1904
30.3043 1428
30.3349 1904
30.3349 1428
30.3671 1904
30.3671 1428
30.4018 1904
30.4018 1428
30.4392 1904
30.4392 1428
30.479 1904
30.479 1428
30.5214 1904
30.5214 1428
30.5664 1904
30.5664 1428
30.6138 1904
30.6138 1428
30.6639 1904
30.6639 1428
30.7173 1904
30.7173 1428
30.7733 1904
30.7733 1428
30.8318 1904
30.8318 1428
30.8937 1904
30.8937 1428
30.9581 1904
30.9581 1428
31.026 1904
31.026 1428
31.0972 1904
31.0972 1428
31.171 1904
31.171 1428
31.2481 1904
31.2481 1428
31.3287 1904
31.3287 1428
31.4127 1904
31.4127 1428
31.5 1904
31.5 1428
31.5907 1904
31.5907 1428
31.6857 1904
31.6857 1428
31.7841 1904
31.7841 1428
31.8858 1904
31.8858 1428
31.9918 1904
31.9918 1428
32.1021 1904
32.1021 1428
32.2157 1904
32.2157 1428
32.3336 1904
32.3336 1428
32.4557 1904
32.4557 1428
32.5821 1904
32.5821 1428
32.7126 1904
32.7126 1428
32.8483 1904
32.8483 1428
32.9882 1904
32.9882 1428
33.1299 1904
33.1299 1428
33.1858 1904
33.1858 1428
33.2426 1904
33.2426 1428
33.3054 1904
33.3054 1428
33.3715 1904
33.3715 1428
33.4402 1904
33.4402 1428
33.5123 1904
33.5123 1428
33.5878 1904
33.5878 1428
33.6666 1904
33.6666 1428
33.7489 1904
33.7489 1428
33.8345 1904
33.8345 1428
33.9236 1904
33.9236 1428
34.016 1904
34.016 1428
34.1118 1904
34.1118 1428
34.2119 1904
34.2119 1428
34.3154 1904
34.3154 1428
34.4231 1904
34.4231 1428
34.535 1904
34.535 1428
34.6503 1904
34.6503 1428
34.7699 1904
34.7699 1428
34.8937 1904
34.8937 1428
35.0217 1904
35.0217 1428
35.1549 1904
35.1549 1428
35.2923 1904
35.2923 1428
35.4339 1904
35.4339 1428
35.6347 1904
35.6347 1428
35.6629 1904
35.6629 1428
35.6925 1904
35.6925 1428
35.7177 1904
35.7177 952
35.7177 1428
35.7429 476
35.7429 952
35.7429 1904
35.7429 1428
35.7437 952
35.7437 2856
35.7437 1428
35.7437 9044
35.7681 1428
35.7698 1904
35.7698 1428
35.7715 1904
35.7715 1428
35.7732 1904
35.7732 1428
35.7765 1904
35.7765 1428
35.7799 1904
35.7799 1428
35.7816 1904
35.7816 1428
35.7833 1904
35.7833 1428
35.785 1904
35.785 1428
35.7867 1904
35.7867 1428
35.8119 1904
35.8119 1428
35.8371 1904
35.8371 1428
35.8622 1904
35.8622 1428
35.8874 1904
35.8874 1428
35.9126 1904
35.9126 1428
35.9377 1904
35.9377 1428
35.9629 1904
35.9629 1428
35.9881 1904
35.9881 1428
36.0141 1904
36.0141 1428
36.0401 1904
36.0401 1428
36.0661 1904
36.0661 1428
36.0921 1904
36.0921 1428
36.1181 1904
36.1181 1428
36.1442 1904
36.1442 1428
36.1702 1904
36.1702 1428
36.1962 1904
36.1962 1428
36.2222 1904
36.2222 1428
36.2482 1904
36.2482 1428
36.2742 1904
36.2742 1428
36.3003 1904
36.3003 1428
36.3263 1904
36.3263 1428
36.3523 1904
36.3523 1428
36.3783 1904
36.3783 1428
36.4043 1904
36.4043 1428
36.4303 1904
36.4303 1428
36.4564 1904
36.4564 1428
36.4824 1904
36.4824 1428
36.5084 1904
36.5084 1428
36.5344 1904
36.5344 1428
36.5604 1904
36.5604 1428
36.5864 1904
36.5864 1428
36.6125 1904
36.6125 1428
36.6385 1904
36.6385 1428
36.6645 1904
36.6645 1428
36.6905 1904
36.6905 1428
36.7165 1904
36.7165 1428
36.7425 1904
36.7425 1428
36.7685 1904
36.7685 1428
36.7946 1904
36.7946 1428
36.8206 1904
36.8206 1428
36.8466 1904
36.8466 1428
36.8726 1904
36.8726 1428
36.8986 1904
36.8986 1428
36.9246 1904
36.9246 1428
36.9507 1904
36.9507 1428
36.9767 1904
36.9767 1428
37.0027 1904
37.0027 1428
37.0287 1904
37.0287 1428
37.0547 1904
37.0547 1428
37.0807 1904
37.0807 1428
37.1068 1904
37.1068 1428
37.1328 1904
37.1328 1428
37.1588 1904
37.1588 1428
37.1848 1904
37.1848 1428
37.2108 1904
37.2108 1428
37.2368 1904
37.2368 1428
37.2629 1904
37.2629 1428
37.2889 1904
37.2889 1428
37.3149 1904
37.3149 1428
37.3409 1904
37.3409 1428
37.3669 1904
37.3669 1428
37.3929 1904
37.3929 1428
37.4189 1904
37.4189 1428
37.445 1904
37.445 1428
37.471 1904
37.471 1428
37.497 1904
37.497 1428
37.523 1904
37.523 1428
37.549 1904
37.549 1428
37.575 1904
37.575 1428
37.6011 1904
37.6011 1428
37.6271 1904
37.6271 1428
37.6531 1904
37.6531 1428
37.6791 1904
37.6791 1428
37.7051 1904
37.7051 1428
37.7311 1904
37.7311 1428
37.7572 1904
37.7572 1428
37.7832 1904
37.7832 1428
37.8092 1904
37.8092 1428
37.8352 1904
37.8352 1428
37.8612 1904
37.8612 1428
37.8872 1904
37.8872 1428
37.9133 1904
37.9133 1428
37.9393 1904
37.9393 1428
37.9653 1904
37.9653 1428
37.9913 1904
37.9913 1428
38.0173 1904
38.0173 1428
38.0433 1904
38.0433 1428
38.0693 1904
38.0693 1428
38.0954 1904
38.0954 1428
38.1214 1904
38.1214 1428
38.1474 1904
38.1474 1428
38.1734 1904
38.1734 1428
38.1994 1904
38.1994 1428
38.2254 1904
38.2254 1428
38.2515 1904
38.2515 1428
38.2775 1904
38.2775 1428
38.3035 1904
38.3035 1428
38.3295 1904
38.3295 1428
38.3555 1904
38.3555 1428
38.3815 1904
38.3815 1428
38.4076 1904
38.4076 1428
38.4336 1904
38.4336 1428
38.4596 1904
38.4596 1428
38.4856 1904
38.4856 1428
38.5116 1904
38.5116 1428
38.5376 1904
38.5376 1428
38.5636 1904
38.5636 1428
38.5897 1904
38.5897 1428
38.6157 1904
38.6157 1428
38.6417 1904
38.6417 1428
38.6677 1904
38.6677 1428
38.6937 1904
38.6937 1428
38.7197 1904
38.7197 1428
38.7458 1904
38.7458 1428
38.7718 1904
38.7718 1428
38.7978 1904
38.7978 1428
38.8238 1904
38.8238 1428
38.8498 1904
38.8498 1428
38.8758 1904
38.8758 1428
38.9019 1904
38.9019 1428
38.9279 1904
38.9279 1428
38.9539 1904
38.9539 1428
38.9799 1904
38.9799 1428
39.0059 1904
39.0059 1428
39.0319 1904
39.0319 1428
39.058 1904
39.058 1428
39.084 1904
39.084 1428
39.11 1904
39.11 1428
39.136 1904
39.136 1428
39.162 1904
39.162 1428
39.188 1904
39.188 1428
39.214 1904
39.214 1428
39.2401 1904
39.2401 1428
39.2661 1904
39.2661 1428
39.2921 1904
39.2921 1428
39.3181 1904
39.3181 1428
39.3441 1904
39.3441 1428
39.3701 1904
39.3701 1428
39.3962 1904
39.3962 1428
39.4222 1904
39.4222 1428
39.4482 1904
39.4482 1428
39.4742 1904
39.4742 1428
39.5002 1904
39.5002 1428
39.5262 1904
39.5262 1428
39.5523 1904
39.5523 1428
39.5783 1904
39.5783 1428
39.6043 1904
39.6043 1428
39.6303 1904
39.6303 1428
39.6563 1904
39.6563 1428
39.6823 1904
39.6823 1428
39.7084 1904
39.7084 1428
39.7344 1904
39.7344 1428
39.7604 1904
39.7604 1428
39.7864 1904
39.7864 1428
39.8124 1904
39.8124 1428
39.8384 1904
39.8384 1428
39.8644 1904
39.8644 1428
39.8905 1904
39.8905 1428
39.9165 1904
39.9165 1428
39.9425 1904
39.9425 1428
39.9685 1904
39.9685 1428
39.9945 1904
39.9945 1428
40.0205 1904
40.0205 1428
40.0466 1904
40.0466 1428
40.0726 1904
40.0726 1428
40.1017 1904
40.1017 1428
40.1356 1904
40.1356 1428
40.2153 1904
40.2153 1428
40.4153 476
40.4179 9044
50.6815 1428
50.6857 1904
50.6857 1428
50.6917 1904
50.6917 1428
50.6976 1904
50.6976 1428
50.7027 1904
50.7027 1428
50.7086 1904
50.7086 1428
50.7129 1904
50.7129 1428
50.7188 1904
50.7188 1428
50.7341 1904
50.7341 1428
50.7807 1904
50.7807 1428
50.8197 1904
50.8197 1428
50.8536 1904
50.8536 1428
50.885 1904
50.885 1428
50.9147 1904
50.9147 1428
50.9461 9044
60.5719 9520
60.5719 5712
60.5864 1428
60.5864 1904
60.5872 4294964440
60.5991 4294959680
60.5999 4294954920
60.6398 4294950160
60.6406 4294945400
60.7424 4294940640
60.7432 4294935880
60.7441 4294926360
60.7449 4294916840
60.7458 4294907320
60.7466 4294897800
60.7475 4294888280
60.748 476
60.7483 1904
61.0246 1428
61.0262 1904
61.0262 1428
61.0271 1904
61.0271 1428
61.0288 1904
61.0288 1428
61.0305 1904
61.0305 1428
61.0514 1904
61.0514 1428
61.0548 1904
61.0548 1428
61.0565 1904
61.0565 1428
61.0768 1904
61.0768 1428
61.0803 1904
61.0803 1428
61.082 1904
61.082 1428
61.0837 1904
61.0837 1428
61.0854 1904
61.0854 1428
61.1072 1904
61.1072 1428
61.1081 1904
61.1081 1428
61.1097 1904
61.1097 1428
61.1324 1904
61.1324 1428
61.1332 1904
61.1332 1428
61.1341 1904
61.1341 1428
61.1603 1904
61.1603 1428
61.162 1904
61.162 1428
61.1637 1904
61.1637 1428
61.1891 1904
61.1891 1428
61.1908 1904
61.1908 1428
61.1925 1904
61.1925 1428
61.2171 1904
61.2171 1428
61.2196 1904
61.2196 1428
61.2213 1904
61.2213 1428
61.223 1904
61.223 1428
61.2502 4294888280
61.5461 83300
61.5461 81872
61.547 80444
61.5478 78540
61.5487 76636
61.5504 74732
61.5512 72828
61.5521 70448
61.5538 68068
61.5546 65688
61.5555 62832
61.5563 59976
61.5572 57120
61.558 54264
61.5589 51408
61.5597 48552
61.5606 45696
61.5614 42840
61.5623 39984
61.5631 37128
61.564 34272
61.5648 31416
61.5657 28560
61.5665 25704
61.5673 22848
61.5682 19992
61.569 17136
61.5699 14280
61.5707 11424
61.5716 8568
61.5724 5712
61.5733 2856
61.5741 476
61.5741 952
61.5741 1904
61.575 4294966344
61.5758 4294963488
61.5767 4294960632
61.5775 4294957776
61.5784 4294954920
61.5792 4294952064
61.5801 4294949208
61.5809 4294946352
61.5826 4294943496
61.5835 4294940640
61.5843 4294936832
61.5852 4294933024
61.586 4294929216
61.5869 4294925408
61.5877 4294921600
61.5894 4294917792
61.5902 4294913984
61.5911 4294909700
61.5919 4294905416
61.5928 4294901132
61.5936 4294896848
61.5945 4294892564
61.5953 4294888280
61.5962 4294883996
61.597 4294879712
61.5979 4294875428
61.5987 4294871144
61.5996 4294866860
61.6004 4294862576
61.6013 4294858292
61.6021 4294854008
61.603 4294849724
61.6038 4294845440
61.6047 4294841156
61.6055 4294836872
61.6064 4294832588
61.6072 4294828304
61.6081 4294824020
61.6089 4294819736
61.6097 4294815452
61.6106 4294811168
61.6114 4294806884
61.6123 4294802600
61.6131 4294798316
61.614 4294794032
61.6148 4294789748
61.6157 4294785464
61.6165 4294781180
61.6174 4294776896
61.6182 4294772612
61.6191 4294768328
61.6199 4294764044
61.6208 4294759760
61.6216 4294755476
61.6225 4294751192
61.6233 4294746432
61.6242 4294741672
61.6267 4294736912
61.6276 4294732152
61.6284 4294726440
61.6293 4294720728
61.6301 4294715016
61.6318 4294709304
61.6326 4294703592
61.6335 4294697404
61.6343 4294691216
61.6352 4294685028
61.636 4294678840
61.6369 4294672652
61.6377 4294666464
61.6386 4294660276
61.6394 4294654088
61.6403 4294647900
61.6411 4294641712
61.642 4294635524
61.6428 4294629336
61.6437 4294623148
61.6445 4294616960
61.6454 4294610772
61.6462 4294604584
61.6471 4294598396
61.6479 4294592208
61.6488 4294586020
61.6496 4294579832
61.6505 4294573644
61.6513 4294567456
61.6521 4294561268
61.653 4294555080
61.6538 4294548892
61.6547 4294542704
61.6555 4294536516
61.6564 4294530328
61.6572 4294524140
61.6581 4294517952
61.6589 4294511764
61.6598 4294505576
61.6606 4294499388
61.6615 4294493200
61.6623 4294487012
61.6632 4294480348
61.6657 4294473684
61.6666 4294467020
61.6674 4294459404
61.6683 4294451788
61.67 4294444172
61.6708 4294436556
61.6717 4294428464
61.6725 4294420372
61.6733 4294412280
61.6742 4294404188
61.675 4294396096
61.6759 4294388004
61.6767 4294379912
61.6776 4294371820
61.6784 4294363728
61.6793 4294355636
61.6801 4294347544
61.681 4294339452
61.6818 4294331360
61.6827 4294323268
61.6835 4294315176
61.6844 4294307084
61.6852 4294298992
61.6861 4294290900
61.6869 4294282808
61.6878 4294275192
61.6886 4294267576
61.6903 4294260436
61.6912 4294253772
61.692 4294247584
61.6929 4294241872
61.6937 4294236636
61.6945 4294231400
61.6954 4294226164
61.6962 4294220928
61.6971 4294215692
61.6979 4294210456
61.6988 4294205220
61.6996 4294199984
61.7005 4294194748
61.7013 4294189988
61.7022 4294185704
61.703 4294181420
61.7047 4294177136
61.7056 4294172852
61.7064 4294168568
61.7081 4294164284
61.709 4294160000
61.7098 4294156192
61.7107 4294152384
61.7115 4294148576
61.7124 4294144768
61.7132 4294140960
61.7141 4294137152
61.7149 4294133344
61.7157 4294129536
61.7166 4294125728
61.7174 4294121920
61.7183 4294118112
61.7191 4294114304
61.72 4294110496
61.7208 4294106688
61.7217 4294102880
61.7225 4294099072
61.7234 4294095264
61.7242 4294091456
61.7251 4294087648
61.7259 4294083840
61.7268 4294080032
61.7276 4294076224
61.7285 4294072416
61.7293 4294068608
61.7302 4294064800
61.731 4294060992
61.7319 4294057184
61.7327 4294053376
61.7336 4294049568
61.7344 4294045760
61.7353 4294041952
61.7361 4294038144
61.7369 4294034336
61.7378 4294030528
61.7386 4294026720
61.7395 4294022912
61.7403 4294019104
61.7412 4294015296
61.742 4294011488
61.7429 4294008156
61.7437 4294004824
61.7446 4294001492
61.7454 4293998160
61.7463 4293994828
61.7471 4293991496
61.748 4293988640
61.7488 4293986260
61.7505 4293983880
61.7522 4293981500
61.7539 4293979120
61.7556 4293976740
61.7573 4293974836
61.759 4293972932
61.7607 4293971028
61.7624 4293969124
61.7641 4293967220
61.7666 4293965316
61.7683 4293963412
61.77 4293961508
61.7717 4293959604
61.7734 4293957700
61.7751 4293955796
61.7768 4293953892
61.7785 4293951988
61.7802 4293950084
61.7819 4293948180
61.7836 4293946276
61.7853 4293944372
61.787 4293942468
61.7887 4293940564
61.7904 4293938660
61.7921 4293936756
61.7938 4293934852
61.8039 4293932948
61.8048 4293931044
61.8056 4293929140
61.8065 4293922476
61.8073 4293915812
61.8082 4293909148
61.809 4293902960
61.8099 4293897248
61.8107 4293891536
61.8107 4294888280
61.8115 71400
61.8115 66164
61.8115 70924
61.8124 65688
61.8132 60452
61.8141 55216
61.8149 49980
61.8158 44744
61.8166 39508
61.8175 34272
61.8183 29036
61.8192 23800
61.82 18564
61.8209 13328
61.8217 8092
61.8226 2856
61.8234 4294964916
61.8243 4294959680
61.8251 4294954444
61.826 4294949208
61.8268 4294943972
61.8277 4294938736
61.8285 4294933500
61.8294 4294928264
61.8302 4294923028
61.8319 4294917792
61.8328 4294912556
61.8336 4294907320
61.8345 4294902084
61.8353 4294896848
61.8362 4294891136
61.837 4294883044
61.8379 4294874952
61.8387 4294866860
61.8396 4294858768
61.8404 4294850676
61.8413 4294842584
61.8421 4294834492
61.8429 4294826400
61.8438 4294818308
61.8446 4294810216
61.8455 4294802124
61.8463 4294794032
61.8472 4294785940
61.848 4294777848
61.8489 4294769756
61.8497 4294761664
61.8506 4294753572
61.8514 4294745480
61.8523 4294737388
61.8531 4294729296
61.854 4294721204
61.8548 4294713112
61.8557 4294705020
61.8565 4294696928
61.8574 4294688836
61.8582 4294680744
61.8591 4294672652
61.8599 4294664560
61.8608 4294656468
61.8616 4294648376
61.8625 4294640284
61.8633 4294632192
61.8641 4294624100
61.865 4294616008
61.8658 4294607916
61.8667 4294599824
61.8675 4294591732
61.8684 4294583640
61.8692 4294575072
61.8709 4294566504
61.8718 4294557936
61.8726 4294548892
61.8735 4294539848
61.8743 4294530804
61.8752 4294521760
61.876 4294512716
61.8769 4294503672
61.8777 4294494628
61.8786 4294485584
61.8794 4294476540
61.8803 4294467496
61.8811 4294458452
61.882 4294449408
61.8828 4294440364
61.8845 4294431320
61.8853 4294422276
61.8862 4294412756
61.887 4294403236
61.8879 4294393716
61.8887 4294384196
61.8896 4294374676
61.8904 4294365156
61.8913 4294355636
61.8921 4294346116
61.893 4294336596
61.8938 4294327076
61.8947 4294317556
61.8955 4294308036
61.8964 4294298516
61.8972 4294288996
61.8981 4294279476
61.8989 4294269956
61.8998 4294260436
61.9006 4294250916
61.9015 4294241396
61.9023 4294231876
61.9032 4294222356
61.904 4294212836
61.9049 4294203316
61.9057 4294193796
61.9065 4294184276
61.9074 4294174756
61.9091 4294165236
61.9099 4294155240
61.9108 4294144768
61.9116 4294134296
61.9125 4294123824
61.9133 4294113352
61.9142 4294102880
61.915 4294092408
61.9159 4294081936
61.9167 4294071464
61.9176 4294060992
61.9184 4294050520
61.9193 4294040048
61.9201 4294029576
61.921 4294019104
61.9218 4294008632
61.9227 4293998160
61.9235 4293987688
61.9244 4293977216
61.9252 4293966744
61.9261 4293956272
61.9269 4293945800
61.9277 4293935328
61.9286 4293924856
61.9294 4293914384
61.9303 4293903912
61.9311 4293893440
61.932 4293882968
61.9328 4293872496
61.9337 4293862024
61.9345 4293851552
61.9354 4293841080
61.9362 4293830608
61.9371 4293820136
61.9379 4293809664
61.9388 4293799192
61.9396 4293788720
61.9405 4293778248
61.9413 4293767776
61.9422 4293757304
61.943 4293746832
61.9439 4293736360
61.9447 4293725888
61.9456 4293715416
61.9464 4293704944
61.9473 4293694472
61.9481 4293684000
61.9489 4293674004
61.9498 4293664484
61.9506 4293654964
61.9515 4293645920
61.9523 4293637352
61.9532 4293628784
61.954 4293620692
61.9549 4293613076
61.9557 4293605936
61.9566 4293599272
61.9574 4293593084
61.9583 4293586896
61.9591 4293580708
61.96 4293574044
61.9608 4293567380
61.9617 4293560716
61.9625 4293554052
61.9634 4293547388
61.9642 4293540724
61.9651 4293534060
61.9659 4293527396
61.9668 4293520732
61.9676 4293514544
61.9685 4293508832
61.9693 4293503596
61.9701 4293498836
61.971 4293494552
61.9718 4293490744
61.9727 4293486936
61.9735 4293483128
61.9744 4293479320
61.9761 4293475512
61.9769 4293471704
61.9778 4293467896
61.9786 4293464088
61.9795 4293460280
61.9803 4293456472
61.9812 4293452664
61.982 4293448856
61.9829 4293445048
61.9837 4293441240
61.9846 4293437432
61.9854 4293433624
61.9863 4293429816
61.9871 4293426008
61.988 4293422200
61.9888 4293418392
61.9897 4293414584
61.9905 4293410776
61.9913 4293406968
61.9922 4293403160
61.993 4293399352
61.9939 4293395544
61.9947 4293391736
61.9956 4293387928
61.9964 4293384120
61.9973 4293380312
61.9981 4293376504
61.999 4293372696
61.9998 4293368888
62.0007 4293365080
62.0015 4293361272
62.0024 4293357940
62.0032 4293354608
62.0041 4293351276
62.0049 4293347944
62.0058 4293345088
62.0066 4293342232
62.0075 4293339376
62.0083 4293336520
62.0092 4293333664
62.01 4293330808
62.0109 4293327952
62.0117 4293325096
62.0125 4293322240
62.0134 4293319384
62.0142 4293316528
62.0151 4293313672
62.0168 4293310816
62.0185 4293307960
62.0202 4293305104
62.021 4293302248
62.0219 4293299868
62.0227 4293297488
62.0236 4293295108
62.0244 4293292728
62.0253 4293290348
62.0261 4293287968
62.027 4293285588
62.0278 4293283208
62.0287 4293280828
62.0295 4293278448
62.0304 4293276068
62.0312 4293273688
62.0321 4293271308
62.0329 4293268928
62.0337 4293266548
62.0346 4293264168
62.0354 4293261788
62.0363 4293259408
62.0371 4293257028
62.038 4293254648
62.0388 4293252268
62.0397 4293249888
62.0405 4293247508
62.0414 4293245128
62.0422 4293242748
62.0431 4293240368
62.0439 4293237988
62.0448 4293235608
62.0456 4293233228
62.0465 4293231324
62.0473 4293229896
62.0482 4293228468
62.049 4293227040
62.0499 4293225612
62.0507 4293224184
62.0516 4293222756
62.0524 4293221328
62.0533 4293219900
62.0541 4293218472
62.0549 4293217044
62.0558 4293215616
62.0566 4293214188
62.0575 4293212760
62.0592 4293211332
62.06 4293209904
62.0609 4293208476
62.0617 4293207048
62.0626 4293205620
62.0634 4293204192
62.0643 4293202764
62.0651 4293201336
62.066 4293199908
62.0668 4293198480
62.0677 4293197052
62.0685 4293195624
62.0694 4293194196
62.0702 4293192768
62.0711 4293191340
62.0719 4293189912
62.0728 4293188484
62.0736 4293187056
62.0745 4293185628
62.0753 4293184200
62.0761 4293182772
62.077 4293181344
62.0778 4293179916
62.0787 4293178488
62.0795 4293177060
62.0804 4293175632
62.0812 4293174204
62.0821 4293172776
62.0829 4293171348
62.0838 4293169920
62.0846 4293168968
62.0855 4293168016
62.0863 4293167064
62.0872 4293166112
62.088 4293165160
62.0889 4293164684
62.0897 4293164208
62.0906 4293163732
62.0914 4293163256
62.0923 4293162780
62.0931 4293162304
62.094 4293161828
62.0948 4293161352
62.0957 4293160876
62.0965 4293160400
62.0973 4293159924
62.0982 4293159448
62.099 4293158972
62.1007 4293158496
62.1016 4293158020
62.1024 4293157544
62.1033 4293157068
62.1041 4293156592
62.105 4293156116
62.1058 4293155640
62.1067 4293155164
62.1075 4293154688
62.1084 4293154212
62.1092 4293153736
62.1101 4293153260
62.1109 4293152784
62.1118 4293152308
62.1126 4293151832
62.1135 4293151356
62.1143 4293150880
62.1152 4293150404
62.116 4293149928
62.1169 4293149452
62.1177 4293148976
62.1185 4293148500
62.1194 4293148024
62.1202 4293147548
62.1211 4293147072
62.1219 4293146596
62.1228 4293146120
62.1236 4293145644
62.1245 4293145168
62.1253 4293144692
62.1262 4293144216
62.127 4293143740
62.1279 4293143264
62.1287 4293142788
62.1296 4293142312
62.1304 4293141836
62.1313 4293141360
62.1321 4293140884
62.133 4293140408
62.1338 4293139932
62.1347 4293139456
62.1355 4293138980
62.1364 4293138504
62.1372 4293138028
62.1381 4293137552
62.1389 4293137076
62.1397 4293136600
62.1414 4293136124
62.1423 4293135648
62.1431 4293135172
62.144 4293134696
62.1448 4293134220
62.1457 4293133744
62.1465 4293133268
62.1474 4293132792
62.1481 476
62.1482 1904
81.4679 1428
81.5612 1904
81.5612 1428
81.696 1904
81.696 1428
81.8063 4294888280
81.9996 82824
81.9996 81872
82.0005 80920
82.0013 79968
82.0039 79016
82.0047 78064
82.0056 76160
82.0064 74256
82.0073 72352
82.0081 70448
82.0098 68544
82.0107 66640
82.0115 64260
82.0124 61880
82.0132 59500
82.0141 57120
82.0149 54740
82.0158 52360
82.0217 49980
82.0276 47600
82.0285 41888
82.0336 33320
82.0353 24752
82.0361 13804
82.0404 2380
82.0412 4294958252
82.0421 4294944924
82.0429 4294931596
82.0454 4294918268
82.0463 4294904940
82.0471 4294890660
82.048 4294876380
82.0488 4294862100
82.0497 4294847820
82.0505 4294833540
82.0522 4294819260
82.0531 4294804980
82.0539 4294790224
82.0548 4294775468
82.0556 4294760712
82.0573 4294745956
82.0633 4294731200
82.0692 4294715492
82.07 4294696928
82.0709 4294675508
82.0717 4294654088
82.0751 4294632668
82.076 4294611248
82.0768 4294588400
82.0777 4294565552
82.0785 4294542704
82.0811 4294519856
82.0819 4294497008
82.0828 4294473208
82.0836 4294449408
82.0845 4294425608
82.0853 4294401808
82.0878 4294378008
82.0895 4294354208
82.0904 4294329456
82.0912 4294304228
82.0921 4294279000
82.0938 4294253772
82.0946 4294228544
82.0955 4294202840
82.0989 4294177136
82.0997 4294151432
82.1048 4294123824
82.1057 4294096216
82.1065 4294066228
82.1107 4294036240
82.1116 4294006252
82.1124 4293974360
82.1175 4293942468
82.1184 4293910576
82.1192 4293876304
82.1201 4293842032
82.1235 4293807760
82.1243 4293773488
82.1252 4293737788
82.126 4293702088
82.1269 4293666388
82.1277 4293630688
82.1294 4293594988
82.1302 4293559288
82.1311 4293523112
82.1319 4293486936
82.1328 4293450760
82.1336 4293414584
82.1345 4293378408
82.1353 4293342232
82.1362 4293306056
82.1404 4293269880
82.1413 4293233704
82.1667 4293198480
82.1676 4293163732
82.1684 4293129460
82.1693 4293095664
82.1701 4293062344
82.1709 4293029500
82.1718 4292997132
82.1726 4292965240
82.1735 4292933824
82.1743 4292902884
82.1752 4292872420
82.176 4292842432
82.1769 4292812920
82.1777 4292783884
82.1786 4292755324
82.1794 4292727240
82.1803 4292699632
82.1811 4292672500
82.182 4292645844
82.1828 4292619664
82.1837 4292593960
82.1854 4292568732
82.1871 4292543980
82.1888 4292519704
82.1896 4292495904
82.1905 4292472580
82.1921 4292449732
82.1938 4292427360
82.1955 4292405464
82.1964 4292383568
82.1981 4292359292
82.1998 4292335016
82.2006 4292310740
82.2023 4292286464
82.204 4292262664
82.2057 4292239340
82.2066 4292216492
82.2083 4292194120
82.21 4292172224
82.2117 4292150804
82.2133 4292129860
82.2142 4292109392
82.215 4292089400
82.2159 4292069884
82.2167 4292050844
82.2176 4292032280
82.2184 4292014192
82.2201 4291996580
82.221 4291979444
82.2227 4291962784
82.2244 4291946600
82.2286 4291930416
82.2295 4291914232
82.2303 4291897096
82.2312 4291879960
82.232 4291862824
82.2329 4291846164
82.2337 4291829980
82.2345 4291814272
82.2354 4291798564
82.2362 4291782856
82.2371 4291767148
82.2379 4291751916
82.2388 4291736684
82.2396 4291721452
82.2422 4291706220
82.243 4291690988
82.2439 4291674804
82.2447 4291658620
82.2456 4291642436
82.2464 4291626252
82.2473 4291610544
82.2481 4291595312
82.249 4291580556
82.2498 4291566276
82.2507 4291552472
82.2515 4291539144
82.2524 4291526292
82.2532 4291513916
82.2541 4291502016
82.2549 4291490592
82.2557 4291479644
82.2574 4291468696
82.2583 4291457748
82.2591 4291446800
82.26 4291435852
82.2608 4291425380
82.2617 4291415384
82.2634 4291405864
82.2642 4291396820
82.2651 4291387776
82.2659 4291378732
82.2668 4291369688
82.2676 4291361120
82.2685 4291353028
82.2693 4291345412
82.2702 4291337796
82.271 4291330180
82.2719 4291322564
82.2761 4291314948
82.2769 4291307332
82.2778 4291298288
82.2786 4291289244
82.2795 4291280200
82.2812 4291271156
82.282 4291262112
82.2829 4291252592
82.2863 4291243072
82.2871 4291233552
82.288 4291222604
82.2888 4291211656
82.2897 4291200708
82.2914 4291189760
82.2922 4291178812
82.2931 4291167388
82.2939 4291155964
82.2948 4291144540
82.2956 4291132640
82.2998 4291120740
82.3032 4291108840
82.3041 4291095036
82.3058 4291079804
82.3075 4291064572
82.3083 4291048864
82.3092 4291032680
82.31 4291016496
82.3109 4291000312
82.3117 4290984128
82.3134 4290967944
82.3143 4290951760
82.3151 4290935100
82.316 4290918440
82.3168 4290901780
82.3177 4290885120
82.3185 4290868460
82.3193 4290851800
82.3202 4290835140
82.321 4290818480
82.3219 4290801820
82.3227 4290785160
82.3236 4290768500
82.3244 4290751840
82.3253 4290735180
82.3261 4290718520
82.327 4290701860
82.3278 4290685200
82.3287 4290669016
82.3295 4290653308
82.3304 4290638076
82.3312 4290623320
82.3321 4290609040
82.3329 4290594760
82.3338 4290580480
82.3355 4290566200
82.3372 4290552396
82.338 4290538592
82.3397 4290524788
82.3413 476
82.3414 1904
93.2407 1428
93.2585 1904
93.2585 1428
93.2959 1904
93.2959 1428
93.3298 1904
93.3298 1428
93.3612 1904
93.3612 1428
93.3908 1904
93.3908 1428
93.4239 1904
93.4239 1428
93.4587 4294888280
93.7173 82824
93.7173 82348
93.7182 81872
93.719 80920
93.7208 79968
93.7216 79016
93.7224 77588
93.7241 76160
93.725 74732
93.7258 72828
93.7267 70924
93.7275 69020
93.7284 67116
93.7292 65212
93.7301 63308
93.7309 61404
93.7318 59500
93.7326 57596
93.7335 55692
93.7343 53788
93.7352 51884
93.736 49980
93.7369 48076
93.7377 46172
93.7386 44268
93.7394 42364
93.7403 40460
93.7411 38556
93.742 36652
93.7428 34748
93.7436 32844
93.7445 30940
93.7453 29036
93.7462 27132
93.747 25228
93.7479 23324
93.7487 21420
93.7496 19516
93.7504 17136
93.753 14756
93.7538 12376
93.7572 9044
93.7581 5712
93.7589 952
93.7589 1428
93.7589 1904
93.7598 4294964440
93.7615 4294959680
93.7623 4294954920
93.7632 4294949684
93.764 4294944448
93.7648 4294939212
93.7657 4294933976
93.7665 4294928740
93.7674 4294923504
93.7682 4294918268
93.7691 4294913032
93.7699 4294907796
93.7708 4294902560
93.7716 4294897324
93.7725 4294892088
93.7733 4294886852
93.7742 4294881616
93.775 4294876380
93.7759 4294871144
93.7767 4294865908
93.7776 4294860672
93.7784 4294855436
93.7793 4294850200
93.7801 4294844964
93.781 4294839728
93.7818 4294834492
93.7827 4294829256
93.7835 4294824020
93.7844 4294818784
93.7852 4294813548
93.786 4294808312
93.7869 4294803076
93.7877 4294797840
93.7886 4294792604
93.7894 4294787368
93.792 4294782132
93.7928 4294776420
93.7954 4294769756
93.7962 4294763092
93.7971 4294755476
93.7988 4294747860
93.7996 4294740244
93.8005 4294732152
93.8013 4294724060
93.8022 4294715968
93.803 4294707876
93.8039 4294699784
93.8047 4294691692
93.8056 4294683600
93.8064 4294675508
93.8072 4294667416
93.8081 4294659324
93.8089 4294651232
93.8098 4294643140
93.8106 4294635048
93.8115 4294626956
93.8123 4294618864
93.8132 4294610772
93.814 4294602680
93.8149 4294594588
93.8157 4294586496
93.8166 4294578404
93.8174 4294570312
93.8183 4294562220
93.8191 4294554128
93.82 4294546036
93.8208 4294537944
93.8217 4294529852
93.8225 4294521760
93.8234 4294513668
93.8242 4294505576
93.8251 4294497484
93.8259 4294489392
93.8268 4294481300
93.8276 4294473208
93.8284 4294465116
93.8293 4294457024
93.8301 4294448932
93.831 4294440364
93.8335 4294431796
93.8344 4294423228
93.8352 4294413708
93.8361 4294404188
93.8378 4294394668
93.8386 4294385148
93.8403 4294375152
93.8412 4294365156
93.842 4294354684
93.8429 4294344212
93.8437 4294333740
93.8446 4294323268
93.8454 4294312796
93.8463 4294302324
93.8471 4294291852
93.848 4294281380
93.8488 4294270908
93.8496 4294260436
93.8505 4294249964
93.8513 4294239492
93.8522 4294229020
93.853 4294218548
93.8539 4294208076
93.8547 4294197604
93.8556 4294187132
93.8564 4294176660
93.8573 4294166188
93.8581 4294155716
93.859 4294145244
93.8598 4294134772
93.8675 4294124776
93.8683 4294115256
93.87 4294106212
93.8717 4294097644
93.8725 4294089552
93.8734 4294081936
93.8742 4294074796
93.8751 4294068132
93.8759 4294061944
93.8768 4294056232
93.8776 4294050520
93.8785 4294044808
93.8793 4294039096
93.8802 4294033384
93.881 4294027672
93.8819 4294021960
93.8827 4294016248
93.8836 4294010536
93.8844 4294004824
93.8853 4293999112
93.8861 4293993400
93.887 4293987688
93.8878 4293981976
93.8887 4293976264
93.8895 4293970552
93.8904 4293964840
93.8912 4293959128
93.892 4293953416
93.8929 4293947704
93.8946 4293941992
93.8954 4293936280
93.8963 4293930568
93.8971 4293924856
93.898 4293919144
93.8988 4293913432
93.8997 4293907720
93.9005 4293902008
93.9014 4293896296
93.9022 4293890584
93.9031 4293884872
93.9039 4293879636
93.9056 4293874400
93.9065 4293869164
93.9082 4293864404
93.9099 4293860120
93.9116 4293856312
93.9124 4293852980
93.9131 476
93.9132 1904
