0.010001 1 -0
0.110001 1 1.74897
0.110001 2 0.0727846
0.210001 1 2.30794
0.210001 2 0.114677
0.310001 1 2.49387
0.310001 2 0.124546
0.410001 1 2.59135
0.410001 2 0.129159
0.510001 1 2.64605
0.510001 2 0.131832
0.610001 1 2.68254
0.610001 2 0.133576
0.710001 1 2.7086
0.710001 2 0.134803
0.810001 1 2.7303
0.810001 2 0.135715
0.910001 1 2.74526
0.910001 2 0.136417
1.01 1 2.75724
1.01 2 0.136976
1.11 1 2.76703
1.11 2 0.137431
1.21 1 2.7752
1.21 2 0.137809
1.31 1 2.7834
1.31 2 0.138127
1.41 1 2.78923
1.41 2 0.138399
1.51 1 2.79428
1.51 2 0.138634
1.61 1 2.7987
1.61 2 0.13884
1.71 1 2.80261
1.71 2 0.13902
1.81 1 2.80699
1.81 2 0.139181
1.91 1 2.81005
1.91 2 0.139239
2.01 1 2.8268
2.01 2 0.139372
2.11 1 2.82941
2.11 2 0.139493
2.21 1 2.83179
2.21 2 0.139529
2.31 1 2.83395
2.31 2 0.139632
2.41 1 2.83593
2.41 2 0.139659
2.51 1 2.83775
2.51 2 0.139749
2.61 1 2.83943
2.61 2 0.139831
2.71 1 2.84099
2.71 2 0.139848
2.81 1 2.84243
2.81 2 0.139921
2.91 1 2.84377
2.91 2 0.139934
3.01 1 2.84502
3.01 2 0.139999
3.11 1 2.84619
3.11 2 0.14006
3.21 1 2.84729
3.21 2 0.140067
3.31 1 2.84832
3.31 2 0.140122
3.41 1 2.84929
3.41 2 0.140127
3.51 1 2.8502
3.51 2 0.140178
3.61 1 2.85062
3.61 2 0.140225
3.71 1 2.85101
3.71 2 0.140227
3.81 1 2.85138
3.81 2 0.14027
3.91 1 2.85214
3.91 2 0.140629
4.01 1 2.85247
4.01 2 0.140661
4.11 1 2.85278
4.11 2 0.140691
4.21 1 2.85307
4.21 2 0.140719
4.31 1 2.85335
4.31 2 0.140746
4.41 1 2.85399
4.41 2 0.140772
4.51 1 2.85423
4.51 2 0.140796
4.61 1 2.85447
4.61 2 0.14082
4.71 1 2.8547
4.71 2 0.140843
4.81 1 2.85525
4.81 2 0.140864
4.91 1 2.85545
4.91 2 0.140885
5.01 1 2.85564
5.01 2 0.140905
5.11 1 2.85583
5.11 2 0.140924
5.21 1 2.85601
5.21 2 0.140942
5.31 1 2.85649
5.31 2 0.14096
5.41 1 2.85665
5.41 2 0.140977
5.51 1 2.8568
5.51 2 0.140993
5.61 1 2.85695
5.61 2 0.141009
5.71 1 2.86207
5.71 2 0.140997
5.81 1 2.8624
5.81 2 0.141012
5.91 1 2.86271
5.91 2 0.141
6.01 1 2.86302
6.01 2 0.141014
6.11 1 2.86332
6.11 2 0.141028
6.21 1 2.86361
6.21 2 0.141017
6.31 1 2.86389
6.31 2 0.14103
6.41 1 2.86416
6.41 2 0.141019
6.51 1 2.86442
6.51 2 0.141032
6.61 1 2.86467
6.61 2 0.141045
6.71 1 2.86492
6.71 2 0.141034
6.81 1 2.86516
6.81 2 0.141046
6.91 1 2.86539
6.91 2 0.141035
7.01 1 2.86561
7.01 2 0.141047
7.11 1 2.86583
7.11 2 0.141059
7.21 1 2.86604
7.21 2 0.141048
7.31 1 2.86603
7.31 2 0.14106
7.41 1 2.86624
7.41 2 0.141049
7.51 1 2.86622
7.51 2 0.14106
7.61 1 2.86621
7.61 2 0.141071
7.71 1 2.86619
7.71 2 0.141243
7.81 1 2.86618
7.81 2 0.141251
7.91 1 2.86637
7.91 2 0.141259
8.01 1 2.86635
8.01 2 0.141267
8.11 1 2.86634
8.11 2 0.141274
8.21 1 2.86632
8.21 2 0.141282
8.31 1 2.86631
8.31 2 0.141289
8.41 1 2.86649
8.41 2 0.141296
8.51 1 2.86647
8.51 2 0.141302
8.61 1 2.86646
8.61 2 0.141309
8.71 1 2.86644
8.71 2 0.141316
8.81 1 2.86643
8.81 2 0.141322
8.91 1 2.86659
8.91 2 0.141328
9.01 1 2.86658
9.01 2 0.141334
9.11 1 2.86656
9.11 2 0.14134
9.21 1 2.86654
9.21 2 0.141346
9.31 1 2.8667
9.31 2 0.141352
9.41 1 2.86668
9.41 2 0.14134
9.51 1 2.86966
9.51 2 0.141346
9.61 1 2.86978
9.61 2 0.141351
9.71 1 2.8699
9.71 2 0.141341
9.81 1 2.87001
9.81 2 0.141346
9.91 1 2.87012
9.91 2 0.141336
10.01 1 2.87023
10.01 2 0.141341
10.11 1 2.8563
10.11 2 0.140701
10.21 1 2.83124
10.21 2 0.139467
10.31 1 2.80666
10.31 2 0.138256
10.41 1 2.78257
10.41 2 0.137364
10.51 1 2.75894
10.51 2 0.136194
10.61 1 2.73575
10.61 2 0.135046
10.71 1 2.71301
10.71 2 0.13392
10.81 1 2.69068
10.81 2 0.132815
10.91 1 2.66877
10.91 2 0.131731
11.01 1 2.64726
11.01 2 0.130666
11.11 1 2.62615
11.11 2 0.129621
11.21 1 2.60541
11.21 2 0.128595
11.31 1 2.58504
11.31 2 0.127587
11.41 1 2.56503
11.41 2 0.126597
11.51 1 2.54537
11.51 2 0.125624
11.61 1 2.52605
11.61 2 0.124668
11.71 1 2.50707
11.71 2 0.123729
11.81 1 2.48841
11.81 2 0.122805
11.91 1 2.47006
11.91 2 0.121898
12.01 1 2.45203
12.01 2 0.121005
12.11 1 2.43413
12.11 2 0.120128
12.21 1 2.42118
12.21 2 0.119265
12.31 1 2.40395
12.31 2 0.118416
12.41 1 2.387
12.41 2 0.117581
12.51 1 2.37033
12.51 2 0.11676
12.61 1 2.35392
12.61 2 0.115951
12.71 1 2.33777
12.71 2 0.115156
12.81 1 2.32188
12.81 2 0.114373
12.91 1 2.30623
12.91 2 0.113602
13.01 1 2.29083
13.01 2 0.112843
13.11 1 2.27566
13.11 2 0.112096
13.21 1 2.26073
13.21 2 0.11136
13.31 1 2.24602
13.31 2 0.110636
13.41 1 2.23153
13.41 2 0.109922
13.51 1 2.21726
13.51 2 0.109219
13.61 1 2.20321
13.61 2 0.108526
13.71 1 2.18935
13.71 2 0.107844
13.81 1 2.1757
13.81 2 0.107172
13.91 1 2.16225
13.91 2 0.106509
14.01 1 2.14899
14.01 2 0.105856
14.11 1 2.13593
14.11 2 0.105212
14.21 1 2.12304
14.21 2 0.104735
14.31 1 2.11034
14.31 2 0.104107
14.41 1 2.09782
14.41 2 0.103488
14.51 1 2.08547
14.51 2 0.102878
14.61 1 2.07329
14.61 2 0.102275
14.71 1 2.06128
14.71 2 0.101682
14.81 1 2.04943
14.81 2 0.101096
14.91 1 2.03774
14.91 2 0.100518
15.01 1 2.02621
15.01 2 0.0999481
15.11 1 2.01483
15.11 2 0.0993857
15.21 1 2.0036
15.21 2 0.0988308
15.31 1 1.99252
15.31 2 0.0982832
15.41 1 1.98159
15.41 2 0.0977427
15.51 1 1.9708
15.51 2 0.0972093
15.61 1 1.96014
15.61 2 0.0966828
15.71 1 1.94963
15.71 2 0.096163
15.81 1 1.93909
15.81 2 0.0956499
15.91 1 1.92884
15.91 2 0.0951433
16.01 1 1.92139
16.01 2 0.0946431
16.11 1 1.91136
16.11 2 0.0941491
16.21 1 1.90146
16.21 2 0.0936613
16.31 1 1.89168
16.31 2 0.0931795
16.41 1 1.88202
16.41 2 0.0927037
16.51 1 1.87248
16.51 2 0.0922336
16.61 1 1.86305
16.61 2 0.0917693
16.71 1 1.85374
16.71 2 0.0913105
16.81 1 1.84454
16.81 2 0.0908573
16.91 1 1.83545
16.91 2 0.0904095
17.01 1 1.82647
17.01 2 0.089967
17.11 1 1.81759
17.11 2 0.0895297
17.21 1 1.80882
17.21 2 0.0890975
17.31 1 1.80015
17.31 2 0.0886704
17.41 1 1.79158
17.41 2 0.0882482
17.51 1 1.78311
17.51 2 0.0878309
17.61 1 1.77473
17.61 2 0.0874183
17.71 1 1.76645
17.71 2 0.0870105
17.81 1 1.75827
17.81 2 0.0866072
17.91 1 1.75017
17.91 2 0.0863078
18.01 1 1.74217
18.01 2 0.0859124
18.11 1 1.73426
18.11 2 0.0855215
18.21 1 1.72643
18.21 2 0.0851349
18.31 1 1.71869
18.31 2 0.0847525
18.41 1 1.71104
18.41 2 0.0843744
18.51 1 1.70346
18.51 2 0.0840004
18.61 1 1.69597
18.61 2 0.0836304
18.71 1 1.68856
18.71 2 0.0832644
18.81 1 1.68124
18.81 2 0.0829023
18.91 1 1.67398
18.91 2 0.0825441
19.01 1 1.66681
19.01 2 0.0821898
19.11 1 1.65971
19.11 2 0.0818391
19.21 1 1.65268
19.21 2 0.0814921
19.31 1 1.64573
19.31 2 0.0811488
19.41 1 1.63885
19.41 2 0.080809
19.51 1 1.63205
19.51 2 0.0804728
19.61 1 1.62517
19.61 2 0.08014
19.71 1 1.6203
19.71 2 0.0798106
19.81 1 1.61368
19.81 2 0.0794845
19.91 1 1.60713
19.91 2 0.0791618
20.01 1 1.60064
20.01 2 0.0788423
20.01 3 -0
20.11 1 1.59409
20.11 2 0.078523
20.11 3 2.14791
20.11 4 0.0923951
20.21 1 1.58805
20.21 2 0.0782255
20.21 3 3.33004
20.21 4 0.162032
20.31 1 1.58048
20.31 2 0.0778524
20.31 3 3.72334
20.31 4 0.182998
20.41 1 1.5745
20.41 2 0.0775575
20.41 3 3.93999
20.41 4 0.194132
20.51 1 1.56772
20.51 2 0.0772236
20.51 3 4.06878
20.51 4 0.200685
20.61 1 1.56017
20.61 2 0.0768516
20.61 3 4.1557
20.61 4 0.205002
20.71 1 1.55174
20.71 2 0.0766498
20.71 3 4.22351
20.71 4 0.208639
20.81 1 1.54731
20.81 2 0.0762184
20.81 3 4.27435
20.81 4 0.210846
20.91 1 1.54266
20.91 2 0.0759892
20.91 3 4.31835
20.91 4 0.213002
21.01 1 1.53271
21.01 2 0.0754987
21.01 3 4.34548
21.01 4 0.21432
21.11 1 1.52741
21.11 2 0.0752378
21.11 3 4.375
21.11 4 0.215759
21.21 1 1.52191
21.21 2 0.0749668
21.21 3 4.39959
21.21 4 0.216956
21.31 1 1.51621
21.31 2 0.0746859
21.31 3 4.4204
21.31 4 0.217967
21.41 1 1.51031
21.41 2 0.0743955
21.41 3 4.43823
21.41 4 0.218832
21.51 1 1.49795
21.51 2 0.0740956
21.51 3 4.44832
21.51 4 0.21958
21.61 1 1.49145
21.61 2 0.0737867
21.61 3 4.46217
21.61 4 0.220234
21.71 1 1.48476
21.71 2 0.0734661
21.71 3 4.47663
21.71 4 0.220811
21.81 1 1.48476
21.81 2 0.073137
21.81 3 4.48962
21.81 4 0.221323
21.91 1 1.47786
21.91 2 0.0727968
21.91 3 4.49911
21.91 4 0.22178
22.01 1 1.47079
22.01 2 0.0724487
22.01 3 4.50766
22.01 4 0.222192
22.11 1 1.46352
22.11 2 0.0720902
22.11 3 4.51539
22.11 4 0.222564
22.21 1 1.45604
22.21 2 0.0717217
22.21 3 4.52242
22.21 4 0.222902
22.31 1 1.44836
22.31 2 0.0713436
22.31 3 4.52883
22.31 4 0.223211
22.41 1 1.44042
22.41 2 0.0713436
22.41 3 4.53639
22.41 4 0.22366
22.51 1 1.44049
22.51 2 0.0709561
22.51 3 4.54335
22.51 4 0.223913
22.61 1 1.43245
22.61 2 0.0705598
22.61 3 4.54822
22.61 4 0.224146
22.71 1 1.42423
22.71 2 0.0701549
22.71 3 4.55273
22.71 4 0.224363
22.81 1 1.42423
22.81 2 0.0701549
22.81 3 4.55979
22.81 4 0.2247
22.91 1 1.41579
22.91 2 0.0697393
22.91 3 4.56359
22.91 4 0.231589
23.01 1 1.40603
23.01 2 0.0692868
23.01 3 4.56479
23.01 4 0.244174
23.11 1 1.40193
23.11 2 0.069105
23.11 3 4.55519
23.11 4 0.243138
23.21 1 1.39741
23.21 2 0.0688786
23.21 3 4.555
23.21 4 0.24254
23.31 1 1.3922
23.31 2 0.0686215
23.31 3 4.55604
23.31 4 0.242036
23.41 1 1.38637
23.41 2 0.0683343
23.41 3 4.55702
23.41 4 0.241562
23.51 1 1.3799
23.51 2 0.0681781
23.51 3 4.55789
23.51 4 0.241228
23.61 1 1.37642
23.61 2 0.0678436
23.61 3 4.56101
23.61 4 0.240803
23.71 1 1.36902
23.71 2 0.0676656
23.71 3 4.56282
23.71 4 0.240509
23.81 1 1.36506
23.81 2 0.0672838
23.81 3 4.56462
23.81 4 0.240125
23.91 1 1.36094
23.91 2 0.0670804
23.91 3 4.56732
23.91 4 0.239863
24.01 1 1.35665
24.01 2 0.0668688
24.01 3 4.56989
24.01 4 0.239615
24.11 1 1.35219
24.11 2 0.0666492
24.11 3 4.57233
24.11 4 0.239378
24.21 1 1.34281
24.21 2 0.0664218
24.21 3 4.57273
24.21 4 0.239153
24.31 1 1.33789
24.31 2 0.0661868
24.31 3 4.57499
24.31 4 0.238938
24.41 1 1.33278
24.41 2 0.0659443
24.41 3 4.57715
24.41 4 0.238733
24.51 1 1.32753
24.51 2 0.0656923
24.51 3 4.57921
24.51 4 0.238538
24.61 1 1.32202
24.61 2 0.0654333
24.61 3 4.58291
24.61 4 0.23835
24.71 1 1.32209
24.71 2 0.0651653
24.71 3 4.58479
24.71 4 0.238171
24.81 1 1.31652
24.81 2 0.0648906
24.81 3 4.58653
24.81 4 0.238
24.91 1 1.31077
24.91 2 0.0646073
24.91 3 4.58823
24.91 4 0.237835
25.01 1 1.30486
25.01 2 0.0643157
25.01 3 4.58987
25.01 4 0.237677
25.11 1 1.29878
25.11 2 0.0640161
25.11 3 4.59144
25.11 4 0.237525
25.21 1 1.29254
25.21 2 0.0640161
25.21 3 4.59295
25.21 4 0.237455
25.31 1 1.29254
25.31 2 0.0637086
25.31 3 4.59592
25.31 4 0.237313
25.41 1 1.28615
25.41 2 0.0633936
25.41 3 4.59729
25.41 4 0.237177
25.51 1 1.27961
25.51 2 0.0630714
25.51 3 4.59861
25.51 4 0.237045
25.61 1 1.27961
25.61 2 0.0630714
25.61 3 4.60132
25.61 4 0.236989
25.71 1 1.27289
25.71 2 0.0627401
25.71 3 4.60253
25.71 4 0.240699
25.81 1 1.2643
25.81 2 0.0623648
25.81 3 4.599
25.81 4 0.247184
25.91 1 1.2608
25.91 2 0.062144
25.91 3 4.59719
25.91 4 0.251069
26.01 1 1.2572
26.01 2 0.0619643
26.01 3 4.52811
26.01 4 0.248144
26.11 1 1.25358
26.11 2 0.061786
26.11 3 4.46139
26.11 4 0.244413
26.21 1 1.24999
26.21 2 0.0616091
26.21 3 4.39687
26.21 4 0.240808
26.31 1 1.24643
26.31 2 0.0614773
26.31 3 4.34996
26.31 4 0.237322
26.41 1 1.2429
26.41 2 0.0613027
26.41 3 4.28914
26.41 4 0.23395
26.51 1 1.23939
26.51 2 0.0611295
26.51 3 4.23027
26.51 4 0.230686
26.61 1 1.23582
26.61 2 0.060955
26.61 3 4.17326
26.61 4 0.228306
26.71 1 1.23221
26.71 2 0.0607767
26.71 3 4.11802
26.71 4 0.22522
26.81 1 1.22952
26.81 2 0.0605997
26.81 3 4.06447
26.81 4 0.222228
26.91 1 1.22596
26.91 2 0.0604241
26.91 3 4.02537
26.91 4 0.219327
27.01 1 1.22243
27.01 2 0.0602499
27.01 3 3.9746
27.01 4 0.216512
27.11 1 1.21892
27.11 2 0.060077
27.11 3 3.92532
27.11 4 0.21378
27.21 1 1.21544
27.21 2 0.0599482
27.21 3 3.87747
27.21 4 0.211122
27.31 1 1.21199
27.31 2 0.0597776
27.31 3 3.83098
27.31 4 0.209187
27.41 1 1.20856
27.41 2 0.0596083
27.41 3 3.7858
27.41 4 0.206665
27.51 1 1.20601
27.51 2 0.0594403
27.51 3 3.74165
27.51 4 0.204213
27.61 1 1.20262
27.61 2 0.0592736
27.61 3 3.70973
27.61 4 0.201828
27.71 1 1.19927
27.71 2 0.0591081
27.71 3 3.66787
27.71 4 0.199507
27.81 1 1.19594
27.81 2 0.0589848
27.81 3 3.62714
27.81 4 0.197249
27.91 1 1.19263
27.91 2 0.0588215
27.91 3 3.58747
27.91 4 0.195594
28.01 1 1.18935
28.01 2 0.0586594
28.01 3 3.54885
28.01 4 0.193439
28.11 1 1.1869
28.11 2 0.0584985
28.11 3 3.51121
28.11 4 0.191339
28.21 1 1.18366
28.21 2 0.0583388
28.21 3 3.48361
28.21 4 0.189292
28.31 1 1.18045
28.31 2 0.0581802
28.31 3 3.44762
28.31 4 0.187297
28.41 1 1.17726
28.41 2 0.0580228
28.41 3 3.41253
28.41 4 0.185351
28.51 1 1.17409
28.51 2 0.0579056
28.51 3 3.37829
28.51 4 0.183923
28.61 1 1.17094
28.61 2 0.0577502
28.61 3 3.34488
28.61 4 0.18206
28.71 1 1.16771
28.71 2 0.0575959
28.71 3 3.31228
28.71 4 0.180241
28.81 1 1.16549
28.81 2 0.0574428
28.81 3 3.28002
28.81 4 0.178465
28.91 1 1.16241
28.91 2 0.0572908
28.91 3 3.25705
28.91 4 0.176732
29.01 1 1.15935
29.01 2 0.0571398
29.01 3 3.2265
29.01 4 0.175038
29.11 1 1.15631
29.11 2 0.0570273
29.11 3 3.19665
29.11 4 0.173372
29.21 1 1.15329
29.21 2 0.0568783
29.21 3 3.16747
29.21 4 0.172166
29.31 1 1.15029
29.31 2 0.0567303
29.31 3 3.13895
29.31 4 0.170576
29.41 1 1.14806
29.41 2 0.0565833
29.41 3 3.11091
29.41 4 0.169021
29.51 1 1.1451
29.51 2 0.0564374
29.51 3 3.09054
29.51 4 0.1675
29.61 1 1.14216
29.61 2 0.0562925
29.61 3 3.06371
29.61 4 0.166013
29.71 1 1.13924
29.71 2 0.0561487
29.71 3 3.03745
29.71 4 0.164557
29.81 1 1.13635
29.81 2 0.0560414
29.81 3 3.01175
29.81 4 0.163485
29.91 1 1.13347
29.91 2 0.0558993
29.91 3 2.98659
29.91 4 0.162083
30.01 1 1.13132
30.01 2 0.0557582
30.01 3 2.96195
30.01 4 0.16071
30.11 1 1.12851
30.11 2 0.0556196
30.11 3 2.94286
30.11 4 0.159314
30.21 1 1.12582
30.21 2 0.0554867
30.21 3 2.91691
30.21 4 0.157893
30.31 1 1.12297
30.31 2 0.0553479
30.31 3 2.90461
30.31 4 0.157036
30.41 1 1.12016
30.41 2 0.0552094
30.41 3 2.92005
30.41 4 0.157662
30.51 1 1.11649
30.51 2 0.0550956
30.51 3 2.93581
30.51 4 0.158314
30.61 1 1.11371
30.61 2 0.054964
30.61 3 2.95081
30.61 4 0.158954
30.71 1 1.11049
30.71 2 0.054815
30.71 3 2.96613
30.71 4 0.159582
30.81 1 1.10873
30.81 2 0.0546458
30.81 3 2.98192
30.81 4 0.160198
30.91 1 1.10492
30.91 2 0.0544583
30.91 3 2.99668
30.91 4 0.160802
31.01 1 1.10288
31.01 2 0.0543577
31.01 3 3.0119
31.01 4 0.161432
31.11 1 1.09847
31.11 2 0.0541399
31.11 3 3.02612
31.11 4 0.162015
31.21 1 1.09612
31.21 2 0.0540245
31.21 3 3.0408
31.21 4 0.162622
31.31 1 1.09367
31.31 2 0.0539037
31.31 3 3.05523
31.31 4 0.163209
31.41 1 1.08845
31.41 2 0.0537776
31.41 3 3.0687
31.41 4 0.163795
31.51 1 1.08569
31.51 2 0.0535102
31.51 3 3.08263
31.51 4 0.164337
31.61 1 1.08283
31.61 2 0.0533689
31.61 3 3.0962
31.61 4 0.164904
31.71 1 1.07983
31.71 2 0.0532214
31.71 3 3.10966
31.71 4 0.165461
31.81 1 1.07674
31.81 2 0.0530691
31.81 3 3.12289
31.81 4 0.166008
31.91 1 1.07356
31.91 2 0.052912
31.91 3 3.1359
31.91 4 0.166546
32.01 1 1.07025
32.01 2 0.052749
32.01 3 3.14869
32.01 4 0.167076
32.11 1 1.06682
32.11 2 0.0525801
32.11 3 3.16127
32.11 4 0.167596
32.21 1 1.06331
32.21 2 0.0525801
32.21 3 3.17364
32.21 4 0.168141
32.31 1 1.06331
32.31 2 0.0524068
32.31 3 3.18647
32.31 4 0.168644
32.41 1 1.05968
32.41 2 0.0522279
32.41 3 3.19844
32.41 4 0.16914
32.51 1 1.05594
32.51 2 0.0520435
32.51 3 3.21022
32.51 4 0.169627
32.61 1 1.05209
32.61 2 0.0518537
32.61 3 3.22181
32.61 4 0.170107
32.71 1 1.04813
32.71 2 0.0518537
32.71 3 3.23322
32.71 4 0.17061
32.81 1 1.04813
32.81 2 0.0516587
32.81 3 3.24508
32.81 4 0.171074
32.91 1 1.04404
32.91 2 0.0514573
32.91 3 3.25614
32.91 4 0.171531
33.01 1 1.03986
33.01 2 0.0512509
33.01 3 3.26692
33.01 4 0.171982
33.11 1 1.03986
33.11 2 0.0512509
33.11 3 3.27825
33.11 4 0.174253
33.21 1 1.03417
33.21 2 0.0509695
33.21 3 3.28819
33.21 4 0.177661
33.31 1 1.03092
33.31 2 0.0508102
33.31 3 3.29798
33.31 4 0.178222
33.41 1 1.02911
33.41 2 0.0507214
33.41 3 3.30823
33.41 4 0.178609
33.51 1 1.02527
33.51 2 0.050629
33.51 3 3.31772
33.51 4 0.17899
33.61 1 1.0232
33.61 2 0.0504301
33.61 3 3.32767
33.61 4 0.179336
33.71 1 1.02105
33.71 2 0.0503236
33.71 3 3.33748
33.71 4 0.179706
33.81 1 1.01879
33.81 2 0.0502127
33.81 3 3.34714
33.81 4 0.180071
33.91 1 1.01645
33.91 2 0.0500972
33.91 3 3.35666
33.91 4 0.18043
34.01 1 1.0115
34.01 2 0.0499773
34.01 3 3.36547
34.01 4 0.180785
34.11 1 1.00889
34.11 2 0.0498531
34.11 3 3.37473
34.11 4 0.181134
34.21 1 1.00618
34.21 2 0.0497246
34.21 3 3.38385
34.21 4 0.181478
34.31 1 1.00338
34.31 2 0.0495907
34.31 3 3.39277
34.31 4 0.181818
34.41 1 1.00338
34.41 2 0.0494527
34.41 3 3.40221
34.41 4 0.182153
34.51 1 1.00047
34.51 2 0.0493094
34.51 3 3.41095
34.51 4 0.182483
34.61 1 0.997458
34.61 2 0.0491609
34.61 3 3.41958
34.61 4 0.182808
34.71 1 0.994369
34.71 2 0.0490087
34.71 3 3.42809
34.71 4 0.18313
34.81 1 0.991179
34.81 2 0.0488515
34.81 3 3.43649
34.81 4 0.183446
34.91 1 0.987891
34.91 2 0.0486894
34.91 3 3.44477
34.91 4 0.183759
35.01 1 0.98444
35.01 2 0.0486894
35.01 3 3.45341
35.01 4 0.184094
35.11 1 0.984507
35.11 2 0.0485226
35.11 3 3.46154
35.11 4 0.184398
35.21 1 0.981006
35.21 2 0.04835
35.21 3 3.4695
35.21 4 0.184693
35.31 1 0.977414
35.31 2 0.0481729
35.31 3 3.47735
35.31 4 0.184989
35.41 1 0.977414
35.41 2 0.0481729
35.41 3 3.48562
35.41 4 0.185307
35.51 1 0.973756
35.51 2 0.0479915
35.51 3 3.49327
35.51 4 0.187236
35.61 1 0.973756
35.61 2 0.0479915
35.61 3 3.50126
35.61 4 0.19015
35.71 1 0.966375
35.71 2 0.0476803
35.71 3 3.50191
35.71 4 0.191857
35.81 1 0.966623
35.81 2 0.0477023
35.81 3 3.48703
35.81 4 0.190751
35.91 1 0.964809
35.91 2 0.0476127
35.91 3 3.46824
35.91 4 0.189701
36.01 1 0.962983
36.01 2 0.0475235
36.01 3 3.4497
36.01 4 0.18868
36.11 1 0.9611
36.11 2 0.0474304
36.11 3 3.4314
36.11 4 0.187897
36.21 1 0.959695
36.21 2 0.0473378
36.21 3 3.41334
36.21 4 0.186884
36.31 1 0.95783
36.31 2 0.0472458
36.31 3 3.39572
36.31 4 0.185884
36.41 1 0.955976
36.41 2 0.0471543
36.41 3 3.38228
36.41 4 0.184897
36.51 1 0.954133
36.51 2 0.0470633
36.51 3 3.36484
36.51 4 0.183923
36.61 1 0.9523
36.61 2 0.0469954
36.61 3 3.34762
36.61 4 0.182974
36.71 1 0.950478
36.71 2 0.0469053
36.71 3 3.33061
36.71 4 0.182246
36.81 1 0.948666
36.81 2 0.0468157
36.81 3 3.31381
36.81 4 0.181305
36.91 1 0.947313
36.91 2 0.0467266
36.91 3 3.29741
36.91 4 0.180375
37.01 1 0.945519
37.01 2 0.046638
37.01 3 3.28491
37.01 4 0.179456
37.11 1 0.943735
37.11 2 0.0465499
37.11 3 3.26868
37.11 4 0.178549
37.21 1 0.941961
37.21 2 0.0464842
37.21 3 3.25264
37.21 4 0.177653
37.31 1 0.940196
37.31 2 0.046397
37.31 3 3.23679
37.31 4 0.176987
37.41 1 0.938442
37.41 2 0.0463103
37.41 3 3.22113
37.41 4 0.17611
37.51 1 0.937132
37.51 2 0.046224
37.51 3 3.20558
37.51 4 0.175243
37.61 1 0.935395
37.61 2 0.0461382
37.61 3 3.19045
37.61 4 0.174386
37.71 1 0.933667
37.71 2 0.0460529
37.71 3 3.17902
37.71 4 0.173539
37.81 1 0.931948
37.81 2 0.0459681
37.81 3 3.16405
37.81 4 0.172702
37.91 1 0.93024
37.91 2 0.0459048
37.91 3 3.14924
37.91 4 0.171885
38.01 1 0.92854
38.01 2 0.0458208
38.01 3 3.13461
38.01 4 0.171261
38.11 1 0.926765
38.11 2 0.0457372
38.11 3 3.12015
38.11 4 0.17045
38.21 1 0.925588
38.21 2 0.0456541
38.21 3 3.10599
38.21 4 0.169649
38.31 1 0.923914
38.31 2 0.0455714
38.31 3 3.09524
38.31 4 0.168857
38.41 1 0.922249
38.41 2 0.0454892
38.41 3 3.08122
38.41 4 0.168074
38.51 1 0.920592
38.51 2 0.0454279
38.51 3 3.06737
38.51 4 0.167309
38.61 1 0.918945
38.61 2 0.0453464
38.61 3 3.05367
38.61 4 0.166724
38.71 1 0.917307
38.71 2 0.0452655
38.71 3 3.04012
38.71 4 0.165965
38.81 1 0.916084
38.81 2 0.0451849
38.81 3 3.02684
38.81 4 0.165214
38.91 1 0.914461
38.91 2 0.0451048
38.91 3 3.01677
38.91 4 0.164472
39.01 1 0.912846
39.01 2 0.0450251
39.01 3 3.00362
39.01 4 0.163737
39.11 1 0.911241
39.11 2 0.0449458
39.11 3 2.99062
39.11 4 0.163011
39.21 1 0.909643
39.21 2 0.0448866
39.21 3 2.97777
39.21 4 0.1623
39.31 1 0.908055
39.31 2 0.0448081
39.31 3 2.96505
39.31 4 0.161758
39.41 1 0.906868
39.41 2 0.04473
39.41 3 2.95246
39.41 4 0.161053
39.51 1 0.905294
39.51 2 0.0446523
39.51 3 2.94011
39.51 4 0.160356
39.61 1 0.903728
39.61 2 0.044575
39.61 3 2.93076
39.61 4 0.159666
39.71 1 0.902171
39.71 2 0.0444981
39.71 3 2.91855
39.71 4 0.158983
39.81 1 0.900621
39.81 2 0.0444407
39.81 3 2.90646
39.81 4 0.158314
39.91 1 0.89908
39.91 2 0.0443645
39.91 3 2.89449
39.91 4 0.157805
40.01 1 0.897546
40.01 2 0.0442887
40.01 3 2.88265
40.01 4 0.157142
40.01 5 -0
40.11 1 0.896313
40.11 2 0.0442098
40.11 3 2.87341
40.11 4 0.156461
40.11 5 1.98304
40.11 6 0.0830268
40.21 1 0.894161
40.21 2 0.0441823
40.21 3 2.85883
40.21 4 0.155803
40.21 5 3.11888
40.21 6 0.1555
40.31 1 0.894161
40.31 2 0.0441046
40.31 3 2.85883
40.31 4 0.155659
40.31 5 3.66446
40.31 6 0.18012
40.41 1 0.894161
40.41 2 0.0441046
40.41 3 2.85883
40.41 4 0.155659
40.41 5 3.93659
40.41 6 0.304888
40.51 1 0.889559
40.51 2 0.0438535
40.51 3 2.81925
40.51 4 0.155659
40.51 5 3.93025
40.51 6 0.375685
40.61 1 0.893503
40.61 2 0.0440545
40.61 3 2.81925
40.61 4 0.155659
40.61 5 3.47192
40.61 6 0.344484
40.71 1 0.898136
40.71 2 0.0442935
40.71 3 2.81925
40.71 4 0.152028
40.71 5 3.00256
40.71 6 0.295265
40.81 1 0.901956
40.81 2 0.0444927
40.81 3 2.77877
40.81 4 0.151476
40.81 5 2.83302
40.81 6 0.282291
40.91 1 0.905185
40.91 2 0.0446485
40.91 3 2.768
40.91 4 0.150901
40.91 5 2.74095
40.91 6 0.281952
41.01 1 0.908263
41.01 2 0.0448
41.01 3 2.757
41.01 4 0.150288
41.01 5 2.68297
41.01 6 0.272569
41.11 1 0.911243
41.11 2 0.0449438
41.11 3 2.746
41.11 4 0.149675
41.11 5 2.63248
41.11 6 0.256909
41.21 1 0.914076
41.21 2 0.0450745
41.21 3 2.73817
41.21 4 0.149038
41.21 5 2.6058
41.21 6 0.244787
41.31 1 0.916153
41.31 2 0.0451813
41.31 3 2.7255
41.31 4 0.148371
41.31 5 2.59594
41.31 6 0.235461
41.41 1 0.918378
41.41 2 0.0452869
41.41 3 2.71662
41.41 4 0.147846
41.41 5 2.59612
41.41 6 0.22762
41.51 1 0.919889
41.51 2 0.0453785
41.51 3 2.70263
41.51 4 0.147318
41.51 5 2.60947
41.51 6 0.221368
41.61 1 0.921241
41.61 2 0.0454475
41.61 3 2.69166
41.61 4 0.146754
41.61 5 2.62503
41.61 6 0.216406
41.71 1 0.922586
41.71 2 0.0455116
41.71 3 2.68084
41.71 4 0.145916
41.71 5 2.64483
41.71 6 0.212268
41.81 1 0.923785
41.81 2 0.0455698
41.81 3 2.66951
41.81 4 0.145561
41.81 5 2.67014
41.81 6 0.208618
41.91 1 0.924909
41.91 2 0.0456202
41.91 3 2.65881
41.91 4 0.144933
41.91 5 2.69095
41.91 6 0.205546
42.01 1 0.926041
42.01 2 0.0456711
42.01 3 2.65241
42.01 4 0.144306
42.01 5 2.71
42.01 6 0.202783
42.11 1 0.927038
42.11 2 0.045721
42.11 3 2.64103
42.11 4 0.143679
42.11 5 2.72666
42.11 6 0.200448
42.21 1 0.927971
42.21 2 0.0457657
42.21 3 2.62966
42.21 4 0.143053
42.21 5 2.74469
42.21 6 0.198197
42.31 1 0.928956
42.31 2 0.0458085
42.31 3 2.61829
42.31 4 0.142427
42.31 5 2.75913
42.31 6 0.196263
42.41 1 0.929861
42.41 2 0.0458622
42.41 3 2.60724
42.41 4 0.14186
42.41 5 2.77432
42.41 6 0.194517
42.51 1 0.9308
42.51 2 0.0459148
42.51 3 2.59609
42.51 4 0.141511
42.51 5 2.78924
42.51 6 0.192912
42.61 1 0.931884
42.61 2 0.0459673
42.61 3 2.58596
42.61 4 0.1409
42.61 5 2.80002
42.61 6 0.191214
42.71 1 0.932982
42.71 2 0.0460166
42.71 3 2.57986
42.71 4 0.140311
42.71 5 2.81201
42.71 6 0.189764
42.81 1 0.934116
42.81 2 0.0460675
42.81 3 2.56946
42.81 4 0.139738
42.81 5 2.81798
42.81 6 0.188332
42.91 1 0.935166
42.91 2 0.0461191
42.91 3 2.55933
42.91 4 0.13918
42.91 5 2.82632
42.91 6 0.186971
43.01 1 0.936157
43.01 2 0.0461677
43.01 3 2.54902
43.01 4 0.138612
43.01 5 2.8341
43.01 6 0.185806
43.11 1 0.937161
43.11 2 0.0462171
43.11 3 2.5388
43.11 4 0.138049
43.11 5 2.84138
43.11 6 0.184666
43.21 1 0.938143
43.21 2 0.0462643
43.21 3 2.52849
43.21 4 0.137481
43.21 5 2.8482
43.21 6 0.183625
43.31 1 0.93912
43.31 2 0.0463122
43.31 3 2.51846
43.31 4 0.136929
43.31 5 2.85461
43.31 6 0.182716
43.41 1 0.939999
43.41 2 0.0463636
43.41 3 2.50833
43.41 4 0.136408
43.41 5 2.86254
43.41 6 0.181814
43.51 1 0.941039
43.51 2 0.0464166
43.51 3 2.49848
43.51 4 0.136104
43.51 5 2.87003
43.51 6 0.180901
43.61 1 0.942078
43.61 2 0.0464629
43.61 3 2.48918
43.61 4 0.135554
43.61 5 2.87394
43.61 6 0.180057
43.71 1 0.943128
43.71 2 0.04651
43.71 3 2.48378
43.71 4 0.135018
43.71 5 2.88114
43.71 6 0.179259
43.81 1 0.944064
43.81 2 0.0465568
43.81 3 2.47397
43.81 4 0.134478
43.81 5 2.88584
43.81 6 0.178544
43.91 1 0.945014
43.91 2 0.0466035
43.91 3 2.46433
43.91 4 0.133948
43.91 5 2.8903
43.91 6 0.177865
44.01 1 0.945959
44.01 2 0.0466453
44.01 3 2.45469
44.01 4 0.133417
44.01 5 2.89475
44.01 6 0.177206
44.11 1 0.946845
44.11 2 0.0466916
44.11 3 2.44531
44.11 4 0.1329
44.11 5 2.89916
44.11 6 0.176556
44.21 1 0.947746
44.21 2 0.0467403
44.21 3 2.43585
44.21 4 0.132409
44.21 5 2.90394
44.21 6 0.176032
44.31 1 0.948679
44.31 2 0.0467905
44.31 3 2.42663
44.31 4 0.131901
44.31 5 2.90756
44.31 6 0.175486
44.41 1 0.94968
44.41 2 0.0468406
44.41 3 2.41783
44.41 4 0.131614
44.41 5 2.91285
44.41 6 0.174875
44.51 1 0.950622
44.51 2 0.0468859
44.51 3 2.40877
44.51 4 0.131104
44.51 5 2.91632
44.51 6 0.174335
44.61 1 0.951705
44.61 2 0.0469311
44.61 3 2.40369
44.61 4 0.130608
44.61 5 2.91923
44.61 6 0.173818
44.71 1 0.95262
44.71 2 0.0469751
44.71 3 2.39458
44.71 4 0.130106
44.71 5 2.92222
44.71 6 0.173387
44.81 1 0.953514
44.81 2 0.0470163
44.81 3 2.38572
44.81 4 0.129618
44.81 5 2.9256
44.81 6 0.172933
44.91 1 0.954332
44.91 2 0.04706
44.91 3 2.37677
44.91 4 0.129125
44.91 5 2.92948
44.91 6 0.172477
45.01 1 0.955254
45.01 2 0.0471053
45.01 3 2.36805
45.01 4 0.128645
45.01 5 2.93208
45.01 6 0.172106
45.11 1 0.956135
45.11 2 0.047153
45.11 3 2.35925
45.11 4 0.128192
45.11 5 2.93458
45.11 6 0.171676
45.21 1 0.957049
45.21 2 0.0472022
45.21 3 2.35069
45.21 4 0.127928
45.21 5 2.93699
45.21 6 0.171319
45.31 1 0.957994
45.31 2 0.0472486
45.31 3 2.34258
45.31 4 0.12745
45.31 5 2.94053
45.31 6 0.170936
45.41 1 0.958989
45.41 2 0.047293
45.41 3 2.33407
45.41 4 0.126984
45.41 5 2.94348
45.41 6 0.170559
45.51 1 0.959942
45.51 2 0.0473311
45.51 3 2.32935
45.51 4 0.126513
45.51 5 2.94486
45.51 6 0.170215
45.61 1 0.960821
45.61 2 0.0473752
45.61 3 2.32103
45.61 4 0.126055
45.61 5 2.94736
45.61 6 0.169865
45.71 1 0.96161
45.71 2 0.0474173
45.71 3 2.31262
45.71 4 0.125592
45.71 5 2.9503
45.71 6 0.169527
45.81 1 0.962481
45.81 2 0.047461
45.81 3 2.30444
45.81 4 0.125142
45.81 5 2.95219
45.81 6 0.169226
45.91 1 0.963349
45.91 2 0.0475027
45.91 3 2.29617
45.91 4 0.124686
45.91 5 2.95401
45.91 6 0.168929
46.01 1 0.964213
46.01 2 0.0475495
46.01 3 2.28812
46.01 4 0.124268
46.01 5 2.95577
46.01 6 0.168648
46.11 1 0.965004
46.11 2 0.0475961
46.11 3 2.27999
46.11 4 0.124019
46.11 5 2.95813
46.11 6 0.168417
46.21 1 0.966019
46.21 2 0.0476415
46.21 3 2.2725
46.21 4 0.123573
46.21 5 2.96042
46.21 6 0.168112
46.31 1 0.96696
46.31 2 0.0476833
46.31 3 2.26448
46.31 4 0.123138
46.31 5 2.96303
46.31 6 0.167834
46.41 1 0.967859
46.41 2 0.0477199
46.41 3 2.26009
46.41 4 0.122699
46.41 5 2.96391
46.41 6 0.167582
46.51 1 0.968653
46.51 2 0.0477623
46.51 3 2.25233
46.51 4 0.122272
46.51 5 2.96562
46.51 6 0.167321
46.61 1 0.969461
46.61 2 0.0478027
46.61 3 2.24449
46.61 4 0.12184
46.61 5 2.96742
46.61 6 0.167111
46.71 1 0.970316
46.71 2 0.0478448
46.71 3 2.23685
46.71 4 0.121419
46.71 5 2.9688
46.71 6 0.166865
46.81 1 0.971133
46.81 2 0.0478859
46.81 3 2.22913
46.81 4 0.120994
46.81 5 2.97088
46.81 6 0.166664
46.91 1 0.971982
46.91 2 0.04793
46.91 3 2.22161
46.91 4 0.120603
46.91 5 2.97216
46.91 6 0.166411
47.01 1 0.972795
47.01 2 0.0479749
47.01 3 2.21401
47.01 4 0.12037
47.01 5 2.9742
47.01 6 0.166242
47.11 1 0.973702
47.11 2 0.0480194
47.11 3 2.20701
47.11 4 0.119961
47.11 5 2.97505
47.11 6 0.166006
47.21 1 0.97461
47.21 2 0.0480547
47.21 3 2.20287
47.21 4 0.119548
47.21 5 2.97735
47.21 6 0.165808
47.31 1 0.975442
47.31 2 0.0480956
47.31 3 2.19555
47.31 4 0.119145
47.31 5 2.97792
47.31 6 0.1656
47.41 1 0.976222
47.41 2 0.0481347
47.41 3 2.18816
47.41 4 0.118738
47.41 5 2.97957
47.41 6 0.165398
47.51 1 0.977031
47.51 2 0.0481753
47.51 3 2.18096
47.51 4 0.118341
47.51 5 2.98064
47.51 6 0.16522
47.61 1 0.977838
47.61 2 0.0482108
47.61 3 2.17368
47.61 4 0.11794
47.61 5 2.98168
47.61 6 0.165046
47.71 1 0.97864
47.71 2 0.0482545
47.71 3 2.16659
47.71 4 0.117549
47.71 5 2.98302
47.71 6 0.164895
47.81 1 0.979373
47.81 2 0.0482961
47.81 3 2.15942
47.81 4 0.117176
47.81 5 2.98452
47.81 6 0.164748
47.91 1 0.980186
47.91 2 0.0483403
47.91 3 2.15243
47.91 4 0.116958
47.91 5 2.98611
47.91 6 0.164549
48.01 1 0.981097
48.01 2 0.0483791
48.01 3 2.14573
48.01 4 0.116575
48.01 5 2.98734
48.01 6 0.164375
48.11 1 0.981973
48.11 2 0.0484162
48.11 3 2.14186
48.11 4 0.116188
48.11 5 2.98829
48.11 6 0.16424
48.21 1 0.982759
48.21 2 0.0484556
48.21 3 2.13501
48.21 4 0.11581
48.21 5 2.98916
48.21 6 0.164073
48.31 1 0.983524
48.31 2 0.0484932
48.31 3 2.12808
48.31 4 0.115429
48.31 5 2.99001
48.31 6 0.163926
48.41 1 0.98432
48.41 2 0.0485323
48.41 3 2.12133
48.41 4 0.115057
48.41 5 2.99084
48.41 6 0.163768
48.51 1 0.985013
48.51 2 0.0485664
48.51 3 2.1145
48.51 4 0.114681
48.51 5 2.99242
48.51 6 0.163613
48.61 1 0.985803
48.61 2 0.0486086
48.61 3 2.10785
48.61 4 0.114335
48.61 5 2.9932
48.61 6 0.163492
48.71 1 0.986559
48.71 2 0.0486494
48.71 3 2.10113
48.71 4 0.113968
48.71 5 2.99414
48.71 6 0.163344
48.81 1 0.987411
48.81 2 0.0486921
48.81 3 2.09456
48.81 4 0.113767
48.81 5 2.99534
48.81 6 0.163216
48.91 1 0.988171
48.91 2 0.0487287
48.91 3 2.08834
48.91 4 0.113401
48.91 5 2.99606
48.91 6 0.163074
49.01 1 0.989099
49.01 2 0.0487669
49.01 3 2.0847
49.01 4 0.113037
49.01 5 2.99766
49.01 6 0.162967
49.11 1 0.989969
49.11 2 0.0488074
49.11 3 2.07801
49.11 4 0.112675
49.11 5 2.99923
49.11 6 0.162903
49.21 1 0.990773
49.21 2 0.0488491
49.21 3 2.07133
49.21 4 0.112309
49.21 5 3.0012
49.21 6 0.162828
49.31 1 0.991442
49.31 2 0.0488821
49.31 3 2.06475
49.31 4 0.111947
49.31 5 3.0021
49.31 6 0.16271
49.41 1 0.992142
49.41 2 0.0489171
49.41 3 2.05828
49.41 4 0.111591
49.41 5 3.00314
49.41 6 0.162596
49.51 1 0.992869
49.51 2 0.0489573
49.51 3 2.05174
49.51 4 0.111233
49.51 5 3.00427
49.51 6 0.162527
49.61 1 0.993499
49.61 2 0.048995
49.61 3 2.04542
49.61 4 0.111053
49.61 5 3.00516
49.61 6 0.162416
49.71 1 0.99439
49.71 2 0.0490296
49.71 3 2.03905
49.71 4 0.110706
49.71 5 3.00681
49.71 6 0.162294
49.81 1 0.995152
49.81 2 0.049064
49.81 3 2.03585
49.81 4 0.110356
49.81 5 3.00709
49.81 6 0.162203
49.91 1 0.995901
49.91 2 0.0491008
49.91 3 2.02976
49.91 4 0.110021
49.91 5 3.00762
49.91 6 0.162087
50.01 1 0.996681
50.01 2 0.0491382
50.01 3 2.02371
50.01 4 0.109687
50.01 5 3.00814
50.01 6 0.161972
50.11 1 0.997712
50.11 2 0.0491764
50.11 3 2.01794
50.11 4 0.109369
50.11 5 3.00705
50.11 6 0.161833
50.21 1 0.998908
50.21 2 0.0492498
50.21 3 2.01066
50.21 4 0.109096
50.21 5 3.0052
50.21 6 0.161555
50.31 1 1.00018
50.31 2 0.0493125
50.31 3 2.00608
50.31 4 0.108712
50.31 5 3.00182
50.31 6 0.161295
50.41 1 1.00123
50.41 2 0.049362
50.41 3 2.00098
50.41 4 0.108431
50.41 5 3.00082
50.41 6 0.161078
50.51 1 1.00198
50.51 2 0.0493995
50.51 3 1.99525
50.51 4 0.108116
50.51 5 3.00138
50.51 6 0.160993
50.61 1 1.00253
50.61 2 0.04944
50.61 3 1.98911
50.61 4 0.107949
50.61 5 3.00255
50.61 6 0.160918
50.71 1 1.00325
50.71 2 0.0494619
50.71 3 1.98589
50.71 4 0.107601
50.71 5 3.00459
50.71 6 0.160885
50.81 1 1.00172
50.81 2 0.0494229
50.81 3 1.97817
50.81 4 0.107285
50.81 5 3.01429
50.81 6 0.161243
50.91 1 1.00034
50.91 2 0.0493449
50.91 3 1.97365
50.91 4 0.106936
50.91 5 3.02334
50.91 6 0.161547
51.01 1 1.00007
51.01 2 0.0493115
51.01 3 1.96796
51.01 4 0.106745
51.01 5 3.02866
51.01 6 0.161653
51.11 1 1.00001
51.11 2 0.0493045
51.11 3 1.96404
51.11 4 0.106391
51.11 5 3.03185
51.11 6 0.161744
51.21 1 1.00021
51.21 2 0.0493125
51.21 3 1.95985
51.21 4 0.106162
51.21 5 3.03582
51.21 6 0.161846
51.31 1 1.00017
51.31 2 0.0493152
51.31 3 1.95153
51.31 4 0.105933
51.31 5 3.04196
51.31 6 0.162004
51.41 1 0.999892
51.41 2 0.0492972
51.41 3 1.94741
51.41 4 0.10548
51.41 5 3.04565
51.41 6 0.162103
51.51 1 1.00005
51.51 2 0.0493032
51.51 3 1.9433
51.51 4 0.105255
51.51 5 3.04975
51.51 6 0.162186
51.61 1 0.999605
51.61 2 0.0493068
51.61 3 1.93514
51.61 4 0.105031
51.61 5 3.05559
51.61 6 0.16235
51.71 1 0.999729
51.71 2 0.0492896
51.71 3 1.93109
51.71 4 0.104586
51.71 5 3.05887
51.71 6 0.16243
51.81 1 1.00005
51.81 2 0.0493093
51.81 3 1.92448
51.81 4 0.104393
51.81 5 3.06229
51.81 6 0.162465
51.91 1 1.00013
51.91 2 0.0493084
51.91 3 1.92068
51.91 4 0.104015
51.91 5 3.06486
51.91 6 0.162532
52.01 1 1.00043
52.01 2 0.049328
52.01 3 1.91378
52.01 4 0.103827
52.01 5 3.06805
52.01 6 0.162566
52.11 1 1.00062
52.11 2 0.0493314
52.11 3 1.91046
52.11 4 0.103454
52.11 5 3.0701
52.11 6 0.162598
52.21 1 1.00067
52.21 2 0.0493497
52.21 3 1.90381
52.21 4 0.103101
52.21 5 3.07265
52.21 6 0.162631
52.31 1 1.0011
52.31 2 0.0493559
52.31 3 1.90041
52.31 4 0.102902
52.31 5 3.07505
52.31 6 0.162662
52.41 1 1.00116
52.41 2 0.0493704
52.41 3 1.89384
52.41 4 0.102554
52.41 5 3.07764
52.41 6 0.162726
52.51 1 1.00158
52.51 2 0.0493785
52.51 3 1.89057
52.51 4 0.102363
52.51 5 3.08007
52.51 6 0.162724
52.61 1 1.00168
52.61 2 0.0493826
52.61 3 1.88408
52.61 4 0.102006
52.61 5 3.08215
52.61 6 0.162754
52.71 1 1.00211
52.71 2 0.0494077
52.71 3 1.88086
52.71 4 0.101829
52.71 5 3.08482
52.71 6 0.162753
52.81 1 1.00227
52.81 2 0.0494118
52.81 3 1.87454
52.81 4 0.101483
52.81 5 3.08652
52.81 6 0.162782
52.91 1 1.00259
52.91 2 0.0494324
52.91 3 1.86825
52.91 4 0.10131
52.91 5 3.08932
52.91 6 0.162802
53.01 1 1.00284
53.01 2 0.0494407
53.01 3 1.86521
53.01 4 0.10097
53.01 5 3.09084
53.01 6 0.162831
53.11 1 1.00297
53.11 2 0.0494581
53.11 3 1.85915
53.11 4 0.100644
53.11 5 3.09266
53.11 6 0.162859
53.21 1 1.00346
53.21 2 0.0494718
53.21 3 1.85607
53.21 4 0.100468
53.21 5 3.09444
53.21 6 0.162846
53.31 1 1.00361
53.31 2 0.049478
53.31 3 1.85004
53.31 4 0.100137
53.31 5 3.0963
53.31 6 0.162854
53.41 1 1.00398
53.41 2 0.049501
53.41 3 1.84409
53.41 4 0.0999726
53.41 5 3.09843
53.41 6 0.162882
53.51 1 1.0042
53.51 2 0.0495072
53.51 3 1.84098
53.51 4 0.09964
53.51 5 3.09993
53.51 6 0.162879
53.61 1 1.00428
53.61 2 0.0495255
53.61 3 1.83497
53.61 4 0.0994772
53.61 5 3.10201
53.61 6 0.162935
53.71 1 1.00471
53.71 2 0.0495327
53.71 3 1.83194
53.71 4 0.0991434
53.71 5 3.10395
53.71 6 0.162932
53.81 1 1.00486
53.81 2 0.0495391
53.81 3 1.82604
53.81 4 0.0988196
53.81 5 3.10567
53.81 6 0.162948
53.91 1 1.00525
53.91 2 0.0495584
53.91 3 1.82304
53.91 4 0.0986549
53.91 5 3.10746
53.91 6 0.162975
54.01 1 1.00534
54.01 2 0.0495628
54.01 3 1.81707
54.01 4 0.0983274
54.01 5 3.10942
54.01 6 0.162981
54.11 1 1.00573
54.11 2 0.0495835
54.11 3 1.81129
54.11 4 0.0981719
54.11 5 3.11164
54.11 6 0.163006
54.21 1 1.00593
54.21 2 0.0495921
54.21 3 1.80839
54.21 4 0.0978504
54.21 5 3.11269
54.21 6 0.163013
54.31 1 1.00615
54.31 2 0.0496115
54.31 3 1.80284
54.31 4 0.0975488
54.31 5 3.11401
54.31 6 0.163037
54.41 1 1.00658
54.41 2 0.0496235
54.41 3 1.80006
54.41 4 0.0973932
54.41 5 3.11578
54.41 6 0.163024
54.51 1 1.00674
54.51 2 0.0496319
54.51 3 1.79445
54.51 4 0.0970847
54.51 5 3.11715
54.51 6 0.163031
54.61 1 1.00712
54.61 2 0.0496523
54.61 3 1.78887
54.61 4 0.0969337
54.61 5 3.11914
54.61 6 0.163045
54.71 1 1.00733
54.71 2 0.0496607
54.71 3 1.78605
54.71 4 0.0966238
54.71 5 3.12029
54.71 6 0.163051
54.81 1 1.00746
54.81 2 0.0496791
54.81 3 1.78054
54.81 4 0.0964697
54.81 5 3.12188
54.81 6 0.163084
54.91 1 1.00791
54.91 2 0.0496892
54.91 3 1.77775
54.91 4 0.0961679
54.91 5 3.12326
54.91 6 0.163071
55.01 1 1.00805
55.01 2 0.0496934
55.01 3 1.77225
55.01 4 0.0958659
55.01 5 3.12481
55.01 6 0.163085
55.11 1 1.00844
55.11 2 0.0497168
55.11 3 1.76958
55.11 4 0.0957192
55.11 5 3.12651
55.11 6 0.1631
55.21 1 1.00861
55.21 2 0.0497224
55.21 3 1.7641
55.21 4 0.0954182
55.21 5 3.12766
55.21 6 0.163104
55.31 1 1.00878
55.31 2 0.0497431
55.31 3 1.75878
55.31 4 0.0952708
55.31 5 3.12931
55.31 6 0.163126
55.41 1 1.00917
55.41 2 0.0497505
55.41 3 1.75607
55.41 4 0.0949775
55.41 5 3.13043
55.41 6 0.163123
55.51 1 1.00935
55.51 2 0.0497659
55.51 3 1.75073
55.51 4 0.0946841
55.51 5 3.13188
55.51 6 0.163162
55.61 1 1.00974
55.61 2 0.0497776
55.61 3 1.74813
55.61 4 0.0945415
55.61 5 3.13314
55.61 6 0.163151
55.71 1 1.00985
55.71 2 0.0497838
55.71 3 1.7428
55.71 4 0.0942489
55.71 5 3.13464
55.71 6 0.163155
55.81 1 1.01023
55.81 2 0.049806
55.81 3 1.7376
55.81 4 0.0941057
55.81 5 3.1362
55.81 6 0.16316
55.91 1 1.01043
55.91 2 0.0498114
55.91 3 1.735
55.91 4 0.0938206
55.91 5 3.13724
55.91 6 0.163172
56.01 1 1.01058
56.01 2 0.0498283
56.01 3 1.72981
56.01 4 0.0935397
56.01 5 3.13826
56.01 6 0.163193
56.11 1 1.01097
56.11 2 0.049838
56.11 3 1.72728
56.11 4 0.0933967
56.11 5 3.13978
56.11 6 0.163189
56.21 1 1.01114
56.21 2 0.0498459
56.21 3 1.7221
56.21 4 0.0931122
56.21 5 3.14077
56.21 6 0.163202
56.31 1 1.01149
56.31 2 0.0498652
56.31 3 1.71714
56.31 4 0.0929729
56.31 5 3.14258
56.31 6 0.163206
56.41 1 1.01167
56.41 2 0.0498722
56.41 3 1.71452
56.41 4 0.0926957
56.41 5 3.14355
56.41 6 0.163219
56.51 1 1.01177
56.51 2 0.0498897
56.51 3 1.70946
56.51 4 0.0925557
56.51 5 3.14467
56.51 6 0.163246
56.61 1 1.01217
56.61 2 0.0498992
56.61 3 1.70701
56.61 4 0.0922835
56.61 5 3.14585
56.61 6 0.163233
56.71 1 1.01235
56.71 2 0.0499036
56.71 3 1.70197
56.71 4 0.0920068
56.71 5 3.14702
56.71 6 0.163246
56.81 1 1.01272
56.81 2 0.0499259
56.81 3 1.69946
56.81 4 0.0918691
56.81 5 3.14842
56.81 6 0.163249
56.91 1 1.01288
56.91 2 0.0499317
56.91 3 1.69459
56.91 4 0.0916016
56.91 5 3.14933
56.91 6 0.163253
57.01 1 1.01318
57.01 2 0.04995
57.01 3 1.68964
57.01 4 0.0914653
57.01 5 3.15085
57.01 6 0.163272
57.11 1 1.01342
57.11 2 0.0499575
57.11 3 1.68729
57.11 4 0.0912005
57.11 5 3.15157
57.11 6 0.163268
57.21 1 1.01352
57.21 2 0.0499721
57.21 3 1.68238
57.21 4 0.0909351
57.21 5 3.15275
57.21 6 0.163303
57.31 1 1.01394
57.31 2 0.0499823
57.31 3 1.67994
57.31 4 0.0907973
57.31 5 3.15369
57.31 6 0.163299
57.41 1 1.01405
57.41 2 0.0499912
57.41 3 1.6752
57.41 4 0.0905369
57.41 5 3.15492
57.41 6 0.163294
57.51 1 1.01439
57.51 2 0.0500092
57.51 3 1.67043
57.51 4 0.0904043
57.51 5 3.1563
57.51 6 0.163305
57.61 1 1.01458
57.61 2 0.0500148
57.61 3 1.66809
57.61 4 0.0901465
57.61 5 3.15712
57.61 6 0.163315
57.71 1 1.01471
57.71 2 0.0500309
57.71 3 1.66332
57.71 4 0.0898881
57.71 5 3.15809
57.71 6 0.163334
57.81 1 1.01511
57.81 2 0.05004
57.81 3 1.66094
57.81 4 0.089754
57.81 5 3.15919
57.81 6 0.163329
57.91 1 1.01527
57.91 2 0.0500472
57.91 3 1.65633
57.91 4 0.0895006
57.91 5 3.15998
57.91 6 0.163333
58.01 1 1.01558
58.01 2 0.0500649
58.01 3 1.65165
58.01 4 0.0893715
58.01 5 3.16159
58.01 6 0.163343
58.11 1 1.01577
58.11 2 0.0500728
58.11 3 1.64941
58.11 4 0.0891205
58.11 5 3.16214
58.11 6 0.163346
58.21 1 1.01585
58.21 2 0.0500888
58.21 3 1.64476
58.21 4 0.0889927
58.21 5 3.1632
58.21 6 0.163371
58.31 1 1.01629
58.31 2 0.0500976
58.31 3 1.64245
58.31 4 0.0887383
58.31 5 3.1641
58.31 6 0.163366
58.41 1 1.0164
58.41 2 0.0501022
58.41 3 1.63795
58.41 4 0.0884914
58.41 5 3.16514
58.41 6 0.16337
58.51 1 1.01675
58.51 2 0.0501212
58.51 3 1.63566
58.51 4 0.0883657
58.51 5 3.16631
58.51 6 0.163379
58.61 1 1.01691
58.61 2 0.0501282
58.61 3 1.63121
58.61 4 0.0881212
58.61 5 3.16696
58.61 6 0.163375
58.71 1 1.0172
58.71 2 0.0501456
58.71 3 1.62668
58.71 4 0.0879967
58.71 5 3.16825
58.71 6 0.163392
58.81 1 1.0174
58.81 2 0.0501518
58.81 3 1.62443
58.81 4 0.0877489
58.81 5 3.16882
58.81 6 0.163402
58.91 1 1.01751
58.91 2 0.0501664
58.91 3 1.62005
58.91 4 0.0875084
58.91 5 3.16973
58.91 6 0.163418
59.01 1 1.01791
59.01 2 0.0501774
59.01 3 1.61782
59.01 4 0.0873859
59.01 5 3.17063
59.01 6 0.163407
59.11 1 1.01801
59.11 2 0.0501843
59.11 3 1.61348
59.11 4 0.0871477
59.11 5 3.17167
59.11 6 0.163416
59.21 1 1.01834
59.21 2 0.0502014
59.21 3 1.60911
59.21 4 0.0870264
59.21 5 3.17283
59.21 6 0.163426
59.31 1 1.01852
59.31 2 0.0502066
59.31 3 1.60687
59.31 4 0.0867849
59.31 5 3.1735
59.31 6 0.163427
59.41 1 1.01864
59.41 2 0.0502219
59.41 3 1.60261
59.41 4 0.0865535
59.41 5 3.17416
59.41 6 0.163443
59.51 1 1.019
59.51 2 0.0502303
59.51 3 1.60043
59.51 4 0.0864311
59.51 5 3.17522
59.51 6 0.163439
59.61 1 1.01914
59.61 2 0.0502371
59.61 3 1.5962
59.61 4 0.086199
59.61 5 3.17586
59.61 6 0.163448
59.71 1 1.01947
59.71 2 0.0502547
59.71 3 1.5919
59.71 4 0.0860807
59.71 5 3.17711
59.71 6 0.16345
59.81 1 1.01964
59.81 2 0.0502613
59.81 3 1.58976
59.81 4 0.0858453
59.81 5 3.17754
59.81 6 0.163459
59.91 1 1.01971
59.91 2 0.0502765
59.91 3 1.5856
59.91 4 0.0857337
59.91 5 3.1785
59.91 6 0.163481
60.01 1 1.02006
60.01 2 0.0502847
60.01 3 1.58348
60.01 4 0.0855005
60.01 5 3.17945
60.01 6 0.16347
60.01 7 -0
60.11 1 1.02022
60.11 2 0.0502896
60.11 3 1.57936
60.11 4 0.085274
60.11 5 3.1801
60.11 6 0.163471
60.11 7 0.00838137
60.11 8 0.035263
60.21 1 1.02026
60.21 2 0.0502968
60.21 3 1.57692
60.21 4 0.0851405
60.21 5 3.17869
60.21 6 0.163407
60.21 7 0.329915
60.21 8 0.0193063
60.31 1 1.01987
60.31 2 0.0502791
60.31 3 1.57416
60.31 4 0.0849897
60.31 5 3.17454
60.31 6 0.163169
60.31 7 0.728766
60.31 8 0.0405262
60.41 1 1.01919
60.41 2 0.0502488
60.41 3 1.57072
60.41 4 0.0848021
60.41 5 3.16752
60.41 6 0.162795
60.41 7 1.11072
60.41 8 0.0594974
60.51 1 1.01826
60.51 2 0.0501995
60.51 3 1.56559
60.51 4 0.0845232
60.51 5 3.15848
60.51 6 0.16237
60.51 7 1.47927
60.51 8 0.0896036
60.61 1 1.01704
60.61 2 0.0501825
60.61 3 1.56559
60.61 4 0.0845232
60.61 5 3.1488
60.61 6 0.162329
60.61 7 1.79454
60.61 8 0.162337
60.71 1 1.01649
60.71 2 0.050168
60.71 3 1.5606
60.71 4 0.0842516
60.71 5 3.13592
60.71 6 0.162527
60.71 7 2.10458
60.71 8 0.222032
60.81 1 1.01909
60.81 2 0.0506964
60.81 3 1.5606
60.81 4 0.0842516
60.81 5 3.12826
60.81 6 0.161732
60.81 7 1.98864
60.81 8 0.221262
60.91 1 1.02287
60.91 2 0.0514845
60.91 3 1.5606
60.91 4 0.0842516
60.91 5 3.11585
60.91 6 0.161551
60.91 7 1.75028
60.91 8 0.221262
61.01 1 1.02191
61.01 2 0.0515187
61.01 3 1.54959
61.01 4 0.0842516
61.01 5 3.11481
61.01 6 0.162651
61.01 7 1.75028
61.01 8 0.193694
61.11 1 1.02121
61.11 2 0.0515512
61.11 3 1.54959
61.11 4 0.0842516
61.11 5 3.11626
61.11 6 0.16281
61.11 7 1.50693
61.11 8 0.165856
61.21 1 1.02014
61.21 2 0.0515488
61.21 3 1.5396
61.21 4 0.083163
61.21 5 3.11919
61.21 6 0.162917
61.21 7 1.33733
61.21 8 0.146795
61.31 1 1.02038
61.31 2 0.0516303
61.31 3 1.53768
61.31 4 0.0830124
61.31 5 3.12042
61.31 6 0.162966
61.31 7 1.26793
61.31 8 0.139046
61.41 1 1.02272
61.41 2 0.0520011
61.41 3 1.53579
61.41 4 0.0829112
61.41 5 3.11612
61.41 6 0.162704
61.41 7 1.16084
61.41 8 0.127063
61.51 1 1.0261
61.51 2 0.052246
61.51 3 1.53203
61.51 4 0.0827052
61.51 5 3.10886
61.51 6 0.162329
61.51 7 1.07885
61.51 8 0.117942
61.61 1 1.0313
61.61 2 0.0529462
61.61 3 1.53203
61.61 4 0.0827052
61.61 5 3.10126
61.61 6 0.161969
61.61 7 1.07885
61.61 8 0.117942
61.71 1 1.03674
61.71 2 0.0538849
61.71 3 1.53203
61.71 4 0.0823139
61.71 5 3.09084
61.71 6 0.161527
61.71 7 0.951922
61.71 8 0.103993
61.81 1 1.04028
61.81 2 0.0545464
61.81 3 1.52014
61.81 4 0.0820754
61.81 5 3.07867
61.81 6 0.161519
61.81 7 0.951922
61.81 8 0.103993
61.91 1 1.04602
61.91 2 0.055477
61.91 3 1.52014
61.91 4 0.0820754
61.91 5 3.06751
61.91 6 0.16095
61.91 7 0.856895
61.91 8 0.093621
62.01 1 1.05173
62.01 2 0.0564733
62.01 3 1.52014
62.01 4 0.0820754
62.01 5 3.04895
62.01 6 0.16095
62.01 7 0.81465
62.01 8 0.0906475
62.11 1 1.05756
62.11 2 0.0574376
62.11 3 1.52014
62.11 4 0.0820754
62.11 5 3.04895
62.11 6 0.16001
62.11 7 0.785612
62.11 8 0.0859586
62.21 1 1.06158
62.21 2 0.0582593
62.21 3 1.50471
62.21 4 0.0812479
62.21 5 3.02206
62.21 6 0.158788
62.21 7 0.758054
62.21 8 0.0835307
62.31 1 1.06091
62.31 2 0.0582121
62.31 3 1.50187
62.31 4 0.0811053
62.31 5 3.02548
62.31 6 0.159171
62.31 7 0.728121
62.31 8 0.0812618
62.41 1 1.05991
62.41 2 0.0581545
62.41 3 1.49927
62.41 4 0.080961
62.41 5 3.02977
62.41 6 0.159334
62.41 7 0.703267
62.41 8 0.0784535
62.51 1 1.05847
62.51 2 0.0580725
62.51 3 1.49578
62.51 4 0.0808681
62.51 5 3.03402
62.51 6 0.159531
62.51 7 0.680142
62.51 8 0.0758017
62.61 1 1.057
62.61 2 0.0580285
62.61 3 1.49401
62.61 4 0.0806717
62.61 5 3.0393
62.61 6 0.15972
62.61 7 0.660946
62.61 8 0.0729566
62.71 1 1.05615
62.71 2 0.0579408
62.71 3 1.49049
62.71 4 0.0804781
62.71 5 3.04383
62.71 6 0.159884
62.71 7 0.643052
62.71 8 0.0710367
62.81 1 1.05461
62.81 2 0.0578534
62.81 3 1.48713
62.81 4 0.0803817
62.81 5 3.04813
62.81 6 0.160076
62.81 7 0.621126
62.81 8 0.069266
62.91 1 1.05316
62.91 2 0.0578098
62.91 3 1.48528
62.91 4 0.0801913
62.91 5 3.05305
62.91 6 0.160271
62.91 7 0.608867
62.91 8 0.0673651
63.01 1 1.05238
63.01 2 0.0577268
63.01 3 1.48196
63.01 4 0.0800083
63.01 5 3.05745
63.01 6 0.160425
63.01 7 0.588866
63.01 8 0.0651974
63.11 1 1.05101
63.11 2 0.0576487
63.11 3 1.47877
63.11 4 0.0798391
63.11 5 3.06165
63.11 6 0.160618
63.11 7 0.576015
63.11 8 0.0638045
63.21 1 1.04963
63.21 2 0.0575785
63.21 3 1.47719
63.21 4 0.0797459
63.21 5 3.06633
63.21 6 0.160797
63.21 7 0.557883
63.21 8 0.0618404
63.31 1 1.04828
63.31 2 0.0575026
63.31 3 1.47412
63.31 4 0.0795763
63.31 5 3.07073
63.31 6 0.160958
63.31 7 0.54659
63.31 8 0.0606183
63.41 1 1.04708
63.41 2 0.0574559
63.41 3 1.47097
63.41 4 0.0794028
63.41 5 3.07471
63.41 6 0.161129
63.41 7 0.530592
63.41 8 0.0588881
63.51 1 1.0463
63.51 2 0.0573804
63.51 3 1.46787
63.51 4 0.0792413
63.51 5 3.0791
63.51 6 0.161298
63.51 7 0.520845
63.51 8 0.0578359
63.61 1 1.04495
63.61 2 0.0573035
63.61 3 1.46494
63.61 4 0.0791483
63.61 5 3.08328
63.61 6 0.161472
63.61 7 0.506131
63.61 8 0.0567487
63.71 1 1.04358
63.71 2 0.0572329
63.71 3 1.46322
63.71 4 0.0789756
63.71 5 3.0876
63.71 6 0.161638
63.71 7 0.49722
63.71 8 0.0552828
63.81 1 1.04232
63.81 2 0.0571854
63.81 3 1.46013
63.81 4 0.0788053
63.81 5 3.09172
63.81 6 0.161804
63.81 7 0.484401
63.81 8 0.0543381
63.91 1 1.04152
63.91 2 0.0571085
63.91 3 1.45705
63.91 4 0.0786451
63.91 5 3.09596
63.91 6 0.161967
63.91 7 0.4762
63.91 8 0.0530145
64.01 1 1.04019
64.01 2 0.0570326
64.01 3 1.45417
64.01 4 0.0785523
64.01 5 3.10001
64.01 6 0.162135
64.01 7 0.464778
64.01 8 0.0522006
64.11 1 1.03884
64.11 2 0.0569614
64.11 3 1.45248
64.11 4 0.0783842
64.11 5 3.10419
64.11 6 0.162291
64.11 7 0.457667
64.11 8 0.0510184
64.21 1 1.03763
64.21 2 0.0569182
64.21 3 1.44945
64.21 4 0.078217
64.21 5 3.10811
64.21 6 0.162456
64.21 7 0.447416
64.21 8 0.0502725
64.31 1 1.03691
64.31 2 0.056846
64.31 3 1.4466
64.31 4 0.0780701
64.31 5 3.11222
64.31 6 0.162609
64.31 7 0.440874
64.31 8 0.0492116
64.41 1 1.03568
64.41 2 0.0567755
64.41 3 1.44381
64.41 4 0.077915
64.41 5 3.11591
64.41 6 0.16276
64.41 7 0.431469
64.41 8 0.0485341
64.51 1 1.03438
64.51 2 0.0567016
64.51 3 1.44103
64.51 4 0.0778258
64.51 5 3.11984
64.51 6 0.162911
64.51 7 0.425267
64.51 8 0.0475321
64.61 1 1.03308
64.61 2 0.0566329
64.61 3 1.43938
64.61 4 0.0776615
64.61 5 3.12386
64.61 6 0.163071
64.61 7 0.419524
64.61 8 0.046915
64.71 1 1.03184
64.71 2 0.0565889
64.71 3 1.43649
64.71 4 0.0775025
64.71 5 3.12767
64.71 6 0.163224
64.71 7 0.411169
64.71 8 0.046017
64.81 1 1.03109
64.81 2 0.0565141
64.81 3 1.43354
64.81 4 0.0773514
64.81 5 3.13162
64.81 6 0.163381
64.81 7 0.405837
64.81 8 0.0454441
64.91 1 1.02982
64.91 2 0.0564418
64.91 3 1.43088
64.91 4 0.0772595
64.91 5 3.13538
64.91 6 0.163532
64.91 7 0.39831
64.91 8 0.0446364
65.01 1 1.0285
65.01 2 0.056371
65.01 3 1.42921
65.01 4 0.077101
65.01 5 3.13926
65.01 6 0.163682
65.01 7 0.393405
65.01 8 0.0441097
65.11 1 1.02728
65.11 2 0.0563305
65.11 3 1.42632
65.11 4 0.0769419
65.11 5 3.14296
65.11 6 0.16383
65.11 7 0.38731
65.11 8 0.043461
65.21 1 1.02655
65.21 2 0.0562559
65.21 3 1.42342
65.21 4 0.0767978
65.21 5 3.14662
65.21 6 0.163972
65.21 7 0.381784
65.21 8 0.0428751
65.31 1 1.02527
65.31 2 0.056183
65.31 3 1.42084
65.31 4 0.0767032
65.31 5 3.15026
65.31 6 0.164113
65.31 7 0.376658
65.31 8 0.0423333
65.41 1 1.02397
65.41 2 0.056113
65.41 3 1.41914
65.41 4 0.076546
65.41 5 3.15387
65.41 6 0.164258
65.41 7 0.371436
65.41 8 0.0419385
65.51 1 1.02275
65.51 2 0.0560716
65.51 3 1.41627
65.51 4 0.0763882
65.51 5 3.15739
65.51 6 0.164407
65.51 7 0.366643
65.51 8 0.0415381
65.61 1 1.02206
65.61 2 0.0560001
65.61 3 1.41345
65.61 4 0.0762495
65.61 5 3.1611
65.61 6 0.164544
65.61 7 0.363509
65.61 8 0.0406427
65.71 1 1.02082
65.71 2 0.0559295
65.71 3 1.41066
65.71 4 0.0760988
65.71 5 3.16457
65.71 6 0.16467
65.71 7 0.358846
65.71 8 0.0402025
65.81 1 1.01957
65.81 2 0.0558585
65.81 3 1.4083
65.81 4 0.0760063
65.81 5 3.16781
65.81 6 0.164806
65.81 7 0.354823
65.81 8 0.039401
65.91 1 1.01833
65.91 2 0.0557924
65.91 3 1.40661
65.91 4 0.0758554
65.91 5 3.17112
65.91 6 0.164945
65.91 7 0.350254
65.91 8 0.0390427
66.01 1 1.01717
66.01 2 0.0557523
66.01 3 1.40389
66.01 4 0.0757053
66.01 5 3.17457
66.01 6 0.165073
66.01 7 0.347257
66.01 8 0.038415
66.11 1 1.01649
66.11 2 0.0556826
66.11 3 1.4012
66.11 4 0.0755737
66.11 5 3.17783
66.11 6 0.165206
66.11 7 0.343232
66.11 8 0.0378006
66.21 1 1.01527
66.21 2 0.0556131
66.21 3 1.39882
66.21 4 0.0754263
66.21 5 3.18122
66.21 6 0.165328
66.21 7 0.34043
66.21 8 0.0372251
66.31 1 1.01404
66.31 2 0.0555431
66.31 3 1.39613
66.31 4 0.0753372
66.31 5 3.18413
66.31 6 0.165452
66.31 7 0.336708
66.31 8 0.0369377
66.41 1 1.01282
66.41 2 0.055478
66.41 3 1.39453
66.41 4 0.0751896
66.41 5 3.18747
66.41 6 0.165576
66.41 7 0.333949
66.41 8 0.0363741
66.51 1 1.01166
66.51 2 0.0554379
66.51 3 1.39187
66.51 4 0.0750426
66.51 5 3.19079
66.51 6 0.165705
66.51 7 0.331309
66.51 8 0.0358453
66.61 1 1.01097
66.61 2 0.0553685
66.61 3 1.38922
66.61 4 0.0749111
66.61 5 3.19393
66.61 6 0.165833
66.61 7 0.327912
66.61 8 0.0353305
66.71 1 1.00976
66.71 2 0.0552994
66.71 3 1.38683
66.71 4 0.0748236
66.71 5 3.1972
66.71 6 0.165954
66.71 7 0.325473
66.71 8 0.0350821
66.81 1 1.00856
66.81 2 0.0552311
66.81 3 1.38529
66.81 4 0.0746798
66.81 5 3.20029
66.81 6 0.166069
66.81 7 0.322237
66.81 8 0.0345895
66.91 1 1.00736
66.91 2 0.0551663
66.91 3 1.38267
66.91 4 0.0745353
66.91 5 3.20316
66.91 6 0.166189
66.91 7 0.319941
66.91 8 0.0341222
67.01 1 1.00621
67.01 2 0.0551282
67.01 3 1.38006
67.01 4 0.0743915
67.01 5 3.20621
67.01 6 0.166313
67.01 7 0.31693
67.01 8 0.0338902
67.11 1 1.00557
67.11 2 0.0550605
67.11 3 1.37749
67.11 4 0.0742627
67.11 5 3.20939
67.11 6 0.166431
67.11 7 0.314841
67.11 8 0.03345
67.21 1 1.00439
67.21 2 0.0549931
67.21 3 1.37515
67.21 4 0.0741797
67.21 5 3.21239
67.21 6 0.166558
67.21 7 0.311886
67.21 8 0.0330122
67.31 1 1.00321
67.31 2 0.0549259
67.31 3 1.37364
67.31 4 0.0740376
67.31 5 3.21552
67.31 6 0.16667
67.31 7 0.309877
67.31 8 0.0325961
67.41 1 1.00197
67.41 2 0.054862
67.41 3 1.37108
67.41 4 0.0738962
67.41 5 3.21853
67.41 6 0.16679
67.41 7 0.307154
67.41 8 0.0323855
67.51 1 1.0009
67.51 2 0.0548245
67.51 3 1.36855
67.51 4 0.0737567
67.51 5 3.22127
67.51 6 0.166899
67.51 7 0.305185
67.51 8 0.0319853
67.61 1 1.00024
67.61 2 0.0547571
67.61 3 1.36601
67.61 4 0.0736266
67.61 5 3.22433
67.61 6 0.167017
67.61 7 0.303261
67.61 8 0.0315975
67.71 1 0.999066
67.71 2 0.05469
67.71 3 1.36365
67.71 4 0.0735468
67.71 5 3.22723
67.71 6 0.167135
67.71 7 0.300775
67.71 8 0.0314063
67.81 1 0.997905
67.81 2 0.0546275
67.81 3 1.36222
67.81 4 0.0734077
67.81 5 3.23025
67.81 6 0.167247
67.81 7 0.298984
67.81 8 0.0310428
67.91 1 0.996815
67.91 2 0.0545904
67.91 3 1.35973
67.91 4 0.0732705
67.91 5 3.2331
67.91 6 0.167364
67.91 7 0.296625
67.91 8 0.0306799
68.01 1 0.99566
68.01 2 0.0545246
68.01 3 1.35723
68.01 4 0.0731437
68.01 5 3.23598
68.01 6 0.167469
68.01 7 0.294924
68.01 8 0.0303343
68.11 1 0.994998
68.11 2 0.0544582
68.11 3 1.35466
68.11 4 0.0730065
68.11 5 3.23884
68.11 6 0.167584
68.11 7 0.292651
68.11 8 0.0301588
68.21 1 0.993862
68.21 2 0.0543934
68.21 3 1.35245
68.21 4 0.0729258
68.21 5 3.24159
68.21 6 0.167687
68.21 7 0.291035
68.21 8 0.029828
68.31 1 0.992693
68.31 2 0.0543305
68.31 3 1.35103
68.31 4 0.0727908
68.31 5 3.24441
68.31 6 0.1678
68.31 7 0.289393
68.31 8 0.0295004
68.41 1 0.991594
68.41 2 0.054294
68.41 3 1.34857
68.41 4 0.0726552
68.41 5 3.24716
68.41 6 0.167913
68.41 7 0.287334
68.41 8 0.0291878
68.51 1 0.990964
68.51 2 0.0542284
68.51 3 1.34612
68.51 4 0.0725298
68.51 5 3.25003
68.51 6 0.168023
68.51 7 0.285799
68.51 8 0.0290319
68.61 1 0.989829
68.61 2 0.0541637
68.61 3 1.34387
68.61 4 0.072453
68.61 5 3.25275
68.61 6 0.168134
68.61 7 0.283838
68.61 8 0.0287321
68.71 1 0.988721
68.71 2 0.0541005
68.71 3 1.34156
68.71 4 0.0723227
68.71 5 3.2553
68.71 6 0.168225
68.71 7 0.282401
68.71 8 0.0284403
68.81 1 0.987593
68.81 2 0.0540398
68.81 3 1.34014
68.81 4 0.0721905
68.81 5 3.25798
68.81 6 0.168338
68.81 7 0.280448
68.81 8 0.0282945
68.91 1 0.986509
68.91 2 0.0540045
68.91 3 1.33776
68.91 4 0.0720589
68.91 5 3.26078
68.91 6 0.168442
68.91 7 0.279077
68.91 8 0.0280115
69.01 1 0.985889
69.01 2 0.0539391
69.01 3 1.33536
69.01 4 0.071936
69.01 5 3.26342
69.01 6 0.16855
69.01 7 0.277238
69.01 8 0.0277333
69.11 1 0.98477
69.11 2 0.0538754
69.11 3 1.33315
69.11 4 0.0718607
69.11 5 3.26618
69.11 6 0.168652
69.11 7 0.275954
69.11 8 0.0274673
69.21 1 0.983631
69.21 2 0.0538105
69.21 3 1.33178
69.21 4 0.0717294
69.21 5 3.26878
69.21 6 0.168744
69.21 7 0.274221
69.21 8 0.0273344
69.31 1 0.982519
69.31 2 0.0537506
69.31 3 1.32941
69.31 4 0.0715986
69.31 5 3.27123
69.31 6 0.16885
69.31 7 0.272943
69.31 8 0.027076
69.41 1 0.981463
69.41 2 0.0537145
69.41 3 1.32705
69.41 4 0.0714685
69.41 5 3.27393
69.41 6 0.168954
69.41 7 0.271664
69.41 8 0.0268216
69.51 1 0.98084
69.51 2 0.0536515
69.51 3 1.32472
69.51 4 0.0713529
69.51 5 3.27644
69.51 6 0.169058
69.51 7 0.270061
69.51 8 0.026704
69.61 1 0.979785
69.61 2 0.0535912
69.61 3 1.32269
69.61 4 0.071278
69.61 5 3.27911
69.61 6 0.169152
69.61 7 0.268883
69.61 8 0.0264658
69.71 1 0.978685
69.71 2 0.0535286
69.71 3 1.3203
69.71 4 0.0711517
69.71 5 3.28158
69.71 6 0.16925
69.71 7 0.267276
69.71 8 0.0262195
69.81 1 0.977577
69.81 2 0.0534676
69.81 3 1.319
69.81 4 0.0710248
69.81 5 3.28399
69.81 6 0.169347
69.81 7 0.266171
69.81 8 0.0259905
69.91 1 0.976512
69.91 2 0.053434
69.91 3 1.31667
69.91 4 0.070896
69.91 5 3.28647
69.91 6 0.169449
69.91 7 0.264652
69.91 8 0.0258758
70.01 1 0.975922
70.01 2 0.0533712
70.01 3 1.31438
70.01 4 0.0707839
70.01 5 3.28907
70.01 6 0.169545
70.01 7 0.263592
70.01 8 0.0256527
70.11 1 0.974823
70.11 2 0.0533086
70.11 3 1.31233
70.11 4 0.0707058
70.11 5 3.29161
70.11 6 0.169649
70.11 7 0.262133
70.11 8 0.0254347
70.21 1 0.973739
70.21 2 0.0532468
70.21 3 1.31003
70.21 4 0.0705796
70.21 5 3.29405
70.21 6 0.16973
70.21 7 0.261094
70.21 8 0.0252238
70.31 1 0.972659
70.31 2 0.0531873
70.31 3 1.30869
70.31 4 0.0704564
70.31 5 3.29637
70.31 6 0.169829
70.31 7 0.259814
70.31 8 0.0251035
70.41 1 0.971608
70.41 2 0.0531542
70.41 3 1.30645
70.41 4 0.0703326
70.41 5 3.2989
70.41 6 0.169931
70.41 7 0.258538
70.41 8 0.0248653
70.51 1 0.971039
70.51 2 0.0530929
70.51 3 1.30423
70.51 4 0.0702238
70.51 5 3.30142
70.51 6 0.170029
70.51 7 0.257202
70.51 8 0.0247514
70.61 1 0.969956
70.61 2 0.0530312
70.61 3 1.30222
70.61 4 0.0701472
70.61 5 3.30392
70.61 6 0.170126
70.61 7 0.255932
70.61 8 0.0245061
70.71 1 0.968887
70.71 2 0.0529703
70.71 3 1.29997
70.71 4 0.0700259
70.71 5 3.30636
70.71 6 0.170213
70.71 7 0.254746
70.71 8 0.0243985
70.81 1 0.96781
70.81 2 0.0529122
70.81 3 1.29865
70.81 4 0.0699028
70.81 5 3.30857
70.81 6 0.170309
70.81 7 0.253562
70.81 8 0.0241737
70.91 1 0.966797
70.91 2 0.052879
70.91 3 1.29645
70.91 4 0.0697813
70.91 5 3.31102
70.91 6 0.170407
70.91 7 0.252459
70.91 8 0.0240699
71.01 1 0.966213
71.01 2 0.0528179
71.01 3 1.29424
71.01 4 0.0696735
71.01 5 3.31346
71.01 6 0.170502
71.01 7 0.251296
71.01 8 0.0238549
71.11 1 0.965157
71.11 2 0.0527577
71.11 3 1.29231
71.11 4 0.0695985
71.11 5 3.31575
71.11 6 0.170599
71.11 7 0.249868
71.11 8 0.0237512
71.21 1 0.964092
71.21 2 0.0526971
71.21 3 1.29034
71.21 4 0.0694784
71.21 5 3.3179
71.21 6 0.170689
71.21 7 0.248864
71.21 8 0.0235509
71.31 1 0.963155
71.31 2 0.052656
71.31 3 1.28872
71.31 4 0.0693608
71.31 5 3.31952
71.31 6 0.170743
71.31 7 0.248027
71.31 8 0.0233797
71.41 1 0.962643
71.41 2 0.0526118
71.41 3 1.28698
71.41 4 0.0692617
71.41 5 3.32074
71.41 6 0.170767
71.41 7 0.247059
71.41 8 0.0232243
71.51 1 0.961699
71.51 2 0.052574
71.51 3 1.28551
71.51 4 0.0691736
71.51 5 3.3226
71.51 6 0.170837
71.51 7 0.246032
71.51 8 0.0231244
71.61 1 0.960816
71.61 2 0.0525102
71.61 3 1.28383
71.61 4 0.0690804
71.61 5 3.32444
71.61 6 0.170903
71.61 7 0.245165
71.61 8 0.0229517
71.71 1 0.959845
71.71 2 0.0524572
71.71 3 1.28195
71.71 4 0.0689762
71.71 5 3.32662
71.71 6 0.170985
71.71 7 0.244
71.71 8 0.0228668
71.81 1 0.958844
71.81 2 0.0524205
71.81 3 1.27978
71.81 4 0.0688567
71.81 5 3.32895
71.81 6 0.171072
71.81 7 0.243129
71.81 8 0.0226912
71.91 1 0.958173
71.91 2 0.0523553
71.91 3 1.27765
71.91 4 0.068792
71.91 5 3.3313
71.91 6 0.171173
71.91 7 0.242306
71.91 8 0.0225322
72.01 1 0.957042
72.01 2 0.0523201
72.01 3 1.27611
72.01 4 0.0686553
72.01 5 3.33372
72.01 6 0.171275
72.01 7 0.241183
72.01 8 0.02245
72.11 1 0.956206
72.11 2 0.0522442
72.11 3 1.27365
72.11 4 0.0685777
72.11 5 3.33625
72.11 6 0.171371
72.11 7 0.240389
72.11 8 0.0222863
72.21 1 0.955485
72.21 2 0.0522036
72.21 3 1.27183
72.21 4 0.0684209
72.21 5 3.33898
72.21 6 0.171475
72.21 7 0.239674
72.21 8 0.0221414
72.31 1 0.953981
72.31 2 0.0521276
72.31 3 1.27033
72.31 4 0.0683384
72.31 5 3.34136
72.31 6 0.171582
72.31 7 0.238851
72.31 8 0.0220084
72.41 1 0.953253
72.41 2 0.0520781
72.41 3 1.26774
72.41 4 0.0681974
72.41 5 3.34397
72.41 6 0.171677
72.41 7 0.238255
72.41 8 0.0218972
72.51 1 0.951881
72.51 2 0.052036
72.51 3 1.26589
72.51 4 0.0680955
72.51 5 3.34632
72.51 6 0.171783
72.51 7 0.237684
72.51 8 0.0217894
72.61 1 0.951013
72.61 2 0.0519588
72.61 3 1.26442
72.61 4 0.068015
72.61 5 3.34878
72.61 6 0.171889
72.61 7 0.237123
72.61 8 0.0216934
72.71 1 0.950269
72.71 2 0.0519103
72.71 3 1.26182
72.71 4 0.0678734
72.71 5 3.35134
72.71 6 0.171974
72.71 7 0.236776
72.71 8 0.0216076
72.81 1 0.948885
72.81 2 0.0518679
72.81 3 1.26001
72.81 4 0.0677738
72.81 5 3.35352
72.81 6 0.172074
72.81 7 0.236435
72.81 8 0.0214867
72.91 1 0.948013
72.91 2 0.0517835
72.91 3 1.25854
72.91 4 0.0676931
72.91 5 3.35581
72.91 6 0.172167
72.91 7 0.236242
72.91 8 0.0214179
73.01 1 0.94732
73.01 2 0.0517444
73.01 3 1.25578
73.01 4 0.0675596
73.01 5 3.35793
73.01 6 0.172249
73.01 7 0.23619
73.01 8 0.0213371
73.11 1 0.94598
73.11 2 0.0516694
73.11 3 1.25432
73.11 4 0.0674622
73.11 5 3.35986
73.11 6 0.172324
73.11 7 0.236969
73.11 8 0.021284
73.21 1 0.945082
73.21 2 0.0516186
73.21 3 1.25172
73.21 4 0.0673813
73.21 5 3.3615
73.21 6 0.172386
73.21 7 0.237919
73.21 8 0.0212536
73.31 1 0.944318
73.31 2 0.0515757
73.31 3 1.24994
73.31 4 0.0672406
73.31 5 3.36326
73.31 6 0.172456
73.31 7 0.239098
73.31 8 0.0212374
73.41 1 0.942956
73.41 2 0.0515334
73.41 3 1.24845
73.41 4 0.0671411
73.41 5 3.365
73.41 6 0.172517
73.41 7 0.240349
73.41 8 0.0212295
73.51 1 0.942044
73.51 2 0.051448
73.51 3 1.2458
73.51 4 0.0670601
73.51 5 3.36654
73.51 6 0.172566
73.51 7 0.241881
73.51 8 0.0212324
73.61 1 0.941286
73.61 2 0.0514054
73.61 3 1.24393
73.61 4 0.0669167
73.61 5 3.36791
73.61 6 0.172616
73.61 7 0.243953
73.61 8 0.0212646
73.71 1 0.940497
73.71 2 0.0513611
73.71 3 1.24242
73.71 4 0.066811
73.71 5 3.36906
73.71 6 0.172652
73.71 7 0.246553
73.71 8 0.0213188
73.81 1 0.93903
73.81 2 0.0512793
73.81 3 1.24085
73.81 4 0.0667256
73.81 5 3.37005
73.81 6 0.172681
73.81 7 0.249421
73.81 8 0.0213919
73.91 1 0.938053
73.91 2 0.0512242
73.91 3 1.23816
73.91 4 0.0666395
73.91 5 3.37044
73.91 6 0.172698
73.91 7 0.253133
73.91 8 0.0214952
74.01 1 0.93726
74.01 2 0.0511797
74.01 3 1.23663
74.01 4 0.066495
74.01 5 3.37115
74.01 6 0.172699
74.01 7 0.257305
74.01 8 0.021632
74.11 1 0.936458
74.11 2 0.0511347
74.11 3 1.23465
74.11 4 0.0663867
74.11 5 3.37133
74.11 6 0.172692
74.11 7 0.261796
74.11 8 0.0217873
74.21 1 0.934943
74.21 2 0.0510881
74.21 3 1.23304
74.21 4 0.0662985
74.21 5 3.37125
74.21 6 0.172679
74.21 7 0.267044
74.21 8 0.0219899
74.31 1 0.933913
74.31 2 0.051002
74.31 3 1.23141
74.31 4 0.0662095
74.31 5 3.37092
74.31 6 0.172645
74.31 7 0.272814
74.31 8 0.0222028
74.41 1 0.933075
74.41 2 0.0509454
74.41 3 1.22868
74.41 4 0.0661218
74.41 5 3.37025
74.41 6 0.172597
74.41 7 0.27928
74.41 8 0.0224614
74.51 1 0.93224
74.51 2 0.0508986
74.51 3 1.22708
74.51 4 0.0659738
74.51 5 3.3697
74.51 6 0.172542
74.51 7 0.285949
74.51 8 0.0227192
74.61 1 0.931385
74.61 2 0.0508508
74.61 3 1.22499
74.61 4 0.0658858
74.61 5 3.36892
74.61 6 0.172497
74.61 7 0.292543
74.61 8 0.0229926
74.71 1 0.929869
74.71 2 0.0508036
74.71 3 1.22337
74.71 4 0.0657706
74.71 5 3.36831
74.71 6 0.172434
74.71 7 0.299081
74.71 8 0.0232498
74.81 1 0.928998
74.81 2 0.0507176
74.81 3 1.22173
74.81 4 0.0656812
74.81 5 3.36734
74.81 6 0.17238
74.81 7 0.306025
74.81 8 0.0235427
74.91 1 0.927995
74.91 2 0.0506724
74.91 3 1.22019
74.91 4 0.0655972
74.91 5 3.366
74.91 6 0.172293
74.91 7 0.313721
74.91 8 0.023865
75.01 1 0.927161
75.01 2 0.0506144
75.01 3 1.21745
75.01 4 0.0654479
75.01 5 3.36439
75.01 6 0.172203
75.01 7 0.322067
75.01 8 0.0242082
75.11 1 0.926297
75.11 2 0.0505661
75.11 3 1.21543
75.11 4 0.0653585
75.11 5 3.36253
75.11 6 0.172091
75.11 7 0.330623
75.11 8 0.0245772
75.21 1 0.925414
75.21 2 0.0505167
75.21 3 1.21378
75.21 4 0.0652475
75.21 5 3.36086
75.21 6 0.171994
75.21 7 0.339313
75.21 8 0.0249415
75.31 1 0.924543
75.31 2 0.0504681
75.31 3 1.21219
75.31 4 0.0651607
75.31 5 3.35887
75.31 6 0.171865
75.31 7 0.348679
75.31 8 0.0253503
75.41 1 0.923096
75.41 2 0.0503873
75.41 3 1.21065
75.41 4 0.0650762
75.41 5 3.35666
75.41 6 0.17175
75.41 7 0.357924
75.41 8 0.0257523
75.51 1 0.922047
75.51 2 0.0503412
75.51 3 1.2091
75.51 4 0.064992
75.51 5 3.35458
75.51 6 0.171619
75.51 7 0.367309
75.51 8 0.0261719
75.61 1 0.921216
75.61 2 0.0502819
75.61 3 1.20618
75.61 4 0.064907
75.61 5 3.35204
75.61 6 0.171486
75.61 7 0.376594
75.61 8 0.0265721
75.71 1 0.920376
75.71 2 0.0502349
75.71 3 1.20436
75.71 4 0.0647465
75.71 5 3.34953
75.71 6 0.171345
75.71 7 0.386275
75.71 8 0.0270034
75.81 1 0.919496
75.81 2 0.0501857
75.81 3 1.20283
75.81 4 0.0646498
75.81 5 3.34681
75.81 6 0.171185
75.81 7 0.396791
75.81 8 0.0274646
75.91 1 0.918161
75.91 2 0.0501412
75.91 3 1.20137
75.91 4 0.0645697
75.91 5 3.34407
75.91 6 0.171039
75.91 7 0.406941
75.91 8 0.027917
76.01 1 0.917358
76.01 2 0.0500662
76.01 3 1.19987
76.01 4 0.064488
76.01 5 3.3413
76.01 6 0.170879
76.01 7 0.417258
76.01 8 0.0283653
76.11 1 0.916286
76.11 2 0.0500208
76.11 3 1.19836
76.11 4 0.0644056
76.11 5 3.33833
76.11 6 0.17072
76.11 7 0.427676
76.11 8 0.0288327
76.21 1 0.915467
76.21 2 0.0499602
76.21 3 1.19534
76.21 4 0.0643214
76.21 5 3.33564
76.21 6 0.170555
76.21 7 0.438734
76.21 8 0.0292929
76.31 1 0.914671
76.31 2 0.0499156
76.31 3 1.19388
76.31 4 0.0641606
76.31 5 3.33169
76.31 6 0.170355
76.31 7 0.449611
76.31 8 0.0298175
76.41 1 0.913846
76.41 2 0.0498694
76.41 3 1.19235
76.41 4 0.0640772
76.41 5 3.32843
76.41 6 0.170173
76.41 7 0.460647
76.41 8 0.0303177
76.51 1 0.91253
76.51 2 0.0498256
76.51 3 1.19086
76.51 4 0.063996
76.51 5 3.32493
76.51 6 0.170001
76.51 7 0.471771
76.51 8 0.030828
76.61 1 0.9117
76.61 2 0.0497495
76.61 3 1.18932
76.61 4 0.0639121
76.61 5 3.32145
76.61 6 0.169803
76.61 7 0.483245
76.61 8 0.0313384
76.71 1 0.910511
76.71 2 0.0497021
76.71 3 1.18776
76.71 4 0.0638266
76.71 5 3.31801
76.71 6 0.169614
76.71 7 0.494824
76.71 8 0.0318634
76.81 1 0.909728
76.81 2 0.0496391
76.81 3 1.18457
76.81 4 0.0637403
76.81 5 3.3141
76.81 6 0.169413
76.81 7 0.506958
76.81 8 0.0324089
76.91 1 0.908914
76.91 2 0.0495936
76.91 3 1.18312
76.91 4 0.0635703
76.91 5 3.30961
76.91 6 0.169209
76.91 7 0.518761
76.91 8 0.0329481
77.01 1 0.908051
77.01 2 0.0495454
77.01 3 1.18152
77.01 4 0.0634861
77.01 5 3.30563
77.01 6 0.168955
77.01 7 0.531084
77.01 8 0.0335043
77.11 1 0.907231
77.11 2 0.0494996
77.11 3 1.17999
77.11 4 0.0634029
77.11 5 3.30178
77.11 6 0.168749
77.11 7 0.543053
77.11 8 0.0340507
77.21 1 0.9059
77.21 2 0.0494516
77.21 3 1.1784
77.21 4 0.0633161
77.21 5 3.29719
77.21 6 0.168519
77.21 7 0.555613
77.21 8 0.0346386
77.31 1 0.905075
77.31 2 0.0493791
77.31 3 1.17685
77.31 4 0.0632315
77.31 5 3.29288
77.31 6 0.168284
77.31 7 0.568234
77.31 8 0.035218
77.41 1 0.904241
77.41 2 0.0493326
77.41 3 1.17528
77.41 4 0.0631462
77.41 5 3.28849
77.41 6 0.168052
77.41 7 0.580941
77.41 8 0.0357942
77.51 1 0.9034
77.51 2 0.0492856
77.51 3 1.17373
77.51 4 0.0630612
77.51 5 3.28428
77.51 6 0.167823
77.51 7 0.593733
77.51 8 0.0363655
77.61 1 0.902112
77.61 2 0.0492365
77.61 3 1.17215
77.61 4 0.0629755
77.61 5 3.27935
77.61 6 0.167577
77.61 7 0.606609
77.61 8 0.0369721
77.71 1 0.901256
77.71 2 0.0491876
77.71 3 1.1688
77.71 4 0.0628845
77.71 5 3.27496
77.71 6 0.167355
77.71 7 0.619141
77.71 8 0.0375664
77.81 1 0.900402
77.81 2 0.0491181
77.81 3 1.16731
77.81 4 0.0627975
77.81 5 3.27051
77.81 6 0.167082
77.81 7 0.632604
77.81 8 0.038163
77.91 1 0.89956
77.91 2 0.0490711
77.91 3 1.16575
77.91 4 0.062624
77.91 5 3.26467
77.91 6 0.166845
77.91 7 0.645722
77.91 8 0.03879
78.01 1 0.89871
78.01 2 0.0490236
78.01 3 1.16417
78.01 4 0.0625401
78.01 5 3.25982
78.01 6 0.166545
78.01 7 0.658724
78.01 8 0.0393934
78.11 1 0.897852
78.11 2 0.0489757
78.11 3 1.16257
78.11 4 0.0624533
78.11 5 3.25514
78.11 6 0.166296
78.11 7 0.671967
78.11 8 0.0399902
78.21 1 0.896535
78.21 2 0.0489269
78.21 3 1.16094
78.21 4 0.0623641
78.21 5 3.2496
78.21 6 0.166023
78.21 7 0.685758
78.21 8 0.0406423
78.31 1 0.895711
78.31 2 0.0488563
78.31 3 1.15935
78.31 4 0.0622778
78.31 5 3.24437
78.31 6 0.16574
78.31 7 0.698991
78.31 8 0.0412654
78.41 1 0.894861
78.41 2 0.0488088
78.41 3 1.15779
78.41 4 0.0621928
78.41 5 3.23928
78.41 6 0.165474
78.41 7 0.712672
78.41 8 0.0418875
78.51 1 0.893983
78.51 2 0.0487598
78.51 3 1.15619
78.51 4 0.0621053
78.51 5 3.23392
78.51 6 0.165199
78.51 7 0.726237
78.51 8 0.0425205
78.61 1 0.893088
78.61 2 0.0487099
78.61 3 1.15455
78.61 4 0.0620163
78.61 5 3.22864
78.61 6 0.164914
78.61 7 0.739873
78.61 8 0.0431487
78.71 1 0.892186
78.71 2 0.0486596
78.71 3 1.15291
78.71 4 0.0619267
78.71 5 3.22324
78.71 6 0.164642
78.71 7 0.753362
78.71 8 0.0437875
78.81 1 0.891295
78.81 2 0.04861
78.81 3 1.15124
78.81 4 0.0618356
78.81 5 3.21749
78.81 6 0.164354
78.81 7 0.7676
78.81 8 0.0444617
78.91 1 0.89035
78.91 2 0.0485573
78.91 3 1.14949
78.91 4 0.0617404
78.91 5 3.21183
78.91 6 0.164056
78.91 7 0.781441
78.91 8 0.0451097
79.01 1 0.889435
79.01 2 0.0485063
79.01 3 1.14784
79.01 4 0.0616508
79.01 5 3.20621
79.01 6 0.16376
79.01 7 0.795171
79.01 8 0.0457529
79.11 1 0.888485
79.11 2 0.0484534
79.11 3 1.14614
79.11 4 0.061558
79.11 5 3.20054
79.11 6 0.16347
79.11 7 0.809108
79.11 8 0.046406
79.21 1 0.887508
79.21 2 0.0483991
79.21 3 1.14437
79.21 4 0.061462
79.21 5 3.19484
79.21 6 0.163178
79.21 7 0.822935
79.21 8 0.0470544
79.31 1 0.886553
79.31 2 0.0483459
79.31 3 1.14258
79.31 4 0.0613646
79.31 5 3.18882
79.31 6 0.162852
79.31 7 0.837454
79.31 8 0.0477209
79.41 1 0.885601
79.41 2 0.0482929
79.41 3 1.14081
79.41 4 0.0612684
79.41 5 3.18291
79.41 6 0.162658
79.41 7 0.851822
79.41 8 0.0483947
79.51 1 0.884585
79.51 2 0.0482603
79.51 3 1.13895
79.51 4 0.0611673
79.51 5 3.17681
79.51 6 0.162297
79.51 7 0.866044
79.51 8 0.0490637
79.61 1 0.883618
79.61 2 0.048208
79.61 3 1.13719
79.61 4 0.0610718
79.61 5 3.17221
79.61 6 0.161966
79.61 7 0.879914
79.61 8 0.0497055
79.71 1 0.883099
79.71 2 0.0481538
79.71 3 1.1354
79.71 4 0.0609795
79.71 5 3.1655
79.71 6 0.161654
79.71 7 0.893849
79.71 8 0.0503812
79.81 1 0.88209
79.81 2 0.0480977
79.81 3 1.13366
79.81 4 0.060974
79.81 5 3.15936
79.81 6 0.16134
79.81 7 0.908049
79.81 8 0.05105
79.91 1 0.881055
79.91 2 0.0480403
79.91 3 1.13356
79.91 4 0.060874
79.91 5 3.15326
79.91 6 0.161032
79.91 7 0.922106
79.91 8 0.0516965
80.01 1 0.880023
80.01 2 0.0479829
80.01 3 1.13168
80.01 4 0.0607718
80.01 5 3.14711
80.01 6 0.160704
80.01 7 0.936426
80.01 8 0.0523675
80.11 1 0.879453
80.11 2 0.0479513
80.11 3 1.1298
80.11 4 0.06067
80.11 5 3.14073
80.11 6 0.160399
80.11 7 0.950844
80.11 8 0.0530583
80.21 1 0.878361
80.21 2 0.0478907
80.21 3 1.12784
80.21 4 0.0605635
80.21 5 3.13455
80.21 6 0.160069
80.21 7 0.964721
80.21 8 0.053718
80.31 1 0.877281
80.31 2 0.0478308
80.31 3 1.12593
80.31 4 0.0604599
80.31 5 3.12844
80.31 6 0.15977
80.31 7 0.978579
80.31 8 0.0543538
80.41 1 0.876177
80.41 2 0.0478049
80.41 3 1.12399
80.41 4 0.0603541
80.41 5 3.1231
80.41 6 0.159476
80.41 7 0.992185
80.41 8 0.0550051
80.51 1 0.875723
80.51 2 0.0477442
80.51 3 1.12221
80.51 4 0.0602583
80.51 5 3.11639
80.51 6 0.159123
80.51 7 1.00621
80.51 8 0.0556672
80.61 1 0.874642
80.61 2 0.0476842
80.61 3 1.122
80.61 4 0.0602463
80.61 5 3.1099
80.61 6 0.158813
80.61 7 1.02088
80.61 8 0.0563615
80.71 1 0.873536
80.71 2 0.047645
80.71 3 1.12004
80.71 4 0.0601397
80.71 5 3.10335
80.71 6 0.158573
80.71 7 1.03521
80.71 8 0.0570467
80.81 1 0.872765
80.81 2 0.0475803
80.81 3 1.11796
80.81 4 0.0600269
80.81 5 3.09818
80.81 6 0.15815
80.81 7 1.04936
80.81 8 0.0576894
80.91 1 0.871646
80.91 2 0.0475627
80.91 3 1.116
80.91 4 0.0599203
80.91 5 3.09101
80.91 6 0.157831
80.91 7 1.06284
80.91 8 0.058364
81.01 1 0.871335
81.01 2 0.0475008
81.01 3 1.11398
81.01 4 0.0598293
81.01 5 3.08497
81.01 6 0.157513
81.01 7 1.07696
81.01 8 0.0590179
81.11 1 0.870193
81.11 2 0.0474375
81.11 3 1.11229
81.11 4 0.0598109
81.11 5 3.07863
81.11 6 0.157178
81.11 7 1.09094
81.11 8 0.0596798
81.21 1 0.869019
81.21 2 0.0473725
81.21 3 1.11192
81.21 4 0.0596994
81.21 5 3.07182
81.21 6 0.156889
81.21 7 1.10484
81.21 8 0.0603167
81.31 1 0.868139
81.31 2 0.047324
81.31 3 1.10985
81.31 4 0.0595867
81.31 5 3.06611
81.31 6 0.156554
81.31 7 1.11852
81.31 8 0.0609638
81.41 1 0.867804
81.41 2 0.0473052
81.41 3 1.10767
81.41 4 0.0594894
81.41 5 3.0593
81.41 6 0.156201
81.41 7 1.13234
81.41 8 0.0616468
81.51 1 0.866601
81.51 2 0.0472386
81.51 3 1.10599
81.51 4 0.0594688
81.51 5 3.05311
81.51 6 0.155865
81.51 7 1.14637
81.51 8 0.0623026
81.61 1 0.865344
81.61 2 0.0471894
81.61 3 1.10558
81.61 4 0.0593554
81.61 5 3.0469
81.61 6 0.155554
81.61 7 1.15934
81.61 8 0.0629129
81.71 1 0.864409
81.71 2 0.0471163
81.71 3 1.10336
81.71 4 0.0592337
81.71 5 3.04088
81.71 6 0.155244
81.71 7 1.17274
81.71 8 0.0635409
81.81 1 0.863343
81.81 2 0.0470577
81.81 3 1.10154
81.81 4 0.0591344
81.81 5 3.03537
81.81 6 0.154977
81.81 7 1.18459
81.81 8 0.0641059
81.91 1 0.862842
81.91 2 0.0470181
81.91 3 1.10004
81.91 4 0.0590556
81.91 5 3.03031
81.91 6 0.15472
81.91 7 1.19458
81.91 8 0.064627
82.01 1 0.864925
82.01 2 0.0471541
82.01 3 1.09769
82.01 4 0.0590556
82.01 5 3.02504
82.01 6 0.154429
82.01 7 1.19753
82.01 8 0.0648088
82.11 1 0.866734
82.11 2 0.0475154
82.11 3 1.09772
82.11 4 0.0589287
82.11 5 3.01749
82.11 6 0.154106
82.11 7 1.20108
82.11 8 0.0657745
82.21 1 0.868905
82.21 2 0.0479
82.21 3 1.0955
82.21 4 0.0588156
82.21 5 3.01465
82.21 6 0.153999
82.21 7 1.20311
82.21 8 0.0666056
82.31 1 0.872244
82.31 2 0.0484482
82.31 3 1.09312
82.31 4 0.0586977
82.31 5 3.00442
82.31 6 0.153548
82.31 7 1.20269
82.31 8 0.0670174
82.41 1 0.876391
82.41 2 0.0491777
82.41 3 1.09123
82.41 4 0.0586977
82.41 5 2.99705
82.41 6 0.153503
82.41 7 1.20162
82.41 8 0.0670378
82.51 1 0.876246
82.51 2 0.0492881
82.51 3 1.09039
82.51 4 0.0585782
82.51 5 2.9922
82.51 6 0.153081
82.51 7 1.19372
82.51 8 0.0666593
82.61 1 0.875945
82.61 2 0.0493308
82.61 3 1.08966
82.61 4 0.0585347
82.61 5 2.98681
82.61 6 0.15286
82.61 7 1.18925
82.61 8 0.0664724
82.71 1 0.875623
82.71 2 0.049313
82.71 3 1.0889
82.71 4 0.0584913
82.71 5 2.98165
82.71 6 0.15259
82.71 7 1.1848
82.71 8 0.0662859
82.81 1 0.8753
82.81 2 0.0492893
82.81 3 1.08848
82.81 4 0.0584481
82.81 5 2.97681
82.81 6 0.152324
82.81 7 1.18035
82.81 8 0.0660989
82.91 1 0.87492
82.91 2 0.0492647
82.91 3 1.08774
82.91 4 0.058403
82.91 5 2.97297
82.91 6 0.152105
82.91 7 1.17598
82.91 8 0.0659155
83.01 1 0.874703
83.01 2 0.0492402
83.01 3 1.08695
83.01 4 0.0583562
83.01 5 2.97028
83.01 6 0.151944
83.01 7 1.17144
83.01 8 0.065707
83.11 1 0.874346
83.11 2 0.0492119
83.11 3 1.08611
83.11 4 0.0583184
83.11 5 2.96915
83.11 6 0.151871
83.11 7 1.16689
83.11 8 0.0654973
83.21 1 0.873965
83.21 2 0.0491943
83.21 3 1.08513
83.21 4 0.0582667
83.21 5 2.96954
83.21 6 0.151872
83.21 7 1.16226
83.21 8 0.0652751
83.31 1 0.873522
83.31 2 0.0491688
83.31 3 1.08427
83.31 4 0.0582184
83.31 5 2.97105
83.31 6 0.151936
83.31 7 1.15761
83.31 8 0.0650385
83.41 1 0.872931
83.41 2 0.0491358
83.41 3 1.08353
83.41 4 0.0581586
83.41 5 2.97302
83.41 6 0.152004
83.41 7 1.15292
83.41 8 0.0647965
83.51 1 0.872473
83.51 2 0.0490929
83.51 3 1.08215
83.51 4 0.0581113
83.51 5 2.97494
83.51 6 0.152098
83.51 7 1.14828
83.51 8 0.0646356
83.61 1 0.87193
83.61 2 0.0490596
83.61 3 1.08114
83.61 4 0.0580301
83.61 5 2.97711
83.61 6 0.15218
83.61 7 1.14429
83.61 8 0.0643539
83.71 1 0.871298
83.71 2 0.0490214
83.71 3 1.07998
83.71 4 0.0579662
83.71 5 2.97942
83.71 6 0.152279
83.71 7 1.14029
83.71 8 0.0641503
83.81 1 0.870545
83.81 2 0.0489764
83.81 3 1.07858
83.81 4 0.0578916
83.81 5 2.98181
83.81 6 0.152381
83.81 7 1.13645
83.81 8 0.0639551
83.91 1 0.869685
83.91 2 0.0489306
83.91 3 1.0779
83.91 4 0.0578449
83.91 5 2.98437
83.91 6 0.152501
83.91 7 1.13123
83.91 8 0.0637501
84.01 1 0.869292
84.01 2 0.0489018
84.01 3 1.07647
84.01 4 0.0577662
84.01 5 2.98689
84.01 6 0.152602
84.01 7 1.12758
84.01 8 0.0634882
84.11 1 0.868466
84.11 2 0.0488526
84.11 3 1.07502
84.11 4 0.0576885
84.11 5 2.98907
84.11 6 0.152711
84.11 7 1.12273
84.11 8 0.0633477
84.21 1 0.867624
84.21 2 0.0488082
84.21 3 1.07358
84.21 4 0.0576453
84.21 5 2.9915
84.21 6 0.152823
84.21 7 1.11914
84.21 8 0.063071
84.31 1 0.866898
84.31 2 0.0487781
84.31 3 1.07285
84.31 4 0.0575657
84.31 5 2.99411
84.31 6 0.152929
84.31 7 1.11557
84.31 8 0.0627992
84.41 1 0.866383
84.41 2 0.0487288
84.41 3 1.0714
84.41 4 0.0574857
84.41 5 2.99644
84.41 6 0.153028
84.41 7 1.11084
84.41 8 0.0626621
84.51 1 0.865591
84.51 2 0.0486815
84.51 3 1.07
84.51 4 0.0574082
84.51 5 2.99866
84.51 6 0.153141
84.51 7 1.10741
84.51 8 0.0623964
84.61 1 0.864904
84.61 2 0.0486409
84.61 3 1.06929
84.61 4 0.0573693
84.61 5 3.00133
84.61 6 0.153243
84.61 7 1.10279
84.61 8 0.062131
84.71 1 0.864116
84.71 2 0.0486112
84.71 3 1.06789
84.71 4 0.0572923
84.71 5 3.00362
84.71 6 0.15335
84.71 7 1.10001
84.71 8 0.061995
84.81 1 0.86364
84.81 2 0.0485652
84.81 3 1.06651
84.81 4 0.0572163
84.81 5 3.00599
84.81 6 0.153444
84.81 7 1.09515
84.81 8 0.0616298
84.91 1 0.862872
84.91 2 0.0485194
84.91 3 1.06513
84.91 4 0.0571427
84.91 5 3.00818
84.91 6 0.153553
84.91 7 1.09094
84.91 8 0.0614689
85.01 1 0.862089
85.01 2 0.0484782
85.01 3 1.0638
85.01 4 0.0571021
85.01 5 3.0107
85.01 6 0.153664
85.01 7 1.08709
85.01 8 0.061311
85.11 1 0.861385
85.11 2 0.0484496
85.11 3 1.06306
85.11 4 0.057026
85.11 5 3.01305
85.11 6 0.153765
85.11 7 1.08346
85.11 8 0.0610227
85.21 1 0.86094
85.21 2 0.0484041
85.21 3 1.06171
85.21 4 0.0569502
85.21 5 3.01538
85.21 6 0.153858
85.21 7 1.08014
85.21 8 0.0607702
85.31 1 0.860154
85.31 2 0.0483573
85.31 3 1.06032
85.31 4 0.0568781
85.31 5 3.0174
85.31 6 0.153959
85.31 7 1.07585
85.31 8 0.0606468
85.41 1 0.859378
85.41 2 0.0483145
85.41 3 1.05903
85.41 4 0.0568358
85.41 5 3.01988
85.41 6 0.154065
85.41 7 1.0727
85.41 8 0.0603998
85.51 1 0.858646
85.51 2 0.0482877
85.51 3 1.05826
85.51 4 0.05676
85.51 5 3.0221
85.51 6 0.154169
85.51 7 1.06844
85.51 8 0.060155
85.61 1 0.858223
85.61 2 0.0482421
85.61 3 1.05689
85.61 4 0.0566851
85.61 5 3.02439
85.61 6 0.154257
85.61 7 1.06523
85.61 8 0.0599144
85.71 1 0.857444
85.71 2 0.0481957
85.71 3 1.05549
85.71 4 0.0566154
85.71 5 3.0265
85.71 6 0.154356
85.71 7 1.061
85.71 8 0.059793
85.81 1 0.856684
85.81 2 0.0481534
85.81 3 1.05425
85.81 4 0.0565729
85.81 5 3.02877
85.81 6 0.15446
85.81 7 1.05781
85.81 8 0.0595478
85.91 1 0.855967
85.91 2 0.0481273
85.91 3 1.05354
85.91 4 0.0565001
85.91 5 3.03112
85.91 6 0.154562
85.91 7 1.0546
85.91 8 0.0593049
86.01 1 0.855522
86.01 2 0.0480812
86.01 3 1.0522
86.01 4 0.0564261
86.01 5 3.03328
86.01 6 0.154651
86.01 7 1.05041
86.01 8 0.0591843
86.11 1 0.854767
86.11 2 0.0480361
86.11 3 1.05088
86.11 4 0.0563565
86.11 5 3.03535
86.11 6 0.154745
86.11 7 1.04728
86.11 8 0.0589447
86.21 1 0.854014
86.21 2 0.0479951
86.21 3 1.04958
86.21 4 0.0563167
86.21 5 3.03767
86.21 6 0.154854
86.21 7 1.04418
86.21 8 0.0587073
86.31 1 0.853312
86.31 2 0.0479693
86.31 3 1.04889
86.31 4 0.0562434
86.31 5 3.03989
86.31 6 0.154951
86.31 7 1.04008
86.31 8 0.0585875
86.41 1 0.852889
86.41 2 0.0479241
86.41 3 1.04756
86.41 4 0.0561696
86.41 5 3.0421
86.41 6 0.155035
86.41 7 1.03696
86.41 8 0.0583552
86.51 1 0.852141
86.51 2 0.0478795
86.51 3 1.04625
86.51 4 0.0561029
86.51 5 3.04413
86.51 6 0.155131
86.51 7 1.03393
86.51 8 0.0581194
86.61 1 0.851378
86.61 2 0.0478379
86.61 3 1.04503
86.61 4 0.0560615
86.61 5 3.04624
86.61 6 0.155238
86.61 7 1.02992
86.61 8 0.0580041
86.71 1 0.850691
86.71 2 0.0478113
86.71 3 1.0443
86.71 4 0.055989
86.71 5 3.04857
86.71 6 0.15533
86.71 7 1.02687
86.71 8 0.0577752
86.81 1 0.850262
86.81 2 0.0477675
86.81 3 1.043
86.81 4 0.0559175
86.81 5 3.05066
86.81 6 0.155416
86.81 7 1.02295
86.81 8 0.0575446
86.91 1 0.849505
86.91 2 0.0477223
86.91 3 1.04169
86.91 4 0.0558495
86.91 5 3.05265
86.91 6 0.155513
86.91 7 1.01995
86.91 8 0.0574319
87.01 1 0.848766
87.01 2 0.0476816
87.01 3 1.04048
87.01 4 0.05581
87.01 5 3.05481
87.01 6 0.155613
87.01 7 1.0171
87.01 8 0.057208
87.11 1 0.848068
87.11 2 0.0476558
87.11 3 1.03975
87.11 4 0.0557377
87.11 5 3.05704
87.11 6 0.155706
87.11 7 1.0132
87.11 8 0.0569843
87.21 1 0.84766
87.21 2 0.0476123
87.21 3 1.03847
87.21 4 0.0556677
87.21 5 3.05918
87.21 6 0.155791
87.21 7 1.01027
87.21 8 0.0567625
87.31 1 0.84691
87.31 2 0.0475676
87.31 3 1.0372
87.31 4 0.0556005
87.31 5 3.06114
87.31 6 0.155883
87.31 7 1.00744
87.31 8 0.0566532
87.41 1 0.846169
87.41 2 0.0475272
87.41 3 1.03598
87.41 4 0.0555615
87.41 5 3.06318
87.41 6 0.155984
87.41 7 1.0037
87.41 8 0.0564344
87.51 1 0.845494
87.51 2 0.0475012
87.51 3 1.03528
87.51 4 0.0554914
87.51 5 3.06546
87.51 6 0.156073
87.51 7 1.00082
87.51 8 0.0562209
87.61 1 0.845066
87.61 2 0.0474577
87.61 3 1.034
87.61 4 0.0554209
87.61 5 3.06756
87.61 6 0.156156
87.61 7 0.997967
87.61 8 0.056114
87.71 1 0.844346
87.71 2 0.0474147
87.71 3 1.03275
87.71 4 0.0553552
87.71 5 3.0694
87.71 6 0.15625
87.71 7 0.99427
87.71 8 0.0559016
87.81 1 0.843612
87.81 2 0.0473747
87.81 3 1.03154
87.81 4 0.0553159
87.81 5 3.07149
87.81 6 0.156346
87.81 7 0.991549
87.81 8 0.0556892
87.91 1 0.842943
87.91 2 0.0473498
87.91 3 1.03085
87.91 4 0.0552467
87.91 5 3.07374
87.91 6 0.156436
87.91 7 0.988755
87.91 8 0.0555829
88.01 1 0.842519
88.01 2 0.0473058
88.01 3 1.0296
88.01 4 0.0551777
88.01 5 3.07569
88.01 6 0.156521
88.01 7 0.985137
88.01 8 0.055375
88.11 1 0.84179
88.11 2 0.0472623
88.11 3 1.02834
88.11 4 0.0551113
88.11 5 3.07758
88.11 6 0.156608
88.11 7 0.982503
88.11 8 0.0551705
88.21 1 0.841071
88.21 2 0.0472231
88.21 3 1.02715
88.21 4 0.0550739
88.21 5 3.07961
88.21 6 0.156705
88.21 7 0.978849
88.21 8 0.0550631
88.31 1 0.840391
88.31 2 0.047198
88.31 3 1.02647
88.31 4 0.0550048
88.31 5 3.08176
88.31 6 0.156797
88.31 7 0.976195
88.31 8 0.0548579
88.41 1 0.839996
88.41 2 0.0471553
88.41 3 1.02521
88.41 4 0.0549353
88.41 5 3.0838
88.41 6 0.156874
88.41 7 0.973529
88.41 8 0.0546561
88.51 1 0.839265
88.51 2 0.0471118
88.51 3 1.02397
88.51 4 0.054871
88.51 5 3.08558
88.51 6 0.156962
88.51 7 0.97001
88.51 8 0.0545526
88.61 1 0.83856
88.61 2 0.0470733
88.61 3 1.02284
88.61 4 0.0548334
88.61 5 3.08759
88.61 6 0.157055
88.61 7 0.967469
88.61 8 0.0543565
88.71 1 0.837895
88.71 2 0.047048
88.71 3 1.02214
88.71 4 0.0547658
88.71 5 3.08977
88.71 6 0.157146
88.71 7 0.964829
88.71 8 0.0541573
88.81 1 0.837479
88.81 2 0.0470052
88.81 3 1.02092
88.81 4 0.0546984
88.81 5 3.09169
88.81 6 0.157224
88.81 7 0.961439
88.81 8 0.0540591
88.91 1 0.836771
88.91 2 0.046963
88.91 3 1.01971
88.91 4 0.0546342
88.91 5 3.09352
88.91 6 0.157308
88.91 7 0.958837
88.91 8 0.0538639
89.01 1 0.836072
89.01 2 0.0469253
89.01 3 1.01855
89.01 4 0.054597
89.01 5 3.0955
89.01 6 0.157403
89.01 7 0.956419
89.01 8 0.053675
89.11 1 0.835428
89.11 2 0.0469003
89.11 3 1.01789
89.11 4 0.0545308
89.11 5 3.09756
89.11 6 0.157491
89.11 7 0.952931
89.11 8 0.0535741
89.21 1 0.834712
89.21 2 0.046857
89.21 3 1.01668
89.21 4 0.0544635
89.21 5 3.09951
89.21 6 0.157566
89.21 7 0.95041
89.21 8 0.0533798
89.31 1 0.834298
89.31 2 0.0468155
89.31 3 1.01548
89.31 4 0.0544
89.31 5 3.1013
89.31 6 0.157651
89.31 7 0.947987
89.31 8 0.0531917
89.41 1 0.833575
89.41 2 0.0467787
89.41 3 1.01429
89.41 4 0.0543646
89.41 5 3.10318
89.41 6 0.157747
89.41 7 0.944624
89.41 8 0.0530959
89.51 1 0.832976
89.51 2 0.046737
89.51 3 1.01367
89.51 4 0.0542979
89.51 5 3.10529
89.51 6 0.157824
89.51 7 0.942208
89.51 8 0.0529116
89.61 1 0.832536
89.61 2 0.0467105
89.61 3 1.01246
89.61 4 0.0542307
89.61 5 3.10714
89.61 6 0.157905
89.61 7 0.938973
89.61 8 0.0527181
89.71 1 0.83184
89.71 2 0.046669
89.71 3 1.01127
89.71 4 0.0541679
89.71 5 3.10891
89.71 6 0.157992
89.71 7 0.936537
89.71 8 0.0526258
89.81 1 0.831146
89.81 2 0.0466324
89.81 3 1.01013
89.81 4 0.0541323
89.81 5 3.11083
89.81 6 0.158081
89.81 7 0.934142
89.81 8 0.0524407
89.91 1 0.830529
89.91 2 0.0465911
89.91 3 1.00951
89.91 4 0.0540676
89.91 5 3.11283
89.91 6 0.158159
89.91 7 0.930998
89.91 8 0.0522601
90.01 1 0.830093
90.01 2 0.0465648
90.01 3 1.00831
90.01 4 0.0540018
90.01 5 3.11474
90.01 6 0.158239
90.01 7 0.928558
90.01 8 0.0520779
90.11 1 0.829388
90.11 2 0.0465228
90.11 3 1.00714
90.11 4 0.0539369
90.11 5 3.11648
90.11 6 0.158319
90.11 7 0.926211
90.11 8 0.0519867
90.21 1 0.828701
90.21 2 0.046487
90.21 3 1.00596
90.21 4 0.0539039
90.21 5 3.11829
90.21 6 0.158411
90.21 7 0.923051
90.21 8 0.0518096
90.31 1 0.828073
90.31 2 0.0464613
90.31 3 1.00535
90.31 4 0.053838
90.31 5 3.12033
90.31 6 0.158491
90.31 7 0.920736
90.31 8 0.0516296
90.41 1 0.827673
90.41 2 0.0464205
90.41 3 1.00416
90.41 4 0.0537723
90.41 5 3.12221
90.41 6 0.158564
90.41 7 0.918435
90.41 8 0.0515459
90.51 1 0.826982
90.51 2 0.0463793
90.51 3 1.003
90.51 4 0.0537109
90.51 5 3.12384
90.51 6 0.158648
90.51 7 0.915362
90.51 8 0.0513665
90.61 1 0.826292
90.61 2 0.0463425
90.61 3 1.00188
90.61 4 0.0536768
90.61 5 3.12568
90.61 6 0.158734
90.61 7 0.913118
90.61 8 0.0511928
90.71 1 0.825662
90.71 2 0.0463174
90.71 3 1.00126
90.71 4 0.0536123
90.71 5 3.12769
90.71 6 0.158815
90.71 7 0.910836
90.71 8 0.0511065
90.81 1 0.82525
90.81 2 0.0462761
90.81 3 1.0001
90.81 4 0.053548
90.81 5 3.12946
90.81 6 0.15889
90.81 7 0.907847
90.81 8 0.0509348
90.91 1 0.824565
90.91 2 0.0462352
90.91 3 0.998937
90.91 4 0.0534847
90.91 5 3.13115
90.91 6 0.158967
90.91 7 0.905571
90.91 8 0.0507603
91.01 1 0.823897
91.01 2 0.0461983
91.01 3 0.99781
91.01 4 0.0534509
91.01 5 3.13298
91.01 6 0.159055
91.01 7 0.903382
91.01 8 0.0506756
91.11 1 0.823265
91.11 2 0.0461748
91.11 3 0.997185
91.11 4 0.0533872
91.11 5 3.13489
91.11 6 0.159134
91.11 7 0.900475
91.11 8 0.0505072
91.21 1 0.822879
91.21 2 0.0461347
91.21 3 0.996034
91.21 4 0.0533236
91.21 5 3.13671
91.21 6 0.159205
91.21 7 0.898218
91.21 8 0.0503388
91.31 1 0.822208
91.31 2 0.0460946
91.31 3 0.994911
91.31 4 0.0532642
91.31 5 3.13828
91.31 6 0.159284
91.31 7 0.895326
91.31 8 0.0502557
91.41 1 0.821515
91.41 2 0.046058
91.41 3 0.993796
91.41 4 0.0532302
91.41 5 3.14009
91.41 6 0.15937
91.41 7 0.893171
91.41 8 0.0500892
91.51 1 0.820919
91.51 2 0.0460339
91.51 3 0.993214
91.51 4 0.0531671
91.51 5 3.14204
91.51 6 0.159446
91.51 7 0.891028
91.51 8 0.0499266
91.61 1 0.820522
91.61 2 0.0459941
91.61 3 0.992064
91.61 4 0.0531043
91.61 5 3.14376
91.61 6 0.159519
91.61 7 0.88819
91.61 8 0.0498451
91.71 1 0.819864
91.71 2 0.0459548
91.71 3 0.990941
91.71 4 0.0530455
91.71 5 3.14539
91.71 6 0.159594
91.71 7 0.886075
91.71 8 0.0496844
91.81 1 0.819192
91.81 2 0.045919
91.81 3 0.989873
91.81 4 0.0530113
91.81 5 3.14717
91.81 6 0.159678
91.81 7 0.883925
91.81 8 0.0495195
91.91 1 0.818609
91.91 2 0.0458803
91.91 3 0.989263
91.91 4 0.0529489
91.91 5 3.14901
91.91 6 0.15975
91.91 7 0.881211
91.91 8 0.0494396
92.01 1 0.81794
92.01 2 0.0458552
92.01 3 0.988149
92.01 4 0.052888
92.01 5 3.15065
92.01 6 0.159824
92.01 7 0.879042
92.01 8 0.0492805
92.11 1 0.81751
92.11 2 0.0458145
92.11 3 0.987027
92.11 4 0.052826
92.11 5 3.15236
92.11 6 0.159898
92.11 7 0.876955
92.11 8 0.04912
92.21 1 0.816859
92.21 2 0.0457811
92.21 3 0.985947
92.21 4 0.0527954
92.21 5 3.15403
92.21 6 0.159987
92.21 7 0.874175
92.21 8 0.0490467
92.31 1 0.816265
92.31 2 0.0457407
92.31 3 0.985345
92.31 4 0.0527331
92.31 5 3.15593
92.31 6 0.160052
92.31 7 0.872207
92.31 8 0.0488841
92.41 1 0.815582
92.41 2 0.0457166
92.41 3 0.984243
92.41 4 0.0526716
92.41 5 3.15751
92.41 6 0.160128
92.41 7 0.869599
92.41 8 0.048733
92.51 1 0.815206
92.51 2 0.0456771
92.51 3 0.983122
92.51 4 0.0526129
92.51 5 3.15917
92.51 6 0.160201
92.51 7 0.867588
92.51 8 0.048583
92.61 1 0.814554
92.61 2 0.0456427
92.61 3 0.982065
92.61 4 0.0525794
92.61 5 3.16082
92.61 6 0.160283
92.61 7 0.865035
92.61 8 0.048509
92.71 1 0.813957
92.71 2 0.0456031
92.71 3 0.981469
92.71 4 0.0525184
92.71 5 3.16269
92.71 6 0.16035
92.71 7 0.863094
92.71 8 0.0483606
92.81 1 0.813323
92.81 2 0.0455792
92.81 3 0.980357
92.81 4 0.0524576
92.81 5 3.16425
92.81 6 0.160424
92.81 7 0.861162
92.81 8 0.0482144
92.91 1 0.812922
92.91 2 0.0455409
92.91 3 0.979282
92.91 4 0.0523982
92.91 5 3.16588
92.91 6 0.160499
92.91 7 0.858566
92.91 8 0.0481392
93.01 1 0.812253
93.01 2 0.0455068
93.01 3 0.978123
93.01 4 0.0523683
93.01 5 3.16763
93.01 6 0.160577
93.01 7 0.85668
93.01 8 0.0479934
93.11 1 0.81166
93.11 2 0.0454712
93.11 3 0.977529
93.11 4 0.052302
93.11 5 3.1695
93.11 6 0.160661
93.11 7 0.854291
93.11 8 0.0478548
93.21 1 0.811141
93.21 2 0.0454402
93.21 3 0.97631
93.21 4 0.0522364
93.21 5 3.17126
93.21 6 0.160739
93.21 7 0.852027
93.21 8 0.0477256
93.31 1 0.810773
93.31 2 0.0454097
93.31 3 0.975332
93.31 4 0.0521806
93.31 5 3.17254
93.31 6 0.160782
93.31 7 0.850327
93.31 8 0.0475924
93.41 1 0.810199
93.41 2 0.0453763
93.41 3 0.974694
93.41 4 0.0521443
93.41 5 3.17383
93.41 6 0.160842
93.41 7 0.847938
93.41 8 0.0475279
93.51 1 0.809908
93.51 2 0.0453484
93.51 3 0.973713
93.51 4 0.0521148
93.51 5 3.17437
93.51 6 0.160893
93.51 7 0.845829
93.51 8 0.047378
93.61 1 0.811574
93.61 2 0.0454232
93.61 3 0.972642
93.61 4 0.0520877
93.61 5 3.17255
93.61 6 0.160789
93.61 7 0.84441
93.61 8 0.0472543
93.71 1 0.813717
93.71 2 0.0455144
93.71 3 0.97246
93.71 4 0.0520217
93.71 5 3.16999
93.71 6 0.160662
93.71 7 0.841799
93.71 8 0.0471064
93.81 1 0.817401
93.81 2 0.0460814
93.81 3 0.971014
93.81 4 0.0519427
93.81 5 3.16599
93.81 6 0.160497
93.81 7 0.840323
93.81 8 0.0470222
93.91 1 0.820735
93.91 2 0.0466499
93.91 3 0.969685
93.91 4 0.0518775
93.91 5 3.16026
93.91 6 0.160285
93.91 7 0.836874
93.91 8 0.046893
94.01 1 0.823546
94.01 2 0.0471246
94.01 3 0.969685
94.01 4 0.0518775
94.01 5 3.15702
94.01 6 0.160324
94.01 7 0.83485
94.01 8 0.0468162
94.11 1 0.82483
94.11 2 0.0474186
94.11 3 0.969685
94.11 4 0.0518775
94.11 5 3.15427
94.11 6 0.160404
94.11 7 0.833277
94.11 8 0.0467176
94.21 1 0.824596
94.21 2 0.0473995
94.21 3 0.969685
94.21 4 0.0518775
94.21 5 3.14792
94.21 6 0.160109
94.21 7 0.831237
94.21 8 0.0466218
94.31 1 0.824299
94.31 2 0.0473808
94.31 3 0.969685
94.31 4 0.0518775
94.31 5 3.14214
94.31 6 0.15989
94.31 7 0.829199
94.31 8 0.0465282
94.41 1 0.824192
94.41 2 0.0473618
94.41 3 0.963069
94.41 4 0.0515332
94.41 5 3.137
94.41 6 0.159686
94.41 7 0.82759
94.41 8 0.0463872
94.51 1 0.823952
94.51 2 0.0473424
94.51 3 0.96254
94.51 4 0.0515091
94.51 5 3.13234
94.51 6 0.15946
94.51 7 0.825729
94.51 8 0.0462992
94.61 1 0.823717
94.61 2 0.0473212
94.61 3 0.962057
94.61 4 0.0514792
94.61 5 3.12759
94.61 6 0.159235
94.61 7 0.823863
94.61 8 0.0462003
94.71 1 0.823473
94.71 2 0.047309
94.71 3 0.961434
94.71 4 0.0514484
94.71 5 3.1238
94.71 6 0.159013
94.71 7 0.821666
94.71 8 0.0460784
94.81 1 0.823183
94.81 2 0.0472894
94.81 3 0.961159
94.81 4 0.0514172
94.81 5 3.12061
94.81 6 0.158835
94.81 7 0.819963
94.81 8 0.0459466
94.91 1 0.823048
94.91 2 0.0472695
94.91 3 0.960658
94.91 4 0.0513832
94.91 5 3.11823
94.91 6 0.158706
94.91 7 0.818255
94.91 8 0.0458816
95.01 1 0.822791
95.01 2 0.0472476
95.01 3 0.960103
95.01 4 0.0513619
95.01 5 3.11726
95.01 6 0.15864
95.01 7 0.815974
95.01 8 0.0457504
95.11 1 0.822461
95.11 2 0.047233
95.11 3 0.95962
95.11 4 0.0513249
95.11 5 3.11773
95.11 6 0.158643
95.11 7 0.81425
95.11 8 0.0456183
95.21 1 0.822054
95.21 2 0.0472088
95.21 3 0.958943
95.21 4 0.0512864
95.21 5 3.11877
95.21 6 0.158685
95.21 7 0.812118
95.21 8 0.0455524
95.31 1 0.82178
95.31 2 0.0471787
95.31 3 0.95816
95.31 4 0.0512567
95.31 5 3.11985
95.31 6 0.158728
95.31 7 0.810116
95.31 8 0.0454378
95.41 1 0.821174
95.41 2 0.0471538
95.41 3 0.957488
95.41 4 0.0512046
95.41 5 3.12124
95.41 6 0.158785
95.41 7 0.808593
95.41 8 0.0453228
95.51 1 0.820744
95.51 2 0.0471256
95.51 3 0.956753
95.51 4 0.0511625
95.51 5 3.12261
95.51 6 0.158842
95.51 7 0.806632
95.51 8 0.0452095
95.61 1 0.820208
95.61 2 0.0470946
95.61 3 0.955913
95.61 4 0.0511157
95.61 5 3.12409
95.61 6 0.158908
95.61 7 0.804701
95.61 8 0.045097
95.71 1 0.819886
95.71 2 0.047059
95.71 3 0.955
95.71 4 0.0510651
95.71 5 3.12571
95.71 6 0.158974
95.71 7 0.802782
95.71 8 0.0449851
95.81 1 0.819279
95.81 2 0.0470214
95.81 3 0.954014
95.81 4 0.0510134
95.81 5 3.12727
95.81 6 0.159047
95.81 7 0.800855
95.81 8 0.0448738
95.91 1 0.81863
95.91 2 0.0469851
95.91 3 0.953502
95.91 4 0.0509823
95.91 5 3.12893
95.91 6 0.159117
95.91 7 0.799242
95.91 8 0.0447781
96.01 1 0.818021
96.01 2 0.046961
96.01 3 0.952468
96.01 4 0.0509252
96.01 5 3.13053
96.01 6 0.159185
96.01 7 0.797655
96.01 8 0.0446818
96.11 1 0.817644
96.11 2 0.0469207
96.11 3 0.951437
96.11 4 0.0508711
96.11 5 3.13206
96.11 6 0.159255
96.11 7 0.795908
96.11 8 0.0445975
96.21 1 0.816984
96.21 2 0.0468801
96.21 3 0.950441
96.21 4 0.0508397
96.21 5 3.13358
96.21 6 0.159319
96.21 7 0.794282
96.21 8 0.0444818
96.31 1 0.816326
96.31 2 0.0468429
96.31 3 0.94987
96.31 4 0.0507819
96.31 5 3.13504
96.31 6 0.159384
96.31 7 0.792499
96.31 8 0.0443773
96.41 1 0.815715
96.41 2 0.046819
96.41 3 0.948837
96.41 4 0.0507249
96.41 5 3.1365
96.41 6 0.159446
96.41 7 0.79115
96.41 8 0.0442806
96.51 1 0.815328
96.51 2 0.0467783
96.51 3 0.947838
96.51 4 0.0506959
96.51 5 3.13805
96.51 6 0.159512
96.51 7 0.789478
96.51 8 0.0441948
96.61 1 0.814688
96.61 2 0.0467417
96.61 3 0.947282
96.61 4 0.0506391
96.61 5 3.13936
96.61 6 0.159571
96.61 7 0.788108
96.61 8 0.0441227
96.71 1 0.814087
96.71 2 0.0467192
96.71 3 0.946278
96.71 4 0.0505836
96.71 5 3.14071
96.71 6 0.15963
96.71 7 0.786855
96.71 8 0.0440353
96.81 1 0.813724
96.81 2 0.0466795
96.81 3 0.945235
96.81 4 0.0505304
96.81 5 3.14171
96.81 6 0.159673
96.81 7 0.785938
96.81 8 0.04397
96.91 1 0.813045
96.91 2 0.0466378
96.91 3 0.944246
96.91 4 0.0504968
96.91 5 3.14269
96.91 6 0.15971
96.91 7 0.785171
96.91 8 0.0439163
97.01 1 0.812398
97.01 2 0.0466166
97.01 3 0.943634
97.01 4 0.0504379
97.01 5 3.14375
97.01 6 0.159755
97.01 7 0.784427
97.01 8 0.0438698
97.11 1 0.812009
97.11 2 0.0465743
97.11 3 0.942558
97.11 4 0.0503823
97.11 5 3.14457
97.11 6 0.159787
97.11 7 0.783868
97.11 8 0.0438263
97.21 1 0.811285
97.21 2 0.0465333
97.21 3 0.941989
97.21 4 0.0503474
97.21 5 3.14522
97.21 6 0.159813
97.21 7 0.783727
97.21 8 0.0438013
97.31 1 0.81092
97.31 2 0.0465078
97.31 3 0.940856
97.31 4 0.050285
97.31 5 3.14584
97.31 6 0.159832
97.31 7 0.783748
97.31 8 0.0437872
97.41 1 0.810192
97.41 2 0.0464634
97.41 3 0.939745
97.41 4 0.0502534
97.41 5 3.14609
97.41 6 0.159834
97.41 7 0.784182
97.41 8 0.0437907
97.51 1 0.809821
97.51 2 0.0464408
97.51 3 0.939122
97.51 4 0.0501897
97.51 5 3.14622
97.51 6 0.159834
97.51 7 0.784955
97.51 8 0.0438094
97.61 1 0.809039
97.61 2 0.0463933
97.61 3 0.937955
97.61 4 0.050156
97.61 5 3.14616
97.61 6 0.159823
97.61 7 0.785901
97.61 8 0.0438445
97.71 1 0.808642
97.71 2 0.0463692
97.71 3 0.937284
97.71 4 0.0500889
97.71 5 3.14596
97.71 6 0.159805
97.71 7 0.78711
97.71 8 0.0438897
97.81 1 0.807836
97.81 2 0.0463203
97.81 3 0.936653
97.81 4 0.0500543
97.81 5 3.14563
97.81 6 0.159787
97.81 7 0.788454
97.81 8 0.0439425
97.91 1 0.807441
97.91 2 0.0462963
97.91 3 0.935415
97.91 4 0.0499922
97.91 5 3.14527
97.91 6 0.159762
97.91 7 0.789898
97.91 8 0.043998
98.01 1 0.806637
98.01 2 0.0462483
98.01 3 0.934797
98.01 4 0.0499525
98.01 5 3.14461
98.01 6 0.159723
98.01 7 0.791811
98.01 8 0.0440757
98.11 1 0.806251
98.11 2 0.0462241
98.11 3 0.933565
98.11 4 0.0498913
98.11 5 3.14405
98.11 6 0.159687
98.11 7 0.793538
98.11 8 0.0441465
98.21 1 0.805493
98.21 2 0.0461763
98.21 3 0.932982
98.21 4 0.0498529
98.21 5 3.1431
98.21 6 0.159633
98.21 7 0.795818
98.21 8 0.0442436
98.31 1 0.805121
98.31 2 0.0461553
98.31 3 0.931847
98.31 4 0.0497974
98.31 5 3.14219
98.31 6 0.159579
98.31 7 0.798033
98.31 8 0.0443427
98.41 1 0.80438
98.41 2 0.0461102
98.41 3 0.931276
98.41 4 0.0497592
98.41 5 3.14122
98.41 6 0.159525
98.41 7 0.80036
98.41 8 0.0444443
98.51 1 0.80399
98.51 2 0.0460865
98.51 3 0.930107
98.51 4 0.0497012
98.51 5 3.14019
98.51 6 0.159465
98.51 7 0.802779
98.51 8 0.0445473
98.61 1 0.803231
98.61 2 0.0460387
98.61 3 0.929529
98.61 4 0.0496633
98.61 5 3.13902
98.61 6 0.159402
98.61 7 0.805394
98.61 8 0.0446654
98.71 1 0.802828
98.71 2 0.046016
98.71 3 0.928306
98.71 4 0.049604
98.71 5 3.1377
98.71 6 0.159327
98.71 7 0.80829
98.71 8 0.0447888
98.81 1 0.802031
98.81 2 0.045992
98.81 3 0.927701
98.81 4 0.049563
98.81 5 3.13628
98.81 6 0.159258
98.81 7 0.811207
98.81 8 0.0449189
98.91 1 0.801623
98.91 2 0.0459429
98.91 3 0.926641
98.91 4 0.0495051
98.91 5 3.13472
98.91 6 0.159165
98.91 7 0.814609
98.91 8 0.0450677
99.01 1 0.80081
99.01 2 0.0459187
99.01 3 0.925912
99.01 4 0.0494649
99.01 5 3.13313
99.01 6 0.159079
99.01 7 0.817804
99.01 8 0.0452187
99.11 1 0.80045
99.11 2 0.0458718
99.11 3 0.924888
99.11 4 0.0494089
99.11 5 3.13135
99.11 6 0.158979
99.11 7 0.82136
99.11 8 0.0453762
99.21 1 0.800045
99.21 2 0.0458472
99.21 3 0.924123
99.21 4 0.0493668
99.21 5 3.12962
99.21 6 0.158887
99.21 7 0.824951
99.21 8 0.045543
99.31 1 0.799221
99.31 2 0.0457974
99.31 3 0.923024
99.31 4 0.0493324
99.31 5 3.12753
99.31 6 0.158793
99.31 7 0.828676
99.31 8 0.0457099
99.41 1 0.798783
99.41 2 0.045771
99.41 3 0.922195
99.41 4 0.0492699
99.41 5 3.12563
99.41 6 0.158679
99.41 7 0.832586
99.41 8 0.0458952
99.51 1 0.797937
99.51 2 0.0457454
99.51 3 0.921561
99.51 4 0.0492265
99.51 5 3.12362
99.51 6 0.158574
99.51 7 0.836596
99.51 8 0.0460795
99.61 1 0.797519
99.61 2 0.0457021
99.61 3 0.92062
99.61 4 0.0491745
99.61 5 3.12049
99.61 6 0.158528
99.61 7 0.843228
99.61 8 0.0463751
99.71 1 0.797236
99.71 2 0.0456804
99.71 3 0.92014
99.71 4 0.0491459
99.71 5 3.12049
99.71 6 0.158528
99.71 7 0.84851
99.71 8 0.0466299
99.81 1 0.797139
99.81 2 0.0456625
99.81 3 0.919673
99.81 4 0.0491257
99.81 5 3.12049
99.81 6 0.158528
99.81 7 0.85458
99.81 8 0.0469094
99.91 1 0.796893
99.91 2 0.0456445
99.91 3 0.919216
99.91 4 0.0490905
99.91 5 3.12049
99.91 6 0.158528
99.91 7 0.861827
99.91 8 0.0472496
100.01 1 0.796518
100.01 2 0.0456191
100.01 3 0.91856
100.01 4 0.0490659
100.01 5 3.12049
100.01 6 0.158528
100.01 7 0.869339
100.01 8 0.0476079
100.11 1 0.796194
100.11 2 0.0456017
100.11 3 0.917995
100.11 4 0.0490269
100.11 5 3.12049
100.11 6 0.158528
100.11 7 0.877137
100.11 8 0.047986
100.21 1 0.795605
100.21 2 0.0455762
100.21 3 0.917358
100.21 4 0.0489899
100.21 5 3.12049
100.21 6 0.158528
100.21 7 0.884975
100.21 8 0.0483605
100.31 1 0.795119
100.31 2 0.0455497
100.31 3 0.916674
100.31 4 0.0489517
100.31 5 3.12049
100.31 6 0.158528
100.31 7 0.892892
100.31 8 0.0487429
100.41 1 0.794661
100.41 2 0.0455193
100.41 3 0.915905
100.41 4 0.048909
100.41 5 3.12049
100.41 6 0.158528
100.41 7 0.900932
100.41 8 0.0491235
100.51 1 0.794097
100.51 2 0.0454871
100.51 3 0.91508
100.51 4 0.0488632
100.51 5 3.12049
100.51 6 0.158528
100.51 7 0.90897
100.51 8 0.0495022
100.61 1 0.793808
100.61 2 0.0454522
100.61 3 0.914209
100.61 4 0.0488184
100.61 5 3.12049
100.61 6 0.158528
100.61 7 0.916931
100.61 8 0.0498888
100.71 1 0.793232
100.71 2 0.0454167
100.71 3 0.913365
100.71 4 0.0487905
100.71 5 3.12049
100.71 6 0.158528
100.71 7 0.92497
100.71 8 0.0502736
100.81 1 0.792618
100.81 2 0.0453826
100.81 3 0.912859
100.81 4 0.0487405
100.81 5 3.12049
100.81 6 0.158528
100.81 7 0.933069
100.81 8 0.0506585
100.91 1 0.792065
100.91 2 0.0453628
100.91 3 0.911975
100.91 4 0.0486917
100.91 5 3.12049
100.91 6 0.158528
100.91 7 0.941049
100.91 8 0.0510373
