0.214139 476
0.221198 952
0.228257 1428
0.235316 1904
0.242375 2380
0.249433 2856
0.256492 3332
0.263551 3808
0.27061 4284
0.277669 4760
0.418851 4284
0.418851 4760
0.42591 5236
0.432958 4284
0.432969 4760
0.440027 5236
0.447075 4284
0.447086 4760
0.454145 5236
0.461193 4284
0.461204 4760
0.468263 5236
0.475311 4284
0.475322 4760
0.482381 5236
0.489439 5712
0.496498 6188
0.503557 6664
0.510616 7140
0.517675 7616
0.524734 8092
0.531793 8568
0.538851 9044
0.623552 8092
0.623552 8568
0.63061 9044
0.637669 8092
0.637669 8568
0.644728 9044
0.651787 8092
0.651787 8568
0.658846 9044
0.665905 8092
0.665905 8568
0.672964 9044
0.680022 8092
0.680022 8568
0.687081 9044
0.69414 8092
0.69414 8568
0.701199 9044
0.708258 8092
0.708258 8568
0.715317 9044
0.722376 8092
0.722376 8568
0.729434 9044
0.736493 8092
0.736493 8568
0.743552 9044
0.828252 8092
0.828252 8568
0.835311 9044
0.84237 8092
0.84237 8568
0.849429 9044
0.856488 8092
0.856488 8568
0.863547 9044
0.870606 8092
0.870606 8568
0.877664 9044
0.884723 8092
0.884723 8568
0.891782 9044
0.898841 8092
0.898841 8568
0.9059 9044
0.912959 8092
0.912959 8568
0.920018 9044
0.927076 8092
0.927076 8568
0.934135 9044
0.941194 8092
0.941194 8568
0.948253 9044
1.03295 8092
1.03295 8568
1.04001 9044
1.04707 8092
1.04707 8568
1.05413 9044
1.06119 8092
1.06119 8568
1.06825 9044
1.07531 8092
1.07531 8568
1.08237 9044
1.08942 8092
1.08942 8568
1.09648 9044
1.10354 8092
1.10354 8568
1.1106 9044
1.11766 8092
1.11766 8568
1.12472 9044
1.13178 8092
1.13178 8568
1.13884 9044
1.14589 8092
1.14589 8568
1.15295 9044
1.23765 8092
1.23765 8568
1.24471 9044
1.25177 8092
1.25177 8568
1.25883 9044
1.26589 8092
1.26589 8568
1.27295 9044
1.28001 8092
1.28001 8568
1.28707 9044
1.29412 8092
1.29412 8568
1.30118 9044
1.30824 8092
1.30824 8568
1.3153 9044
1.32236 8092
1.32236 8568
1.32942 9044
1.33648 8092
1.33648 8568
1.34354 9044
1.3506 8092
1.3506 8568
1.35765 9044
1.44235 8092
1.44235 8568
1.44941 9044
1.45647 8092
1.45647 8568
1.46353 9044
1.47059 8092
1.47059 8568
1.47765 9044
1.48471 8092
1.48471 8568
1.49177 9044
1.49883 8092
1.49883 8568
1.50588 9044
1.51294 8092
1.51294 8568
1.52 9044
1.52706 8092
1.52706 8568
1.53412 9044
1.54118 8092
1.54118 8568
1.54824 9044
1.5553 8092
1.5553 8568
1.56236 9044
1.64706 8092
1.64706 8568
1.65411 9044
1.66117 8092
1.66117 8568
1.66823 9044
1.67529 8092
1.67529 8568
1.68235 9044
1.68941 8092
1.68941 8568
1.69647 9044
1.70353 8092
1.70353 8568
1.71059 9044
1.71764 8092
1.71764 8568
1.7247 9044
1.73176 8092
1.73176 8568
1.73882 9044
1.74588 8092
1.74588 8568
1.75294 9044
1.76 8092
1.76 8568
1.76706 9044
1.85176 8092
1.85176 8568
1.85882 9044
1.86587 8092
1.86587 8568
1.87293 9044
1.87999 8092
1.87999 8568
1.88705 9044
1.89411 8092
1.89411 8568
1.90117 9044
1.90823 8092
1.90823 8568
1.91529 9044
1.92234 8092
1.92234 8568
1.9294 9044
1.93646 8092
1.93646 8568
1.94352 9044
1.95058 8092
1.95058 8568
1.95764 9044
1.9647 8092
1.9647 8568
1.97176 9044
2.05646 8092
2.05646 8568
2.06352 9044
2.07057 8092
2.07057 8568
2.07763 9044
2.08469 8092
2.08469 8568
2.09175 9044
2.09881 8092
2.09881 8568
2.10587 9044
2.11293 8092
2.11293 8568
2.11999 9044
2.12705 8092
2.12705 8568
2.1341 9044
2.14116 8092
2.14116 8568
2.14822 9044
2.15528 8092
2.15528 8568
2.16234 9044
2.1694 8092
2.1694 8568
2.17646 9044
2.26116 8092
2.26116 8568
2.26822 9044
2.27528 8092
2.27528 8568
2.28233 9044
2.28939 8092
2.28939 8568
2.29645 9044
2.30351 8092
2.30351 8568
2.31057 9044
2.31763 8092
2.31763 8568
2.32469 9044
2.33175 8092
2.33175 8568
2.33881 9044
2.34586 8092
2.34586 8568
2.35292 9044
2.35998 8092
2.35998 8568
2.36704 9044
2.3741 8092
2.3741 8568
2.38116 9044
2.46586 8092
2.46586 8568
2.47292 9044
2.47998 8092
2.47998 8568
2.48704 9044
2.49409 8092
2.49409 8568
2.50115 9044
2.50821 8092
2.50821 8568
2.51527 9044
2.52233 8092
2.52233 8568
2.52939 9044
2.53645 8092
2.53645 8568
2.54351 9044
2.55057 8092
2.55057 8568
2.55762 9044
2.56468 8092
2.56468 8568
2.57174 9044
2.5788 8092
2.5788 8568
2.58586 9044
2.67056 8092
2.67056 8568
2.67762 9044
2.68468 8092
2.68468 8568
2.69174 9044
2.6988 8092
2.6988 8568
2.70585 9044
2.71291 8092
2.71291 8568
2.71997 9044
2.72703 8092
2.72703 8568
2.73409 9044
2.74115 8092
2.74115 8568
2.74821 9044
2.75527 8092
2.75527 8568
2.76232 9044
2.76938 8092
2.76938 8568
2.77644 9044
2.7835 8092
2.7835 8568
2.79056 9044
2.87526 8092
2.87526 8568
2.88232 9044
2.88938 8092
2.88938 8568
2.89644 9044
2.9035 8092
2.9035 8568
2.91055 9044
2.91761 8092
2.91761 8568
2.92467 9044
2.93173 8092
2.93173 8568
2.93879 9044
2.94585 8092
2.94585 8568
2.95291 9044
2.95997 8092
2.95997 8568
2.96703 9044
2.97408 8092
2.97408 8568
2.98114 9044
2.9882 8092
2.9882 8568
2.99526 9044
3.07996 8092
3.07996 8568
3.08702 9044
3.09408 8092
3.09408 8568
3.10114 9044
3.1082 8092
3.1082 8568
3.11526 9044
3.12231 8092
3.12231 8568
3.12937 9044
3.13643 8092
3.13643 8568
3.14349 9044
3.15055 8092
3.15055 8568
3.15761 9044
3.16467 8092
3.16467 8568
3.17173 9044
3.17879 8092
3.17879 8568
3.18584 9044
3.1929 8092
3.1929 8568
3.19996 9044
3.28466 8092
3.28466 8568
3.29172 9044
3.29878 8092
3.29878 8568
3.30584 9044
3.3129 8092
3.3129 8568
3.31996 9044
3.32702 8092
3.32702 8568
3.33407 9044
3.34113 8092
3.34113 8568
3.34819 9044
3.35525 8092
3.35525 8568
3.36231 9044
3.36937 8092
3.36937 8568
3.37643 9044
3.38349 8092
3.38349 8568
3.39054 9044
3.3976 8092
3.3976 8568
3.40466 9044
3.48936 8092
3.48936 8568
3.49642 9044
3.50348 8092
3.50348 8568
3.51054 9044
3.5176 8092
3.5176 8568
3.52466 9044
3.53172 8092
3.53172 8568
3.53877 9044
3.54583 8092
3.54583 8568
3.55289 9044
3.55995 8092
3.55995 8568
3.56701 9044
3.57407 8092
3.57407 8568
3.58113 9044
3.58819 8092
3.58819 8568
3.59525 9044
3.6023 8092
3.6023 8568
3.60936 9044
3.69406 8092
3.69406 8568
3.70112 9044
3.70818 8092
3.70818 8568
3.71524 9044
3.7223 8092
3.7223 8568
3.72936 9044
3.73642 8092
3.73642 8568
3.74348 9044
3.75053 8092
3.75053 8568
3.75759 9044
3.76465 8092
3.76465 8568
3.77171 9044
3.77877 8092
3.77877 8568
3.78583 9044
3.79289 8092
3.79289 8568
3.79995 9044
3.80701 8092
3.80701 8568
3.81406 9044
3.89876 8092
3.89876 8568
3.90582 9044
3.91288 8092
3.91288 8568
3.91994 9044
3.927 8092
3.927 8568
3.93406 9044
3.94112 8092
3.94112 8568
3.94818 9044
3.95524 8092
3.95524 8568
3.96229 9044
3.96935 8092
3.96935 8568
3.97641 9044
3.98347 8092
3.98347 8568
3.99053 9044
3.99759 8092
3.99759 8568
4.00465 9044
4.01171 8092
4.01171 8568
4.01876 9044
4.10347 8092
4.10347 8568
4.11052 9044
4.11758 8092
4.11758 8568
4.12464 9044
4.1317 8092
4.1317 8568
4.13876 9044
4.14582 8092
4.14582 8568
4.15288 9044
4.15994 8092
4.15994 8568
4.16699 9044
4.17405 8092
4.17405 8568
4.18111 9044
4.18817 8092
4.18817 8568
4.19523 9044
4.20229 8092
4.20229 8568
4.20935 9044
4.21641 8092
4.21641 8568
4.22347 9044
4.30817 8092
4.30817 8568
4.31522 9044
4.32228 8092
4.32228 8568
4.32934 9044
4.3364 8092
4.3364 8568
4.34346 9044
4.35052 8092
4.35052 8568
4.35758 9044
4.36464 8092
4.36464 8568
4.3717 9044
4.37875 8092
4.37875 8568
4.38581 9044
4.39287 8092
4.39287 8568
4.39993 9044
4.40699 8092
4.40699 8568
4.41405 9044
4.42111 8092
4.42111 8568
4.42817 9044
4.51287 8092
4.51287 8568
4.51993 9044
4.52698 8092
4.52698 8568
4.53404 9044
4.5411 8092
4.5411 8568
4.54816 9044
4.55522 8092
4.55522 8568
4.56228 9044
4.56934 8092
4.56934 8568
4.5764 9044
4.58346 8092
4.58346 8568
4.59051 9044
4.59757 8092
4.59757 8568
4.60463 9044
4.61169 8092
4.61169 8568
4.61875 9044
4.62581 8092
4.62581 8568
4.63287 9044
4.71757 8092
4.71757 8568
4.72463 9044
4.73169 8092
4.73169 8568
4.73874 9044
4.7458 8092
4.7458 8568
4.75286 9044
4.75992 8092
4.75992 8568
4.76698 9044
4.77404 8092
4.77404 8568
4.7811 9044
4.78816 8092
4.78816 8568
4.79521 9044
4.80227 8092
4.80227 8568
4.80933 9044
4.81639 8092
4.81639 8568
4.82345 9044
4.83051 8092
4.83051 8568
4.83757 9044
4.92227 8092
4.92227 8568
4.92933 9044
4.93639 8092
4.93639 8568
4.94344 9044
4.9505 8092
4.9505 8568
4.95756 9044
4.96462 8092
4.96462 8568
4.97168 9044
4.97874 8092
4.97874 8568
4.9858 9044
4.99286 8092
4.99286 8568
4.99992 9044
5.00697 8092
5.00697 8568
5.01403 9044
5.02109 8092
5.02109 8568
5.02815 9044
5.03521 8092
5.03521 8568
5.04227 9044
5.12697 8092
5.12697 8568
5.13403 9044
5.14109 8092
5.14109 8568
5.14815 9044
5.1552 8092
5.1552 8568
5.16226 9044
5.16932 8092
5.16932 8568
5.17638 9044
5.18344 8092
5.18344 8568
5.1905 9044
5.19756 8092
5.19756 8568
5.20462 9044
5.21168 8092
5.21168 8568
5.21873 9044
5.22579 8092
5.22579 8568
5.23285 9044
5.23991 8092
5.23991 8568
5.24697 9044
5.33167 8092
5.33167 8568
5.33873 9044
5.34579 8092
5.34579 8568
5.35285 9044
5.35991 8092
5.35991 8568
5.36696 9044
5.37402 8092
5.37402 8568
5.38108 9044
5.38814 8092
5.38814 8568
5.3952 9044
5.40226 8092
5.40226 8568
5.40932 9044
5.41638 8092
5.41638 8568
5.42344 9044
5.43049 8092
5.43049 8568
5.43755 9044
5.44461 8092
5.44461 8568
5.45167 9044
5.53637 8092
5.53637 8568
5.54343 9044
5.55049 8092
5.55049 8568
5.55755 9044
5.56461 8092
5.56461 8568
5.57167 9044
5.57872 8092
5.57872 8568
5.58578 9044
5.59284 8092
5.59284 8568
5.5999 9044
5.60696 8092
5.60696 8568
5.61402 9044
5.62108 8092
5.62108 8568
5.62814 9044
5.63519 8092
5.63519 8568
5.64225 9044
5.64931 8092
5.64931 8568
5.65637 9044
5.74107 8092
5.74107 8568
5.74813 9044
5.75519 8092
5.75519 8568
5.76225 9044
5.76931 8092
5.76931 8568
5.77637 9044
5.78342 8092
5.78342 8568
5.79048 9044
5.79754 8092
5.79754 8568
5.8046 9044
5.81166 8092
5.81166 8568
5.81872 9044
5.82578 8092
5.82578 8568
5.83284 9044
5.8399 8092
5.8399 8568
5.84695 9044
5.85401 8092
5.85401 8568
5.86107 9044
5.94577 8092
5.94577 8568
5.95283 9044
5.95989 8092
5.95989 8568
5.96695 9044
5.97401 8092
5.97401 8568
5.98107 9044
5.98813 8092
5.98813 8568
5.99518 9044
6.00224 8092
6.00224 8568
6.0093 9044
6.01636 8092
6.01636 8568
6.02342 9044
6.03048 8092
6.03048 8568
6.03754 9044
6.0446 8092
6.0446 8568
6.05166 9044
6.05871 8092
6.05871 8568
6.06577 9044
6.15047 8092
6.15047 8568
6.15753 9044
6.16459 8092
6.16459 8568
6.17165 9044
6.17871 8092
6.17871 8568
6.18577 9044
6.19283 8092
6.19283 8568
6.19989 9044
6.20694 8092
6.20694 8568
6.214 9044
6.22106 8092
6.22106 8568
6.22812 9044
6.23518 8092
6.23518 8568
6.24224 9044
6.2493 8092
6.2493 8568
6.25636 9044
6.26341 8092
6.26341 8568
6.27047 9044
6.35517 8092
6.35517 8568
6.36223 9044
6.36929 8092
6.36929 8568
6.37635 9044
6.38341 8092
6.38341 8568
6.39047 9044
6.39753 8092
6.39753 8568
6.40459 9044
6.41164 8092
6.41164 8568
6.4187 9044
6.42576 8092
6.42576 8568
6.43282 9044
6.43988 8092
6.43988 8568
6.44694 9044
6.454 8092
6.454 8568
6.46106 9044
6.46812 8092
6.46812 8568
6.47517 9044
6.55987 8092
6.55987 8568
6.56693 9044
6.57399 8092
6.57399 8568
6.58105 9044
6.58811 8092
6.58811 8568
6.59517 9044
6.60223 8092
6.60223 8568
6.60929 9044
6.61635 8092
6.61635 8568
6.6234 9044
6.63046 8092
6.63046 8568
6.63752 9044
6.64458 8092
6.64458 8568
6.65164 9044
6.6587 8092
6.6587 8568
6.66576 9044
6.67282 8092
6.67282 8568
6.67988 9044
6.76458 8092
6.76458 8568
6.77163 9044
6.77869 8092
6.77869 8568
6.78575 9044
6.79281 8092
6.79281 8568
6.79987 9044
6.80693 8092
6.80693 8568
6.81399 9044
6.82105 8092
6.82105 8568
6.82811 9044
6.83516 8092
6.83516 8568
6.84222 9044
6.84928 8092
6.84928 8568
6.85634 9044
6.8634 8092
6.8634 8568
6.87046 9044
6.87752 8092
6.87752 8568
6.88458 9044
6.96928 8092
6.96928 8568
6.97634 9044
6.98339 8092
6.98339 8568
6.99045 9044
6.99751 8092
6.99751 8568
7.00457 9044
7.01163 8092
7.01163 8568
7.01869 9044
7.02575 8092
7.02575 8568
7.03281 9044
7.03986 8092
7.03986 8568
7.04692 9044
7.05398 8092
7.05398 8568
7.06104 9044
7.0681 8092
7.0681 8568
7.07516 9044
7.08222 8092
7.08222 8568
7.08928 9044
7.17398 8092
7.17398 8568
7.18104 9044
7.18809 8092
7.18809 8568
7.19515 9044
7.20221 8092
7.20221 8568
7.20927 9044
7.21633 8092
7.21633 8568
7.22339 9044
7.23045 8092
7.23045 8568
7.23751 9044
7.24457 8092
7.24457 8568
7.25162 9044
7.25868 8092
7.25868 8568
7.26574 9044
7.2728 8092
7.2728 8568
7.27986 9044
7.28692 8092
7.28692 8568
7.29398 9044
7.37868 8092
7.37868 8568
7.38574 9044
7.3928 8092
7.3928 8568
7.39985 9044
7.40691 8092
7.40691 8568
7.41397 9044
7.42103 8092
7.42103 8568
7.42809 9044
7.43515 8092
7.43515 8568
7.44221 9044
7.44927 8092
7.44927 8568
7.45633 9044
7.46338 8092
7.46338 8568
7.47044 9044
7.4775 8092
7.4775 8568
7.48456 9044
7.49162 8092
7.49162 8568
7.49868 9044
7.58338 8092
7.58338 8568
7.59044 9044
7.5975 8092
7.5975 8568
7.60456 9044
7.61161 8092
7.61161 8568
7.61867 9044
7.62573 8092
7.62573 8568
7.63279 9044
7.63985 8092
7.63985 8568
7.64691 9044
7.65397 8092
7.65397 8568
7.66103 9044
7.66809 8092
7.66809 8568
7.67514 9044
7.6822 8092
7.6822 8568
7.68926 9044
7.69632 8092
7.69632 8568
7.70338 9044
7.78808 8092
7.78808 8568
7.79514 9044
7.8022 8092
7.8022 8568
7.80926 9044
7.81631 8092
7.81631 8568
7.82337 9044
7.83043 8092
7.83043 8568
7.83749 9044
7.84455 8092
7.84455 8568
7.85161 9044
7.85867 8092
7.85867 8568
7.86573 9044
7.87279 8092
7.87279 8568
7.87984 9044
7.8869 8092
7.8869 8568
7.89396 9044
7.90102 8092
7.90102 8568
7.90808 9044
7.99278 8092
7.99278 8568
7.99984 9044
8.0069 8092
8.0069 8568
8.01396 9044
8.02102 8092
8.02102 8568
8.02807 9044
8.03513 8092
8.03513 8568
8.04219 9044
8.04925 8092
8.04925 8568
8.05631 9044
8.06337 8092
8.06337 8568
8.07043 9044
8.07749 8092
8.07749 8568
8.08455 9044
8.0916 8092
8.0916 8568
8.09866 9044
8.10572 8092
8.10572 8568
8.11278 9044
8.19748 8092
8.19748 8568
8.20454 9044
8.2116 8092
8.2116 8568
8.21866 9044
8.22572 8092
8.22572 8568
8.23278 9044
8.23983 8092
8.23983 8568
8.24689 9044
8.25395 8092
8.25395 8568
8.26101 9044
8.26807 8092
8.26807 8568
8.27513 9044
8.28219 8092
8.28219 8568
8.28925 9044
8.29631 8092
8.29631 8568
8.30336 9044
8.31042 8092
8.31042 8568
8.31748 9044
8.40218 8092
8.40218 8568
8.40924 9044
8.4163 8092
8.4163 8568
8.42336 9044
8.43042 8092
8.43042 8568
8.43748 9044
8.44454 8092
8.44454 8568
8.45159 9044
8.45865 8092
8.45865 8568
8.46571 9044
8.47277 8092
8.47277 8568
8.47983 9044
8.48689 8092
8.48689 8568
8.49395 9044
8.50101 8092
8.50101 8568
8.50806 9044
8.51512 8092
8.51512 8568
8.52218 9044
8.60688 8092
8.60688 8568
8.61394 9044
8.621 8092
8.621 8568
8.62806 9044
8.63512 8092
8.63512 8568
8.64218 9044
8.64924 8092
8.64924 8568
8.65629 9044
8.66335 8092
8.66335 8568
8.67041 9044
8.67747 8092
8.67747 8568
8.68453 9044
8.69159 8092
8.69159 8568
8.69865 9044
8.70571 8092
8.70571 8568
8.71277 9044
8.71982 8092
8.71982 8568
8.72688 9044
8.81158 8092
8.81158 8568
8.81864 9044
8.8257 8092
8.8257 8568
8.83276 9044
8.83982 8092
8.83982 8568
8.84688 9044
8.85394 8092
8.85394 8568
8.861 9044
8.86805 8092
8.86805 8568
8.87511 9044
8.88217 8092
8.88217 8568
8.88923 9044
8.89629 8092
8.89629 8568
8.90335 9044
8.91041 8092
8.91041 8568
8.91747 9044
8.92453 8092
8.92453 8568
8.93158 9044
9.01628 8092
9.01628 8568
9.02334 9044
9.0304 8092
9.0304 8568
9.03746 9044
9.04452 8092
9.04452 8568
9.05158 9044
9.05864 8092
9.05864 8568
9.0657 9044
9.07276 8092
9.07276 8568
9.07981 9044
9.08687 8092
9.08687 8568
9.09393 9044
9.10099 8092
9.10099 8568
9.10805 9044
9.11511 8092
9.11511 8568
9.12217 9044
9.12923 8092
9.12923 8568
9.13628 9044
9.22099 8092
9.22099 8568
9.22804 9044
9.2351 8092
9.2351 8568
9.24216 9044
9.24922 8092
9.24922 8568
9.25628 9044
9.26334 8092
9.26334 8568
9.2704 9044
9.27746 8092
9.27746 8568
9.28451 9044
9.29157 8092
9.29157 8568
9.29863 9044
9.30569 8092
9.30569 8568
9.31275 9044
9.31981 8092
9.31981 8568
9.32687 9044
9.33393 8092
9.33393 8568
9.34099 9044
9.42569 8092
9.42569 8568
9.43274 9044
9.4398 8092
9.4398 8568
9.44686 9044
9.45392 8092
9.45392 8568
9.46098 9044
9.46804 8092
9.46804 8568
9.4751 9044
9.48216 8092
9.48216 8568
9.48922 9044
9.49627 8092
9.49627 8568
9.50333 9044
9.51039 8092
9.51039 8568
9.51745 9044
9.52451 8092
9.52451 8568
9.53157 9044
9.53863 8092
9.53863 8568
9.54569 9044
9.63039 8092
9.63039 8568
9.63745 9044
9.6445 8092
9.6445 8568
9.65156 9044
9.65862 8092
9.65862 8568
9.66568 9044
9.67274 8092
9.67274 8568
9.6798 9044
9.68686 8092
9.68686 8568
9.69392 9044
9.70098 8092
9.70098 8568
9.70803 9044
9.71509 8092
9.71509 8568
9.72215 9044
9.72921 8092
9.72921 8568
9.73627 9044
9.74333 8092
9.74333 8568
9.75039 9044
9.83509 8092
9.83509 8568
9.84215 9044
9.84921 8092
9.84921 8568
9.85626 9044
9.86332 8092
9.86332 8568
9.87038 9044
9.87744 8092
9.87744 8568
9.8845 9044
9.89156 8092
9.89156 8568
9.89862 9044
9.90568 8092
9.90568 8568
9.91273 9044
9.91979 8092
9.91979 8568
9.92685 9044
9.93391 8092
9.93391 8568
9.94097 9044
9.94803 8092
9.94803 8568
9.95509 9044
10.0398 8092
10.0398 8568
10.0468 9044
10.0539 8092
10.0539 8568
10.061 9044
10.068 8092
10.068 8568
10.0751 9044
10.0821 8092
10.0821 8568
10.0892 9044
10.0963 8092
10.0963 8568
10.1033 9044
10.1104 8092
10.1104 8568
10.1174 9044
10.1245 8092
10.1245 8568
10.1316 9044
10.1386 8092
10.1386 8568
10.1457 9044
10.1527 8092
10.1527 8568
10.1598 9044
10.2445 8092
10.2445 8568
10.2515 9044
10.2586 8092
10.2586 8568
10.2657 9044
10.2727 8092
10.2727 8568
10.2798 9044
10.2868 8092
10.2868 8568
10.2939 9044
10.301 8092
10.301 8568
10.308 9044
10.3151 8092
10.3151 8568
10.3221 9044
10.3292 8092
10.3292 8568
10.3363 9044
10.3433 8092
10.3433 8568
10.3504 9044
10.3574 8092
10.3574 8568
10.3645 9044
10.4492 8092
10.4633 7140
10.4774 6188
10.4915 5236
10.5057 4284
10.5198 3332
10.5339 2380
10.548 1428
10.548 1904
10.5621 952
10.5621 1428
10.5692 1904
10.7527 952
10.7527 1428
10.7598 1904
10.7739 952
10.7739 1428
10.781 1904
10.9645 952
10.9645 1428
10.9715 1904
10.9857 952
10.9857 1428
10.9927 1904
11.1762 952
11.1762 1428
11.1833 1904
11.1974 952
11.1974 1428
11.2045 1904
11.388 952
11.388 1428
11.3951 1904
11.4092 952
11.4092 1428
11.4162 1904
11.5998 952
11.5998 1428
11.6068 1904
11.6209 952
11.6209 1428
11.628 1904
11.8115 952
11.8115 1428
11.8186 1904
11.8327 952
11.8327 1428
11.8397 1904
12.0233 952
12.0233 1428
12.0303 1904
12.0444 952
12.0444 1428
12.0515 1904
12.235 952
12.235 1428
12.2421 1904
12.2562 952
12.2562 1428
12.2633 1904
12.4468 952
12.4468 1428
12.4539 1904
12.468 952
12.468 1428
12.475 1904
12.6586 952
12.6586 1428
12.6656 1904
12.6797 952
12.6797 1428
12.6868 1904
12.8703 952
12.8703 1428
12.8774 1904
12.8915 952
12.8915 1428
12.8985 1904
13.0821 952
13.0821 1428
13.0891 1904
13.1032 952
13.1032 1428
13.1103 1904
13.2938 952
13.2938 1428
13.3009 1904
13.315 952
13.315 1428
13.3221 1904
13.5056 952
13.5056 1428
13.5126 1904
13.5268 952
13.5268 1428
13.5338 1904
13.7173 952
13.7173 1428
13.7244 1904
13.7385 952
13.7385 1428
13.7456 1904
13.9291 952
13.9291 1428
13.9362 1904
13.9503 952
13.9503 1428
13.9573 1904
14.1409 952
14.1409 1428
14.1479 1904
14.162 952
14.162 1428
14.1691 1904
14.3526 952
14.3526 1428
14.3597 1904
14.3738 952
14.3738 1428
14.3809 1904
14.5644 952
14.5644 1428
14.5714 1904
14.5856 952
14.5856 1428
14.5926 1904
14.7761 952
14.7761 1428
14.7832 1904
14.7973 952
14.7973 1428
14.8044 1904
14.9879 952
14.9879 1428
14.995 1904
15.0091 952
15.0091 1428
15.0161 1904
15.1997 952
15.1997 1428
15.2067 1904
15.2208 952
15.2208 1428
15.2279 1904
15.4114 952
15.4114 1428
15.4185 1904
15.4326 952
15.4326 1428
15.4397 1904
15.6232 952
15.6232 1428
15.6302 1904
15.6444 952
15.6444 1428
15.6514 1904
15.8349 952
15.8349 1428
15.842 1904
15.8561 952
15.8561 1428
15.8632 1904
16.0467 952
16.0467 1428
16.0538 1904
16.0679 952
16.0679 1428
16.0749 1904
16.2585 952
16.2585 1428
16.2655 1904
16.2796 952
16.2796 1428
16.2867 1904
16.4702 952
16.4702 1428
16.4773 1904
16.4914 952
16.4914 1428
16.4985 1904
16.682 952
16.682 1428
16.689 1904
16.7032 952
16.7032 1428
16.7102 1904
16.8937 952
16.8937 1428
16.9008 1904
16.9149 952
16.9149 1428
16.922 1904
17.1055 952
17.1055 1428
17.1126 1904
17.1267 952
17.1267 1428
17.1337 1904
17.3173 952
17.3173 1428
17.3243 1904
17.3384 952
17.3384 1428
17.3455 1904
17.529 952
17.529 1428
17.5361 1904
17.5502 952
17.5502 1428
17.5573 1904
17.7408 952
17.7408 1428
17.7478 1904
17.762 952
17.762 1428
17.769 1904
17.9525 952
17.9525 1428
17.9596 1904
17.9737 952
17.9737 1428
17.9808 1904
18.1643 952
18.1643 1428
18.1714 1904
18.1855 952
18.1855 1428
18.1925 1904
18.3761 952
18.3761 1428
18.3831 1904
18.3972 952
18.3972 1428
18.4043 1904
18.5878 952
18.5878 1428
18.5949 1904
18.609 952
18.609 1428
18.6161 1904
18.7996 952
18.7996 1428
18.8066 1904
18.8208 952
18.8208 1428
18.8278 1904
19.0113 952
19.0113 1428
19.0184 1904
19.0325 952
19.0325 1428
19.0396 1904
19.2231 952
19.2231 1428
19.2302 1904
19.2443 952
19.2443 1428
19.2513 1904
19.4349 952
19.4349 1428
19.4419 1904
19.456 952
19.456 1428
19.4631 1904
19.6466 952
19.6466 1428
19.6537 1904
19.6678 952
19.6678 1428
19.6749 1904
19.8584 952
19.8584 1428
19.8654 1904
19.8796 952
19.8796 1428
19.8866 1904
20.0701 952
20.0701 1428
20.0772 1904
20.0913 952
20.0913 1428
20.0984 1904
20.2819 952
20.2819 1428
20.289 1904
20.3031 952
20.3031 1428
20.3101 1904
20.4937 952
20.4937 1428
20.5007 1904
20.5148 952
20.5148 1428
20.5219 1904
20.7054 952
20.7054 1428
20.7125 1904
20.7266 952
20.7266 1428
20.7337 1904
20.9172 952
20.9172 1428
20.9242 1904
20.9384 952
20.9384 1428
20.9455 1904
21.1289 952
21.1289 1428
21.136 1904
21.1502 952
21.1502 1428
21.1572 1904
21.3407 952
21.3407 1428
21.3478 1904
21.362 952
21.362 1428
21.369 1904
21.5528 952
21.5528 1428
21.5599 1904
21.574 952
21.574 1428
21.581 1904
21.765 952
21.765 1428
21.7721 1904
21.786 952
21.786 1428
21.7931 1904
21.9768 952
21.9768 1428
21.9839 1904
21.998 952
21.998 1428
22.0051 1904
22.1889 952
22.1889 1428
22.196 1904
22.2102 952
22.2102 1428
22.2172 1904
22.401 952
22.401 1428
22.4081 1904
22.4222 952
22.4222 1428
22.4293 1904
22.6129 952
22.6129 1428
22.62 1904
22.634 952
22.634 1428
22.641 1904
22.8251 952
22.8251 1428
22.8322 1904
22.8461 952
22.8461 1428
22.8532 1904
23.0369 952
23.0369 1428
23.0439 1904
23.0583 952
23.0583 1428
23.0654 1904
23.2487 952
23.2487 1428
23.2557 1904
23.2705 952
23.2705 1428
23.2775 1904
23.4608 952
23.4608 1428
23.4679 1904
23.4826 952
23.4826 1428
23.4897 1904
23.673 952
23.673 1428
23.6801 1904
23.6948 952
23.6948 1428
23.7019 1904
23.8852 952
23.8852 1428
23.8922 1904
23.907 952
23.907 1428
23.914 1904
24.0973 952
24.0973 1428
24.1044 1904
24.1191 952
24.1191 1428
24.1261 1904
24.3095 952
24.3095 1428
24.3166 1904
24.3312 952
24.3312 1428
24.3383 1904
24.5217 952
24.5217 1428
24.5287 1904
24.5434 952
24.5434 1428
24.5505 1904
24.7338 952
24.7338 1428
24.7408 1904
24.7556 952
24.7556 1428
24.7626 1904
24.9459 952
24.9459 1428
24.953 1904
24.9677 952
24.9677 1428
24.9748 1904
25.1581 952
25.1581 1428
25.1652 1904
25.1799 952
25.1799 1428
25.187 1904
25.3703 952
25.3703 1428
25.3773 1904
25.3921 952
25.3921 1428
25.3991 1904
25.5824 952
25.5824 1428
25.5895 1904
25.6043 952
25.6043 1428
25.6113 1904
25.7946 952
25.7946 1428
25.8017 1904
25.8164 952
25.8164 1428
25.8235 1904
26.0068 952
26.0068 1428
26.0138 1904
26.0286 952
26.0286 1428
26.0357 1904
26.219 952
26.219 1428
26.226 1904
26.2408 952
26.2408 1428
26.2478 1904
26.4311 952
26.4311 1428
26.4382 1904
26.4529 952
26.4529 1428
26.46 1904
26.6433 952
26.6433 1428
26.6504 1904
26.6651 952
26.6651 1428
26.6722 1904
26.8555 952
26.8555 1428
26.8625 1904
26.8773 952
26.8773 1428
26.8843 1904
27.0676 952
27.0676 1428
27.0747 1904
27.0895 952
27.0895 1428
27.0965 1904
27.2798 952
27.2798 1428
27.2869 1904
27.3016 952
27.3016 1428
27.3087 1904
27.492 952
27.492 1428
27.499 1904
27.5138 952
27.5138 1428
27.5209 1904
27.7042 952
27.7042 1428
27.7112 1904
27.726 952
27.726 1428
27.733 1904
27.9163 952
27.9163 1428
27.9234 1904
27.9382 952
27.9382 1428
27.9452 1904
28.1285 952
28.1285 1428
28.1356 1904
28.1503 952
28.1503 1428
28.1574 1904
28.3407 952
28.3407 1428
28.3477 1904
28.3621 952
28.3621 1428
28.3691 1904
28.5529 952
28.5529 1428
28.5599 1904
28.5739 952
28.5739 1428
28.5809 1904
28.765 952
28.765 1428
28.7721 1904
28.786 952
28.786 1428
28.7931 1904
28.977 952
28.977 1428
28.9841 1904
28.9982 952
28.9982 1428
29.0053 1904
29.1889 952
29.1889 1428
29.1959 1904
29.2104 952
29.2104 1428
29.2174 1904
29.401 952
29.401 1428
29.4081 1904
29.4226 952
29.4226 1428
29.4296 1904
29.6132 952
29.6132 1428
29.6203 1904
29.6347 952
29.6347 1428
29.6418 1904
29.8254 952
29.8254 1428
29.8324 1904
29.8469 952
29.8469 1428
29.854 1904
30.0376 952
30.0376 1428
30.0446 1904
30.059 952
30.059 1428
30.066 1904
30.2497 952
30.2497 1428
30.2568 1904
30.2711 952
30.2711 1428
30.2782 1904
30.4618 952
30.4618 1428
30.4689 1904
30.4833 952
30.4833 1428
30.4904 1904
30.6736 952
30.6736 1428
30.6807 1904
30.6951 952
30.6951 1428
30.7021 1904
30.8854 952
30.8854 1428
30.8924 1904
30.9068 952
30.9068 1428
30.9139 1904
31.0974 952
31.0974 1428
31.1045 1904
31.119 952
31.119 1428
31.1261 1904
31.3096 952
31.3096 1428
31.3166 1904
31.3308 952
31.3308 1428
31.3378 1904
31.5213 952
31.5213 1428
31.5284 1904
31.5427 952
31.5427 1428
31.5497 1904
31.7331 952
31.7331 1428
31.7401 1904
31.7548 952
31.7548 1428
31.7619 1904
31.9452 952
31.9452 1428
31.9523 1904
31.967 952
31.967 1428
31.974 1904
32.1574 952
32.1574 1428
32.1644 1904
32.1791 952
32.1791 1428
32.1862 1904
32.3695 952
32.3695 1428
32.3766 1904
32.3912 952
32.3912 1428
32.3983 1904
32.5816 952
32.5816 1428
32.5887 1904
32.6034 952
32.6034 1428
32.6104 1904
32.7938 952
32.7938 1428
32.8009 1904
32.8155 952
32.8155 1428
32.8226 1904
33.0059 952
33.0059 1428
33.013 1904
33.0277 952
33.0277 1428
33.0347 1904
33.2181 952
33.2181 1428
33.2251 1904
33.2398 952
33.2398 1428
33.2469 1904
33.4302 952
33.4302 1428
33.4373 1904
33.452 952
33.452 1428
33.459 1904
33.6424 952
33.6424 1428
33.6494 1904
33.6641 952
33.6641 1428
33.6712 1904
33.8545 952
33.8545 1428
33.8616 1904
33.8763 952
33.8763 1428
33.8833 1904
34.0667 952
34.0667 1428
34.0737 1904
34.0884 952
34.0884 1428
34.0955 1904
34.2788 952
34.2788 1428
34.2859 1904
34.3005 952
34.3005 1428
34.3076 1904
34.491 952
34.491 1428
34.498 1904
34.5123 952
34.5123 1428
34.5194 1904
34.7031 952
34.7031 1428
34.7102 1904
34.7241 952
34.7241 1428
34.7311 1904
34.9152 952
34.9152 1428
34.9223 1904
34.9361 952
34.9361 1428
34.9432 1904
35.127 952
35.127 1428
35.1341 1904
35.1483 952
35.1483 1428
35.1553 1904
35.3388 952
35.3388 1428
35.3458 1904
35.3604 952
35.3604 1428
35.3675 1904
35.5508 952
35.5508 1428
35.5579 1904
35.5726 952
35.5726 1428
35.5796 1904
35.763 952
35.763 1428
35.77 1904
35.7847 952
35.7847 1428
35.7918 1904
35.9751 952
35.9751 1428
35.9822 1904
35.9968 952
35.9968 1428
36.0039 1904
36.1873 952
36.1873 1428
36.1943 1904
36.209 952
36.209 1428
36.2161 1904
36.3994 952
36.3994 1428
36.4065 1904
36.4211 952
36.4211 1428
36.4282 1904
36.6115 952
36.6115 1428
36.6186 1904
36.6333 952
36.6333 1428
36.6403 1904
36.8237 952
36.8237 1428
36.8308 1904
36.845 952
36.845 1428
36.8521 1904
37.0358 952
37.0358 1428
37.0429 1904
37.0569 952
37.0569 1428
37.0639 1904
37.248 952
37.248 1428
37.255 1904
37.269 952
37.269 1428
37.276 1904
37.46 952
37.46 1428
37.4671 1904
37.4811 952
37.4811 1428
37.4881 1904
37.6718 952
37.6718 1428
37.6789 1904
37.6932 952
37.6932 1428
37.7003 1904
37.8839 952
37.8839 1428
37.891 1904
37.9054 952
37.9054 1428
37.9124 1904
38.0961 952
38.0961 1428
38.1031 1904
38.1175 952
38.1175 1428
38.1246 1904
38.3082 952
38.3082 1428
38.3153 1904
38.3296 952
38.3296 1428
38.3367 1904
38.5204 952
38.5204 1428
38.5274 1904
38.5418 952
38.5418 1428
38.5489 1904
38.7325 952
38.7325 1428
38.7396 1904
38.7539 952
38.7539 1428
38.761 1904
38.9446 952
38.9446 1428
38.9517 1904
38.9661 952
38.9661 1428
38.9731 1904
39.1568 952
39.1568 1428
39.1638 1904
39.1782 952
39.1782 1428
39.1853 1904
39.3689 952
39.3689 1428
39.376 1904
39.3904 952
39.3904 1428
39.3974 1904
39.5811 952
39.5811 1428
39.5881 1904
39.6025 952
39.6025 1428
39.6096 1904
39.7932 952
39.7932 1428
39.8003 1904
39.8147 952
39.8147 1428
39.8217 1904
40.0054 952
40.0054 1428
40.0124 1904
40.0268 952
40.0268 1428
40.0339 1904
40.2175 952
40.2175 1428
40.2246 1904
40.2389 952
40.2389 1428
40.246 1904
40.4297 952
40.4297 1428
40.4367 1904
40.4507 952
40.4507 1428
40.4578 1904
40.6418 952
40.6418 1428
40.6489 1904
40.6625 952
40.6625 1428
40.6695 1904
40.8539 952
40.8539 1428
40.861 1904
40.8745 952
40.8745 1428
40.8816 1904
41.0657 952
41.0657 1428
41.0728 1904
41.0867 952
41.0867 1428
41.0937 1904
41.2775 952
41.2775 1428
41.2845 1904
41.2988 952
41.2988 1428
41.3059 1904
41.4892 952
41.4892 1428
41.4963 1904
41.5106 952
41.5106 1428
41.5176 1904
41.701 952
41.701 1428
41.708 1904
41.7223 952
41.7223 1428
41.7294 1904
41.9127 952
41.9127 1428
41.9198 1904
41.9343 952
41.9343 1428
41.9414 1904
42.1245 952
42.1245 1428
42.1316 1904
42.1461 952
42.1461 1428
42.1532 1904
42.3364 952
42.3364 1428
42.3435 1904
42.3579 952
42.3579 1428
42.3649 1904
42.5485 952
42.5485 1428
42.5556 1904
42.57 952
42.57 1428
42.577 1904
42.7603 952
42.7603 1428
42.7674 1904
42.7821 952
42.7821 1428
42.7892 1904
42.9721 952
42.9721 1428
42.9791 1904
42.9943 952
42.9943 1428
43.0013 1904
43.1841 952
43.1841 1428
43.1911 1904
43.2064 952
43.2064 1428
43.2135 1904
43.3962 952
43.3962 1428
43.4033 1904
43.4186 952
43.4186 1428
43.4256 1904
43.6084 952
43.6084 1428
43.6154 1904
43.6307 952
43.6307 1428
43.6378 1904
43.8205 952
43.8205 1428
43.8276 1904
43.8428 952
43.8428 1428
43.8499 1904
44.0327 952
44.0327 1428
44.0397 1904
44.055 952
44.055 1428
44.0621 1904
44.2448 952
44.2448 1428
44.2519 1904
44.2671 952
44.2671 1428
44.2742 1904
44.457 952
44.457 1428
44.464 1904
44.4793 952
44.4793 1428
44.4863 1904
44.6691 952
44.6691 1428
44.6762 1904
44.6914 952
44.6914 1428
44.6985 1904
44.8812 952
44.8812 1428
44.8883 1904
44.9036 952
44.9036 1428
44.9106 1904
45.0934 952
45.0934 1428
45.1004 1904
45.1157 952
45.1157 1428
45.1228 1904
45.3055 952
45.3055 1428
45.3126 1904
45.3279 952
45.3279 1428
45.3349 1904
45.5177 952
45.5177 1428
45.5247 1904
45.54 952
45.54 1428
45.5471 1904
45.7298 952
45.7298 1428
45.7369 1904
45.7521 952
45.7521 1428
45.7592 1904
45.942 952
45.942 1428
45.949 1904
45.9643 952
45.9643 1428
45.9714 1904
46.1541 952
46.1541 1428
46.1612 1904
46.1764 952
46.1764 1428
46.1835 1904
46.3663 952
46.3663 1428
46.3733 1904
46.3882 952
46.3882 1428
46.3953 1904
46.5784 952
46.5784 1428
46.5855 1904
46.6 952
46.6 1428
46.607 1904
46.7905 952
46.7905 1428
46.7976 1904
46.812 952
46.812 1428
46.8191 1904
47.0023 952
47.0023 1428
47.0094 1904
47.0242 952
47.0242 1428
47.0312 1904
47.2141 952
47.2141 1428
47.2211 1904
47.2359 952
47.2359 1428
47.243 1904
47.4261 952
47.4261 1428
47.4332 1904
47.448 952
47.448 1428
47.4551 1904
47.6383 952
47.6383 1428
47.6453 1904
47.6601 952
47.6601 1428
47.6672 1904
47.85 952
47.85 1428
47.8571 1904
47.8723 952
47.8723 1428
47.8793 1904
48.0621 952
48.0621 1428
48.0692 1904
48.084 952
48.084 1428
48.0911 1904
48.2742 952
48.2742 1428
48.2813 1904
48.2958 952
48.2958 1428
48.3028 1904
48.4864 952
48.4864 1428
48.4934 1904
48.5078 952
48.5078 1428
48.5149 1904
48.6981 952
48.6981 1428
48.7052 1904
48.7199 952
48.7199 1428
48.727 1904
48.9099 952
48.9099 1428
48.9169 1904
48.9321 952
48.9321 1428
48.9391 1904
49.1219 952
49.1219 1428
49.129 1904
49.1442 952
49.1442 1428
49.1513 1904
49.334 952
49.334 1428
49.3411 1904
49.3564 952
49.3564 1428
49.3634 1904
49.5462 952
49.5462 1428
49.5532 1904
49.5685 952
49.5685 1428
49.5756 1904
49.7583 952
49.7583 1428
49.7654 1904
49.7807 952
49.7807 1428
49.7877 1904
49.9705 952
49.9705 1428
49.9775 1904
49.9928 952
49.9928 1428
49.9999 1904
50.1826 952
50.1826 1428
50.1897 1904
50.2045 952
50.2045 1428
50.2116 1904
50.3943 952
50.3943 1428
50.4014 1904
50.416 952
50.416 1428
50.4231 1904
50.6058 952
50.6058 1428
50.6129 1904
50.6277 952
50.6277 1428
50.6348 1904
50.8173 952
50.8173 1428
50.8244 1904
50.8393 952
50.8393 1428
50.8463 1904
51.0289 952
51.0289 1428
51.0359 1904
51.0508 952
51.0508 1428
51.0578 1904
51.2404 952
51.2404 1428
51.2475 1904
51.2623 952
51.2623 1428
51.2694 1904
51.4519 952
51.4519 1428
51.459 1904
51.4739 952
51.4739 1428
51.4809 1904
51.6635 952
51.6635 1428
51.6705 1904
51.6854 952
51.6854 1428
51.6925 1904
51.875 952
51.875 1428
51.882 1904
51.8969 952
51.8969 1428
51.904 1904
52.0865 952
52.0865 1428
52.0936 1904
52.1085 952
52.1085 1428
52.1155 1904
52.298 952
52.298 1428
52.3051 1904
52.32 952
52.32 1428
52.327 1904
52.5096 952
52.5096 1428
52.5167 1904
52.5317 952
52.5317 1428
52.5388 1904
52.7211 952
52.7211 1428
52.7282 1904
52.7432 952
52.7432 1428
52.7503 1904
52.9327 952
52.9327 1428
52.9397 1904
52.9549 952
52.9549 1428
52.962 1904
53.1442 952
53.1442 1428
53.1513 1904
53.1664 952
53.1664 1428
53.1735 1904
53.3557 952
53.3557 1428
53.3628 1904
53.378 952
53.378 1428
53.385 1904
53.5674 952
53.5674 1428
53.5745 1904
53.5895 952
53.5895 1428
53.5966 1904
53.779 952
53.779 1428
53.786 1904
53.8012 952
53.8012 1428
53.8082 1904
53.9905 952
53.9905 1428
53.9975 1904
54.0127 952
54.0127 1428
54.0197 1904
54.202 952
54.202 1428
54.2091 1904
54.2242 952
54.2242 1428
54.2313 1904
54.4137 952
54.4137 1428
54.4207 1904
54.4357 952
54.4357 1428
54.4428 1904
54.6252 952
54.6252 1428
54.6323 1904
54.6473 952
54.6473 1428
54.6544 1904
54.8369 952
54.8369 1428
54.844 1904
54.8588 952
54.8588 1428
54.8659 1904
55.0484 952
55.0484 1428
55.0555 1904
55.0704 952
55.0704 1428
55.0774 1904
55.2599 952
55.2599 1428
55.267 1904
55.2819 952
55.2819 1428
55.2889 1904
55.4715 952
55.4715 1428
55.4785 1904
55.4935 952
55.4935 1428
55.5005 1904
55.683 952
55.683 1428
55.6901 1904
55.705 952
55.705 1428
55.7121 1904
55.8946 952
55.8946 1428
55.9016 1904
55.9165 952
55.9165 1428
55.9236 1904
56.1061 952
56.1061 1428
56.1132 1904
56.128 952
56.128 1428
56.1351 1904
56.3176 952
56.3176 1428
56.3247 1904
56.3396 952
56.3396 1428
56.3466 1904
56.5292 952
56.5292 1428
56.5363 1904
56.5511 952
56.5511 1428
56.5582 1904
56.7407 952
56.7407 1428
56.7478 1904
56.7626 952
56.7626 1428
56.7697 1904
56.9523 952
56.9523 1428
56.9593 1904
56.9743 952
56.9743 1428
56.9813 1904
57.1639 952
57.1639 1428
57.171 1904
57.1858 952
57.1858 1428
57.1929 1904
57.3754 952
57.3754 1428
57.3825 1904
57.3975 952
57.3975 1428
57.4045 1904
57.5871 952
57.5871 1428
57.5942 1904
57.609 952
57.609 1428
57.6161 1904
57.7986 952
57.7986 1428
57.8057 1904
57.8205 952
57.8205 1428
57.8276 1904
58.0101 952
58.0101 1428
58.0172 1904
58.0321 952
58.0321 1428
58.0391 1904
58.2217 952
58.2217 1428
58.2287 1904
58.2436 952
58.2436 1428
58.2507 1904
58.4332 952
58.4332 1428
58.4403 1904
58.4553 952
58.4553 1428
58.4623 1904
58.6448 952
58.6448 1428
58.6518 1904
58.6668 952
58.6668 1428
58.6739 1904
58.8563 952
58.8563 1428
58.8634 1904
58.8785 952
58.8785 1428
58.8856 1904
59.0678 952
59.0678 1428
59.0749 1904
59.09 952
59.09 1428
59.0971 1904
59.2794 952
59.2794 1428
59.2864 1904
59.3016 952
59.3016 1428
59.3086 1904
59.491 952
59.491 1428
59.4981 1904
59.5131 952
59.5131 1428
59.5202 1904
59.7026 952
59.7026 1428
59.7096 1904
59.7248 952
59.7248 1428
59.7318 1904
59.9143 952
59.9143 1428
59.9213 1904
59.9363 952
59.9363 1428
59.9433 1904
60.1258 952
60.1258 1428
60.1329 1904
60.1478 952
60.1478 1428
60.1549 1904
60.3373 952
60.3373 1428
60.3444 1904
60.3593 952
60.3593 1428
60.3664 1904
60.5489 952
60.5489 1428
60.5559 1904
60.5709 952
60.5709 1428
60.578 1904
60.7605 952
60.7605 1428
60.7676 1904
60.7824 952
60.7824 1428
60.7895 1904
60.9721 952
60.9721 1428
60.9791 1904
60.994 952
60.994 1428
61.001 1904
61.1836 952
61.1836 1428
61.1906 1904
61.2055 952
61.2055 1428
61.2125 1904
61.3951 952
61.3951 1428
61.4022 1904
61.4171 952
61.4171 1428
61.4241 1904
61.6067 952
61.6067 1428
61.6137 1904
61.6286 952
61.6286 1428
61.6356 1904
61.8182 952
61.8182 1428
61.8253 1904
61.8401 952
61.8401 1428
61.8472 1904
62.0297 952
62.0297 1428
62.0368 1904
62.0516 952
62.0516 1428
62.0587 1904
62.2413 952
62.2413 1428
62.2483 1904
62.2632 952
62.2632 1428
62.2703 1904
62.4528 952
62.4528 1428
62.4599 1904
62.4749 952
62.4749 1428
62.482 1904
62.6644 952
62.6644 1428
62.6714 1904
62.6864 952
62.6864 1428
62.6935 1904
62.8759 952
62.8759 1428
62.8829 1904
62.898 952
62.898 1428
62.905 1904
63.0874 952
63.0874 1428
63.0945 1904
63.1095 952
63.1095 1428
63.1166 1904
63.299 952
63.299 1428
63.306 1904
63.3211 952
63.3211 1428
63.3281 1904
63.5106 952
63.5106 1428
63.5177 1904
63.5326 952
63.5326 1428
63.5397 1904
63.7222 952
63.7222 1428
63.7292 1904
63.7441 952
63.7441 1428
63.7512 1904
63.9337 952
63.9337 1428
63.9408 1904
63.9556 952
63.9556 1428
63.9627 1904
64.1452 952
64.1452 1428
64.1523 1904
64.1672 952
64.1672 1428
64.1743 1904
64.3568 952
64.3568 1428
64.3639 1904
64.3788 952
64.3788 1428
64.3858 1904
64.5684 952
64.5684 1428
64.5754 1904
64.5903 952
64.5903 1428
64.5973 1904
64.7799 952
64.7799 1428
64.787 1904
64.8018 952
64.8018 1428
64.8089 1904
64.9914 952
64.9914 1428
64.9985 1904
65.0133 952
65.0133 1428
65.0204 1904
65.2029 952
65.2029 1428
65.21 1904
65.2249 952
65.2249 1428
65.2319 1904
65.4146 952
65.4146 1428
65.4217 1904
65.4364 952
65.4364 1428
65.4435 1904
65.6261 952
65.6261 1428
65.6332 1904
65.648 952
65.648 1428
65.655 1904
65.8379 952
65.8379 1428
65.8449 1904
65.8595 952
65.8595 1428
65.8665 1904
66.0494 952
66.0494 1428
66.0565 1904
66.071 952
66.071 1428
66.0781 1904
66.2609 952
66.2609 1428
66.268 1904
66.2825 952
66.2825 1428
66.2896 1904
66.4725 952
66.4725 1428
66.4795 1904
66.4941 952
66.4941 1428
66.5011 1904
66.6841 952
66.6841 1428
66.6912 1904
66.7056 952
66.7056 1428
66.7126 1904
66.8956 952
66.8956 1428
66.9027 1904
66.9171 952
66.9171 1428
66.9242 1904
67.1072 952
67.1072 1428
67.1142 1904
67.1287 952
67.1287 1428
67.1358 1904
67.3187 952
67.3187 1428
67.3258 1904
67.3403 952
67.3403 1428
67.3473 1904
67.5303 952
67.5303 1428
67.5373 1904
67.5518 952
67.5518 1428
67.5589 1904
67.7418 952
67.7418 1428
67.7489 1904
67.7633 952
67.7633 1428
67.7704 1904
67.9533 952
67.9533 1428
67.9604 1904
67.9749 952
67.9749 1428
67.982 1904
68.1649 952
68.1649 1428
68.1719 1904
68.1864 952
68.1864 1428
68.1935 1904
68.3764 952
68.3764 1428
68.3835 1904
68.398 952
68.398 1428
68.405 1904
68.588 952
68.588 1428
68.595 1904
68.6095 952
68.6095 1428
68.6166 1904
68.7995 952
68.7995 1428
68.8065 1904
68.8211 952
68.8211 1428
68.8281 1904
69.011 952
69.011 1428
69.0181 1904
69.0328 952
69.0328 1428
69.0398 1904
69.2225 952
69.2225 1428
69.2296 1904
69.2443 952
69.2443 1428
69.2513 1904
69.4341 952
69.4341 1428
69.4411 1904
69.4558 952
69.4558 1428
69.4629 1904
69.6456 952
69.6456 1428
69.6526 1904
69.6673 952
69.6673 1428
69.6744 1904
69.8572 952
69.8572 1428
69.8643 1904
69.8789 952
69.8789 1428
69.886 1904
70.0687 952
70.0687 1428
70.0758 1904
70.0904 952
70.0904 1428
70.0975 1904
70.2804 952
70.2804 1428
70.2875 1904
70.302 952
70.302 1428
70.309 1904
70.492 952
70.492 1428
70.499 1904
70.5135 952
70.5135 1428
70.5205 1904
70.7035 952
70.7035 1428
70.7105 1904
70.725 952
70.725 1428
70.7321 1904
70.915 952
70.915 1428
70.9221 1904
70.9365 952
70.9365 1428
70.9436 1904
71.1266 952
71.1266 1428
71.1337 1904
71.1481 952
71.1481 1428
71.1551 1904
71.3381 952
71.3381 1428
71.3452 1904
71.3596 952
71.3596 1428
71.3666 1904
71.5496 952
71.5496 1428
71.5567 1904
71.5711 952
71.5711 1428
71.5782 1904
71.7612 952
71.7612 1428
71.7682 1904
71.7827 952
71.7827 1428
71.7897 1904
71.9727 952
71.9727 1428
71.9798 1904
71.9942 952
71.9942 1428
72.0013 1904
72.1842 952
72.1842 1428
72.1913 1904
72.2057 952
72.2057 1428
72.2128 1904
72.3957 952
72.3957 1428
72.4028 1904
72.4173 952
72.4173 1428
72.4243 1904
72.6075 952
72.6075 1428
72.6145 1904
72.6288 952
72.6288 1428
72.6359 1904
72.819 952
72.819 1428
72.826 1904
72.8403 952
72.8403 1428
72.8474 1904
73.0307 952
73.0307 1428
73.0377 1904
73.0518 952
73.0518 1428
73.0589 1904
73.2422 952
73.2422 1428
73.2493 1904
73.2634 952
73.2634 1428
73.2704 1904
73.4537 952
73.4537 1428
73.4608 1904
73.4749 952
73.4749 1428
73.482 1904
73.6652 952
73.6652 1428
73.6723 1904
73.6864 952
73.6864 1428
73.6935 1904
73.8768 952
73.8768 1428
73.8838 1904
73.898 952
73.898 1428
73.905 1904
74.0883 952
74.0883 1428
74.0954 1904
74.1095 952
74.1095 1428
74.1166 1904
74.2998 952
74.2998 1428
74.3069 1904
74.321 952
74.321 1428
74.3281 1904
74.5114 952
74.5114 1428
74.5184 1904
74.5326 952
74.5326 1428
74.5396 1904
74.7229 952
74.7229 1428
74.73 1904
74.7441 952
74.7441 1428
74.7511 1904
74.9344 952
74.9344 1428
74.9415 1904
74.9556 952
74.9556 1428
74.9627 1904
75.146 952
75.146 1428
75.153 1904
75.1672 952
75.1672 1428
75.1742 1904
75.3575 952
75.3575 1428
75.3645 1904
75.3787 952
75.3787 1428
75.3857 1904
75.569 952
75.569 1428
75.5761 1904
75.5902 952
75.5902 1428
75.5973 1904
75.7806 952
75.7806 1428
75.7876 1904
75.8018 952
75.8018 1428
75.8088 1904
75.9921 952
75.9921 1428
75.9991 1904
76.0133 952
76.0133 1428
76.0203 1904
76.2036 952
76.2036 1428
76.2107 1904
76.2248 952
76.2248 1428
76.2319 1904
76.4152 952
76.4152 1428
76.4222 1904
76.4363 952
76.4363 1428
76.4434 1904
76.6267 952
76.6267 1428
76.6337 1904
76.6479 952
76.6479 1428
76.6549 1904
76.8382 952
76.8382 1428
76.8453 1904
76.8594 952
76.8594 1428
76.8665 1904
77.0497 952
77.0497 1428
77.0568 1904
77.0709 952
77.0709 1428
77.078 1904
77.2613 952
77.2613 1428
77.2683 1904
77.2825 952
77.2825 1428
77.2895 1904
77.4728 952
77.4728 1428
77.4799 1904
77.494 952
77.494 1428
77.501 1904
77.6843 952
77.6843 1428
77.6914 1904
77.7055 952
77.7055 1428
77.7126 1904
77.8959 952
77.8959 1428
77.9029 1904
77.9171 952
77.9171 1428
77.9242 1904
78.1074 952
78.1074 1428
78.1144 1904
78.1286 952
78.1286 1428
78.1357 1904
78.3189 952
78.3189 1428
78.326 1904
78.3402 952
78.3402 1428
78.3472 1904
78.5305 952
78.5305 1428
78.5376 1904
78.5519 952
78.5519 1428
78.5589 1904
78.742 952
78.742 1428
78.7491 1904
78.7634 952
78.7634 1428
78.7705 1904
78.9536 952
78.9536 1428
78.9606 1904
78.9751 952
78.9751 1428
78.9821 1904
79.1653 952
79.1653 1428
79.1723 1904
79.1866 952
79.1866 1428
79.1937 1904
79.3768 952
79.3768 1428
79.3839 1904
79.3981 952
79.3981 1428
79.4052 1904
79.5885 952
79.5885 1428
79.5955 1904
79.6097 952
79.6097 1428
79.6167 1904
79.8 952
79.8 1428
79.8071 1904
79.8212 952
79.8212 1428
79.8283 1904
80.0115 952
80.0115 1428
80.0186 1904
80.0327 952
80.0327 1428
80.0398 1904
80.2231 952
80.2231 1428
80.2301 1904
80.2443 952
80.2443 1428
80.2513 1904
80.4346 952
80.4346 1428
80.4417 1904
80.4558 952
80.4558 1428
80.4628 1904
80.6461 952
80.6461 1428
80.6532 1904
80.6673 952
80.6673 1428
80.6744 1904
80.8577 952
80.8577 1428
80.8647 1904
80.8789 952
80.8789 1428
80.8859 1904
81.0692 952
81.0692 1428
81.0762 1904
81.0904 952
81.0904 1428
81.0974 1904
81.2807 952
81.2807 1428
81.2878 1904
81.3019 952
81.3019 1428
81.309 1904
81.4923 952
81.4923 1428
81.4993 1904
81.5135 952
81.5135 1428
81.5205 1904
81.7038 952
81.7038 1428
81.7108 1904
81.725 952
81.725 1428
81.732 1904
81.9153 952
81.9153 1428
81.9224 1904
81.9365 952
81.9365 1428
81.9436 1904
82.1268 952
82.1268 1428
82.1339 1904
82.148 952
82.148 1428
82.1551 1904
82.3384 952
82.3384 1428
82.3454 1904
82.3596 952
82.3596 1428
82.3666 1904
82.5499 952
82.5499 1428
82.557 1904
82.5711 952
82.5711 1428
82.5781 1904
82.7614 952
82.7614 1428
82.7685 1904
82.7826 952
82.7826 1428
82.7897 1904
82.973 952
82.973 1428
82.98 1904
82.9942 952
82.9942 1428
83.0012 1904
83.1845 952
83.1845 1428
83.1916 1904
83.2057 952
83.2057 1428
83.2127 1904
83.396 952
83.396 1428
83.4031 1904
83.4172 952
83.4172 1428
83.4243 1904
83.6076 952
83.6076 1428
83.6146 1904
83.6288 952
83.6288 1428
83.6358 1904
83.8191 952
83.8191 1428
83.8261 1904
83.8403 952
83.8403 1428
83.8473 1904
84.0306 952
84.0306 1428
84.0377 1904
84.0518 952
84.0518 1428
84.0589 1904
84.2422 952
84.2422 1428
84.2492 1904
84.2633 952
84.2633 1428
84.2704 1904
84.4537 952
84.4537 1428
84.4607 1904
84.4749 952
84.4749 1428
84.4819 1904
84.6652 952
84.6652 1428
84.6723 1904
84.6864 952
84.6864 1428
84.6935 1904
84.8767 952
84.8767 1428
84.8838 1904
84.8979 952
84.8979 1428
84.905 1904
85.0883 952
85.0883 1428
85.0953 1904
85.1095 952
85.1095 1428
85.1165 1904
85.2998 952
85.2998 1428
85.3069 1904
85.321 952
85.321 1428
85.3281 1904
85.5113 952
85.5113 1428
85.5184 1904
85.5325 952
85.5325 1428
85.5396 1904
85.7229 952
85.7229 1428
85.7299 1904
85.7441 952
85.7441 1428
85.7511 1904
85.9344 952
85.9344 1428
85.9415 1904
85.9556 952
85.9556 1428
85.9627 1904
86.1459 952
86.1459 1428
86.153 1904
86.1671 952
86.1671 1428
86.1742 1904
86.3575 952
86.3575 1428
86.3645 1904
86.3786 952
86.3786 1428
86.3857 1904
86.569 952
86.569 1428
86.5761 1904
86.5902 952
86.5902 1428
86.5972 1904
86.7805 952
86.7805 1428
86.7876 1904
86.8017 952
86.8017 1428
86.8088 1904
86.992 952
86.992 1428
86.9991 1904
87.0132 952
87.0132 1428
87.0203 1904
87.2036 952
87.2036 1428
87.2106 1904
87.2248 952
87.2248 1428
87.2318 1904
87.4151 952
87.4151 1428
87.4222 1904
87.4363 952
87.4363 1428
87.4434 1904
87.6266 952
87.6266 1428
87.6337 1904
87.6478 952
87.6478 1428
87.6549 1904
87.8382 952
87.8382 1428
87.8452 1904
87.8594 952
87.8594 1428
87.8664 1904
88.0497 952
88.0497 1428
88.0568 1904
88.0709 952
88.0709 1428
88.0779 1904
88.2612 952
88.2612 1428
88.2683 1904
88.2825 952
88.2825 1428
88.2895 1904
88.4728 952
88.4728 1428
88.4798 1904
88.494 952
88.494 1428
88.5011 1904
88.6843 952
88.6843 1428
88.6913 1904
88.7055 952
88.7055 1428
88.7126 1904
88.8959 952
88.8959 1428
88.9029 1904
88.9172 952
88.9172 1428
88.9243 1904
89.1074 952
89.1074 1428
89.1145 1904
89.1288 952
89.1288 1428
89.1358 1904
89.3189 952
89.3189 1428
89.326 1904
89.3405 952
89.3405 1428
89.3475 1904
89.5307 952
89.5307 1428
89.5377 1904
89.552 952
89.552 1428
89.559 1904
89.7422 952
89.7422 1428
89.7492 1904
89.7635 952
89.7635 1428
89.7706 1904
89.9539 952
89.9539 1428
89.9609 1904
89.975 952
89.975 1428
89.9821 1904
90.1654 952
90.1654 1428
90.1724 1904
90.1866 952
90.1866 1428
90.1936 1904
90.3769 952
90.3769 1428
90.384 1904
90.3981 952
90.3981 1428
90.4051 1904
90.5884 952
90.5884 1428
90.5955 1904
90.6096 952
90.6096 1428
90.6167 1904
90.8 952
90.8 1428
90.807 1904
90.8212 952
90.8212 1428
90.8282 1904
91.0115 952
91.0115 1428
91.0185 1904
91.0327 952
91.0327 1428
91.0398 1904
91.223 952
91.223 1428
91.2301 1904
91.2442 952
91.2442 1428
91.2513 1904
91.4346 952
91.4346 1428
91.4416 1904
91.4558 952
91.4558 1428
91.4628 1904
91.6461 952
91.6461 1428
91.6532 1904
91.6673 952
91.6673 1428
91.6743 1904
91.8576 952
91.8576 1428
91.8647 1904
91.8788 952
91.8788 1428
91.8859 1904
92.0692 952
92.0692 1428
92.0762 1904
92.0903 952
92.0903 1428
92.0974 1904
92.2807 952
92.2807 1428
92.2878 1904
92.3019 952
92.3019 1428
92.3089 1904
92.4922 952
92.4922 1428
92.4993 1904
92.5134 952
92.5134 1428
92.5205 1904
92.7037 952
92.7037 1428
92.7108 1904
92.7249 952
92.7249 1428
92.732 1904
92.9153 952
92.9153 1428
92.9223 1904
92.9365 952
92.9365 1428
92.9435 1904
93.1268 952
93.1268 1428
93.1339 1904
93.148 952
93.148 1428
93.155 1904
93.3383 952
93.3383 1428
93.3454 1904
93.3595 952
93.3595 1428
93.3666 1904
93.5499 952
93.5499 1428
93.5569 1904
93.5711 952
93.5711 1428
93.5781 1904
93.7614 952
93.7614 1428
93.7685 1904
93.7826 952
93.7826 1428
93.7897 1904
93.9729 952
93.9729 1428
93.98 1904
93.9942 952
93.9942 1428
94.0012 1904
94.1845 952
94.1845 1428
94.1915 1904
94.2057 952
94.2057 1428
94.2127 1904
94.396 952
94.396 1428
94.403 1904
94.4172 952
94.4172 1428
94.4243 1904
94.6076 952
94.6076 1428
94.6146 1904
94.6287 952
94.6287 1428
94.6358 1904
94.8191 952
94.8191 1428
94.8261 1904
94.8403 952
94.8403 1428
94.8473 1904
95.0306 952
95.0306 1428
95.0377 1904
95.0518 952
95.0518 1428
95.0589 1904
95.2421 952
95.2421 1428
95.2492 1904
95.2633 952
95.2633 1428
95.2704 1904
95.4537 952
95.4537 1428
95.4607 1904
95.4749 952
95.4749 1428
95.4819 1904
95.6652 952
95.6652 1428
95.6723 1904
95.6864 952
95.6864 1428
95.6934 1904
95.8767 952
95.8767 1428
95.8838 1904
95.8979 952
95.8979 1428
95.905 1904
96.0883 952
96.0883 1428
96.0953 1904
96.1094 952
96.1094 1428
96.1165 1904
96.2998 952
96.2998 1428
96.3068 1904
96.321 952
96.321 1428
96.328 1904
96.5113 952
96.5113 1428
96.5184 1904
96.5325 952
96.5325 1428
96.5396 1904
96.7228 952
96.7228 1428
96.7299 1904
96.744 952
96.744 1428
96.7511 1904
96.9344 952
96.9344 1428
96.9414 1904
96.9556 952
96.9556 1428
96.9626 1904
97.1459 952
97.1459 1428
97.153 1904
97.1671 952
97.1671 1428
97.1741 1904
97.3574 952
97.3574 1428
97.3645 1904
97.3786 952
97.3786 1428
97.3857 1904
97.569 952
97.569 1428
97.576 1904
97.5901 952
97.5901 1428
97.5972 1904
97.7805 952
97.7805 1428
97.7875 1904
97.8017 952
97.8017 1428
97.8087 1904
97.992 952
97.992 1428
97.9991 1904
98.0132 952
98.0132 1428
98.0203 1904
98.2035 952
98.2035 1428
98.2106 1904
98.2247 952
98.2247 1428
98.2318 1904
98.4151 952
98.4151 1428
98.4221 1904
98.4363 952
98.4363 1428
98.4433 1904
98.6266 952
98.6266 1428
98.6337 1904
98.6478 952
98.6478 1428
98.6549 1904
98.8381 952
98.8381 1428
98.8452 1904
98.8593 952
98.8593 1428
98.8664 1904
99.0497 952
99.0497 1428
99.0567 1904
99.0709 952
99.0709 1428
99.0779 1904
99.2612 952
99.2612 1428
99.2683 1904
99.2824 952
99.2824 1428
99.2894 1904
99.4727 952
99.4727 1428
99.4798 1904
99.494 952
99.494 1428
99.501 1904
99.6843 952
99.6843 1428
99.6913 1904
99.7055 952
99.7055 1428
99.7126 1904
99.8958 952
99.8958 1428
99.9028 1904
99.917 952
99.917 1428
99.9241 1904
100.107 952
100.107 1428
100.114 1904
100.129 952
100.129 1428
100.136 1904
100.319 952
100.319 1428
100.326 1904
100.341 952
100.341 1428
100.348 1904
100.531 952
100.531 1428
100.538 1904
100.553 952
100.553 1428
100.56 1904
100.743 952
100.743 1428
100.75 1904
100.765 952
100.765 1428
100.772 1904
100.955 952
100.955 1428
100.962 1904
100.977 952
100.977 1428
100.984 1904
101.167 952
101.167 1428
101.174 1904
101.189 952
101.189 1428
101.196 1904
101.379 952
101.379 1428
101.386 1904
101.401 952
101.401 1428
101.408 1904
101.591 952
101.591 1428
101.598 1904
101.613 952
101.613 1428
101.62 1904
101.803 952
101.803 1428
101.81 1904
101.825 952
101.825 1428
101.832 1904
102.015 952
102.015 1428
102.022 1904
102.037 952
102.037 1428
102.045 1904
102.227 952
102.227 1428
102.234 1904
102.25 952
102.25 1428
102.257 1904
102.439 952
102.439 1428
102.446 1904
102.461 952
102.461 1428
102.468 1904
102.652 952
102.652 1428
102.659 1904
102.673 952
102.673 1428
102.681 1904
102.864 952
102.864 1428
102.871 1904
102.886 952
102.886 1428
102.893 1904
103.075 952
103.075 1428
103.083 1904
103.098 952
103.098 1428
103.105 1904
103.288 952
103.288 1428
103.295 1904
103.31 952
103.31 1428
103.317 1904
103.5 952
103.5 1428
103.507 1904
103.522 952
103.522 1428
103.529 1904
103.712 952
103.712 1428
103.719 1904
103.734 952
103.734 1428
103.741 1904
103.924 952
103.924 1428
103.931 1904
103.946 952
103.946 1428
103.953 1904
104.135 952
104.135 1428
104.142 1904
104.158 952
104.158 1428
104.165 1904
104.347 952
104.347 1428
104.355 1904
104.37 952
104.37 1428
104.377 1904
104.559 952
104.559 1428
104.566 1904
104.582 952
104.582 1428
104.589 1904
104.771 952
104.771 1428
104.778 1904
104.793 952
104.793 1428
104.801 1904
104.983 952
104.983 1428
104.99 1904
105.006 952
105.006 1428
105.013 1904
105.195 952
105.195 1428
105.203 1904
105.218 952
105.218 1428
105.225 1904
105.408 952
105.408 1428
105.415 1904
105.43 952
105.43 1428
105.437 1904
105.62 952
105.62 1428
105.627 1904
105.642 952
105.642 1428
105.649 1904
105.832 952
105.832 1428
105.839 1904
105.854 952
105.854 1428
105.861 1904
106.044 952
106.044 1428
106.051 1904
106.066 952
106.066 1428
106.073 1904
106.256 952
106.256 1428
106.263 1904
106.278 952
106.278 1428
106.285 1904
106.468 952
106.468 1428
106.475 1904
106.49 952
106.49 1428
106.497 1904
106.68 952
106.68 1428
106.688 1904
106.702 952
106.702 1428
106.709 1904
106.892 952
106.892 1428
106.899 1904
106.914 952
106.914 1428
106.921 1904
107.104 952
107.104 1428
107.111 1904
107.126 952
107.126 1428
107.133 1904
107.316 952
107.316 1428
107.323 1904
107.338 952
107.338 1428
107.345 1904
107.528 952
107.528 1428
107.535 1904
107.55 952
107.55 1428
107.558 1904
107.74 952
107.74 1428
107.747 1904
107.763 952
107.763 1428
107.77 1904
107.952 952
107.952 1428
107.96 1904
107.975 952
107.975 1428
107.982 1904
108.165 952
108.165 1428
108.172 1904
108.187 952
108.187 1428
108.194 1904
108.377 952
108.377 1428
108.384 1904
108.399 952
108.399 1428
108.406 1904
108.589 952
108.589 1428
108.596 1904
108.611 952
108.611 1428
108.618 1904
108.801 952
108.801 1428
108.808 1904
108.823 952
108.823 1428
108.83 1904
109.013 952
109.013 1428
109.02 1904
109.035 952
109.035 1428
109.043 1904
109.225 952
109.225 1428
109.232 1904
109.248 952
109.248 1428
109.255 1904
109.437 952
109.437 1428
109.445 1904
109.459 952
109.459 1428
109.466 1904
109.65 952
109.65 1428
109.657 1904
109.671 952
109.671 1428
109.678 1904
109.862 952
109.862 1428
109.869 1904
109.883 952
109.883 1428
109.89 1904
110.074 952
110.074 1428
110.081 1904
110.095 952
110.095 1428
110.103 1904
110.285 952
110.285 1428
110.292 1904
110.307 952
110.307 1428
110.314 1904
110.497 952
110.497 1428
110.504 1904
110.519 952
110.519 1428
110.526 1904
110.71 952
110.71 1428
110.717 1904
110.731 952
110.731 1428
110.738 1904
110.921 952
110.921 1428
110.928 1904
110.943 952
110.943 1428
110.951 1904
111.133 952
111.133 1428
111.14 1904
111.156 952
111.156 1428
111.163 1904
111.345 952
111.345 1428
111.352 1904
111.368 952
111.368 1428
111.375 1904
111.558 952
111.558 1428
111.565 1904
111.58 952
111.58 1428
111.587 1904
111.77 952
111.77 1428
111.777 1904
111.792 952
111.792 1428
111.799 1904
111.982 952
111.982 1428
111.989 1904
112.004 952
112.004 1428
112.011 1904
112.194 952
112.194 1428
112.201 1904
112.216 952
112.216 1428
112.223 1904
112.406 952
112.406 1428
112.413 1904
112.428 952
112.428 1428
112.435 1904
112.618 952
112.618 1428
112.625 1904
112.64 952
112.64 1428
112.647 1904
112.83 952
112.83 1428
112.837 1904
112.852 952
112.852 1428
112.86 1904
113.042 952
113.042 1428
113.049 1904
113.065 952
113.065 1428
113.072 1904
113.254 952
113.254 1428
113.261 1904
113.277 952
113.277 1428
113.284 1904
113.467 952
113.467 1428
113.474 1904
113.489 952
113.489 1428
113.496 1904
113.679 952
113.679 1428
113.686 1904
113.701 952
113.701 1428
113.708 1904
113.891 952
113.891 1428
113.898 1904
113.913 952
113.913 1428
113.92 1904
114.103 952
114.103 1428
114.11 1904
114.125 952
114.125 1428
114.132 1904
114.315 952
114.315 1428
114.322 1904
114.337 952
114.337 1428
114.345 1904
114.527 952
114.527 1428
114.534 1904
114.55 952
114.55 1428
114.557 1904
114.739 952
114.739 1428
114.746 1904
114.761 952
114.761 1428
114.768 1904
114.951 952
114.951 1428
114.958 1904
114.973 952
114.973 1428
114.98 1904
115.163 952
115.163 1428
115.17 1904
115.185 952
115.185 1428
115.192 1904
115.374 952
115.374 1428
115.381 1904
115.397 952
115.397 1428
115.404 1904
115.586 952
115.586 1428
115.593 1904
115.609 952
115.609 1428
115.616 1904
115.798 952
115.798 1428
115.805 1904
115.821 952
115.821 1428
115.828 1904
116.011 952
116.011 1428
116.018 1904
116.033 952
116.033 1428
116.04 1904
116.223 952
116.223 1428
116.23 1904
116.245 952
116.245 1428
116.252 1904
116.435 952
116.435 1428
116.442 1904
116.457 952
116.457 1428
116.464 1904
116.647 952
116.647 1428
116.654 1904
116.669 952
116.669 1428
116.676 1904
116.859 952
116.859 1428
116.866 1904
116.881 952
116.881 1428
116.888 1904
117.071 952
117.071 1428
117.078 1904
117.093 952
117.093 1428
117.1 1904
117.283 952
117.283 1428
117.29 1904
117.305 952
117.305 1428
117.312 1904
117.495 952
117.495 1428
117.502 1904
117.518 952
117.518 1428
117.525 1904
117.707 952
117.707 1428
117.714 1904
117.73 952
117.73 1428
117.737 1904
117.92 952
117.92 1428
117.927 1904
117.942 952
117.942 1428
117.949 1904
118.132 952
118.132 1428
118.139 1904
118.154 952
118.154 1428
118.161 1904
118.344 952
118.344 1428
118.351 1904
118.366 952
118.366 1428
118.373 1904
118.556 952
118.556 1428
118.563 1904
118.578 952
118.578 1428
118.585 1904
118.768 952
118.768 1428
118.775 1904
118.79 952
118.79 1428
118.797 1904
118.98 952
118.98 1428
118.987 1904
119.003 952
119.003 1428
119.01 1904
119.192 952
119.192 1428
119.199 1904
119.215 952
119.215 1428
119.222 1904
119.405 952
119.405 1428
119.412 1904
119.427 952
119.427 1428
119.434 1904
119.617 952
119.617 1428
119.624 1904
119.639 952
119.639 1428
119.646 1904
119.829 952
119.829 1428
119.836 1904
119.851 952
119.851 1428
119.858 1904
120.041 952
120.041 1428
120.048 1904
120.063 952
120.063 1428
120.07 1904
120.253 952
120.253 1428
120.26 1904
120.275 952
120.275 1428
120.282 1904
120.465 952
120.465 1428
120.472 1904
120.487 952
120.487 1428
120.494 1904
120.677 952
120.677 1428
120.684 1904
120.699 952
120.699 1428
120.706 1904
120.89 952
120.89 1428
120.897 1904
120.911 952
120.911 1428
120.918 1904
121.101 952
121.101 1428
121.108 1904
121.124 952
121.124 1428
121.131 1904
121.313 952
121.313 1428
121.32 1904
121.336 952
121.336 1428
121.343 1904
121.526 952
121.526 1428
121.533 1904
121.548 952
121.548 1428
121.555 1904
121.738 952
121.738 1428
121.745 1904
121.76 952
121.76 1428
121.767 1904
121.95 952
121.95 1428
121.957 1904
121.972 952
121.972 1428
121.979 1904
122.162 952
122.162 1428
122.169 1904
122.184 952
122.184 1428
122.191 1904
122.374 952
122.374 1428
122.381 1904
122.396 952
122.396 1428
122.403 1904
122.586 952
122.586 1428
122.593 1904
122.608 952
122.608 1428
122.615 1904
122.798 952
122.798 1428
122.805 1904
122.82 952
122.82 1428
122.827 1904
123.01 952
123.01 1428
123.017 1904
123.033 952
123.033 1428
123.04 1904
123.222 952
123.222 1428
123.229 1904
123.245 952
123.245 1428
123.252 1904
123.435 952
123.435 1428
123.442 1904
123.457 952
123.457 1428
123.464 1904
123.647 952
123.647 1428
123.654 1904
123.669 952
123.669 1428
123.676 1904
123.859 952
123.859 1428
123.866 1904
123.881 952
123.881 1428
123.888 1904
124.071 952
124.071 1428
124.078 1904
124.093 952
124.093 1428
124.1 1904
124.283 952
124.283 1428
124.29 1904
124.305 952
124.305 1428
124.312 1904
124.495 952
124.495 1428
124.502 1904
124.518 952
124.518 1428
124.525 1904
124.707 952
124.707 1428
124.714 1904
124.73 952
124.73 1428
124.737 1904
124.92 952
124.92 1428
124.927 1904
124.942 952
124.942 1428
124.949 1904
125.132 952
125.132 1428
125.139 1904
125.154 952
125.154 1428
125.161 1904
125.344 952
125.344 1428
125.351 1904
125.366 952
125.366 1428
125.373 1904
125.556 952
125.556 1428
125.563 1904
125.578 952
125.578 1428
125.585 1904
125.767 952
125.767 1428
125.774 1904
125.79 952
125.79 1428
125.797 1904
125.979 952
125.979 1428
125.986 1904
126.001 952
126.001 1428
126.008 1904
126.191 952
126.191 1428
126.198 1904
126.213 952
126.213 1428
126.221 1904
126.403 952
126.403 1428
126.41 1904
126.426 952
126.426 1428
126.433 1904
126.615 952
126.615 1428
126.623 1904
126.638 952
126.638 1428
126.645 1904
126.828 952
126.828 1428
126.835 1904
126.85 952
126.85 1428
126.857 1904
127.04 952
127.04 1428
127.047 1904
127.062 952
127.062 1428
127.069 1904
127.252 952
127.252 1428
127.259 1904
127.274 952
127.274 1428
127.281 1904
127.464 952
127.464 1428
127.471 1904
127.486 952
127.486 1428
127.493 1904
127.676 952
127.676 1428
127.683 1904
127.699 952
127.699 1428
127.706 1904
127.888 952
127.888 1428
127.895 1904
127.91 952
127.91 1428
127.917 1904
128.1 952
128.1 1428
128.108 1904
128.122 952
128.122 1428
128.129 1904
128.313 952
128.313 1428
128.32 1904
128.334 952
128.334 1428
128.341 1904
128.524 952
128.524 1428
128.531 1904
128.546 952
128.546 1428
128.553 1904
128.736 952
128.736 1428
128.743 1904
128.758 952
128.758 1428
128.765 1904
128.948 952
128.948 1428
128.955 1904
128.971 952
128.971 1428
128.978 1904
129.16 952
129.16 1428
129.167 1904
129.183 952
129.183 1428
129.19 1904
129.372 952
129.372 1428
129.38 1904
129.395 952
129.395 1428
129.402 1904
129.585 952
129.585 1428
129.592 1904
129.607 952
129.607 1428
129.614 1904
129.797 952
129.797 1428
129.804 1904
129.819 952
129.819 1428
129.826 1904
130.009 952
130.009 1428
130.016 1904
130.031 952
130.031 1428
130.038 1904
130.221 952
130.221 1428
130.228 1904
130.243 952
130.243 1428
130.25 1904
130.433 952
130.433 1428
130.44 1904
130.456 952
130.456 1428
130.463 1904
130.645 952
130.645 1428
130.652 1904
130.668 952
130.668 1428
130.675 1904
130.857 952
130.857 1428
130.865 1904
130.88 952
130.88 1428
130.887 1904
131.07 952
131.07 1428
131.077 1904
131.092 952
131.092 1428
131.099 1904
131.282 952
131.282 1428
131.289 1904
131.303 952
131.303 1428
131.31 1904
131.494 952
131.494 1428
131.501 1904
131.515 952
131.515 1428
131.523 1904
131.706 952
131.706 1428
131.713 1904
131.728 952
131.728 1428
131.735 1904
131.917 952
131.917 1428
131.925 1904
131.94 952
131.94 1428
131.947 1904
132.13 952
132.13 1428
132.137 1904
132.152 952
132.152 1428
132.159 1904
132.342 952
132.342 1428
132.349 1904
132.364 952
132.364 1428
132.371 1904
132.554 952
132.554 1428
132.561 1904
132.576 952
132.576 1428
132.583 1904
132.766 952
132.766 1428
132.773 1904
132.788 952
132.788 1428
132.795 1904
132.978 952
132.978 1428
132.985 1904
133 952
133 1428
133.008 1904
133.19 952
133.19 1428
133.197 1904
133.213 952
133.213 1428
133.22 1904
133.402 952
133.402 1428
133.409 1904
133.425 952
133.425 1428
133.432 1904
133.615 952
133.615 1428
133.622 1904
133.637 952
133.637 1428
133.644 1904
133.827 952
133.827 1428
133.834 1904
133.849 952
133.849 1428
133.856 1904
134.039 952
134.039 1428
134.046 1904
134.06 952
134.06 1428
134.067 1904
134.251 952
134.251 1428
134.258 1904
134.272 952
134.272 1428
134.28 1904
134.463 952
134.463 1428
134.47 1904
134.485 952
134.485 1428
134.492 1904
134.675 952
134.675 1428
134.682 1904
134.697 952
134.697 1428
134.704 1904
134.887 952
134.887 1428
134.894 1904
134.909 952
134.909 1428
134.916 1904
135.099 952
135.099 1428
135.106 1904
135.121 952
135.121 1428
135.128 1904
135.311 952
135.311 1428
135.318 1904
135.333 952
135.333 1428
135.34 1904
135.523 952
135.523 1428
135.53 1904
135.545 952
135.545 1428
135.552 1904
135.735 952
135.735 1428
135.742 1904
135.758 952
135.758 1428
135.765 1904
135.947 952
135.947 1428
135.954 1904
135.97 952
135.97 1428
135.977 1904
136.159 952
136.159 1428
136.167 1904
136.182 952
136.182 1428
136.189 1904
136.371 952
136.371 1428
136.378 1904
136.394 952
136.394 1428
136.401 1904
136.583 952
136.583 1428
136.59 1904
136.605 952
136.605 1428
136.612 1904
136.795 952
136.795 1428
136.802 1904
136.817 952
136.817 1428
136.824 1904
137.007 952
137.007 1428
137.014 1904
137.029 952
137.029 1428
137.036 1904
137.219 952
137.219 1428
137.226 1904
137.241 952
137.241 1428
137.248 1904
137.431 952
137.431 1428
137.438 1904
137.453 952
137.453 1428
137.46 1904
137.643 952
137.643 1428
137.65 1904
137.666 952
137.666 1428
137.673 1904
137.855 952
137.855 1428
137.862 1904
137.878 952
137.878 1428
137.885 1904
138.068 952
138.068 1428
138.075 1904
138.09 952
138.09 1428
138.097 1904
138.28 952
138.28 1428
138.287 1904
138.302 952
138.302 1428
138.309 1904
138.492 952
138.492 1428
138.499 1904
138.514 952
138.514 1428
138.521 1904
138.704 952
138.704 1428
138.711 1904
138.726 952
138.726 1428
138.733 1904
138.916 952
138.916 1428
138.923 1904
138.938 952
138.938 1428
138.945 1904
139.128 952
139.128 1428
139.135 1904
139.151 952
139.151 1428
139.158 1904
139.34 952
139.34 1428
139.347 1904
139.363 952
139.363 1428
139.37 1904
139.553 952
139.553 1428
139.56 1904
139.575 952
139.575 1428
139.582 1904
139.765 952
139.765 1428
139.772 1904
139.787 952
139.787 1428
139.794 1904
139.977 952
139.977 1428
139.984 1904
139.999 952
139.999 1428
140.006 1904
140.189 952
140.189 1428
140.196 1904
140.211 952
140.211 1428
140.218 1904
140.401 952
140.401 1428
140.408 1904
140.423 952
140.423 1428
140.431 1904
140.613 952
140.613 1428
140.62 1904
140.636 952
140.636 1428
140.643 1904
140.825 952
140.825 1428
140.832 1904
140.848 952
140.848 1428
140.855 1904
141.038 952
141.038 1428
141.045 1904
141.06 952
141.06 1428
141.067 1904
141.25 952
141.25 1428
141.257 1904
141.272 952
141.272 1428
141.279 1904
141.462 952
141.462 1428
141.469 1904
141.484 952
141.484 1428
141.491 1904
141.674 952
141.674 1428
141.681 1904
141.696 952
141.696 1428
141.703 1904
141.886 952
141.886 1428
141.893 1904
141.908 952
141.908 1428
141.915 1904
142.098 952
142.098 1428
142.105 1904
142.12 952
142.12 1428
142.127 1904
142.31 952
142.31 1428
142.317 1904
142.332 952
142.332 1428
142.339 1904
142.522 952
142.522 1428
142.529 1904
142.544 952
142.544 1428
142.551 1904
142.734 952
142.734 1428
142.741 1904
142.756 952
142.756 1428
142.763 1904
142.946 952
142.946 1428
142.953 1904
142.968 952
142.968 1428
142.975 1904
143.158 952
143.158 1428
143.165 1904
143.181 952
143.181 1428
143.188 1904
143.37 952
143.37 1428
143.377 1904
143.393 952
143.393 1428
143.4 1904
143.583 952
143.583 1428
143.59 1904
143.605 952
143.605 1428
143.612 1904
143.795 952
143.795 1428
143.802 1904
143.817 952
143.817 1428
143.824 1904
144.007 952
144.007 1428
144.014 1904
144.029 952
144.029 1428
144.036 1904
144.219 952
144.219 1428
144.226 1904
144.241 952
144.241 1428
144.248 1904
144.431 952
144.431 1428
144.438 1904
144.453 952
144.453 1428
144.461 1904
144.643 952
144.643 1428
144.65 1904
144.666 952
144.666 1428
144.673 1904
144.855 952
144.855 1428
144.862 1904
144.878 952
144.878 1428
144.885 1904
145.068 952
145.068 1428
145.075 1904
145.09 952
145.09 1428
145.097 1904
145.28 952
145.28 1428
145.287 1904
145.302 952
145.302 1428
145.309 1904
145.492 952
145.492 1428
145.499 1904
145.514 952
145.514 1428
145.521 1904
145.704 952
145.704 1428
145.711 1904
145.726 952
145.726 1428
145.733 1904
145.916 952
145.916 1428
145.923 1904
145.938 952
145.938 1428
145.946 1904
146.128 952
146.128 1428
146.135 1904
146.151 952
146.151 1428
146.158 1904
146.34 952
146.34 1428
146.347 1904
146.363 952
146.363 1428
146.37 1904
146.553 952
146.553 1428
146.56 1904
146.575 952
146.575 1428
146.582 1904
146.765 952
146.765 1428
146.772 1904
146.787 952
146.787 1428
146.794 1904
146.977 952
146.977 1428
146.984 1904
146.999 952
146.999 1428
147.006 1904
147.189 952
147.189 1428
147.196 1904
147.211 952
147.211 1428
147.218 1904
147.401 952
147.401 1428
147.408 1904
147.422 952
147.422 1428
147.43 1904
147.613 952
147.613 1428
147.62 1904
147.634 952
147.634 1428
147.641 1904
147.824 952
147.824 1428
147.831 1904
147.846 952
147.846 1428
147.853 1904
148.036 952
148.036 1428
148.043 1904
148.058 952
148.058 1428
148.066 1904
148.248 952
148.248 1428
148.255 1904
148.271 952
148.271 1428
148.278 1904
148.46 952
148.46 1428
148.468 1904
148.483 952
148.483 1428
148.49 1904
148.673 952
148.673 1428
148.68 1904
148.695 952
148.695 1428
148.702 1904
148.885 952
148.885 1428
148.892 1904
148.907 952
148.907 1428
148.914 1904
149.097 952
149.097 1428
149.104 1904
149.119 952
149.119 1428
149.126 1904
149.309 952
149.309 1428
149.316 1904
149.331 952
149.331 1428
149.338 1904
149.521 952
149.521 1428
149.528 1904
149.544 952
149.544 1428
149.551 1904
149.733 952
149.733 1428
149.74 1904
149.756 952
149.756 1428
149.763 1904
149.945 952
149.945 1428
149.953 1904
149.968 952
149.968 1428
149.975 1904
150.158 952
150.158 1428
150.165 1904
150.18 952
150.18 1428
150.187 1904
150.369 952
150.369 1428
150.376 1904
150.392 952
150.392 1428
150.399 1904
150.581 952
150.581 1428
150.588 1904
150.603 952
150.603 1428
150.61 1904
150.792 952
150.792 1428
150.799 1904
150.815 952
150.815 1428
150.822 1904
151.004 952
151.004 1428
151.011 1904
151.026 952
151.026 1428
151.033 1904
151.215 952
151.215 1428
151.223 1904
151.238 952
151.238 1428
151.245 1904
151.427 952
151.427 1428
151.434 1904
151.449 952
151.449 1428
151.457 1904
151.638 952
151.638 1428
151.646 1904
151.661 952
151.661 1428
151.668 1904
151.85 952
151.85 1428
151.857 1904
151.873 952
151.873 1428
151.88 1904
152.062 952
152.062 1428
152.069 1904
152.084 952
152.084 1428
152.091 1904
152.273 952
152.273 1428
152.28 1904
152.296 952
152.296 1428
152.303 1904
152.485 952
152.485 1428
152.492 1904
152.507 952
152.507 1428
152.514 1904
152.696 952
152.696 1428
152.703 1904
152.719 952
152.719 1428
152.726 1904
152.908 952
152.908 1428
152.915 1904
152.93 952
152.93 1428
152.937 1904
153.119 952
153.119 1428
153.127 1904
153.142 952
153.142 1428
153.149 1904
153.331 952
153.331 1428
153.338 1904
153.353 952
153.353 1428
153.36 1904
153.543 952
153.543 1428
153.55 1904
153.565 952
153.565 1428
153.572 1904
153.754 952
153.754 1428
153.761 1904
153.776 952
153.776 1428
153.783 1904
153.966 952
153.966 1428
153.973 1904
153.988 952
153.988 1428
153.995 1904
154.177 952
154.177 1428
154.184 1904
154.199 952
154.199 1428
154.206 1904
154.389 952
154.389 1428
154.396 1904
154.411 952
154.411 1428
154.418 1904
154.6 952
154.6 1428
154.607 1904
154.623 952
154.623 1428
154.63 1904
154.812 952
154.812 1428
154.819 1904
154.834 952
154.834 1428
154.841 1904
155.023 952
155.023 1428
155.03 1904
155.046 952
155.046 1428
155.053 1904
155.235 952
155.235 1428
155.242 1904
155.257 952
155.257 1428
155.264 1904
155.446 952
155.446 1428
155.453 1904
155.469 952
155.469 1428
155.476 1904
155.658 952
155.658 1428
155.665 1904
155.68 952
155.68 1428
155.687 1904
155.869 952
155.869 1428
155.876 1904
155.892 952
155.892 1428
155.899 1904
156.081 952
156.081 1428
156.088 1904
156.103 952
156.103 1428
156.11 1904
156.292 952
156.292 1428
156.3 1904
156.315 952
156.315 1428
156.322 1904
156.504 952
156.504 1428
156.511 1904
156.526 952
156.526 1428
156.533 1904
156.716 952
156.716 1428
156.723 1904
156.738 952
156.738 1428
156.745 1904
156.927 952
156.927 1428
156.934 1904
156.949 952
156.949 1428
156.957 1904
157.139 952
157.139 1428
157.146 1904
157.161 952
157.161 1428
157.168 1904
157.35 952
157.35 1428
157.357 1904
157.373 952
157.373 1428
157.38 1904
157.562 952
157.562 1428
157.569 1904
157.584 952
157.584 1428
157.591 1904
157.773 952
157.773 1428
157.78 1904
157.796 952
157.796 1428
157.803 1904
157.985 952
157.985 1428
157.992 1904
158.007 952
158.007 1428
158.014 1904
158.196 952
158.196 1428
158.203 1904
158.219 952
158.219 1428
158.226 1904
158.408 952
158.408 1428
158.415 1904
158.43 952
158.43 1428
158.437 1904
158.619 952
158.619 1428
158.626 1904
158.642 952
158.642 1428
158.649 1904
158.831 952
158.831 1428
158.838 1904
158.853 952
158.853 1428
158.861 1904
159.043 952
159.043 1428
159.05 1904
159.065 952
159.065 1428
159.072 1904
159.254 952
159.254 1428
159.261 1904
159.277 952
159.277 1428
159.284 1904
159.466 952
159.466 1428
159.473 1904
159.488 952
159.488 1428
159.495 1904
159.677 952
159.677 1428
159.684 1904
159.7 952
159.7 1428
159.707 1904
159.889 952
159.889 1428
159.896 1904
159.911 952
159.911 1428
159.918 1904
160.1 952
160.1 1428
160.107 1904
160.123 952
160.123 1428
160.13 1904
160.312 952
160.312 1428
160.319 1904
160.334 952
160.334 1428
160.341 1904
160.523 952
160.523 1428
160.53 1904
160.546 952
160.546 1428
160.553 1904
160.735 952
160.735 1428
160.742 1904
160.757 952
160.757 1428
160.764 1904
160.946 952
160.946 1428
160.954 1904
160.969 952
160.969 1428
160.976 1904
161.158 952
161.158 1428
161.165 1904
161.18 952
161.18 1428
161.187 1904
161.37 952
161.37 1428
161.377 1904
161.392 952
161.392 1428
161.399 1904
161.581 952
161.581 1428
161.588 1904
161.603 952
161.603 1428
161.61 1904
161.793 952
161.793 1428
161.8 1904
161.815 952
161.815 1428
161.822 1904
162.004 952
162.004 1428
162.011 1904
162.027 952
162.027 1428
162.034 1904
162.216 952
162.216 1428
162.223 1904
162.238 952
162.238 1428
162.245 1904
162.427 952
162.427 1428
162.434 1904
162.45 952
162.45 1428
162.457 1904
162.639 952
162.639 1428
162.646 1904
162.661 952
162.661 1428
162.668 1904
162.85 952
162.85 1428
162.857 1904
162.873 952
162.873 1428
162.88 1904
163.062 952
163.062 1428
163.069 1904
163.084 952
163.084 1428
163.091 1904
163.273 952
163.273 1428
163.28 1904
163.296 952
163.296 1428
163.303 1904
163.485 952
163.485 1428
163.492 1904
163.507 952
163.507 1428
163.514 1904
163.697 952
163.697 1428
163.704 1904
163.719 952
163.719 1428
163.726 1904
163.908 952
163.908 1428
163.915 1904
163.931 952
163.931 1428
163.938 1904
164.12 952
164.12 1428
164.127 1904
164.142 952
164.142 1428
164.149 1904
164.331 952
164.331 1428
164.338 1904
164.354 952
164.354 1428
164.361 1904
164.543 952
164.543 1428
164.55 1904
164.565 952
164.565 1428
164.572 1904
164.754 952
164.754 1428
164.761 1904
164.777 952
164.777 1428
164.784 1904
164.966 952
164.966 1428
164.973 1904
164.988 952
164.988 1428
164.995 1904
165.177 952
165.177 1428
165.184 1904
165.2 952
165.2 1428
165.207 1904
165.389 952
165.389 1428
165.396 1904
165.411 952
165.411 1428
165.418 1904
165.601 952
165.601 1428
165.608 1904
165.623 952
165.623 1428
165.63 1904
165.812 952
165.812 1428
165.819 1904
165.834 952
165.834 1428
165.841 1904
166.024 952
166.024 1428
166.031 1904
166.046 952
166.046 1428
166.053 1904
166.235 952
166.235 1428
166.242 1904
166.257 952
166.257 1428
166.264 1904
166.447 952
166.447 1428
166.454 1904
166.469 952
166.469 1428
166.476 1904
166.658 952
166.658 1428
166.665 1904
166.681 952
166.681 1428
166.688 1904
166.87 952
166.87 1428
166.877 1904
166.892 952
166.892 1428
166.899 1904
167.081 952
167.081 1428
167.088 1904
167.104 952
167.104 1428
167.111 1904
167.293 952
167.293 1428
167.3 1904
167.315 952
167.315 1428
167.322 1904
167.504 952
167.504 1428
167.511 1904
167.527 952
167.527 1428
167.534 1904
167.716 952
167.716 1428
167.723 1904
167.738 952
167.738 1428
167.745 1904
167.927 952
167.927 1428
167.934 1904
167.95 952
167.95 1428
167.957 1904
168.139 952
168.139 1428
168.146 1904
168.161 952
168.161 1428
168.168 1904
168.351 952
168.351 1428
168.358 1904
168.373 952
168.373 1428
168.38 1904
168.562 952
168.562 1428
168.569 1904
168.584 952
168.584 1428
168.591 1904
168.774 952
168.774 1428
168.781 1904
168.796 952
168.796 1428
168.803 1904
168.985 952
168.985 1428
168.992 1904
169.007 952
169.007 1428
169.014 1904
169.197 952
169.197 1428
169.204 1904
169.219 952
169.219 1428
169.226 1904
169.408 952
169.408 1428
169.415 1904
169.431 952
169.431 1428
169.438 1904
169.62 952
169.62 1428
169.627 1904
169.642 952
169.642 1428
169.649 1904
169.831 952
169.831 1428
169.838 1904
169.854 952
169.854 1428
169.861 1904
170.043 952
170.043 1428
170.05 1904
170.065 952
170.065 1428
170.072 1904
170.254 952
170.254 1428
170.261 1904
170.277 952
170.277 1428
170.284 1904
170.466 952
170.466 1428
170.473 1904
170.488 952
170.488 1428
170.495 1904
170.677 952
170.677 1428
170.684 1904
170.7 952
170.7 1428
170.707 1904
170.889 952
170.889 1428
170.896 1904
170.911 952
170.911 1428
170.918 1904
171.1 952
171.1 1428
171.107 1904
171.123 952
171.123 1428
171.13 1904
171.312 952
171.312 1428
171.319 1904
171.335 952
171.335 1428
171.342 1904
171.523 952
171.523 1428
171.531 1904
171.546 952
171.546 1428
171.553 1904
171.735 952
171.735 1428
171.742 1904
171.758 952
171.758 1428
171.765 1904
171.947 952
171.947 1428
171.954 1904
171.969 952
171.969 1428
171.976 1904
172.158 952
172.158 1428
172.165 1904
172.181 952
172.181 1428
172.188 1904
172.37 952
172.37 1428
172.377 1904
172.392 952
172.392 1428
172.399 1904
172.581 952
172.581 1428
172.588 1904
172.604 952
172.604 1428
172.611 1904
172.793 952
172.793 1428
172.8 1904
172.815 952
172.815 1428
172.822 1904
173.004 952
173.004 1428
173.011 1904
173.027 952
173.027 1428
173.034 1904
173.216 952
173.216 1428
173.223 1904
173.238 952
173.238 1428
173.245 1904
173.427 952
173.427 1428
173.434 1904
173.45 952
173.45 1428
173.457 1904
173.639 952
173.639 1428
173.646 1904
173.661 952
173.661 1428
173.668 1904
173.851 952
173.851 1428
173.858 1904
173.873 952
173.873 1428
173.88 1904
174.062 952
174.062 1428
174.069 1904
174.084 952
174.084 1428
174.091 1904
174.274 952
174.274 1428
174.281 1904
174.296 952
174.296 1428
174.303 1904
174.485 952
174.485 1428
174.492 1904
174.508 952
174.508 1428
174.515 1904
174.697 952
174.697 1428
174.704 1904
174.719 952
174.719 1428
174.726 1904
174.908 952
174.908 1428
174.915 1904
174.931 952
174.931 1428
174.938 1904
175.12 952
175.12 1428
175.127 1904
175.142 952
175.142 1428
175.149 1904
175.331 952
175.331 1428
175.338 1904
175.354 952
175.354 1428
175.361 1904
175.543 952
175.543 1428
175.55 1904
175.565 952
175.565 1428
175.572 1904
175.754 952
175.754 1428
175.761 1904
175.777 952
175.777 1428
175.784 1904
175.966 952
175.966 1428
175.973 1904
175.988 952
175.988 1428
175.995 1904
176.177 952
176.177 1428
176.184 1904
176.2 952
176.2 1428
176.207 1904
176.389 952
176.389 1428
176.396 1904
176.411 952
176.411 1428
176.418 1904
176.6 952
176.6 1428
176.608 1904
176.623 952
176.623 1428
176.63 1904
176.812 952
176.812 1428
176.819 1904
176.834 952
176.834 1428
176.841 1904
177.024 952
177.024 1428
177.031 1904
177.046 952
177.046 1428
177.053 1904
177.235 952
177.235 1428
177.242 1904
177.258 952
177.258 1428
177.265 1904
177.447 952
177.447 1428
177.454 1904
177.469 952
177.469 1428
177.476 1904
177.658 952
177.658 1428
177.665 1904
177.681 952
177.681 1428
177.688 1904
177.87 952
177.87 1428
177.877 1904
177.892 952
177.892 1428
177.899 1904
178.081 952
178.081 1428
178.088 1904
178.104 952
178.104 1428
178.111 1904
178.293 952
178.293 1428
178.3 1904
178.315 952
178.315 1428
178.322 1904
178.504 952
178.504 1428
178.511 1904
178.527 952
178.527 1428
178.534 1904
178.716 952
178.716 1428
178.723 1904
178.738 952
178.738 1428
178.746 1904
178.927 952
178.927 1428
178.935 1904
178.95 952
178.95 1428
178.957 1904
179.139 952
179.139 1428
179.146 1904
179.162 952
179.162 1428
179.169 1904
179.35 952
179.35 1428
179.358 1904
179.373 952
179.373 1428
179.38 1904
179.562 952
179.562 1428
179.569 1904
179.585 952
179.585 1428
179.592 1904
179.774 952
179.774 1428
179.781 1904
179.796 952
179.796 1428
179.803 1904
179.985 952
179.985 1428
179.992 1904
180.008 952
180.008 1428
180.015 1904
180.197 952
180.197 1428
180.204 1904
180.219 952
180.219 1428
180.226 1904
180.408 952
180.408 1428
180.415 1904
180.431 952
180.431 1428
180.438 1904
180.62 952
180.62 1428
180.627 1904
180.642 952
180.642 1428
180.649 1904
180.831 952
180.831 1428
180.839 1904
180.854 952
180.854 1428
180.861 1904
181.043 952
181.043 1428
181.05 1904
181.065 952
181.065 1428
181.072 1904
181.255 952
181.255 1428
181.262 1904
181.277 952
181.277 1428
181.284 1904
181.466 952
181.466 1428
181.473 1904
181.488 952
181.488 1428
181.495 1904
181.678 952
181.678 1428
181.685 1904
181.7 952
181.7 1428
181.707 1904
181.889 952
181.889 1428
181.896 1904
181.911 952
181.911 1428
181.919 1904
182.101 952
182.101 1428
182.108 1904
182.123 952
182.123 1428
182.13 1904
182.312 952
182.312 1428
182.319 1904
182.334 952
182.334 1428
182.342 1904
182.524 952
182.524 1428
182.531 1904
182.546 952
182.546 1428
182.553 1904
182.735 952
182.735 1428
182.742 1904
182.758 952
182.758 1428
182.765 1904
182.947 952
182.947 1428
182.954 1904
182.969 952
182.969 1428
182.976 1904
183.158 952
183.158 1428
183.165 1904
183.181 952
183.181 1428
183.188 1904
183.37 952
183.37 1428
183.377 1904
183.392 952
183.392 1428
183.399 1904
183.581 952
183.581 1428
183.588 1904
183.604 952
183.604 1428
183.611 1904
183.793 952
183.793 1428
183.8 1904
183.815 952
183.815 1428
183.822 1904
184.004 952
184.004 1428
184.012 1904
184.027 952
184.027 1428
184.034 1904
184.216 952
184.216 1428
184.223 1904
184.238 952
184.238 1428
184.245 1904
184.428 952
184.428 1428
184.435 1904
184.45 952
184.45 1428
184.457 1904
184.639 952
184.639 1428
184.646 1904
184.661 952
184.661 1428
184.668 1904
184.851 952
184.851 1428
184.858 1904
184.873 952
184.873 1428
184.88 1904
185.062 952
185.062 1428
185.069 1904
185.085 952
185.085 1428
185.092 1904
185.274 952
185.274 1428
185.281 1904
185.296 952
185.296 1428
185.303 1904
185.485 952
185.485 1428
185.492 1904
185.508 952
185.508 1428
185.515 1904
185.697 952
185.697 1428
185.704 1904
185.719 952
185.719 1428
185.726 1904
185.908 952
185.908 1428
185.916 1904
185.931 952
185.931 1428
185.938 1904
186.12 952
186.12 1428
186.127 1904
186.142 952
186.142 1428
186.149 1904
186.332 952
186.332 1428
186.339 1904
186.354 952
186.354 1428
186.361 1904
186.543 952
186.543 1428
186.55 1904
186.565 952
186.565 1428
186.573 1904
186.755 952
186.755 1428
186.762 1904
186.777 952
186.777 1428
186.784 1904
186.966 952
186.966 1428
186.973 1904
186.989 952
186.989 1428
186.996 1904
187.178 952
187.178 1428
187.185 1904
187.2 952
187.2 1428
187.207 1904
187.389 952
187.389 1428
187.396 1904
187.412 952
187.412 1428
187.419 1904
187.601 952
187.601 1428
187.608 1904
187.623 952
187.623 1428
187.63 1904
187.812 952
187.812 1428
187.819 1904
187.835 952
187.835 1428
187.842 1904
188.024 952
188.024 1428
188.031 1904
188.046 952
188.046 1428
188.053 1904
188.235 952
188.235 1428
188.242 1904
188.258 952
188.258 1428
188.265 1904
188.447 952
188.447 1428
188.454 1904
188.469 952
188.469 1428
188.476 1904
188.658 952
188.658 1428
188.666 1904
188.681 952
188.681 1428
188.688 1904
188.87 952
188.87 1428
188.877 1904
188.892 952
188.892 1428
188.899 1904
189.082 952
189.082 1428
189.089 1904
189.104 952
189.104 1428
189.111 1904
189.293 952
189.293 1428
189.3 1904
189.315 952
189.315 1428
189.322 1904
189.505 952
189.505 1428
189.512 1904
189.527 952
189.527 1428
189.534 1904
189.716 952
189.716 1428
189.723 1904
189.738 952
189.738 1428
189.746 1904
189.928 952
189.928 1428
189.935 1904
189.95 952
189.95 1428
189.957 1904
190.139 952
190.139 1428
190.146 1904
190.162 952
190.162 1428
190.169 1904
190.351 952
190.351 1428
190.358 1904
190.373 952
190.373 1428
190.38 1904
190.562 952
190.562 1428
190.569 1904
190.585 952
190.585 1428
190.592 1904
190.774 952
190.774 1428
190.781 1904
190.796 952
190.796 1428
190.803 1904
190.985 952
190.985 1428
190.992 1904
191.008 952
191.008 1428
191.015 1904
191.197 952
191.197 1428
191.204 1904
191.219 952
191.219 1428
191.226 1904
191.408 952
191.408 1428
191.415 1904
191.431 952
191.431 1428
191.438 1904
191.62 952
191.62 1428
191.627 1904
191.642 952
191.642 1428
191.649 1904
191.831 952
191.831 1428
191.839 1904
191.854 952
191.854 1428
191.861 1904
192.043 952
192.043 1428
192.05 1904
192.065 952
192.065 1428
192.072 1904
192.255 952
192.255 1428
192.262 1904
192.277 952
192.277 1428
192.284 1904
192.466 952
192.466 1428
192.473 1904
192.489 952
192.489 1428
192.496 1904
192.678 952
192.678 1428
192.685 1904
192.7 952
192.7 1428
192.707 1904
192.889 952
192.889 1428
192.896 1904
192.912 952
192.912 1428
192.919 1904
193.101 952
193.101 1428
193.108 1904
193.123 952
193.123 1428
193.13 1904
193.312 952
193.312 1428
193.319 1904
193.335 952
193.335 1428
193.342 1904
193.524 952
193.524 1428
193.531 1904
193.546 952
193.546 1428
193.553 1904
193.735 952
193.735 1428
193.742 1904
193.758 952
193.758 1428
193.765 1904
193.947 952
193.947 1428
193.954 1904
193.969 952
193.969 1428
193.977 1904
194.158 952
194.158 1428
194.165 1904
194.181 952
194.181 1428
194.188 1904
194.37 952
194.37 1428
194.377 1904
194.393 952
194.393 1428
194.4 1904
194.581 952
194.581 1428
194.588 1904
194.604 952
194.604 1428
194.611 1904
194.793 952
194.793 1428
194.8 1904
194.816 952
194.816 1428
194.823 1904
195.004 952
195.004 1428
195.011 1904
195.027 952
195.027 1428
195.034 1904
195.216 952
195.216 1428
195.223 1904
195.239 952
195.239 1428
195.246 1904
195.427 952
195.427 1428
195.435 1904
195.45 952
195.45 1428
195.457 1904
195.639 952
195.639 1428
195.646 1904
195.662 952
195.662 1428
195.669 1904
195.851 952
195.851 1428
195.858 1904
195.873 952
195.873 1428
195.88 1904
196.062 952
196.062 1428
196.069 1904
196.085 952
196.085 1428
196.092 1904
196.274 952
196.274 1428
196.281 1904
196.296 952
196.296 1428
196.303 1904
196.485 952
196.485 1428
196.492 1904
196.508 952
196.508 1428
196.515 1904
196.697 952
196.697 1428
196.704 1904
196.719 952
196.719 1428
196.726 1904
196.908 952
196.908 1428
196.915 1904
196.931 952
196.931 1428
196.938 1904
197.12 952
197.12 1428
197.127 1904
197.142 952
197.142 1428
197.149 1904
197.331 952
197.331 1428
197.338 1904
197.354 952
197.354 1428
197.361 1904
197.543 952
197.543 1428
197.55 1904
197.565 952
197.565 1428
197.573 1904
197.754 952
197.754 1428
197.761 1904
197.777 952
197.777 1428
197.784 1904
197.966 952
197.966 1428
197.973 1904
197.989 952
197.989 1428
197.996 1904
198.177 952
198.177 1428
198.184 1904
198.2 952
198.2 1428
198.207 1904
198.389 952
198.389 1428
198.396 1904
198.412 952
198.412 1428
198.419 1904
198.6 952
198.6 1428
198.608 1904
198.623 952
198.623 1428
198.63 1904
198.812 952
198.812 1428
198.819 1904
198.835 952
198.835 1428
198.842 1904
199.024 952
199.024 1428
199.031 1904
199.046 952
199.046 1428
199.053 1904
199.235 952
199.235 1428
199.242 1904
199.258 952
199.258 1428
199.265 1904
199.447 952
199.447 1428
199.454 1904
199.469 952
199.469 1428
199.476 1904
199.658 952
199.658 1428
199.665 1904
199.681 952
199.681 1428
199.688 1904
199.87 952
199.87 1428
199.877 1904
199.892 952
199.892 1428
199.899 1904
200.081 952
200.081 1428
200.088 1904
200.286 476
200.286 952
200.293 1428
200.3 1904
200.491 952
200.491 1428
200.498 1904
200.505 952
200.505 1428
200.512 1904
200.702 952
200.702 1428
200.709 1904
200.716 952
200.716 1428
200.723 1904
200.914 952
200.914 1428
200.921 1904
200.928 952
200.928 1428
200.935 1904
