0.0 3
0.0941392 0.252
0.178851 0.21
0.184653 0.2
40.7854 0.21541
40.8401 0.21043
40.891 0.206966
40.9285 0.217287
40.9921 0.208645
41.0506 0.2
41.4606 0.290499
41.5708 0.364867
41.698 0.4108
41.8023 0.428794
41.9104 0.411953
42.0393 0.422777
42.1475 0.424075
42.2764 0.419081
42.3841 0.410113
42.5129 0.397693
42.6206 0.38449
42.75 0.37231
42.8572 0.360088
42.987 0.348221
43.0938 0.335833
43.2189 0.320083
43.3152 0.295745
43.4538 0.292094
43.5467 0.283413
43.6607 0.283893
43.7531 0.281805
43.8562 0.287722
43.949 0.288739
44.0567 0.283008
44.15 0.275778
44.2412 0.282696
44.3378 0.282434
44.4358 0.273154
44.5286 0.267216
44.6338 0.254812
44.7267 0.244897
44.8365 0.235879
44.9297 0.228934
45.0451 0.230316
45.1384 0.230557
45.2363 0.234652
45.3287 0.23685
45.4322 0.231578
45.5276 0.224382
45.634 0.220766
45.7315 0.220057
45.8316 0.21825
45.9223 0.22165
46.0266 0.219424
46.1229 0.215924
46.2221 0.213918
46.3014 0.226916
46.4061 0.229574
46.4892 0.226394
46.5918 0.225732
46.6771 0.2214
46.7831 0.214079
46.8704 0.209709
46.9789 0.208569
47.0676 0.209647
47.1791 0.214459
47.2588 0.211999
47.3597 0.219353
47.4436 0.218574
47.5492 0.212639
47.6357 0.208407
47.7417 0.205117
47.8295 0.204798
47.9334 0.202001
48.016 0.203423
48.1263 0.202547
48.2124 0.205049
48.312 0.207756
48.3879 0.217571
48.4922 0.217431
48.5723 0.212701
48.6728 0.213107
48.7551 0.209713
48.8598 0.204722
48.9438 0.202018
49.0515 0.204305
49.1367 0.206547
49.2473 0.210969
49.3245 0.206285
49.4216 0.21489
49.503 0.214884
49.6048 0.210259
49.6896 0.204542
49.7918 0.201336
49.8787 0.201034
49.9813 0.201585
50.064 0.2
50.2573 0.203291
50.3565 0.2
50.4316 0.20861
50.5346 0.209759
50.6156 0.20427
50.7186 0.200035
50.7979 0.2
50.987 0.201396
51.0989 0.204796
51.1566 0.215255
51.2253 0.257422
51.2694 0.293269
51.3129 0.333911
51.357 0.35199
51.4007 0.355605
51.448 0.34699
51.4959 0.329837
51.5477 0.307741
51.5994 0.282343
51.6558 0.256602
51.7118 0.231566
51.7737 0.206149
51.8343 0.2
52.0573 0.209938
52.1252 0.209323
52.2091 0.21369
52.2829 0.220253
52.3736 0.230459
52.4538 0.242954
52.5517 0.256781
52.6382 0.271268
52.7442 0.287079
52.8188 0.27989
52.9197 0.266426
52.9956 0.256983
53.1016 0.253911
53.1801 0.253023
53.2882 0.252565
53.3679 0.250215
53.4731 0.244448
53.5481 0.234305
53.6494 0.220358
53.7249 0.209819
53.8318 0.208596
53.9098 0.210338
54.0187 0.212939
54.0976 0.21496
54.1985 0.206444
54.2795 0.202279
54.3715 0.202895
54.4542 0.200615
54.5504 0.2
60.6697 0.203206
60.771 0.214085
60.866 0.222877
60.9699 0.228964
61.067 0.234241
61.1844 0.253509
61.3002 0.286325
61.4371 0.3276
61.5796 0.381606
61.7246 0.422841
61.7903 0.382383
61.8561 0.419603
61.9137 0.442915
61.9799 0.448217
62.0375 0.440658
62.1143 0.416177
62.2194 0.363414
62.3521 0.386119
62.5103 0.456016
62.7002 0.560854
62.8631 0.628627
63.0534 0.66449
63.2158 0.677166
63.4062 0.676448
63.5686 0.665869
63.7373 0.6244
63.9044 0.593641
64.0719 0.563155
64.2364 0.533737
64.4073 0.512628
64.5722 0.493255
64.7388 0.470002
64.908 0.456024
65.0653 0.432975
65.2218 0.408373
65.3922 0.39661
65.5512 0.39009
65.7263 0.388434
65.8862 0.386771
66.0329 0.386046
66.1936 0.382194
66.3123 0.400941
66.4671 0.414714
66.5828 0.422856
66.7448 0.417297
66.8593 0.409265
67.0174 0.40336
67.1374 0.391036
67.2989 0.376792
67.4211 0.361825
67.5822 0.349571
67.6979 0.346481
67.8616 0.339625
67.9807 0.329731
68.1588 0.330897
68.2805 0.333979
68.4632 0.340564
68.579 0.335899
68.7617 0.331653
68.8733 0.32444
69.0369 0.332386
69.1505 0.334057
69.3214 0.326371
69.4372 0.318284
69.6131 0.314893
69.7221 0.311717
69.8959 0.311423
70.007 0.307685
70.1906 0.311312
70.2869 0.313586
70.4641 0.318373
70.5608 0.320127
70.7465 0.312837
70.8351 0.313215
71.0174 0.315768
71.1107 0.312545
71.296 0.306631
71.3977 0.307745
71.5775 0.302203
71.6708 0.304021
71.8535 0.30162
71.9417 0.303619
72.1207 0.307411
72.211 0.306886
72.3522 0.337733
72.3827 0.407173
72.4398 0.519768
72.4703 0.57926
72.5274 0.602949
72.558 0.603278
72.615 0.587361
72.6456 0.560403
72.7026 0.52795
72.7337 0.492904
72.7909 0.457252
72.8223 0.421441
72.8829 0.384926
72.9168 0.35006
72.9825 0.313927
73.0211 0.279154
73.089 0.250017
73.1297 0.224646
73.2102 0.204338
73.2513 0.2
73.5333 0.208391
73.6402 0.223133
73.697 0.236397
73.8225 0.264182
73.8823 0.284348
74.0137 0.300134
74.0743 0.308208
74.2117 0.316625
74.2719 0.317317
74.408 0.314011
74.4699 0.309309
74.6031 0.299371
74.6645 0.289587
74.7943 0.275711
74.8613 0.270707
74.991 0.26512
75.0533 0.2537
75.1886 0.249902
75.2467 0.241257
75.3781 0.2307
75.4324 0.221485
75.5677 0.214655
75.6245 0.212746
75.7534 0.208585
75.8119 0.204274
75.9399 0.20178
75.9925 0.204026
76.1142 0.210029
76.1646 0.2155
76.2914 0.213355
76.3453 0.207312
76.4687 0.206024
76.5229 0.204271
76.6522 0.201583
76.7044 0.2
80.6727 0.20084
80.7969 0.20432
80.8682 0.214
80.9983 0.226539
81.0717 0.235127
81.2222 0.263383
81.307 0.294196
81.4855 0.342973
81.5911 0.396109
81.7857 0.445476
81.8913 0.473327
82.0863 0.487313
82.1911 0.489543
82.3861 0.485084
82.4908 0.475249
82.6859 0.463287
82.7914 0.452553
82.9534 0.409972
83.0293 0.403842
83.101 0.474262
83.1332 0.547873
83.1889 0.596309
83.2213 0.61221
83.2768 0.606264
83.3107 0.585291
83.3652 0.556019
83.4012 0.520464
83.4889 0.455711
83.5496 0.380944
83.6772 0.367362
83.7683 0.386626
83.9328 0.434529
84.0308 0.46823
84.1945 0.483902
84.2932 0.488377
84.4569 0.483145
84.5557 0.472802
84.7198 0.460551
84.8182 0.446338
84.9793 0.427906
85.0679 0.398189
85.2422 0.389774
85.3299 0.379166
85.5021 0.366292
85.5907 0.355647
85.7628 0.344579
85.8502 0.334672
86.0181 0.321338
86.1084 0.312795
86.2394 0.323268
86.32 0.335695
86.4391 0.349579
86.5142 0.358391
86.6371 0.356442
86.7185 0.344962
86.8296 0.343524
86.9093 0.338719
87.0242 0.32745
87.1052 0.315041
87.2239 0.300552
87.3066 0.286121
87.4279 0.271365
87.5127 0.257826
87.6403 0.250837
87.7183 0.242758
87.8387 0.243307
87.9252 0.234377
88.0495 0.231933
88.1402 0.234175
88.2661 0.237297
88.3573 0.238712
88.4828 0.237837
88.565 0.233974
88.6829 0.237628
88.7656 0.23885
88.8907 0.231438
88.9742 0.226499
89.095 0.22487
89.1811 0.22143
89.3037 0.218248
89.3957 0.22259
89.5144 0.221796
89.5975 0.224606
89.7209 0.222243
89.8044 0.21931
89.9303 0.21901
90.0172 0.221907
90.1457 0.225779
90.2382 0.234734
90.3641 0.237931
90.4497 0.232176
90.5693 0.232988
90.6588 0.229146
90.7838 0.228268
90.8737 0.228371
91.003 0.233645
91.0955 0.238931
91.2248 0.240745
91.3138 0.237943
91.4296 0.241087
91.5216 0.239398
91.6412 0.233808
91.7353 0.229749
91.857 0.227718
91.9473 0.2253
92.0724 0.225446
92.1614 0.222997
92.2831 0.222909
92.3704 0.224229
92.4993 0.225032
92.5922 0.232027
92.7198 0.234054
92.8186 0.241695
92.9492 0.250719
93.0463 0.253743
93.1684 0.24539
93.2617 0.242584
93.3834 0.23988
93.4796 0.234703
93.6047 0.233703
93.6615 0.261924
93.6924 0.360196
93.7491 0.416181
93.78 0.44354
93.8367 0.450353
93.8676 0.442594
93.9244 0.426421
93.9553 0.405232
94.0138 0.380538
94.0482 0.351723
94.1114 0.320352
94.1495 0.290192
94.2191 0.258362
94.2653 0.225774
94.3458 0.207537
94.3899 0.2
94.6812 0.216498
94.7826 0.227497
94.847 0.239325
94.9602 0.25939
95.0319 0.277888
95.1658 0.309625
95.2367 0.327183
95.3723 0.337138
95.4474 0.344103
95.5809 0.34114
95.6585 0.33841
95.7929 0.333761
95.8705 0.326906
95.9977 0.310941
96.0783 0.300529
96.2076 0.293054
96.2839 0.279928
96.4175 0.274598
96.4959 0.271331
96.6231 0.260583
96.6956 0.245904
96.8182 0.239212
96.8928 0.231688
97.0128 0.228292
97.0866 0.224991
97.2074 0.220982
97.282 0.216664
97.408 0.214686
97.4762 0.213803
97.6017 0.212604
97.6708 0.211236
97.7908 0.214175
97.8612 0.213567
97.9854 0.208962
98.0601 0.209946
98.1839 0.209125
98.2534 0.208283
98.3806 0.206792
98.4489 0.204598
98.5706 0.207233
98.6401 0.206674
98.7682 0.207544
98.8394 0.208942
98.9645 0.206174
99.034 0.204855
99.1633 0.206592
99.229 0.204121
99.3516 0.208892
99.4207 0.208746
99.547 0.20699
99.6174 0.206619
99.7387 0.207072
99.8095 0.205992
99.9367 0.207414
100.002 0.206462
100.124 0.209761
100.191 0.208589
100.318 0.205877
100.388 0.205976
100.509 0.204968
100.58 0.202994
100.703 0.201632
100.76 0.210977
100.858 0.238016
100.908 0.259291
100.993 0.28115
101.041 0.292678
101.118 0.302253
101.156 0.310873
101.226 0.31744
101.264 0.316079
101.333 0.308652
101.37 0.297477
101.439 0.285066
101.474 0.273075
101.542 0.259923
101.58 0.245544
101.653 0.226466
101.694 0.206837
101.777 0.2
102.219 0.218352
102.282 0.235721
102.392 0.25066
102.464 0.265943
102.589 0.291318
102.67 0.315148
102.794 0.326251
102.879 0.334248
103.003 0.334457
103.088 0.332892
103.209 0.32465
103.3 0.320064
103.42 0.313647
103.506 0.301728
103.631 0.295446
103.713 0.284184
103.84 0.276631
103.917 0.263937
104.051 0.261608
104.125 0.255123
104.249 0.245185
104.262 0.290533
104.336 0.357464
104.35 0.392966
104.424 0.406734
104.437 0.405809
104.512 0.396145
104.525 0.380143
104.599 0.359605
104.615 0.335015
104.704 0.299002
104.723 0.266681
104.82 0.233512
104.842 0.205447
104.961 0.207077
104.984 0.207175
105.114 0.218672
105.142 0.22979
105.296 0.262967
105.33 0.288991
105.513 0.333319
105.554 0.367743
105.738 0.388092
105.783 0.399756
105.964 0.397574
106.012 0.395249
106.192 0.388528
106.241 0.378007
106.42 0.366415
106.466 0.352233
106.643 0.335605
106.687 0.3178
106.866 0.305309
106.909 0.295633
107.088 0.287014
107.131 0.278232
107.3 0.265393
107.339 0.258768
107.487 0.270303
107.528 0.273519
107.679 0.269489
107.722 0.263579
107.874 0.256651
107.914 0.251928
108.069 0.245237
108.113 0.236651
108.257 0.238558
108.301 0.237355
108.452 0.23068
108.498 0.222528
108.648 0.217255
108.691 0.215756
108.847 0.214836
108.893 0.216018
109.038 0.217198
109.084 0.217154
109.236 0.212938
109.283 0.211924
109.43 0.209414
109.477 0.208192
109.632 0.211853
109.679 0.213948
109.822 0.217208
109.87 0.217591
110.019 0.214803
110.069 0.213574
110.212 0.212119
110.264 0.208816
110.413 0.210322
110.464 0.212113
110.599 0.216948
110.653 0.218311
110.794 0.212756
110.848 0.20968
110.985 0.210257
111.041 0.208253
111.184 0.211448
111.241 0.214311
111.371 0.217948
111.429 0.218462
111.565 0.212856
111.623 0.208589
111.755 0.207939
111.815 0.205203
111.955 0.210053
112.017 0.215171
112.143 0.21523
112.208 0.212699
112.341 0.211624
112.403 0.208212
112.536 0.20556
112.6 0.206864
112.739 0.214193
112.803 0.217559
112.93 0.21836
112.996 0.216248
113.127 0.212763
113.188 0.21083
113.322 0.207701
113.386 0.207532
113.526 0.212748
113.589 0.215866
113.716 0.2169
113.782 0.215894
113.91 0.212737
113.974 0.210954
114.107 0.208821
114.173 0.209301
114.31 0.213795
114.375 0.214156
114.502 0.215612
114.568 0.213173
114.692 0.213599
114.762 0.210547
114.845 0.243902
114.85 0.3207
114.933 0.363796
114.938 0.382553
115.02 0.385657
115.026 0.378393
115.108 0.365426
115.114 0.348215
115.197 0.327008
115.204 0.304778
115.292 0.279103
115.3 0.255625
115.398 0.226479
115.408 0.201838
115.506 0.2
115.917 0.20492
116.06 0.221374
116.076 0.232411
116.24 0.260984
116.26 0.281705
116.436 0.306875
116.457 0.319959
116.64 0.332578
116.664 0.339091
116.845 0.338081
116.87 0.335509
117.052 0.329806
117.077 0.3211
117.252 0.30504
117.279 0.294594
117.455 0.284876
117.481 0.27369
117.659 0.266327
117.685 0.261767
117.858 0.25025
117.883 0.23884
118.058 0.234545
118.083 0.230678
118.254 0.223424
118.28 0.217435
118.451 0.21399
118.477 0.210152
118.639 0.215065
118.664 0.217413
118.826 0.218003
118.853 0.215671
119.012 0.215933
119.04 0.213419
119.205 0.210772
119.235 0.209637
119.393 0.209819
119.421 0.210101
119.583 0.205456
119.612 0.20257
119.773 0.200283
119.803 0.2
119.97 0.203057
120 0.205249
120.156 0.207236
120.185 0.208751
120.345 0.204628
120.373 0.20234
120.536 0.2
120.731 0.203266
120.761 0.2057
120.915 0.209868
120.946 0.210889
121.1 0.209844
121.13 0.209257
121.288 0.20457
121.32 0.203258
121.484 0.207639
121.516 0.209025
121.667 0.21178
121.699 0.211782
121.851 0.210009
121.884 0.207157
122.042 0.206053
122.077 0.208234
122.239 0.212595
122.274 0.213844
122.423 0.212935
122.46 0.209716
122.606 0.210393
122.645 0.208231
122.797 0.206324
122.838 0.206844
122.994 0.211252
123.035 0.212575
123.179 0.212278
123.221 0.209482
123.363 0.209569
123.408 0.207077
123.556 0.206243
123.602 0.208627
123.753 0.212015
123.798 0.212644
123.938 0.212021
123.986 0.209924
124.125 0.207831
124.176 0.203522
124.321 0.205897
124.373 0.209365
124.519 0.212379
124.566 0.209408
124.706 0.208979
124.753 0.208918
124.897 0.204692
124.947 0.203346
125.093 0.205515
125.143 0.207766
125.289 0.206656
125.333 0.20665
125.44 0.238469
125.441 0.294273
125.528 0.344355
125.534 0.369179
125.616 0.375776
125.621 0.371113
125.703 0.359205
125.709 0.343791
125.791 0.324775
125.797 0.304897
125.88 0.285074
125.887 0.265032
125.98 0.236753
125.988 0.212171
126.08 0.2
126.595 0.206909
126.61 0.22147
126.763 0.244635
126.779 0.260787
126.94 0.277549
126.96 0.287688
127.138 0.310102
127.158 0.323526
127.332 0.323945
127.351 0.31794
127.528 0.31347
127.546 0.304615
127.726 0.299848
127.744 0.294661
127.924 0.287143
127.943 0.279424
128.113 0.260564
128.132 0.248169
128.3 0.234842
128.322 0.226851
128.494 0.227174
128.516 0.226381
128.689 0.223755
128.71 0.221101
128.875 0.215068
128.897 0.210231
129.057 0.210706
129.08 0.21012
129.24 0.207982
129.263 0.205798
129.421 0.205403
129.44 0.207006
129.592 0.213276
129.611 0.216945
129.763 0.217011
129.783 0.213866
129.94 0.2079
129.962 0.201238
130.122 0.2
132.108 0.203205
132.267 0.200051
132.285 0.2
132.809 0.200619
132.829 0.204284
132.985 0.202166
133.004 0.201739
133.159 0.202373
133.179 0.200121
133.341 0.2
133.528 0.201958
133.55 0.203961
133.704 0.202885
133.725 0.20134
133.879 0.2
134.091 0.202154
134.252 0.202473
134.277 0.203293
134.427 0.204446
134.453 0.203407
134.602 0.201869
134.631 0.2
134.788 0.200234
134.818 0.203826
134.974 0.204565
135.005 0.203375
135.149 0.204773
135.181 0.20301
135.325 0.201915
135.359 0.2
135.546 0.201887
135.698 0.204104
135.734 0.203931
135.875 0.203833
135.911 0.20293
136.053 0.201527
136.055 0.228715
136.141 0.29291
136.146 0.328634
136.228 0.344558
136.234 0.346991
136.316 0.341369
136.322 0.329731
136.404 0.312758
136.411 0.294627
136.492 0.277178
136.5 0.25894
136.585 0.239035
136.593 0.219628
136.683 0.2
137.438 0.20511
137.463 0.218154
137.607 0.24271
137.636 0.259927
137.803 0.293259
137.833 0.313188
137.994 0.316979
138.026 0.317781
138.193 0.321157
138.225 0.319555
138.392 0.314737
138.424 0.307958
138.584 0.293354
138.612 0.276135
138.777 0.265486
138.806 0.258452
138.976 0.257446
139.006 0.25496
139.175 0.25158
139.204 0.247718
139.358 0.239095
139.388 0.231683
139.538 0.227922
139.569 0.222207
139.721 0.21545
139.754 0.210032
139.907 0.204789
139.939 0.200729
140.074 0.212449
140.106 0.218751
140.246 0.2178
140.279 0.21487
140.424 0.207264
140.459 0.201101
140.609 0.200898
140.642 0.2
140.777 0.20431
140.81 0.207493
140.95 0.204847
140.984 0.20121
141.129 0.2
141.314 0.201167
141.349 0.201948
141.483 0.204004
141.518 0.204291
141.658 0.2
142.024 0.201058
142.06 0.200266
142.194 0.203137
142.23 0.204861
142.369 0.2
142.592 0.201541
142.737 0.20188
142.773 0.2
142.904 0.20257
142.942 0.204241
143.078 0.2
143.443 0.200205
143.481 0.2
143.61 0.201307
143.65 0.202475
143.783 0.2
144.316 0.200169
144.359 0.2
144.721 0.200097
144.86 0.2
145.071 0.200101
145.205 0.2
145.435 0.200915
145.572 0.2
145.739 0.202819
145.78 0.203842
145.911 0.2
146.702 0.26219
146.748 0.304642
146.79 0.326606
146.835 0.332658
146.877 0.328983
146.923 0.319916
146.965 0.305813
147.012 0.288875
147.059 0.267139
147.112 0.242214
147.165 0.216163
147.227 0.2
147.568 0.204224
147.659 0.235253
147.734 0.249045
147.831 0.263345
147.913 0.278874
148.023 0.300601
148.114 0.319371
148.224 0.327959
148.318 0.335221
148.431 0.338167
148.518 0.328127
148.631 0.317534
148.724 0.313659
148.838 0.308877
148.925 0.29468
149.043 0.28803
149.131 0.283321
149.245 0.273345
149.328 0.257851
149.449 0.253656
149.535 0.251601
149.645 0.237859
149.73 0.228408
149.845 0.223696
149.93 0.220957
150.035 0.22001
150.121 0.218481
150.228 0.214869
150.318 0.212025
150.391 0.237068
150.448 0.278282
150.498 0.321726
150.543 0.354026
150.586 0.373253
150.631 0.377832
150.674 0.370873
150.719 0.357467
150.762 0.340248
150.807 0.32019
150.852 0.298928
150.901 0.27582
150.951 0.249693
151.008 0.219963
151.052 0.202203
151.107 0.2
151.758 0.21979
151.822 0.233186
151.924 0.247535
151.998 0.265653
152.106 0.281491
152.182 0.292151
152.297 0.302548
152.374 0.305885
152.487 0.304485
152.556 0.29102
152.678 0.287808
152.748 0.2838
152.866 0.272675
152.937 0.263823
153.057 0.260144
153.129 0.2556
153.238 0.237131
153.316 0.2311
153.426 0.226889
153.5 0.219535
153.609 0.21138
153.687 0.209642
153.796 0.207793
153.872 0.20368
153.972 0.205102
154.05 0.20425
154.149 0.20284
154.221 0.206356
154.319 0.20756
154.394 0.205457
154.497 0.2
154.665 0.200488
154.736 0.2
160.929 0.237764
160.961 0.289694
161.017 0.31747
161.048 0.328528
161.104 0.328267
161.136 0.321463
161.192 0.309671
161.223 0.294099
161.281 0.276564
161.314 0.258321
161.374 0.238463
161.413 0.214761
161.484 0.2
162.165 0.215821
162.277 0.242609
162.332 0.25567
162.459 0.278376
162.518 0.293672
162.648 0.30372
162.711 0.311229
162.846 0.316962
162.908 0.316976
163.038 0.30761
163.1 0.297851
163.233 0.291514
163.29 0.278715
163.43 0.275417
163.487 0.270803
163.627 0.265469
163.685 0.259828
163.82 0.249663
163.879 0.242347
164.006 0.229836
164.07 0.224554
164.2 0.222321
164.264 0.219971
164.394 0.217617
164.452 0.212307
164.581 0.208937
164.634 0.211291
164.754 0.218888
164.807 0.221566
164.931 0.219211
164.986 0.214597
165.112 0.207831
165.161 0.209584
165.287 0.208747
165.339 0.203644
165.46 0.204774
165.515 0.202773
165.64 0.2
169.462 0.200652
169.51 0.2
170.062 0.200783
170.189 0.2009
170.241 0.2
171.485 0.232798
171.557 0.298147
171.572 0.334465
171.645 0.351472
171.66 0.354368
171.733 0.347038
171.747 0.334133
171.82 0.317972
171.836 0.299305
171.913 0.277858
171.93 0.2571
172.01 0.23485
172.03 0.213315
172.12 0.2
172.659 0.202439
172.781 0.214902
172.819 0.227896
172.951 0.246646
172.989 0.25768
173.133 0.273462
173.175 0.286555
173.323 0.296505
173.362 0.296331
173.517 0.300676
173.558 0.301318
173.705 0.291667
173.747 0.282125
173.901 0.280829
173.942 0.277327
174.087 0.261237
174.132 0.252827
174.281 0.249845
174.327 0.246142
174.469 0.235333
174.516 0.22901
174.657 0.221392
174.702 0.213099
174.835 0.2127
174.882 0.209604
175.02 0.203246
175.066 0.2
175.198 0.200062
175.245 0.2
181.41 0.200222
181.544 0.2
182.057 0.221498
182.058 0.277111
182.145 0.320384
182.15 0.34152
182.232 0.347468
182.238 0.343263
182.32 0.333402
182.326 0.31923
182.409 0.300923
182.415 0.281411
182.502 0.26
182.509 0.24073
182.599 0.219968
182.607 0.201625
182.7 0.2
183.35 0.207205
183.496 0.231465
183.517 0.247558
183.689 0.284852
183.71 0.306456
183.885 0.320463
183.905 0.325765
184.088 0.33194
184.108 0.333056
184.291 0.329725
184.311 0.323578
184.488 0.310152
184.507 0.295586
184.682 0.27954
184.703 0.268555
184.885 0.268048
184.907 0.266807
185.088 0.26403
185.11 0.259207
185.28 0.243042
185.301 0.231713
185.464 0.229131
185.487 0.224277
185.656 0.216298
185.678 0.210272
185.847 0.205714
185.868 0.202264
186.023 0.211441
186.043 0.219013
186.196 0.224325
186.217 0.224426
186.372 0.220291
186.394 0.21535
186.555 0.207805
186.577 0.202078
186.728 0.205525
186.748 0.209395
186.897 0.211579
186.918 0.209932
187.072 0.205009
187.095 0.2
187.256 0.202533
187.28 0.20539
187.433 0.201429
187.454 0.2
187.975 0.204606
188 0.210271
188.155 0.20323
188.179 0.2
188.55 0.202948
188.713 0.207551
188.741 0.20893
188.893 0.20646
188.919 0.205762
189.074 0.201812
189.102 0.2
189.264 0.202948
189.293 0.207384
189.456 0.209814
189.482 0.206352
189.632 0.210898
189.656 0.21276
189.812 0.207552
189.838 0.203304
190 0.203977
190.028 0.206168
190.189 0.205976
190.215 0.20307
190.361 0.21011
190.387 0.213539
190.538 0.210117
190.565 0.205085
190.721 0.201194
190.75 0.200321
190.908 0.20152
190.935 0.2
191.08 0.204728
191.106 0.206901
191.256 0.202861
191.284 0.2
191.796 0.203207
191.822 0.205204
191.97 0.201945
191.998 0.2
192.337 0.200368
192.365 0.2
192.507 0.204949
192.533 0.207971
192.623 0.253331
192.624 0.300713
192.711 0.32966
192.717 0.341073
192.799 0.339749
192.804 0.331012
192.886 0.317685
192.892 0.302636
192.975 0.285146
192.981 0.265758
193.067 0.244917
193.076 0.225618
193.175 0.2
193.808 0.206101
193.829 0.216279
193.982 0.246794
194.002 0.264545
194.164 0.281239
194.186 0.291312
194.358 0.308038
194.379 0.313232
194.556 0.318508
194.577 0.318205
194.75 0.308624
194.768 0.296474
194.948 0.293079
194.967 0.289005
195.14 0.276769
195.16 0.267246
195.339 0.264333
195.359 0.259254
195.529 0.243882
195.55 0.235454
195.726 0.23419
195.747 0.231074
195.913 0.222945
195.936 0.214738
196.103 0.210364
196.128 0.208013
196.287 0.209364
196.312 0.207677
196.471 0.205862
196.495 0.205768
196.652 0.20762
196.677 0.206223
196.839 0.203509
196.863 0.2
197.018 0.203137
197.043 0.203114
197.199 0.200626
197.223 0.200162
197.38 0.2
199.298 0.271762
199.32 0.319926
199.386 0.344254
199.407 0.351306
199.473 0.347705
199.495 0.338101
199.561 0.323952
199.582 0.306386
199.648 0.288034
199.67 0.26974
199.736 0.252055
199.758 0.236197
199.824 0.221128
199.845 0.206173
199.911 0.2
