0.010001 1 -0
0.110001 1 -0
0.210001 1 0.00418583
0.210001 2 -0
0.310001 1 0.00418583
0.310001 2 0.00418583
0.410001 1 0.111009
0.410001 2 0.00418583
0.510001 1 0.111009
0.510001 2 0.00663716
0.610001 1 0.156787
0.610001 2 0.00663716
0.710001 1 0.17992
0.710001 2 0.00870193
0.810001 1 0.204018
0.810001 2 0.00957914
0.910001 1 0.22259
0.910001 2 0.010628
1.01 1 0.23481
1.01 2 0.0115206
1.11 1 0.248477
1.11 2 0.012035
1.21 1 0.253263
1.21 2 0.0126932
1.31 1 0.265855
1.31 2 0.0129604
1.41 1 0.266483
1.41 2 0.0134782
1.51 1 0.278328
1.51 2 0.0134679
1.61 1 0.277719
1.61 2 0.0140405
1.71 1 0.287715
1.71 2 0.0139792
1.81 1 0.285286
1.81 2 0.0144632
1.91 1 0.295036
1.91 2 0.0143739
2.01 1 0.291354
2.01 2 0.0147924
2.11 1 0.300905
2.11 2 0.0145926
2.21 1 0.297207
2.21 2 0.0150561
2.31 1 0.305715
2.31 2 0.0148588
2.41 1 0.301273
2.41 2 0.0152721
2.51 1 0.309729
2.51 2 0.0150796
2.61 1 0.304718
2.61 2 0.0154522
2.71 1 0.313129
2.71 2 0.0151955
2.81 1 0.308339
2.81 2 0.0156047
2.91 1 0.316047
2.91 2 0.0153603
3.01 1 0.310856
3.01 2 0.0157356
3.11 1 0.318577
3.11 2 0.0155026
3.21 1 0.313061
3.21 2 0.015849
3.31 1 0.320793
3.31 2 0.0155714
3.41 1 0.315541
3.41 2 0.0159483
3.51 1 0.32275
3.51 2 0.0156844
3.61 1 0.317242
3.61 2 0.016036
3.71 1 0.32402
3.71 2 0.0157845
3.81 1 0.318766
3.81 2 0.0161139
3.91 1 0.325606
3.91 2 0.0158282
4.01 1 0.320581
4.01 2 0.0161403
4.11 1 0.326613
4.11 2 0.015911
4.21 1 0.321801
4.21 2 0.0162055
4.31 1 0.327528
4.31 2 0.0159857
4.41 1 0.328721
4.41 2 0.0162645
4.51 1 0.328742
4.51 2 0.0163033
4.61 1 0.329876
4.61 2 0.016281
4.71 1 0.329489
4.71 2 0.016355
4.81 1 0.33093
4.81 2 0.0163317
4.91 1 0.330176
4.91 2 0.0164022
5.01 1 0.331897
5.01 2 0.0163782
5.11 1 0.331141
5.11 2 0.0164454
5.21 1 0.332787
5.21 2 0.0163885
5.31 1 0.331714
5.31 2 0.0164852
5.41 1 0.333609
5.41 2 0.0164293
5.51 1 0.332245
5.51 2 0.016522
5.61 1 0.33437
5.61 2 0.016467
5.71 1 0.333035
5.71 2 0.016556
5.81 1 0.335077
5.81 2 0.0164733
5.91 1 0.333486
5.91 2 0.0165877
6.01 1 0.335735
6.01 2 0.016507
6.11 1 0.333907
6.11 2 0.0166171
6.21 1 0.33635
6.21 2 0.0165384
6.31 1 0.334568
6.31 2 0.0166446
6.41 1 0.336925
6.41 2 0.0165419
6.51 1 0.33493
6.51 2 0.0166703
6.61 1 0.337464
6.61 2 0.0165703
6.71 1 0.335272
6.71 2 0.0166944
6.81 1 0.337971
6.81 2 0.016597
6.91 1 0.335834
6.91 2 0.016717
7.01 1 0.338447
7.01 2 0.0165985
7.11 1 0.336131
7.11 2 0.0167383
7.21 1 0.338897
7.21 2 0.0166229
7.31 1 0.336412
7.31 2 0.0167584
7.41 1 0.339322
7.41 2 0.0166459
7.51 1 0.336898
7.51 2 0.0167774
7.61 1 0.339724
7.61 2 0.0166461
7.71 1 0.337144
7.71 2 0.0167954
7.81 1 0.340104
7.81 2 0.0166673
7.91 1 0.337378
7.91 2 0.0168124
8.01 1 0.340262
8.01 2 0.0166874
8.11 1 0.337804
8.11 2 0.0168285
8.21 1 0.340611
8.21 2 0.0166866
8.31 1 0.338011
8.31 2 0.0168245
8.41 1 0.340749
8.41 2 0.0167053
8.51 1 0.338208
8.51 2 0.0168395
8.61 1 0.340881
8.61 2 0.0167231
8.71 1 0.338585
8.71 2 0.0168539
8.81 1 0.341192
8.81 2 0.0168724
8.91 1 0.341743
8.91 2 0.0168496
9.01 1 0.341308
9.01 2 0.0168856
9.11 1 0.342026
9.11 2 0.0168631
9.21 1 0.34142
9.21 2 0.0168983
9.31 1 0.342296
9.31 2 0.016876
9.41 1 0.341699
9.41 2 0.0169103
9.51 1 0.342555
9.51 2 0.0168715
9.61 1 0.341797
9.61 2 0.0169219
9.71 1 0.342803
9.71 2 0.0168837
9.81 1 0.341892
9.81 2 0.016933
9.91 1 0.343041
9.91 2 0.0168953
10.01 1 0.342145
10.01 2 0.0169436
10.11 1 0.343268
10.11 2 0.0168907
10.21 1 0.342229
10.21 2 0.0169538
10.31 1 0.343487
10.31 2 0.0169018
10.41 1 0.34231
10.41 2 0.0169635
10.51 1 0.343697
10.51 2 0.0169125
10.61 1 0.343697
10.61 2 0.0169729
10.71 1 0.338232
10.71 2 0.0169729
10.81 1 0.338232
10.81 2 0.0167102
10.91 1 0.333127
10.91 2 0.0167102
11.01 1 0.333127
11.01 2 0.0164578
11.11 1 0.328217
11.11 2 0.0164578
11.21 1 0.328217
11.21 2 0.016215
11.31 1 0.323491
11.31 2 0.016215
11.41 1 0.323491
11.41 2 0.0159813
11.51 1 0.318825
11.51 2 0.0159813
11.61 1 0.318939
11.61 2 0.0157507
11.71 1 0.314432
11.71 2 0.0157562
11.81 1 0.314551
11.81 2 0.0157562
11.91 1 0.314551
11.91 2 0.0155392
12.01 1 0.310319
12.01 2 0.0155392
12.11 1 0.310319
12.11 2 0.0153299
12.21 1 0.306235
12.21 2 0.0153299
12.31 1 0.306235
12.31 2 0.0151279
12.41 1 0.302291
12.41 2 0.0151279
12.51 1 0.302291
12.51 2 0.0149329
12.61 1 0.29848
12.61 2 0.0149329
12.71 1 0.29848
12.71 2 0.0147444
12.81 1 0.294794
12.81 2 0.0147444
12.91 1 0.294794
12.91 2 0.0145622
13.01 1 0.29123
13.01 2 0.0145622
13.11 1 0.29123
13.11 2 0.0143859
13.21 1 0.287628
13.21 2 0.0143859
13.31 1 0.287779
13.31 2 0.014208
13.41 1 0.284286
13.41 2 0.0142153
13.51 1 0.284437
13.51 2 0.0140426
13.61 1 0.280895
13.61 2 0.01405
13.71 1 0.2812
13.71 2 0.01405
13.81 1 0.2812
13.81 2 0.0138899
13.91 1 0.278061
13.91 2 0.0138899
14.01 1 0.278061
14.01 2 0.0137347
14.11 1 0.275017
14.11 2 0.0137347
14.21 1 0.275017
14.21 2 0.0135841
14.31 1 0.272063
14.31 2 0.0135841
14.41 1 0.272063
14.41 2 0.0134381
14.51 1 0.269196
14.51 2 0.0134381
14.61 1 0.269196
14.61 2 0.0132963
14.71 1 0.266412
14.71 2 0.0132963
14.81 1 0.266412
14.81 2 0.0131586
14.91 1 0.263706
14.91 2 0.0131586
15.01 1 0.263706
15.01 2 0.0130248
15.11 1 0.260909
15.11 2 0.0130248
15.21 1 0.261077
15.21 2 0.0128866
15.31 1 0.258351
15.31 2 0.0128948
15.41 1 0.25852
15.41 2 0.0128948
15.51 1 0.25852
15.51 2 0.0127683
15.61 1 0.256033
15.61 2 0.0127683
15.71 1 0.256033
15.71 2 0.0126453
15.81 1 0.253612
15.81 2 0.0126453
15.91 1 0.253612
15.91 2 0.0125257
16.01 1 0.251256
16.01 2 0.0125257
16.11 1 0.251256
16.11 2 0.0124091
16.21 1 0.248962
16.21 2 0.0124091
16.31 1 0.248962
16.31 2 0.0122957
16.41 1 0.246727
16.41 2 0.0122957
16.51 1 0.246727
16.51 2 0.0121852
16.61 1 0.244549
16.61 2 0.0121852
16.71 1 0.244549
16.71 2 0.0120775
16.81 1 0.242288
16.81 2 0.0120775
16.91 1 0.242426
16.91 2 0.011964
17.01 1 0.240182
17.01 2 0.0119725
17.11 1 0.240356
17.11 2 0.0118616
17.21 1 0.238026
17.21 2 0.0118701
17.31 1 0.238337
17.31 2 0.0118701
17.41 1 0.238337
17.41 2 0.0117703
17.51 1 0.236367
17.51 2 0.0117703
17.61 1 0.236367
17.61 2 0.0116728
17.71 1 0.234444
17.71 2 0.0116728
17.81 1 0.234444
17.81 2 0.0115777
17.91 1 0.232566
17.91 2 0.0115777
18.01 1 0.232566
18.01 2 0.0114849
18.11 1 0.230733
18.11 2 0.0114849
18.21 1 0.230733
18.21 2 0.0113942
18.31 1 0.228942
18.31 2 0.0113942
18.41 1 0.228942
18.41 2 0.0113057
18.51 1 0.227192
18.51 2 0.0113057
18.61 1 0.227192
18.61 2 0.0112191
18.71 1 0.225306
18.71 2 0.0112191
18.81 1 0.225482
18.81 2 0.0111259
18.91 1 0.223635
18.91 2 0.0111346
19.01 1 0.22381
19.01 2 0.0111346
19.11 1 0.22381
19.11 2 0.0110519
19.21 1 0.222175
19.21 2 0.0110519
19.31 1 0.222175
19.31 2 0.010971
19.41 1 0.220576
19.41 2 0.010971
19.51 1 0.220576
19.51 2 0.0108919
19.61 1 0.219011
19.61 2 0.0108919
19.71 1 0.219011
19.71 2 0.0108146
19.81 1 0.21748
19.81 2 0.0108146
19.91 1 0.21748
19.91 2 0.0107389
20.01 1 0.215982
20.01 2 0.0107389
20.01 3 -0
20.11 1 0.215982
20.11 2 0.0106648
20.11 3 -0
20.21 1 0.214515
20.21 2 0.0106648
20.21 3 0.00418583
20.21 4 -0
20.31 1 0.214515
20.31 2 0.0105922
20.31 3 0.00418583
20.31 4 0.00418583
20.41 1 0.212954
20.41 2 0.0105922
20.41 3 0.111009
20.41 4 0.00418583
20.51 1 0.213078
20.51 2 0.0105126
20.51 3 0.111009
20.51 4 0.00663716
20.61 1 0.211497
20.61 2 0.0105212
20.61 3 0.156787
20.61 4 0.00663716
20.71 1 0.211671
20.71 2 0.0104431
20.71 3 0.215638
20.71 4 0.00870193
20.81 1 0.209997
20.81 2 0.0104516
20.81 3 0.259836
20.81 4 0.0114604
20.91 1 0.210292
20.91 2 0.0104516
20.91 3 0.328388
20.91 4 0.013532
21.01 1 0.210292
21.01 2 0.0103834
21.01 3 0.448939
21.01 4 0.0165082
21.11 1 0.208941
21.11 2 0.0103834
21.11 3 0.558416
21.11 4 0.0226933
21.21 1 0.208941
21.21 2 0.0103166
21.21 3 0.712464
21.21 4 0.0279121
21.31 1 0.207617
21.31 2 0.0103166
21.31 3 0.961626
21.31 4 0.0351855
21.41 1 0.207617
21.41 2 0.0102511
21.41 3 1.24366
21.41 4 0.0474451
21.51 1 0.206317
21.51 2 0.0102511
21.51 3 1.55588
21.51 4 0.0613299
21.61 1 0.206317
21.61 2 0.0101868
21.61 3 1.76303
21.61 4 0.0768348
21.71 1 0.205041
21.71 2 0.0101868
21.71 3 2.01078
21.71 4 0.0867476
21.81 1 0.205041
21.81 2 0.0101237
21.81 3 2.16497
21.81 4 0.0991415
21.91 1 0.203792
21.91 2 0.0101237
21.91 3 2.36881
21.91 4 0.106671
22.01 1 0.203792
22.01 2 0.0100619
22.01 3 2.48807
22.01 4 0.116761
22.11 1 0.202564
22.11 2 0.0100619
22.11 3 2.65969
22.11 4 0.122606
22.21 1 0.202564
22.21 2 0.00999289
22.21 3 2.75259
22.21 4 0.131106
22.31 1 0.201192
22.31 2 0.0100012
22.31 3 2.8989
22.31 4 0.135642
22.41 1 0.201361
22.41 2 0.00993341
22.41 3 2.97302
22.41 4 0.142888
22.51 1 0.199898
22.51 2 0.00994175
22.51 3 3.06866
22.51 4 0.146503
22.61 1 0.200184
22.61 2 0.00994175
22.61 3 3.15953
22.61 4 0.15124
22.71 1 0.200184
22.71 2 0.00988351
22.71 3 3.24113
22.71 4 0.155694
22.81 1 0.199025
22.81 2 0.00988351
22.81 3 3.31955
22.81 4 0.159722
22.91 1 0.199025
22.91 2 0.00982621
22.91 3 3.38964
22.91 4 0.163578
23.01 1 0.197887
23.01 2 0.00982621
23.01 3 3.4583
23.01 4 0.167031
23.11 1 0.197887
23.11 2 0.00976993
23.11 3 3.51834
23.11 4 0.170411
23.21 1 0.19677
23.21 2 0.00976993
23.21 3 3.57975
23.21 4 0.173352
23.31 1 0.19677
23.31 2 0.00971468
23.31 3 3.63203
23.31 4 0.176425
23.41 1 0.195673
23.41 2 0.00971468
23.41 3 3.68752
23.41 4 0.178949
23.51 1 0.195673
23.51 2 0.00966044
23.51 3 3.73252
23.51 4 0.1817
23.61 1 0.194596
23.61 2 0.00966044
23.61 3 3.7814
23.61 4 0.183905
23.71 1 0.194596
23.71 2 0.00960717
23.71 3 3.82234
23.71 4 0.186272
23.81 1 0.193538
23.81 2 0.00960717
23.81 3 3.86445
23.81 4 0.188325
23.91 1 0.193538
23.91 2 0.00955485
23.91 3 3.90293
23.91 4 0.19036
24.01 1 0.19239
24.01 2 0.00955485
24.01 3 3.93996
24.01 4 0.192291
24.11 1 0.192501
24.11 2 0.00949556
24.11 3 3.97565
24.11 4 0.194124
24.21 1 0.191317
24.21 2 0.00950358
24.21 3 4.00942
24.21 4 0.195869
24.31 1 0.191483
24.31 2 0.00944509
24.31 3 4.04123
24.31 4 0.19753
24.41 1 0.191483
24.41 2 0.00945324
24.41 3 4.07197
24.41 4 0.199113
24.51 1 0.190482
24.51 2 0.00945324
24.51 3 4.10134
24.51 4 0.200603
24.61 1 0.190482
24.61 2 0.00940373
24.61 3 4.12943
24.61 4 0.202048
24.71 1 0.189499
24.71 2 0.00940373
24.71 3 4.15632
24.71 4 0.20343
24.81 1 0.189499
24.81 2 0.00935512
24.81 3 4.1821
24.81 4 0.204753
24.91 1 0.18853
24.91 2 0.00935512
24.91 3 4.20676
24.91 4 0.206022
25.01 1 0.18853
25.01 2 0.0093072
25.01 3 4.2305
25.01 4 0.207238
25.11 1 0.187579
25.11 2 0.0093072
25.11 3 4.2533
25.11 4 0.208405
25.21 1 0.187579
25.21 2 0.00926018
25.21 3 4.27523
25.21 4 0.209527
25.31 1 0.186645
25.31 2 0.00926018
25.31 3 4.29632
25.31 4 0.210606
25.41 1 0.186645
25.41 2 0.00921399
25.41 3 4.31664
25.41 4 0.211643
25.51 1 0.185725
25.51 2 0.00921399
25.51 3 4.33621
25.51 4 0.212642
25.61 1 0.185725
25.61 2 0.00916852
25.61 3 4.35509
25.61 4 0.213605
25.71 1 0.184716
25.71 2 0.00916852
25.71 3 4.37305
25.71 4 0.214534
25.81 1 0.184819
25.81 2 0.00911565
25.81 3 4.39064
25.81 4 0.215416
25.91 1 0.183767
25.91 2 0.0091237
25.91 3 4.40764
25.91 4 0.216282
26.01 1 0.183928
26.01 2 0.00907174
26.01 3 4.42406
26.01 4 0.217118
26.11 1 0.182789
26.11 2 0.00907962
26.11 3 4.43996
26.11 4 0.21792
26.21 1 0.183051
26.21 2 0.00907962
26.21 3 4.45532
26.21 4 0.2187
26.31 1 0.183051
26.31 2 0.00903625
26.31 3 4.47023
26.31 4 0.219463
26.41 1 0.182188
26.41 2 0.00903625
26.41 3 4.48462
26.41 4 0.220199
26.51 1 0.182188
26.51 2 0.00899359
26.51 3 4.49877
26.51 4 0.220905
26.61 1 0.181339
26.61 2 0.00899359
26.61 3 4.51215
26.61 4 0.221602
26.71 1 0.181339
26.71 2 0.0089516
26.71 3 4.52559
26.71 4 0.222258
26.81 1 0.180503
26.81 2 0.0089516
26.81 3 4.53806
26.81 4 0.222922
26.91 1 0.180503
26.91 2 0.00891028
26.91 3 4.55087
26.91 4 0.223533
27.01 1 0.179681
27.01 2 0.00891028
27.01 3 4.56249
27.01 4 0.224166
27.11 1 0.179681
27.11 2 0.00886961
27.11 3 4.57455
27.11 4 0.224734
27.21 1 0.178871
27.21 2 0.00886961
27.21 3 4.58538
27.21 4 0.225343
27.31 1 0.178871
27.31 2 0.00882958
27.31 3 4.59746
27.31 4 0.22586
27.41 1 0.178074
27.41 2 0.00882958
27.41 3 4.60721
27.41 4 0.226458
27.51 1 0.178074
27.51 2 0.00878258
27.51 3 4.61882
27.51 4 0.226934
27.61 1 0.177136
27.61 2 0.00879016
27.61 3 4.6279
27.61 4 0.227514
27.71 1 0.17729
27.71 2 0.0087438
27.71 3 4.63917
27.71 4 0.22795
27.81 1 0.176266
27.81 2 0.00875136
27.81 3 4.64751
27.81 4 0.228508
27.91 1 0.176517
27.91 2 0.00875136
27.91 3 4.65795
27.91 4 0.228915
28.01 1 0.176517
28.01 2 0.00871314
28.01 3 4.66615
28.01 4 0.22942
28.11 1 0.175756
28.11 2 0.00871314
28.11 3 4.67562
28.11 4 0.229832
28.21 1 0.175756
28.21 2 0.0086755
28.21 3 4.68387
28.21 4 0.230281
28.31 1 0.175007
28.31 2 0.0086755
28.31 3 4.69242
28.31 4 0.230703
28.41 1 0.175007
28.41 2 0.00863848
28.41 3 4.70061
28.41 4 0.231123
28.51 1 0.174271
28.51 2 0.00863848
28.51 3 4.70875
28.51 4 0.231533
28.61 1 0.174271
28.61 2 0.00860208
28.61 3 4.71671
28.61 4 0.231928
28.71 1 0.173543
28.71 2 0.00860208
28.71 3 4.72448
28.71 4 0.232319
28.81 1 0.173543
28.81 2 0.00856611
28.81 3 4.73207
28.81 4 0.232701
28.91 1 0.172827
28.91 2 0.00856611
28.91 3 4.7395
28.91 4 0.233074
29.01 1 0.172827
29.01 2 0.00853065
29.01 3 4.74678
29.01 4 0.233439
29.11 1 0.17212
29.11 2 0.00853065
29.11 3 4.75388
29.11 4 0.233796
29.21 1 0.17212
29.21 2 0.00849572
29.21 3 4.76083
29.21 4 0.234145
29.31 1 0.171276
29.31 2 0.00849572
29.31 3 4.76762
29.31 4 0.234487
29.41 1 0.171424
29.41 2 0.00845404
29.41 3 4.77427
29.41 4 0.234821
29.51 1 0.170591
29.51 2 0.00846129
29.51 3 4.78078
29.51 4 0.235148
29.61 1 0.170738
29.61 2 0.00846129
29.61 3 4.78716
29.61 4 0.235468
29.71 1 0.170738
29.71 2 0.00842735
29.71 3 4.7934
29.71 4 0.235782
29.81 1 0.170061
29.81 2 0.00842735
29.81 3 4.7994
29.81 4 0.236089
29.91 1 0.170061
29.91 2 0.0083939
29.91 3 4.80539
29.91 4 0.236385
30.01 1 0.169396
30.01 2 0.0083939
30.01 3 4.81126
30.01 4 0.23668
30.11 1 0.169396
30.11 2 0.00836102
30.11 3 4.81702
30.11 4 0.236968
30.21 1 0.16874
30.21 2 0.00836102
30.21 3 4.82266
30.21 4 0.237251
30.31 1 0.16874
30.31 2 0.00832855
30.31 3 4.8282
30.31 4 0.237529
30.41 1 0.168093
30.41 2 0.00832855
30.41 3 4.83366
30.41 4 0.237798
30.51 1 0.168093
30.51 2 0.00829659
30.51 3 4.83878
30.51 4 0.238066
30.61 1 0.167456
30.61 2 0.00829659
30.61 3 4.83961
30.61 4 0.23833
30.71 1 0.167456
30.71 2 0.00826508
30.71 3 4.83961
30.71 4 0.238365
30.81 1 0.166828
30.81 2 0.00826508
30.81 3 4.74822
30.81 4 0.238365
30.91 1 0.166828
30.91 2 0.00823401
30.91 3 4.74822
30.91 4 0.233885
31.01 1 0.166115
31.01 2 0.00823401
31.01 3 4.67554
31.01 4 0.233885
31.11 1 0.166207
31.11 2 0.008196
31.11 3 4.69104
31.11 4 0.230273
31.21 1 0.165447
31.21 2 0.00820328
31.21 3 4.68772
31.21 4 0.231063
31.31 1 0.165593
31.31 2 0.00816575
31.31 3 4.70364
31.31 4 0.230877
31.41 1 0.164753
31.41 2 0.00817296
31.41 3 4.69936
31.41 4 0.231683
31.51 1 0.164989
31.51 2 0.00817296
31.51 3 4.7158
31.51 4 0.231455
31.61 1 0.164989
31.61 2 0.00814305
31.61 3 4.71084
31.61 4 0.232281
31.71 1 0.164392
31.71 2 0.00814305
31.71 3 4.72754
31.71 4 0.232016
31.81 1 0.164392
31.81 2 0.00811354
31.81 3 4.72186
31.81 4 0.232857
31.91 1 0.163803
31.91 2 0.00811354
31.91 3 4.73846
31.91 4 0.232567
32.01 1 0.163803
32.01 2 0.00808443
32.01 3 4.73251
32.01 4 0.233384
32.11 1 0.163222
32.11 2 0.00808443
32.11 3 4.74862
32.11 4 0.233091
32.21 1 0.163222
32.21 2 0.0080557
32.21 3 4.74279
32.21 4 0.233884
32.31 1 0.162649
32.31 2 0.0080557
32.31 3 4.75845
32.31 4 0.233596
32.41 1 0.162649
32.41 2 0.00802734
32.41 3 4.75273
32.41 4 0.234358
32.51 1 0.162083
32.51 2 0.00802734
32.51 3 4.76787
32.51 4 0.234085
32.61 1 0.162083
32.61 2 0.00799936
32.61 3 4.76245
32.61 4 0.234826
32.71 1 0.161436
32.71 2 0.00799936
32.71 3 4.77709
32.71 4 0.234558
32.81 1 0.161524
32.81 2 0.00796475
32.81 3 4.77177
32.81 4 0.235279
32.91 1 0.160831
32.91 2 0.00797174
32.91 3 4.78602
32.91 4 0.235017
33.01 1 0.160973
33.01 2 0.00793751
33.01 3 4.78077
33.01 4 0.235723
33.11 1 0.160202
33.11 2 0.00794448
33.11 3 4.79483
33.11 4 0.235459
33.21 1 0.160428
33.21 2 0.00794448
33.21 3 4.78954
33.21 4 0.236151
33.31 1 0.160428
33.31 2 0.00791755
33.31 3 4.80349
33.31 4 0.23589
33.41 1 0.159891
33.41 2 0.00791755
33.41 3 4.79805
33.41 4 0.236573
33.51 1 0.159891
33.51 2 0.00789097
33.51 3 4.81173
33.51 4 0.236309
33.61 1 0.159362
33.61 2 0.00789097
33.61 3 4.8063
33.61 4 0.236982
33.71 1 0.159362
33.71 2 0.00786481
33.71 3 4.81981
33.71 4 0.236715
33.81 1 0.15884
33.81 2 0.00786481
33.81 3 4.81432
33.81 4 0.237384
33.91 1 0.15884
33.91 2 0.00783898
33.91 3 4.82768
33.91 4 0.237109
34.01 1 0.158324
34.01 2 0.00783898
34.01 3 4.82211
34.01 4 0.23777
34.11 1 0.158324
34.11 2 0.00781348
34.11 3 4.83528
34.11 4 0.237492
34.21 1 0.157815
34.21 2 0.00781348
34.21 3 4.82968
34.21 4 0.238142
34.31 1 0.157815
34.31 2 0.00778829
34.31 3 4.84269
34.31 4 0.237865
34.41 1 0.157311
34.41 2 0.00778829
34.41 3 4.83823
34.41 4 0.238505
34.51 1 0.157311
34.51 2 0.00776341
34.51 3 4.84993
34.51 4 0.238294
34.61 1 0.156674
34.61 2 0.00776341
34.61 3 4.8575
34.61 4 0.238867
34.71 1 0.156814
34.71 2 0.00773193
34.71 3 4.85691
34.71 4 0.239245
34.81 1 0.156184
34.81 2 0.00773883
34.81 3 4.86491
34.81 4 0.239208
34.91 1 0.156322
34.91 2 0.00773883
34.91 3 4.86379
34.91 4 0.239609
35.01 1 0.156322
35.01 2 0.00771447
35.01 3 4.87212
35.01 4 0.239542
35.11 1 0.155835
35.11 2 0.00771447
35.11 3 4.8702
35.11 4 0.239964
35.21 1 0.155835
35.21 2 0.00769041
35.21 3 4.87913
35.21 4 0.239861
35.31 1 0.155355
35.31 2 0.00769041
35.31 3 4.87652
35.31 4 0.240308
35.41 1 0.155355
35.41 2 0.00766664
35.41 3 4.88595
35.41 4 0.240172
35.51 1 0.15488
35.51 2 0.00766664
35.51 3 4.88267
35.51 4 0.240644
35.61 1 0.15488
35.61 2 0.00764315
35.61 3 4.8926
35.61 4 0.240468
35.71 1 0.15441
35.71 2 0.00764315
35.71 3 4.8886
35.71 4 0.24097
35.81 1 0.15441
35.81 2 0.00761994
35.81 3 4.89907
35.81 4 0.240763
35.91 1 0.153946
35.91 2 0.00761994
35.91 3 4.89445
35.91 4 0.241288
36.01 1 0.153946
36.01 2 0.007597
36.01 3 4.90538
36.01 4 0.24105
36.11 1 0.153488
36.11 2 0.007597
36.11 3 4.90015
36.11 4 0.241599
36.21 1 0.153488
36.21 2 0.00757434
36.21 3 4.91119
36.21 4 0.241331
36.31 1 0.152955
36.31 2 0.00757434
36.31 3 4.90571
36.31 4 0.241874
36.41 1 0.153035
36.41 2 0.00754546
36.41 3 4.91674
36.41 4 0.241604
36.51 1 0.152456
36.51 2 0.00755194
36.51 3 4.91129
36.51 4 0.242147
36.61 1 0.152587
36.61 2 0.00752335
36.61 3 4.92214
36.61 4 0.241878
36.71 1 0.151935
36.71 2 0.0075298
36.71 3 4.91666
36.71 4 0.242409
36.81 1 0.152145
36.81 2 0.0075298
36.81 3 4.92721
36.81 4 0.242145
36.91 1 0.152145
36.91 2 0.00750791
36.91 3 4.92202
36.91 4 0.242662
37.01 1 0.151707
37.01 2 0.00750791
37.01 3 4.93222
37.01 4 0.242404
37.11 1 0.151707
37.11 2 0.00748628
37.11 3 4.92721
37.11 4 0.242908
37.21 1 0.151275
37.21 2 0.00748628
37.21 3 4.93712
37.21 4 0.242664
37.31 1 0.151275
37.31 2 0.0074649
37.31 3 4.93223
37.31 4 0.243149
37.41 1 0.150847
37.41 2 0.0074649
37.41 3 4.94185
37.41 4 0.242913
37.51 1 0.150847
37.51 2 0.00744375
37.51 3 4.93722
37.51 4 0.243384
37.61 1 0.150425
37.61 2 0.00744375
37.61 3 4.94652
37.61 4 0.243154
37.71 1 0.150425
37.71 2 0.00742285
37.71 3 4.94207
37.71 4 0.243614
37.81 1 0.150007
37.81 2 0.00742285
37.81 3 4.9511
37.81 4 0.243392
37.91 1 0.150007
37.91 2 0.00740218
37.91 3 4.94679
37.91 4 0.243833
38.01 1 0.149517
38.01 2 0.00740218
38.01 3 4.95557
38.01 4 0.243625
38.11 1 0.149593
38.11 2 0.00737546
38.11 3 4.95142
38.11 4 0.244053
38.21 1 0.149057
38.21 2 0.00738174
38.21 3 4.96001
38.21 4 0.243855
38.31 1 0.149185
38.31 2 0.00735527
38.31 3 4.95595
38.31 4 0.244281
38.41 1 0.148577
38.41 2 0.00736153
38.41 3 4.9644
38.41 4 0.244077
38.51 1 0.14878
38.51 2 0.00736153
38.51 3 4.96038
38.51 4 0.244493
38.61 1 0.14878
38.61 2 0.00734154
38.61 3 4.96877
38.61 4 0.244293
38.71 1 0.148381
38.71 2 0.00734154
38.71 3 4.96481
38.71 4 0.244705
38.81 1 0.148381
38.81 2 0.00732177
38.81 3 4.97293
38.81 4 0.244554
38.91 1 0.147985
38.91 2 0.00732177
38.91 3 4.9701
38.91 4 0.244913
39.01 1 0.147985
39.01 2 0.00730221
39.01 3 4.97707
39.01 4 0.2452
39.11 1 0.147594
39.11 2 0.00730221
39.11 3 4.98303
39.11 4 0.245113
39.21 1 0.147594
39.21 2 0.00728287
39.21 3 4.98117
39.21 4 0.245415
39.31 1 0.147207
39.31 2 0.00728287
39.31 3 4.98731
39.31 4 0.245312
39.41 1 0.147207
39.41 2 0.00726374
39.41 3 4.98507
39.41 4 0.245625
39.51 1 0.146826
39.51 2 0.00726374
39.51 3 4.9915
39.51 4 0.245511
39.61 1 0.146826
39.61 2 0.00724488
39.61 3 4.98901
39.61 4 0.245831
39.71 1 0.146449
39.71 2 0.00724488
39.71 3 4.99566
39.71 4 0.245701
39.81 1 0.146449
39.81 2 0.00722622
39.81 3 4.99278
39.81 4 0.246036
39.91 1 0.145948
39.91 2 0.00722622
39.91 3 4.99974
39.91 4 0.245888
40.01 1 0.146075
40.01 2 0.00720149
40.01 3 4.99649
40.01 4 0.246235
40.11 1 0.145504
40.11 2 0.00720776
40.11 3 5.00372
40.11 4 0.246069
40.21 1 0.145706
40.21 2 0.00720776
40.21 3 5.0002
40.21 4 0.246432
40.31 1 0.145706
40.31 2 0.0071895
40.31 3 5.00758
40.31 4 0.246248
40.41 1 0.14534
40.41 2 0.0071895
40.41 3 5.00374
40.41 4 0.246617
40.51 1 0.14534
40.51 2 0.00717142
40.51 3 5.01113
40.51 4 0.246429
40.61 1 0.144979
40.61 2 0.00717142
40.61 3 5.00729
40.61 4 0.246786
40.71 1 0.144979
40.71 2 0.00715354
40.71 3 5.01456
40.71 4 0.246599
40.81 1 0.14462
40.81 2 0.00715354
40.81 3 5.01074
40.81 4 0.24696
40.91 1 0.14462
40.91 2 0.00713579
40.91 3 5.01791
40.91 4 0.246769
41.01 1 0.144264
41.01 2 0.00713579
41.01 3 5.01406
41.01 4 0.247123
41.11 1 0.144264
41.11 2 0.00711821
41.11 3 5.02121
41.11 4 0.246935
41.21 1 0.143913
41.21 2 0.00711821
41.21 3 5.01743
41.21 4 0.247284
41.31 1 0.143913
41.31 2 0.00710081
41.31 3 5.02441
41.31 4 0.247096
41.41 1 0.143564
41.41 2 0.00710081
41.41 3 5.02069
41.41 4 0.247443
41.51 1 0.143564
41.51 2 0.00708359
41.51 3 5.02761
41.51 4 0.24726
41.61 1 0.143148
41.61 2 0.00708359
41.61 3 5.02383
41.61 4 0.247598
41.71 1 0.14322
41.71 2 0.00706063
41.71 3 5.03073
41.71 4 0.247416
41.81 1 0.142759
41.81 2 0.00706655
41.81 3 5.02695
41.81 4 0.247755
41.91 1 0.142879
41.91 2 0.00704378
41.91 3 5.03378
41.91 4 0.247566
42.01 1 0.142879
42.01 2 0.00704968
42.01 3 5.02998
42.01 4 0.247905
42.11 1 0.142541
42.11 2 0.00704968
42.11 3 5.03679
42.11 4 0.247715
42.21 1 0.142541
42.21 2 0.00703297
42.21 3 5.03295
42.21 4 0.24805
42.31 1 0.142206
42.31 2 0.00703297
42.31 3 5.03979
42.31 4 0.247864
42.41 1 0.142206
42.41 2 0.00701644
42.41 3 5.03592
42.41 4 0.248195
42.51 1 0.141875
42.51 2 0.00701644
42.51 3 5.04263
42.51 4 0.248007
42.61 1 0.141875
42.61 2 0.00700007
42.61 3 5.03889
42.61 4 0.248338
42.71 1 0.141548
42.71 2 0.00700007
42.71 3 5.04548
42.71 4 0.248155
42.81 1 0.141548
42.81 2 0.00698387
42.81 3 5.0417
42.81 4 0.24848
42.91 1 0.141223
42.91 2 0.00698387
42.91 3 5.04829
42.91 4 0.248293
43.01 1 0.141223
43.01 2 0.00696782
43.01 3 5.04476
43.01 4 0.248617
43.11 1 0.140902
43.11 2 0.00696782
43.11 3 5.05102
43.11 4 0.248473
43.21 1 0.140902
43.21 2 0.00695194
43.21 3 5.04833
43.21 4 0.248751
43.31 1 0.140515
43.31 2 0.00695194
43.31 3 5.05377
43.31 4 0.248962
43.41 1 0.140584
43.41 2 0.00693045
43.41 3 5.05814
43.41 4 0.248883
43.51 1 0.140152
43.51 2 0.0069362
43.51 3 5.05637
43.51 4 0.249107
43.61 1 0.140269
43.61 2 0.0069149
43.61 3 5.06104
43.61 4 0.249011
43.71 1 0.139772
43.71 2 0.00692063
43.71 3 5.05883
43.71 4 0.249249
43.81 1 0.139957
43.81 2 0.00692063
43.81 3 5.06389
43.81 4 0.249136
43.91 1 0.139957
43.91 2 0.0069052
43.91 3 5.06144
43.91 4 0.249389
44.01 1 0.139648
44.01 2 0.0069052
44.01 3 5.06669
44.01 4 0.24926
44.11 1 0.139648
44.11 2 0.00688992
44.11 3 5.06397
44.11 4 0.249527
44.21 1 0.139342
44.21 2 0.00688992
44.21 3 5.06945
44.21 4 0.249389
44.31 1 0.139342
44.31 2 0.00687479
44.31 3 5.06645
44.31 4 0.249662
44.41 1 0.139039
44.41 2 0.00687479
44.41 3 5.07215
44.41 4 0.249508
44.51 1 0.139039
44.51 2 0.0068598
44.51 3 5.06889
44.51 4 0.249795
44.61 1 0.138739
44.61 2 0.0068598
44.61 3 5.07481
44.61 4 0.249629
44.71 1 0.138739
44.71 2 0.00684496
44.71 3 5.07125
44.71 4 0.249923
44.81 1 0.138441
44.81 2 0.00684496
44.81 3 5.07724
44.81 4 0.249747
44.91 1 0.138441
44.91 2 0.00683026
44.91 3 5.07366
44.91 4 0.250042
45.01 1 0.138147
45.01 2 0.00683026
45.01 3 5.07947
45.01 4 0.249861
45.11 1 0.138147
45.11 2 0.0068101
45.11 3 5.07599
45.11 4 0.250155
45.21 1 0.137742
45.21 2 0.00681569
45.21 3 5.08181
45.21 4 0.249979
45.31 1 0.137855
45.31 2 0.00679569
45.31 3 5.07827
45.31 4 0.250264
45.41 1 0.137387
45.41 2 0.00680126
45.41 3 5.08391
45.41 4 0.250092
45.51 1 0.137567
45.51 2 0.00680126
45.51 3 5.08052
45.51 4 0.250369
45.61 1 0.137567
45.61 2 0.00678702
45.61 3 5.08611
45.61 4 0.2502
45.71 1 0.137282
45.71 2 0.00678702
45.71 3 5.08279
45.71 4 0.250478
45.81 1 0.137282
45.81 2 0.00677292
45.81 3 5.08828
45.81 4 0.25031
45.91 1 0.136999
45.91 2 0.00677292
45.91 3 5.08492
45.91 4 0.250582
46.01 1 0.136999
46.01 2 0.00675894
46.01 3 5.09045
46.01 4 0.250417
46.11 1 0.136719
46.11 2 0.00675894
46.11 3 5.08708
46.11 4 0.250687
46.21 1 0.136719
46.21 2 0.00674509
46.21 3 5.09251
46.21 4 0.250525
46.31 1 0.136442
46.31 2 0.00674509
46.31 3 5.0892
46.31 4 0.250794
46.41 1 0.136442
46.41 2 0.00673137
46.41 3 5.09458
46.41 4 0.250629
46.51 1 0.136167
46.51 2 0.00673137
46.51 3 5.09128
46.51 4 0.250894
46.61 1 0.136167
46.61 2 0.00671778
46.61 3 5.09666
46.61 4 0.250729
46.71 1 0.135893
46.71 2 0.00671778
46.71 3 5.09337
46.71 4 0.250994
46.81 1 0.135893
46.81 2 0.00670425
46.81 3 5.09862
46.81 4 0.25083
46.91 1 0.135558
46.91 2 0.00670425
46.91 3 5.09535
46.91 4 0.251093
47.01 1 0.135622
47.01 2 0.00668538
47.01 3 5.10064
47.01 4 0.250934
47.11 1 0.135244
47.11 2 0.00669085
47.11 3 5.09735
47.11 4 0.251188
47.21 1 0.135354
47.21 2 0.00667217
47.21 3 5.10259
47.21 4 0.251028
47.31 1 0.135354
47.31 2 0.00667757
47.31 3 5.09942
47.31 4 0.251287
47.41 1 0.135088
47.41 2 0.00667757
47.41 3 5.10447
47.41 4 0.251136
47.51 1 0.135088
47.51 2 0.0066644
47.51 3 5.10207
47.51 4 0.25138
47.61 1 0.134824
47.61 2 0.0066644
47.61 3 5.1064
47.61 4 0.251265
47.71 1 0.134824
47.71 2 0.00665136
47.71 3 5.10992
47.71 4 0.251473
47.81 1 0.134562
47.81 2 0.00665136
47.81 3 5.10822
47.81 4 0.251652
47.91 1 0.134562
47.91 2 0.00663843
47.91 3 5.112
47.91 4 0.251565
48.01 1 0.134303
48.01 2 0.00663843
48.01 3 5.1101
48.01 4 0.251754
48.11 1 0.134303
48.11 2 0.00662561
48.11 3 5.11404
48.11 4 0.251653
48.21 1 0.134046
48.21 2 0.00662561
48.21 3 5.11191
48.21 4 0.251854
48.31 1 0.134046
48.31 2 0.00661291
48.31 3 5.11605
48.31 4 0.251746
48.41 1 0.133792
48.41 2 0.00661291
48.41 3 5.11366
48.41 4 0.251953
48.51 1 0.133792
48.51 2 0.00660032
48.51 3 5.11803
48.51 4 0.251834
48.61 1 0.133477
48.61 2 0.00660032
48.61 3 5.11546
48.61 4 0.25205
48.71 1 0.133539
48.71 2 0.00658258
48.71 3 5.11999
48.71 4 0.251918
48.81 1 0.133183
48.81 2 0.00658784
48.81 3 5.1172
48.81 4 0.252146
48.91 1 0.133289
48.91 2 0.00657022
48.91 3 5.1201
48.91 4 0.252004
49.01 1 0.132873
49.01 2 0.00657547
49.01 3 5.1201
49.01 4 0.252152
49.11 1 0.133042
49.11 2 0.00657547
49.11 3 5.08443
49.11 4 0.252152
49.21 1 0.133042
49.21 2 0.00656325
49.21 3 5.08443
49.21 4 0.250403
49.31 1 0.132797
49.31 2 0.00656325
49.31 3 5.04824
49.31 4 0.250403
49.41 1 0.132797
49.41 2 0.00655114
49.41 3 5.04486
49.41 4 0.248624
49.51 1 0.132554
49.51 2 0.00655114
49.51 3 5.04265
49.51 4 0.24846
49.61 1 0.132554
49.61 2 0.00653913
49.61 3 5.0439
49.61 4 0.248345
49.71 1 0.132313
49.71 2 0.00653913
49.71 3 5.045
49.71 4 0.248406
49.81 1 0.132313
49.81 2 0.00652718
49.81 3 5.04623
49.81 4 0.248459
49.91 1 0.132074
49.91 2 0.00652718
49.91 3 5.04732
49.91 4 0.248521
50.01 1 0.132074
50.01 2 0.00651538
50.01 3 5.04853
50.01 4 0.248573
50.11 1 0.131837
50.11 2 0.00651538
50.11 3 5.0496
50.11 4 0.248633
50.21 1 0.131837
50.21 2 0.00650363
50.21 3 5.05081
50.21 4 0.248686
50.31 1 0.131602
50.31 2 0.00650363
50.31 3 5.05186
50.31 4 0.248745
50.41 1 0.131602
50.41 2 0.0064869
50.41 3 5.05305
50.41 4 0.248797
50.51 1 0.131265
50.51 2 0.00649201
50.51 3 5.05409
50.51 4 0.248855
50.61 1 0.131369
50.61 2 0.00647539
50.61 3 5.05524
50.61 4 0.248908
50.71 1 0.130973
50.71 2 0.00648051
50.71 3 5.05632
50.71 4 0.248963
50.81 1 0.131138
50.81 2 0.00648051
50.81 3 5.05745
50.81 4 0.249016
50.91 1 0.131138
50.91 2 0.00646908
50.91 3 5.05852
50.91 4 0.249071
51.01 1 0.130908
51.01 2 0.00646908
51.01 3 5.05961
51.01 4 0.249123
51.11 1 0.130908
51.11 2 0.00645771
51.11 3 5.06063
51.11 4 0.249177
51.21 1 0.13068
51.21 2 0.00645771
51.21 3 5.06171
51.21 4 0.249228
51.31 1 0.13068
51.31 2 0.00644644
51.31 3 5.06275
51.31 4 0.249281
51.41 1 0.130454
51.41 2 0.00644644
51.41 3 5.06382
51.41 4 0.249332
51.51 1 0.130454
51.51 2 0.00643526
51.51 3 5.06484
51.51 4 0.249384
51.61 1 0.13023
51.61 2 0.00643526
51.61 3 5.06591
51.61 4 0.249438
51.71 1 0.13023
51.71 2 0.00642417
51.71 3 5.06698
51.71 4 0.249486
51.81 1 0.130007
51.81 2 0.00642417
51.81 3 5.06796
51.81 4 0.24954
51.91 1 0.130007
51.91 2 0.00641318
51.91 3 5.06902
51.91 4 0.249587
52.01 1 0.129787
52.01 2 0.00641318
52.01 3 5.06998
52.01 4 0.24964
52.11 1 0.129787
52.11 2 0.00640227
52.11 3 5.07105
52.11 4 0.249687
52.21 1 0.129509
52.21 2 0.00640227
52.21 3 5.07195
52.21 4 0.249739
52.31 1 0.129568
52.31 2 0.00638651
52.31 3 5.07303
52.31 4 0.249785
52.41 1 0.129251
52.41 2 0.00639145
52.41 3 5.07393
52.41 4 0.249837
52.51 1 0.129351
52.51 2 0.0063758
52.51 3 5.075
52.51 4 0.249881
52.61 1 0.129351
52.61 2 0.00638072
52.61 3 5.07588
52.61 4 0.249933
52.71 1 0.129136
52.71 2 0.00638072
52.71 3 5.0769
52.71 4 0.249977
52.81 1 0.129136
52.81 2 0.00637008
52.81 3 5.07781
52.81 4 0.250028
52.91 1 0.128922
52.91 2 0.00637008
52.91 3 5.07882
52.91 4 0.250072
53.01 1 0.128922
53.01 2 0.00635952
53.01 3 5.07973
53.01 4 0.250122
53.11 1 0.128711
53.11 2 0.00635952
53.11 3 5.08071
53.11 4 0.250166
53.21 1 0.128711
53.21 2 0.00634905
53.21 3 5.08161
53.21 4 0.250215
53.31 1 0.1285
53.31 2 0.00634905
53.31 3 5.0826
53.31 4 0.250258
53.41 1 0.1285
53.41 2 0.00633866
53.41 3 5.08347
53.41 4 0.250307
53.51 1 0.128292
53.51 2 0.00633866
53.51 3 5.08444
53.51 4 0.250349
53.61 1 0.128292
53.61 2 0.00632835
53.61 3 5.0853
53.61 4 0.250398
53.71 1 0.128085
53.71 2 0.00632835
53.71 3 5.08627
53.71 4 0.25044
53.81 1 0.128085
53.81 2 0.00631813
53.81 3 5.08709
53.81 4 0.250487
53.91 1 0.127823
53.91 2 0.00631813
53.91 3 5.08807
53.91 4 0.250528
54.01 1 0.12788
54.01 2 0.00630316
54.01 3 5.08888
54.01 4 0.250576
54.11 1 0.127579
54.11 2 0.00630798
54.11 3 5.08983
54.11 4 0.250616
54.21 1 0.127677
54.21 2 0.00629311
54.21 3 5.09067
54.21 4 0.250663
54.31 1 0.127321
54.31 2 0.00629791
54.31 3 5.09159
54.31 4 0.250704
54.41 1 0.127475
54.41 2 0.00629791
54.41 3 5.09242
54.41 4 0.250749
54.51 1 0.127475
54.51 2 0.00628793
54.51 3 5.09334
54.51 4 0.25079
54.61 1 0.127274
54.61 2 0.00628793
54.61 3 5.09415
54.61 4 0.250835
54.71 1 0.127274
54.71 2 0.00627802
54.71 3 5.09507
54.71 4 0.250873
54.81 1 0.127075
54.81 2 0.00627802
54.81 3 5.09588
54.81 4 0.25092
54.91 1 0.127075
54.91 2 0.00626818
54.91 3 5.09677
54.91 4 0.25096
55.01 1 0.126878
55.01 2 0.00626818
55.01 3 5.09759
55.01 4 0.251003
55.11 1 0.126878
55.11 2 0.00625843
55.11 3 5.09845
55.11 4 0.251044
55.21 1 0.126682
55.21 2 0.00625843
55.21 3 5.09924
55.21 4 0.251086
55.31 1 0.126682
55.31 2 0.00624874
55.31 3 5.10008
55.31 4 0.251125
55.41 1 0.126489
55.41 2 0.00624874
55.41 3 5.10089
55.41 4 0.251167
55.51 1 0.126489
55.51 2 0.00623918
55.51 3 5.10173
55.51 4 0.251207
55.61 1 0.12624
55.61 2 0.00623918
55.61 3 5.10253
55.61 4 0.251248
55.71 1 0.126296
55.71 2 0.0062249
55.71 3 5.10336
55.71 4 0.251287
55.81 1 0.126009
55.81 2 0.00622964
55.81 3 5.10416
55.81 4 0.251328
55.91 1 0.126105
55.91 2 0.00621545
55.91 3 5.10498
55.91 4 0.251367
56.01 1 0.125764
56.01 2 0.00622018
56.01 3 5.10581
56.01 4 0.251407
56.11 1 0.125915
56.11 2 0.00622018
56.11 3 5.10657
56.11 4 0.251449
56.21 1 0.125915
56.21 2 0.00621079
56.21 3 5.10741
56.21 4 0.251485
56.31 1 0.125727
56.31 2 0.00621079
56.31 3 5.10814
56.31 4 0.251526
56.41 1 0.125727
56.41 2 0.00620151
56.41 3 5.10897
56.41 4 0.251562
56.51 1 0.12554
56.51 2 0.00620151
56.51 3 5.10967
56.51 4 0.251603
56.61 1 0.12554
56.61 2 0.00619226
56.61 3 5.11052
56.61 4 0.251638
56.71 1 0.125354
56.71 2 0.00619226
56.71 3 5.11121
56.71 4 0.251679
56.81 1 0.125354
56.81 2 0.00618308
56.81 3 5.11202
56.81 4 0.251714
56.91 1 0.12517
56.91 2 0.00618308
56.91 3 5.11273
56.91 4 0.251754
57.01 1 0.12517
57.01 2 0.00617397
57.01 3 5.11353
57.01 4 0.251789
57.11 1 0.124987
57.11 2 0.00617397
57.11 3 5.11425
57.11 4 0.251828
57.21 1 0.124987
57.21 2 0.00616492
57.21 3 5.11503
57.21 4 0.251863
57.31 1 0.124806
57.31 2 0.00616492
57.31 3 5.11574
57.31 4 0.251902
57.41 1 0.124806
57.41 2 0.00615595
57.41 3 5.11653
57.41 4 0.251936
57.51 1 0.124534
57.51 2 0.00615595
57.51 3 5.11721
57.51 4 0.251975
57.61 1 0.124625
57.61 2 0.00614252
57.61 3 5.11799
57.61 4 0.252008
57.71 1 0.124355
57.71 2 0.00614703
57.71 3 5.11864
57.71 4 0.252047
57.81 1 0.124447
57.81 2 0.00614703
57.81 3 5.11944
57.81 4 0.25208
57.91 1 0.124447
57.91 2 0.00613819
57.91 3 5.12008
57.91 4 0.252118
58.01 1 0.124269
58.01 2 0.00613819
58.01 3 5.12088
58.01 4 0.25215
58.11 1 0.124269
58.11 2 0.00612941
58.11 3 5.12151
58.11 4 0.252188
58.21 1 0.124093
58.21 2 0.00612941
58.21 3 5.12227
58.21 4 0.25222
58.31 1 0.124093
58.31 2 0.00612069
58.31 3 5.12294
58.31 4 0.252258
58.41 1 0.123918
58.41 2 0.00612069
58.41 3 5.12367
58.41 4 0.25229
58.51 1 0.123918
58.51 2 0.00611204
58.51 3 5.12433
58.51 4 0.252327
58.61 1 0.123744
58.61 2 0.00611204
58.61 3 5.12508
58.61 4 0.252358
58.71 1 0.123744
58.71 2 0.00610345
58.71 3 5.12571
58.71 4 0.252395
58.81 1 0.123572
58.81 2 0.00610345
58.81 3 5.12645
58.81 4 0.252426
58.91 1 0.123572
58.91 2 0.00609492
58.91 3 5.12709
58.91 4 0.252463
59.01 1 0.1234
59.01 2 0.00609492
59.01 3 5.12781
59.01 4 0.252494
59.11 1 0.1234
59.11 2 0.00608645
59.11 3 5.12845
59.11 4 0.252529
59.21 1 0.123178
59.21 2 0.00608645
59.21 3 5.12914
59.21 4 0.252561
59.31 1 0.12323
59.31 2 0.00607363
59.31 3 5.12979
59.31 4 0.252596
59.41 1 0.122972
59.41 2 0.00607804
59.41 3 5.13047
59.41 4 0.252627
59.51 1 0.123062
59.51 2 0.0060653
59.51 3 5.13112
59.51 4 0.252661
59.61 1 0.123062
59.61 2 0.00606969
59.61 3 5.13179
59.61 4 0.252692
59.71 1 0.122894
59.71 2 0.00606969
59.71 3 5.13241
59.71 4 0.252726
59.81 1 0.122894
59.81 2 0.00606141
59.81 3 5.13241
59.81 4 0.252756
59.91 1 0.122728
59.91 2 0.00606141
59.91 3 5.10636
59.91 4 0.252756
60.01 1 0.122728
60.01 2 0.00605322
60.01 3 5.10636
60.01 4 0.251479
60.11 1 0.122564
60.11 2 0.00605322
60.11 3 5.08101
60.11 4 0.251479
60.21 1 0.122564
60.21 2 0.00604509
60.21 3 5.08139
60.21 4 0.250231
60.31 1 0.1224
60.31 2 0.00604509
60.31 3 5.08222
60.31 4 0.250249
60.41 1 0.1224
60.41 2 0.006037
60.41 3 5.08293
60.41 4 0.250289
60.51 1 0.122237
60.51 2 0.006037
60.51 3 5.08376
60.51 4 0.250324
60.61 1 0.122237
60.61 2 0.00602894
60.61 3 5.08445
60.61 4 0.250364
60.71 1 0.122076
60.71 2 0.00602894
60.71 3 5.08525
60.71 4 0.250399
60.81 1 0.122076
60.81 2 0.00602094
60.81 3 5.08597
60.81 4 0.250438
60.91 1 0.121864
60.91 2 0.00602094
60.91 3 5.08675
60.91 4 0.250473
61.01 1 0.121915
61.01 2 0.00600869
61.01 3 5.08747
61.01 4 0.250512
61.11 1 0.121668
61.11 2 0.006013
61.11 3 5.08825
61.11 4 0.250546
61.21 1 0.121755
61.21 2 0.00600081
61.21 3 5.08894
61.21 4 0.250585
61.31 1 0.121459
61.31 2 0.00600511
61.31 3 5.08972
61.31 4 0.250619
61.41 1 0.121597
61.41 2 0.00600511
61.41 3 5.09041
61.41 4 0.250657
61.51 1 0.121597
61.51 2 0.00599727
61.51 3 5.09118
61.51 4 0.250691
61.61 1 0.12144
61.61 2 0.00599727
61.61 3 5.09183
61.61 4 0.250729
61.71 1 0.12144
61.71 2 0.00598951
61.71 3 5.09262
61.71 4 0.250761
61.81 1 0.121284
61.81 2 0.00598951
61.81 3 5.09327
61.81 4 0.2508
61.91 1 0.121284
61.91 2 0.00598178
61.91 3 5.09403
61.91 4 0.250832
62.01 1 0.121129
62.01 2 0.00598178
62.01 3 5.0947
62.01 4 0.250869
62.11 1 0.121129
62.11 2 0.0059741
62.11 3 5.09544
62.11 4 0.250902
62.21 1 0.120974
62.21 2 0.0059741
62.21 3 5.09611
62.21 4 0.250939
62.31 1 0.120974
62.31 2 0.00596648
62.31 3 5.09685
62.31 4 0.250971
62.41 1 0.120821
62.41 2 0.00596648
62.41 3 5.09751
62.41 4 0.251008
62.51 1 0.120821
62.51 2 0.00595891
62.51 3 5.09825
62.51 4 0.25104
62.61 1 0.120619
62.61 2 0.00595891
62.61 3 5.09889
62.61 4 0.251076
62.71 1 0.120669
62.71 2 0.00594718
62.71 3 5.09962
62.71 4 0.251108
62.81 1 0.120433
62.81 2 0.00595139
62.81 3 5.10024
62.81 4 0.251144
62.91 1 0.120518
62.91 2 0.00593972
62.91 3 5.10098
62.91 4 0.251175
63.01 1 0.120233
63.01 2 0.00594392
63.01 3 5.10159
63.01 4 0.251211
63.11 1 0.120368
63.11 2 0.00594392
63.11 3 5.10231
63.11 4 0.251241
63.21 1 0.120368
63.21 2 0.00593651
63.21 3 5.10294
63.21 4 0.251277
63.31 1 0.120219
63.31 2 0.00593651
63.31 3 5.10365
63.31 4 0.251307
63.41 1 0.120219
63.41 2 0.00592914
63.41 3 5.10428
63.41 4 0.251342
63.51 1 0.120071
63.51 2 0.00592914
63.51 3 5.10498
63.51 4 0.251373
63.61 1 0.120071
63.61 2 0.00592182
63.61 3 5.1056
63.61 4 0.251408
63.71 1 0.119924
63.71 2 0.00592182
63.71 3 5.1063
63.71 4 0.251438
63.81 1 0.119924
63.81 2 0.00591455
63.81 3 5.10691
63.81 4 0.251472
63.91 1 0.119778
63.91 2 0.00591455
63.91 3 5.1076
63.91 4 0.251502
64.01 1 0.119778
64.01 2 0.00590733
64.01 3 5.10821
64.01 4 0.251536
64.11 1 0.119633
64.11 2 0.00590733
64.11 3 5.10889
64.11 4 0.251566
64.21 1 0.119633
64.21 2 0.00590015
64.21 3 5.10947
64.21 4 0.251599
64.31 1 0.119489
64.31 2 0.00590015
64.31 3 5.11017
64.31 4 0.251628
64.41 1 0.119489
64.41 2 0.00589303
64.41 3 5.11085
64.41 4 0.251662
64.51 1 0.119262
64.51 2 0.00589303
64.51 3 5.11141
64.51 4 0.251696
64.61 1 0.119346
64.61 2 0.00588183
64.61 3 5.11211
64.61 4 0.251724
64.71 1 0.11912
64.71 2 0.00588595
64.71 3 5.11267
64.71 4 0.251758
64.81 1 0.119204
64.81 2 0.00588595
64.81 3 5.11334
64.81 4 0.251786
64.91 1 0.119204
64.91 2 0.00587891
64.91 3 5.11393
64.91 4 0.251818
65.01 1 0.119062
65.01 2 0.00587891
65.01 3 5.11457
65.01 4 0.251847
65.11 1 0.119062
65.11 2 0.00587193
65.11 3 5.11516
65.11 4 0.251879
65.21 1 0.118922
65.21 2 0.00587193
65.21 3 5.11581
65.21 4 0.251907
65.31 1 0.118922
65.31 2 0.00586498
65.31 3 5.11638
65.31 4 0.25194
65.41 1 0.118782
65.41 2 0.00586498
65.41 3 5.11703
65.41 4 0.251968
65.51 1 0.118782
65.51 2 0.00585809
65.51 3 5.11759
65.51 4 0.251999
65.61 1 0.118644
65.61 2 0.00585809
65.61 3 5.11824
65.61 4 0.252027
65.71 1 0.118644
65.71 2 0.00585123
65.71 3 5.11877
65.71 4 0.252059
65.81 1 0.118506
65.81 2 0.00585123
65.81 3 5.11943
65.81 4 0.252086
65.91 1 0.118506
65.91 2 0.00584443
65.91 3 5.11996
65.91 4 0.252117
66.01 1 0.118369
66.01 2 0.00584443
66.01 3 5.12059
66.01 4 0.252144
66.11 1 0.118369
66.11 2 0.00583766
66.11 3 5.12114
66.11 4 0.252175
66.21 1 0.118186
66.21 2 0.00583766
66.21 3 5.12177
66.21 4 0.252202
66.31 1 0.118233
66.31 2 0.00582691
66.31 3 5.12232
66.31 4 0.252233
66.41 1 0.118017
66.41 2 0.00583094
66.41 3 5.12293
66.41 4 0.25226
66.51 1 0.118098
66.51 2 0.00582025
66.51 3 5.12348
66.51 4 0.25229
66.61 1 0.118098
66.61 2 0.00582426
66.61 3 5.1241
66.61 4 0.252317
66.71 1 0.117964
66.71 2 0.00582426
66.71 3 5.12463
66.71 4 0.252347
66.81 1 0.117964
66.81 2 0.00581763
66.81 3 5.12524
66.81 4 0.252373
66.91 1 0.117831
66.91 2 0.00581763
66.91 3 5.12575
66.91 4 0.252403
67.01 1 0.117831
67.01 2 0.00581103
67.01 3 5.12638
67.01 4 0.252429
67.11 1 0.117698
67.11 2 0.00581103
67.11 3 5.12688
67.11 4 0.252459
67.21 1 0.117698
67.21 2 0.00580448
67.21 3 5.12748
67.21 4 0.252484
67.31 1 0.117567
67.31 2 0.00580448
67.31 3 5.128
67.31 4 0.252514
67.41 1 0.117567
67.41 2 0.00579801
67.41 3 5.1286
67.41 4 0.252539
67.51 1 0.117437
67.51 2 0.00579801
67.51 3 5.12913
67.51 4 0.252569
67.61 1 0.117437
67.61 2 0.00579157
67.61 3 5.12971
67.61 4 0.252594
67.71 1 0.117307
67.71 2 0.00579157
67.71 3 5.13023
67.71 4 0.252623
67.81 1 0.117307
67.81 2 0.00578514
67.81 3 5.13081
67.81 4 0.252648
67.91 1 0.117132
67.91 2 0.00578514
67.91 3 5.13132
67.91 4 0.252677
68.01 1 0.117178
68.01 2 0.00577477
68.01 3 5.1319
68.01 4 0.252702
68.11 1 0.11697
68.11 2 0.00577875
68.11 3 5.1324
68.11 4 0.252731
68.21 1 0.11705
68.21 2 0.00576847
68.21 3 5.13298
68.21 4 0.252755
68.31 1 0.116796
68.31 2 0.0057724
68.31 3 5.13346
68.31 4 0.252784
68.41 1 0.116922
68.41 2 0.0057724
68.41 3 5.13405
68.41 4 0.252808
68.51 1 0.116922
68.51 2 0.00576609
68.51 3 5.13452
68.51 4 0.252836
68.61 1 0.116795
68.61 2 0.00576609
68.61 3 5.13509
68.61 4 0.25286
68.71 1 0.116795
68.71 2 0.00575982
68.71 3 5.13567
68.71 4 0.252888
68.81 1 0.116669
68.81 2 0.00575982
68.81 3 5.13615
68.81 4 0.252916
68.91 1 0.116669
68.91 2 0.00575359
68.91 3 5.13671
68.91 4 0.25294
69.01 1 0.116544
69.01 2 0.00575359
69.01 3 5.1372
69.01 4 0.252967
69.11 1 0.116544
69.11 2 0.00574739
69.11 3 5.13775
69.11 4 0.252991
69.21 1 0.11642
69.21 2 0.00574739
69.21 3 5.13824
69.21 4 0.253018
69.31 1 0.11642
69.31 2 0.00574124
69.31 3 5.13879
69.31 4 0.253042
69.41 1 0.116296
69.41 2 0.00574124
69.41 3 5.13926
69.41 4 0.253069
69.51 1 0.116296
69.51 2 0.00573512
69.51 3 5.13981
69.51 4 0.253092
69.61 1 0.116127
69.61 2 0.00573512
69.61 3 5.14028
69.61 4 0.253119
69.71 1 0.116173
69.71 2 0.00572518
69.71 3 5.14083
69.71 4 0.253142
69.81 1 0.115972
69.81 2 0.00572904
69.81 3 5.14127
69.81 4 0.253169
69.91 1 0.116051
69.91 2 0.00571914
69.91 3 5.14183
69.91 4 0.253192
70.01 1 0.115806
70.01 2 0.005723
70.01 3 5.14228
70.01 4 0.253219
70.11 1 0.115929
70.11 2 0.005723
70.11 3 5.14281
70.11 4 0.253241
70.21 1 0.115929
70.21 2 0.00571699
70.21 3 5.14327
70.21 4 0.253267
70.31 1 0.115808
70.31 2 0.00571699
70.31 3 5.1438
70.31 4 0.25329
70.41 1 0.115808
70.41 2 0.00571102
70.41 3 5.14427
70.41 4 0.253316
70.51 1 0.115688
70.51 2 0.00571102
70.51 3 5.14466
70.51 4 0.253338
70.61 1 0.115688
70.61 2 0.00570508
70.61 3 5.14466
70.61 4 0.253358
70.71 1 0.11557
70.71 2 0.00570508
70.71 3 5.1241
70.71 4 0.253358
70.81 1 0.11557
70.81 2 0.00569921
70.81 3 5.1241
70.81 4 0.25235
70.91 1 0.115452
70.91 2 0.00569921
70.91 3 5.10383
70.91 4 0.25235
71.01 1 0.115452
71.01 2 0.00569338
71.01 3 5.10443
71.01 4 0.251351
71.11 1 0.115335
71.11 2 0.00569338
71.11 3 5.10496
71.11 4 0.251381
71.21 1 0.115335
71.21 2 0.00568758
71.21 3 5.10555
71.21 4 0.251407
71.31 1 0.115218
71.31 2 0.00568758
71.31 3 5.10607
71.31 4 0.251436
71.41 1 0.115218
71.41 2 0.0056818
71.41 3 5.10667
71.41 4 0.251462
71.51 1 0.115025
71.51 2 0.0056818
71.51 3 5.10718
71.51 4 0.251491
71.61 1 0.115101
71.61 2 0.0056723
71.61 3 5.10777
71.61 4 0.251516
71.71 1 0.114909
71.71 2 0.00567604
71.71 3 5.10832
71.71 4 0.251545
71.81 1 0.114985
71.81 2 0.00566658
71.81 3 5.10887
71.81 4 0.251572
71.91 1 0.114985
71.91 2 0.00567032
71.91 3 5.10942
71.91 4 0.251599
72.01 1 0.11487
72.01 2 0.00567032
72.01 3 5.10997
72.01 4 0.251626
72.11 1 0.11487
72.11 2 0.00566462
72.11 3 5.11052
72.11 4 0.251653
72.21 1 0.114756
72.21 2 0.00566462
72.21 3 5.11105
72.21 4 0.251679
72.31 1 0.114756
72.31 2 0.00565897
72.31 3 5.11159
72.31 4 0.251706
72.41 1 0.114642
72.41 2 0.00565897
72.41 3 5.1121
72.41 4 0.251732
72.51 1 0.114642
72.51 2 0.00565334
72.51 3 5.11265
72.51 4 0.251758
72.61 1 0.114529
72.61 2 0.00565334
72.61 3 5.11317
72.61 4 0.251785
72.71 1 0.114529
72.71 2 0.00564775
72.71 3 5.11371
72.71 4 0.25181
72.81 1 0.114417
72.81 2 0.00564775
72.81 3 5.11424
72.81 4 0.251838
72.91 1 0.114417
72.91 2 0.00564219
72.91 3 5.11479
72.91 4 0.251862
73.01 1 0.114305
73.01 2 0.00564219
73.01 3 5.11528
73.01 4 0.25189
73.11 1 0.114305
73.11 2 0.00563666
73.11 3 5.11584
73.11 4 0.251914
73.21 1 0.11415
73.21 2 0.00563666
73.21 3 5.11632
73.21 4 0.251941
73.31 1 0.114194
73.31 2 0.00562753
73.31 3 5.11688
73.31 4 0.251965
73.41 1 0.114009
73.41 2 0.00563116
73.41 3 5.11736
73.41 4 0.251992
73.51 1 0.114083
73.51 2 0.00562207
73.51 3 5.1179
73.51 4 0.252016
73.61 1 0.113857
73.61 2 0.0056257
73.61 3 5.11836
73.61 4 0.252042
73.71 1 0.113973
73.71 2 0.0056257
73.71 3 5.11892
73.71 4 0.252065
73.81 1 0.113973
73.81 2 0.00562027
73.81 3 5.11938
73.81 4 0.252093
73.91 1 0.113864
73.91 2 0.00562027
73.91 3 5.11992
73.91 4 0.252115
74.01 1 0.113864
74.01 2 0.00561486
74.01 3 5.12039
74.01 4 0.252142
74.11 1 0.113755
74.11 2 0.00561486
74.11 3 5.12093
74.11 4 0.252165
74.21 1 0.113755
74.21 2 0.00560949
74.21 3 5.1214
74.21 4 0.252191
74.31 1 0.113647
74.31 2 0.00560949
74.31 3 5.12192
74.31 4 0.252214
74.41 1 0.113647
74.41 2 0.00560415
74.41 3 5.12239
74.41 4 0.252241
74.51 1 0.11354
74.51 2 0.00560415
74.51 3 5.12292
74.51 4 0.252263
74.61 1 0.11354
74.61 2 0.00559885
74.61 3 5.12338
74.61 4 0.252289
74.71 1 0.113433
74.71 2 0.00559885
74.71 3 5.12391
74.71 4 0.252312
74.81 1 0.113433
74.81 2 0.00559357
74.81 3 5.12436
74.81 4 0.252338
74.91 1 0.113285
74.91 2 0.00559357
74.91 3 5.12488
74.91 4 0.25236
75.01 1 0.113327
75.01 2 0.00558475
75.01 3 5.12532
75.01 4 0.252386
75.11 1 0.113149
75.11 2 0.00558832
75.11 3 5.12585
75.11 4 0.252407
75.21 1 0.113222
75.21 2 0.00557954
75.21 3 5.12628
75.21 4 0.252433
75.31 1 0.113002
75.31 2 0.0055831
75.31 3 5.1268
75.31 4 0.252455
75.41 1 0.113117
75.41 2 0.0055831
75.41 3 5.12725
75.41 4 0.25248
75.51 1 0.113117
75.51 2 0.00557791
75.51 3 5.12775
75.51 4 0.252502
75.61 1 0.113012
75.61 2 0.00557791
75.61 3 5.1282
75.61 4 0.252527
75.71 1 0.113012
75.71 2 0.00557275
75.71 3 5.12871
75.71 4 0.252549
75.81 1 0.112909
75.81 2 0.00557275
75.81 3 5.12914
75.81 4 0.252574
75.91 1 0.112909
75.91 2 0.00556761
75.91 3 5.12965
75.91 4 0.252595
76.01 1 0.112805
76.01 2 0.00556761
76.01 3 5.13009
76.01 4 0.25262
76.11 1 0.112805
76.11 2 0.00556251
76.11 3 5.13059
76.11 4 0.252643
76.21 1 0.112703
76.21 2 0.00556251
76.21 3 5.13106
76.21 4 0.252666
76.31 1 0.112703
76.31 2 0.00555743
76.31 3 5.13152
76.31 4 0.252689
76.41 1 0.112601
76.41 2 0.00555743
76.41 3 5.13198
76.41 4 0.252712
76.51 1 0.112601
76.51 2 0.00555242
76.51 3 5.13242
76.51 4 0.252735
76.61 1 0.1125
76.61 2 0.00555242
76.61 3 5.13288
76.61 4 0.252757
76.71 1 0.1125
76.71 2 0.00554387
76.71 3 5.13334
76.71 4 0.252779
76.81 1 0.112327
76.81 2 0.00554741
76.81 3 5.1338
76.81 4 0.252802
76.91 1 0.112399
76.91 2 0.00553889
76.91 3 5.13425
76.91 4 0.252824
77.01 1 0.112186
77.01 2 0.00554242
77.01 3 5.13472
77.01 4 0.252846
77.11 1 0.112299
77.11 2 0.00554242
77.11 3 5.13516
77.11 4 0.25287
77.21 1 0.112299
77.21 2 0.00553747
77.21 3 5.13563
77.21 4 0.252891
77.31 1 0.112199
77.31 2 0.00553747
77.31 3 5.13606
77.31 4 0.252914
77.41 1 0.112199
77.41 2 0.00553253
77.41 3 5.13653
77.41 4 0.252935
77.51 1 0.1121
77.51 2 0.00553253
77.51 3 5.13695
77.51 4 0.252958
77.61 1 0.1121
77.61 2 0.00552762
77.61 3 5.13742
77.61 4 0.252978
77.71 1 0.112001
77.71 2 0.00552762
77.71 3 5.13781
77.71 4 0.253002
77.81 1 0.112001
77.81 2 0.00552274
77.81 3 5.1383
77.81 4 0.253022
77.91 1 0.111903
77.91 2 0.00552274
77.91 3 5.13869
77.91 4 0.253045
78.01 1 0.111903
78.01 2 0.00551788
78.01 3 5.13916
78.01 4 0.253065
78.11 1 0.111805
78.11 2 0.00551788
78.11 3 5.13956
78.11 4 0.253088
78.21 1 0.111805
78.21 2 0.00551305
78.21 3 5.14003
78.21 4 0.253108
78.31 1 0.111708
78.31 2 0.00551305
78.31 3 5.14044
78.31 4 0.25313
78.41 1 0.111708
78.41 2 0.00550825
78.41 3 5.14089
78.41 4 0.25315
78.51 1 0.111543
78.51 2 0.00550825
78.51 3 5.1413
78.51 4 0.253173
78.61 1 0.111611
78.61 2 0.00550009
78.61 3 5.14176
78.61 4 0.253192
78.71 1 0.111447
78.71 2 0.00550347
78.71 3 5.14215
78.71 4 0.253215
78.81 1 0.111515
78.81 2 0.00549534
78.81 3 5.14261
78.81 4 0.253234
78.91 1 0.111515
78.91 2 0.00549872
78.91 3 5.143
78.91 4 0.253257
79.01 1 0.11142
79.01 2 0.00549872
79.01 3 5.14345
79.01 4 0.253276
79.11 1 0.11142
79.11 2 0.00549399
79.11 3 5.14382
79.11 4 0.253298
79.21 1 0.111325
79.21 2 0.00549399
79.21 3 5.14429
79.21 4 0.253317
79.31 1 0.111325
79.31 2 0.00548929
79.31 3 5.14466
79.31 4 0.25334
79.41 1 0.11123
79.41 2 0.00548929
79.41 3 5.14511
79.41 4 0.253358
79.51 1 0.11123
79.51 2 0.00548462
79.51 3 5.1455
79.51 4 0.25338
79.61 1 0.111136
79.61 2 0.00548462
79.61 3 5.14594
79.61 4 0.253399
79.71 1 0.111136
79.71 2 0.00547996
79.71 3 5.14633
79.71 4 0.253421
79.81 1 0.111043
79.81 2 0.00547996
79.81 3 5.14677
79.81 4 0.25344
79.91 1 0.111043
79.91 2 0.00547534
79.91 3 5.14715
79.91 4 0.253461
80.01 1 0.11095
80.01 2 0.00547534
80.01 3 5.14759
80.01 4 0.25348
80.11 1 0.11095
80.11 2 0.00547074
80.11 3 5.14796
80.11 4 0.253502
80.21 1 0.110817
80.21 2 0.00547074
80.21 3 5.1484
80.21 4 0.25352
80.31 1 0.110857
80.31 2 0.00546284
80.31 3 5.14876
80.31 4 0.253541
80.41 1 0.110697
80.41 2 0.00546616
80.41 3 5.14921
80.41 4 0.253561
80.51 1 0.110765
80.51 2 0.00545829
80.51 3 5.14961
80.51 4 0.253581
80.61 1 0.110566
80.61 2 0.00546161
80.61 3 5.14999
80.61 4 0.253601
80.71 1 0.110673
80.71 2 0.00546161
80.71 3 5.15039
80.71 4 0.25362
80.81 1 0.110673
80.81 2 0.00545708
80.81 3 5.15079
80.81 4 0.25364
80.91 1 0.110582
80.91 2 0.00545708
80.91 3 5.15119
80.91 4 0.253659
81.01 1 0.110582
81.01 2 0.00545257
81.01 3 5.15158
81.01 4 0.253677
81.11 1 0.110492
81.11 2 0.00545257
81.11 3 5.15199
81.11 4 0.253698
81.21 1 0.110492
81.21 2 0.00544809
81.21 3 5.15237
81.21 4 0.253718
81.31 1 0.110401
81.31 2 0.00544809
81.31 3 5.15277
81.31 4 0.253737
81.41 1 0.110401
81.41 2 0.00544363
81.41 3 5.15315
81.41 4 0.253756
81.51 1 0.110312
81.51 2 0.00544363
81.51 3 5.15357
81.51 4 0.253775
81.61 1 0.110312
81.61 2 0.0054392
81.61 3 5.15393
81.61 4 0.253796
81.71 1 0.110222
81.71 2 0.0054392
81.71 3 5.15434
81.71 4 0.253813
81.81 1 0.110222
81.81 2 0.00543478
81.81 3 5.15468
81.81 4 0.253834
81.91 1 0.110095
81.91 2 0.00543478
81.91 3 5.15484
81.91 4 0.253851
82.01 1 0.110134
82.01 2 0.00542715
82.01 3 5.15484
82.01 4 0.253858
82.11 1 0.10998
82.11 2 0.00543042
82.11 3 5.13801
82.11 4 0.253858
82.21 1 0.110046
82.21 2 0.00542282
82.21 3 5.13801
82.21 4 0.253034
82.31 1 0.109853
82.31 2 0.00542608
82.31 3 5.12157
82.31 4 0.253034
82.41 1 0.109959
82.41 2 0.00542608
82.41 3 5.12203
82.41 4 0.252223
82.51 1 0.109959
82.51 2 0.00542173
82.51 3 5.12245
82.51 4 0.252246
82.61 1 0.109871
82.61 2 0.00542173
82.61 3 5.12291
82.61 4 0.252266
82.71 1 0.109871
82.71 2 0.00541741
82.71 3 5.12331
82.71 4 0.252289
82.81 1 0.109784
82.81 2 0.00541741
82.81 3 5.12377
82.81 4 0.252308
82.91 1 0.109784
82.91 2 0.00541311
82.91 3 5.12415
82.91 4 0.252331
83.01 1 0.109698
83.01 2 0.00541311
83.01 3 5.12462
83.01 4 0.25235
83.11 1 0.109698
83.11 2 0.00540883
83.11 3 5.125
83.11 4 0.252373
83.21 1 0.109612
83.21 2 0.00540883
83.21 3 5.12545
83.21 4 0.252392
83.31 1 0.109612
83.31 2 0.00540458
83.31 3 5.12585
83.31 4 0.252414
83.41 1 0.109526
83.41 2 0.00540458
83.41 3 5.12629
83.41 4 0.252433
83.51 1 0.109526
83.51 2 0.00540034
83.51 3 5.12669
83.51 4 0.252455
83.61 1 0.109441
83.61 2 0.00540034
83.61 3 5.12711
83.61 4 0.252474
83.71 1 0.109441
83.71 2 0.00539292
83.71 3 5.12752
83.71 4 0.252496
83.81 1 0.109291
83.81 2 0.00539613
83.81 3 5.12796
83.81 4 0.252515
83.91 1 0.109356
83.91 2 0.00538874
83.91 3 5.12835
83.91 4 0.252537
84.01 1 0.109207
84.01 2 0.00539194
84.01 3 5.12877
84.01 4 0.252556
84.11 1 0.109272
84.11 2 0.00539194
84.11 3 5.12915
84.11 4 0.252578
84.21 1 0.109272
84.21 2 0.00538777
84.21 3 5.12961
84.21 4 0.252596
84.31 1 0.109188
84.31 2 0.00538777
84.31 3 5.12997
84.31 4 0.252618
84.41 1 0.109188
84.41 2 0.00538362
84.41 3 5.13041
84.41 4 0.252636
84.51 1 0.109104
84.51 2 0.00538362
84.51 3 5.13078
84.51 4 0.252658
84.61 1 0.109104
84.61 2 0.00537949
84.61 3 5.13122
84.61 4 0.252676
84.71 1 0.109021
84.71 2 0.00537949
84.71 3 5.13166
84.71 4 0.252697
84.81 1 0.109021
84.81 2 0.00537538
84.81 3 5.13202
84.81 4 0.252719
84.91 1 0.108939
84.91 2 0.00537538
84.91 3 5.13245
84.91 4 0.252737
85.01 1 0.108939
85.01 2 0.00537129
85.01 3 5.13283
85.01 4 0.252758
85.11 1 0.108856
85.11 2 0.00537129
85.11 3 5.13325
85.11 4 0.252776
85.21 1 0.108856
85.21 2 0.00536723
85.21 3 5.13362
85.21 4 0.252797
85.31 1 0.108775
85.31 2 0.00536723
85.31 3 5.13405
85.31 4 0.252815
85.41 1 0.108775
85.41 2 0.00536318
85.41 3 5.13441
85.41 4 0.252836
85.51 1 0.108629
85.51 2 0.00536318
85.51 3 5.13484
85.51 4 0.252854
85.61 1 0.108693
85.61 2 0.00535601
85.61 3 5.13518
85.61 4 0.252875
85.71 1 0.108548
85.71 2 0.00535915
85.71 3 5.13562
85.71 4 0.252893
85.81 1 0.108612
85.81 2 0.00535201
85.81 3 5.13596
85.81 4 0.252913
85.91 1 0.108612
85.91 2 0.00535515
85.91 3 5.1364
85.91 4 0.252931
86.01 1 0.108532
86.01 2 0.00535515
86.01 3 5.13674
86.01 4 0.252952
86.11 1 0.108532
86.11 2 0.00535117
86.11 3 5.13716
86.11 4 0.252969
86.21 1 0.108451
86.21 2 0.00535117
86.21 3 5.13752
86.21 4 0.252989
86.31 1 0.108451
86.31 2 0.0053472
86.31 3 5.13792
86.31 4 0.253007
86.41 1 0.108372
86.41 2 0.0053472
86.41 3 5.13829
86.41 4 0.253027
86.51 1 0.108372
86.51 2 0.00534325
86.51 3 5.1387
86.51 4 0.253044
86.61 1 0.108292
86.61 2 0.00534325
86.61 3 5.13905
86.61 4 0.253065
86.71 1 0.108292
86.71 2 0.00533933
86.71 3 5.13946
86.71 4 0.253082
86.81 1 0.108213
86.81 2 0.00533933
86.81 3 5.1398
86.81 4 0.253102
86.91 1 0.108213
86.91 2 0.00533542
86.91 3 5.14021
86.91 4 0.253119
87.01 1 0.108134
87.01 2 0.00533542
87.01 3 5.14054
87.01 4 0.253139
87.11 1 0.108134
87.11 2 0.00533153
87.11 3 5.14096
87.11 4 0.253156
87.21 1 0.108019
87.21 2 0.00533153
87.21 3 5.14129
87.21 4 0.253176
87.31 1 0.108056
87.31 2 0.00532456
87.31 3 5.14169
87.31 4 0.253193
87.41 1 0.107915
87.41 2 0.00532765
87.41 3 5.14204
87.41 4 0.253212
87.51 1 0.107978
87.51 2 0.00532071
87.51 3 5.14243
87.51 4 0.253229
87.61 1 0.107801
87.61 2 0.0053238
87.61 3 5.14278
87.61 4 0.253249
87.71 1 0.107901
87.71 2 0.0053238
87.71 3 5.14318
87.71 4 0.253265
87.81 1 0.107901
87.81 2 0.00531997
87.81 3 5.14352
87.81 4 0.253285
87.91 1 0.107824
87.91 2 0.00531997
87.91 3 5.14391
87.91 4 0.253302
88.01 1 0.107824
88.01 2 0.00531615
88.01 3 5.14425
88.01 4 0.253321
88.11 1 0.107747
88.11 2 0.00531615
88.11 3 5.14464
88.11 4 0.253337
88.21 1 0.107747
88.21 2 0.00531236
88.21 3 5.14496
88.21 4 0.253357
88.31 1 0.10767
88.31 2 0.00531236
88.31 3 5.14536
88.31 4 0.253373
88.41 1 0.10767
88.41 2 0.00530858
88.41 3 5.14568
88.41 4 0.253392
88.51 1 0.107594
88.51 2 0.00530858
88.51 3 5.14607
88.51 4 0.253408
88.61 1 0.107594
88.61 2 0.00530482
88.61 3 5.1464
88.61 4 0.253427
88.71 1 0.107519
88.71 2 0.00530482
88.71 3 5.14679
88.71 4 0.253444
88.81 1 0.107519
88.81 2 0.00530107
88.81 3 5.14712
88.81 4 0.253463
88.91 1 0.107407
88.91 2 0.00530107
88.91 3 5.1475
88.91 4 0.253479
89.01 1 0.107443
89.01 2 0.00529431
89.01 3 5.14783
89.01 4 0.253498
89.11 1 0.107307
89.11 2 0.00529735
89.11 3 5.14821
89.11 4 0.253516
89.21 1 0.107368
89.21 2 0.0052906
89.21 3 5.14858
89.21 4 0.253532
89.31 1 0.107196
89.31 2 0.00529364
89.31 3 5.14892
89.31 4 0.253551
89.41 1 0.107294
89.41 2 0.00529364
89.41 3 5.14929
89.41 4 0.253567
89.51 1 0.107294
89.51 2 0.00528995
89.51 3 5.14962
89.51 4 0.253585
89.61 1 0.107219
89.61 2 0.00528995
89.61 3 5.14999
89.61 4 0.253601
89.71 1 0.107219
89.71 2 0.00528628
89.71 3 5.15031
89.71 4 0.25362
89.81 1 0.107146
89.81 2 0.00528628
89.81 3 5.15068
89.81 4 0.253635
89.91 1 0.107146
89.91 2 0.00528263
89.91 3 5.15099
89.91 4 0.253654
90.01 1 0.107072
90.01 2 0.00528263
90.01 3 5.15137
90.01 4 0.253669
90.11 1 0.107072
90.11 2 0.00527899
90.11 3 5.15168
90.11 4 0.253688
90.21 1 0.106999
90.21 2 0.00527899
90.21 3 5.15204
90.21 4 0.253703
90.31 1 0.106999
90.31 2 0.00527537
90.31 3 5.15237
90.31 4 0.253721
90.41 1 0.106926
90.41 2 0.00527537
90.41 3 5.15273
90.41 4 0.253737
90.51 1 0.106926
90.51 2 0.00527177
90.51 3 5.15305
90.51 4 0.253755
90.61 1 0.106853
90.61 2 0.00527177
90.61 3 5.15341
90.61 4 0.25377
90.71 1 0.106853
90.71 2 0.00526518
90.71 3 5.15372
90.71 4 0.253788
90.81 1 0.106721
90.81 2 0.00526818
90.81 3 5.15409
90.81 4 0.253803
90.91 1 0.106781
90.91 2 0.00526162
90.91 3 5.15439
90.91 4 0.253821
91.01 1 0.106613
91.01 2 0.00526461
91.01 3 5.15476
91.01 4 0.253836
91.11 1 0.106709
91.11 2 0.00526461
91.11 3 5.15505
91.11 4 0.253854
91.21 1 0.106709
91.21 2 0.00526106
91.21 3 5.15542
91.21 4 0.253869
91.31 1 0.106638
91.31 2 0.00526106
91.31 3 5.15571
91.31 4 0.253887
91.41 1 0.106638
91.41 2 0.00525752
91.41 3 5.15607
91.41 4 0.253901
91.51 1 0.106567
91.51 2 0.00525752
91.51 3 5.15638
91.51 4 0.253919
91.61 1 0.106567
91.61 2 0.005254
91.61 3 5.15673
91.61 4 0.253934
91.71 1 0.106496
91.71 2 0.005254
91.71 3 5.15704
91.71 4 0.253951
91.81 1 0.106496
91.81 2 0.00525052
91.81 3 5.15738
91.81 4 0.253966
91.91 1 0.106426
91.91 2 0.00525052
91.91 3 5.15769
91.91 4 0.253984
92.01 1 0.106426
92.01 2 0.00524705
92.01 3 5.15804
92.01 4 0.253998
92.11 1 0.106356
92.11 2 0.00524705
92.11 3 5.15834
92.11 4 0.254016
92.21 1 0.106356
92.21 2 0.00524358
92.21 3 5.15869
92.21 4 0.25403
92.31 1 0.106286
92.31 2 0.00524358
92.31 3 5.15897
92.31 4 0.254047
92.41 1 0.106286
92.41 2 0.00524012
92.41 3 5.15934
92.41 4 0.254062
92.51 1 0.106156
92.51 2 0.00524012
92.51 3 5.15962
92.51 4 0.254079
92.61 1 0.106217
92.61 2 0.00523372
92.61 3 5.15996
92.61 4 0.254093
92.71 1 0.106088
92.71 2 0.00523668
92.71 3 5.16011
92.71 4 0.25411
92.81 1 0.106148
92.81 2 0.00523033
92.81 3 5.16011
92.81 4 0.254117
92.91 1 0.106148
92.91 2 0.00523328
92.91 3 5.14576
92.91 4 0.254117
93.01 1 0.106079
93.01 2 0.00523328
93.01 3 5.14576
93.01 4 0.253414
93.11 1 0.106079
93.11 2 0.0052299
93.11 3 5.13171
93.11 4 0.253414
93.21 1 0.106011
93.21 2 0.0052299
93.21 3 5.13209
93.21 4 0.252722
93.31 1 0.106011
93.31 2 0.00522652
93.31 3 5.13243
93.31 4 0.25274
93.41 1 0.105943
93.41 2 0.00522652
93.41 3 5.13281
93.41 4 0.252757
93.51 1 0.105943
93.51 2 0.00522317
93.51 3 5.13313
93.51 4 0.252775
93.61 1 0.105875
93.61 2 0.00522317
93.61 3 5.13351
93.61 4 0.252791
93.71 1 0.105875
93.71 2 0.0052198
93.71 3 5.13382
93.71 4 0.25281
93.81 1 0.105807
93.81 2 0.0052198
93.81 3 5.13421
93.81 4 0.252825
93.91 1 0.105807
93.91 2 0.00521646
93.91 3 5.13452
93.91 4 0.252844
94.01 1 0.10574
94.01 2 0.00521646
94.01 3 5.1349
94.01 4 0.25286
94.11 1 0.10574
94.11 2 0.00521312
94.11 3 5.13522
94.11 4 0.252878
94.21 1 0.105639
94.21 2 0.00521312
94.21 3 5.13559
94.21 4 0.252894
94.31 1 0.105673
94.31 2 0.00520686
94.31 3 5.13592
94.31 4 0.252912
94.41 1 0.105547
94.41 2 0.00520981
94.41 3 5.13629
94.41 4 0.252928
94.51 1 0.105606
94.51 2 0.00520357
94.51 3 5.1366
94.51 4 0.252946
94.61 1 0.105446
94.61 2 0.0052065
94.61 3 5.13697
94.61 4 0.252962
94.71 1 0.10554
94.71 2 0.0052065
94.71 3 5.13729
94.71 4 0.25298
94.81 1 0.10554
94.81 2 0.00520322
94.81 3 5.13765
94.81 4 0.252995
94.91 1 0.105474
94.91 2 0.00520322
94.91 3 5.13795
94.91 4 0.253013
95.01 1 0.105474
95.01 2 0.00519994
95.01 3 5.13833
95.01 4 0.253028
95.11 1 0.105408
95.11 2 0.00519994
95.11 3 5.13863
95.11 4 0.253047
95.21 1 0.105408
95.21 2 0.00519669
95.21 3 5.13899
95.21 4 0.253062
95.31 1 0.105342
95.31 2 0.00519669
95.31 3 5.1393
95.31 4 0.25308
95.41 1 0.105342
95.41 2 0.00519344
95.41 3 5.13966
95.41 4 0.253097
95.51 1 0.105277
95.51 2 0.00519344
95.51 3 5.14002
95.51 4 0.253113
95.61 1 0.105277
95.61 2 0.00519021
95.61 3 5.14034
95.61 4 0.25313
95.71 1 0.105212
95.71 2 0.00519021
95.71 3 5.14069
95.71 4 0.253145
95.81 1 0.105212
95.81 2 0.005187
95.81 3 5.141
95.81 4 0.253163
95.91 1 0.105113
95.91 2 0.005187
95.91 3 5.14135
95.91 4 0.253178
96.01 1 0.105147
96.01 2 0.0051809
96.01 3 5.14166
96.01 4 0.253195
96.11 1 0.105024
96.11 2 0.0051838
96.11 3 5.14202
96.11 4 0.25321
96.21 1 0.105083
96.21 2 0.00517772
96.21 3 5.14232
96.21 4 0.253228
96.31 1 0.104926
96.31 2 0.00518061
96.31 3 5.14267
96.31 4 0.253243
96.41 1 0.105019
96.41 2 0.00518061
96.41 3 5.14296
96.41 4 0.25326
96.51 1 0.105019
96.51 2 0.00517746
96.51 3 5.14332
96.51 4 0.253275
96.61 1 0.104955
96.61 2 0.00517746
96.61 3 5.14361
96.61 4 0.253292
96.71 1 0.104955
96.71 2 0.00517432
96.71 3 5.14396
96.71 4 0.253306
96.81 1 0.104892
96.81 2 0.00517432
96.81 3 5.14426
96.81 4 0.253324
96.91 1 0.104892
96.91 2 0.00517118
96.91 3 5.1446
96.91 4 0.253338
97.01 1 0.104829
97.01 2 0.00517118
97.01 3 5.14491
97.01 4 0.253355
97.11 1 0.104829
97.11 2 0.00516805
97.11 3 5.14524
97.11 4 0.25337
97.21 1 0.104766
97.21 2 0.00516805
97.21 3 5.14555
97.21 4 0.253387
97.31 1 0.104766
97.31 2 0.00516493
97.31 3 5.14589
97.31 4 0.253401
97.41 1 0.104703
97.41 2 0.00516493
97.41 3 5.14618
97.41 4 0.253418
97.51 1 0.104703
97.51 2 0.00516182
97.51 3 5.14653
97.51 4 0.253433
97.61 1 0.10464
97.61 2 0.00516182
97.61 3 5.14682
97.61 4 0.253449
97.71 1 0.10464
97.71 2 0.00515873
97.71 3 5.14716
97.71 4 0.253464
97.81 1 0.10452
97.81 2 0.00515873
97.81 3 5.14743
97.81 4 0.25348
97.91 1 0.104578
97.91 2 0.00515278
97.91 3 5.14779
97.91 4 0.253494
98.01 1 0.104458
98.01 2 0.00515566
98.01 3 5.14806
98.01 4 0.253511
98.11 1 0.104516
98.11 2 0.00515566
98.11 3 5.1484
98.11 4 0.253525
98.21 1 0.104516
98.21 2 0.00515259
98.21 3 5.14869
98.21 4 0.253542
98.31 1 0.104454
98.31 2 0.00515259
98.31 3 5.14902
98.31 4 0.253556
98.41 1 0.104454
98.41 2 0.00514954
98.41 3 5.14931
98.41 4 0.253572
98.51 1 0.104393
98.51 2 0.00514954
98.51 3 5.14965
98.51 4 0.253586
98.61 1 0.104393
98.61 2 0.00514651
98.61 3 5.14993
98.61 4 0.253603
98.71 1 0.104332
98.71 2 0.00514651
98.71 3 5.15026
98.71 4 0.253617
98.81 1 0.104332
98.81 2 0.00514348
98.81 3 5.15054
98.81 4 0.253633
98.91 1 0.104271
98.91 2 0.00514348
98.91 3 5.15087
98.91 4 0.253647
99.01 1 0.104271
99.01 2 0.00514047
99.01 3 5.15114
99.01 4 0.253663
99.11 1 0.10421
99.11 2 0.00514047
99.11 3 5.15146
99.11 4 0.253677
99.21 1 0.10421
99.21 2 0.00513747
99.21 3 5.15146
99.21 4 0.253695
99.31 1 0.10415
99.31 2 0.00513747
99.31 3 5.13821
99.31 4 0.253695
99.41 1 0.10415
99.41 2 0.00513451
99.41 3 5.13821
99.41 4 0.253695
99.51 1 0.104058
99.51 2 0.00513451
99.51 3 5.13821
99.51 4 0.253695
99.61 1 0.104091
99.61 2 0.00512872
99.61 3 5.13821
99.61 4 0.253695
99.71 1 0.103974
99.71 2 0.00513156
99.71 3 5.13821
99.71 4 0.253695
99.81 1 0.104031
99.81 2 0.00512578
99.81 3 5.13821
99.81 4 0.253695
99.91 1 0.104031
99.91 2 0.00512862
99.91 3 5.13821
99.91 4 0.253695
100.01 1 0.103972
100.01 2 0.00512862
100.01 3 5.13821
100.01 4 0.253695
100.11 1 0.103972
100.11 2 0.00512655
100.11 3 5.13821
100.11 4 0.253695
100.21 1 0.103862
100.21 2 0.00512655
100.21 3 5.13821
100.21 4 0.253695
100.31 1 0.103862
100.31 2 0.00512673
100.31 3 5.13821
100.31 4 0.253695
100.41 1 0.103858
100.41 2 0.00512673
100.41 3 5.13821
100.41 4 0.253695
100.51 1 0.103858
100.51 2 0.00512382
100.51 3 5.13821
100.51 4 0.253695
100.61 1 0.1038
100.61 2 0.00512382
100.61 3 5.13821
100.61 4 0.253695
100.71 1 0.1038
100.71 2 0.00512092
100.71 3 5.13821
100.71 4 0.253695
100.81 1 0.103742
100.81 2 0.00512092
100.81 3 5.13821
100.81 4 0.253695
100.91 1 0.103742
100.91 2 0.00511804
100.91 3 5.13821
100.91 4 0.253695
