0.0 0
0.214139 4294967295
0.418851 4294967295
0.432958 4294967295
0.447075 4294967295
0.461193 4294967295
0.475311 4294967295
10.4492 4294967295
10.4633 4294967295
10.4633 4294967295
10.4774 4294967295
10.4774 4294967295
10.4915 4294967295
10.4915 4294967295
10.5057 4294967295
10.5057 4294967295
10.5198 4294967295
10.5198 4294967295
10.5339 4294967295
10.5339 4294967295
10.548 4294967295
10.548 4294967295
10.5621 4294967295
10.5621 4294967295
10.7668 4294967295
10.7668 4294967295
10.9715 4294967295
10.9715 4294967295
11.1762 4294967295
11.1762 4294967295
11.3809 4294967295
11.3809 4294967295
11.5856 4294967295
11.5856 4294967295
11.7903 4294967295
11.7903 4294967295
11.995 4294967295
11.995 4294967295
12.1997 4294967295
12.1997 4294967295
12.4044 4294967295
12.4044 4294967295
12.6091 4294967295
12.6091 4294967295
12.8138 4294967295
12.8138 4294967295
13.0185 4294967295
13.0185 4294967295
13.2232 4294967295
13.2232 4294967295
13.4279 4294967295
13.4279 4294967295
13.6326 4294967295
13.6326 4294967295
13.8373 4294967295
13.8373 4294967295
14.042 4294967295
14.042 4294967295
14.2467 4294967295
14.2467 4294967295
14.4514 4294967295
14.4514 4294967295
14.6561 4294967295
14.6561 4294967295
14.8608 4294967295
14.8608 4294967295
15.0655 4294967295
15.0655 4294967295
15.2702 4294967295
15.2702 4294967295
15.475 4294967295
15.475 4294967295
15.6797 4294967295
15.6797 4294967295
15.8844 4294967295
15.8844 4294967295
16.0891 4294967295
16.0891 4294967295
16.2938 4294967295
16.2938 4294967295
16.4985 4294967295
16.4985 4294967295
16.7032 4294967295
16.7032 4294967295
16.9079 4294967295
16.9079 4294967295
17.1126 4294967295
17.1126 4294967295
17.3173 4294967295
17.3173 4294967295
17.522 4294967295
17.522 4294967295
17.7267 4294967295
17.7267 4294967295
17.9314 4294967295
17.9314 4294967295
18.1361 4294967295
18.1361 4294967295
18.3408 4294967295
18.3408 4294967295
18.5455 4294967295
18.5455 4294967295
18.7502 4294967295
18.7502 4294967295
18.9549 4294967295
18.9549 4294967295
19.1596 4294967295
19.1596 4294967295
19.3643 4294967295
19.3643 4294967295
19.569 4294967295
19.569 4294967295
19.7737 4294967295
19.7737 4294967295
19.9784 4294967295
19.9784 4294967295
20.1831 4294967295
20.1831 4294967295
20.3878 4294967295
20.3878 4294967295
20.5925 4294967295
20.5925 4294967295
20.7972 4294967295
20.7972 4294967295
21.0019 4294967295
21.0019 4294967295
21.2066 4294967295
21.2066 4294967295
21.4113 4294967295
21.4113 4294967295
21.6162 4294967295
21.6162 4294967295
21.8209 4294967295
21.8209 4294967295
22.0256 4294967295
22.0256 4294967295
22.2303 4294967295
22.2303 4294967295
22.435 4294967295
22.435 4294967295
22.6398 4294967295
22.6398 4294967295
22.8445 4294967295
22.8445 4294967295
23.0492 4294967295
23.0492 4294967295
23.2539 4294967295
23.2539 4294967295
23.4586 4294967295
23.4586 4294967295
23.6633 4294967295
23.6633 4294967295
23.868 4294967295
23.868 4294967295
24.0727 4294967295
24.0727 4294967295
24.2774 4294967295
24.2774 4294967295
24.4821 4294967295
24.4821 4294967295
24.6868 4294967295
24.6868 4294967295
24.8915 4294967295
24.8915 4294967295
25.0962 4294967295
25.0962 4294967295
25.3009 4294967295
25.3009 4294967295
25.5056 4294967295
25.5056 4294967295
25.7103 4294967295
25.7103 4294967295
25.915 4294967295
25.915 4294967295
26.1197 4294967295
26.1197 4294967295
26.3244 4294967295
26.3244 4294967295
26.5291 4294967295
26.5291 4294967295
26.7338 4294967295
26.7338 4294967295
26.9386 4294967295
26.9386 4294967295
27.1433 4294967295
27.1433 4294967295
27.348 4294967295
27.348 4294967295
27.5527 4294967295
27.5527 4294967295
27.7574 4294967295
27.7574 4294967295
27.9621 4294967295
27.9621 4294967295
28.1668 4294967295
28.1668 4294967295
28.3715 4294967295
28.3715 4294967295
28.5762 4294967295
28.5762 4294967295
28.7809 4294967295
28.7809 4294967295
28.9856 4294967295
28.9856 4294967295
29.1903 4294967295
29.1903 4294967295
29.395 4294967295
29.395 4294967295
29.5997 4294967295
29.5997 4294967295
29.8044 4294967295
29.8044 4294967295
30.0091 4294967295
30.0091 4294967295
30.2138 4294967295
30.2138 4294967295
30.4185 4294967295
30.4185 4294967295
30.6232 4294967295
30.6232 4294967295
30.8279 4294967295
30.8279 4294967295
31.0326 4294967295
31.0326 4294967295
31.2373 4294967295
31.2373 4294967295
31.442 4294967295
31.442 4294967295
31.6467 4294967295
31.6467 4294967295
31.8514 4294967295
31.8514 4294967295
32.0561 4294967295
32.0561 4294967295
32.2608 4294967295
32.2608 4294967295
32.4655 4294967295
32.4655 4294967295
32.6702 4294967295
32.6702 4294967295
32.8749 4294967295
32.8749 4294967295
33.0796 4294967295
33.0796 4294967295
33.2843 4294967295
33.2843 4294967295
33.489 4294967295
33.489 4294967295
33.6937 4294967295
33.6937 4294967295
33.8984 4294967295
33.8984 4294967295
34.1031 4294967295
34.1031 4294967295
34.3078 4294967295
34.3078 4294967295
34.5125 4294967295
34.5125 4294967295
34.7172 4294967295
34.7172 4294967295
34.9219 4294967295
34.9219 4294967295
35.1266 4294967295
35.1266 4294967295
35.3313 4294967295
35.3313 4294967295
35.536 4294967295
35.536 4294967295
35.7407 4294967295
35.7407 4294967295
35.9454 4294967295
35.9454 4294967295
36.1501 4294967295
36.1501 4294967295
36.3548 4294967295
36.3548 4294967295
36.5595 4294967295
36.5595 4294967295
36.7642 4294967295
36.7642 4294967295
36.9689 4294967295
36.9689 4294967295
37.1736 4294967295
37.1736 4294967295
37.3783 4294967295
37.3783 4294967295
37.583 4294967295
37.583 4294967295
37.7877 4294967295
37.7877 4294967295
37.9924 4294967295
37.9924 4294967295
38.1971 4294967295
38.1971 4294967295
38.4018 4294967295
38.4018 4294967295
38.6065 4294967295
38.6065 4294967295
38.8112 4294967295
38.8112 4294967295
39.0159 4294967295
39.0159 4294967295
39.2206 4294967295
39.2206 4294967295
39.4253 4294967295
39.4253 4294967295
39.63 4294967295
39.63 4294967295
39.8347 4294967295
39.8347 4294967295
40.0394 4294967295
40.0394 4294967295
40.2441 4294967295
40.2441 4294967295
40.4488 4294967295
40.4488 4294967295
40.6535 4294967295
40.6535 4294967295
40.8582 4294967295
40.8582 4294967295
41.0629 4294967295
41.0629 4294967295
41.2676 4294967295
41.2676 4294967295
41.4727 4294967295
41.4727 4294967295
41.6774 4294967295
41.6774 4294967295
41.8822 4294967295
41.8822 4294967295
42.0872 4294967295
42.0872 4294967295
42.2919 4294967295
42.2919 4294967295
42.4967 4294967295
42.4967 4294967295
42.7014 4294967295
42.7014 4294967295
42.9061 4294967295
42.9061 4294967295
43.1108 4294967295
43.1108 4294967295
43.3155 4294967295
43.3155 4294967295
43.5202 4294967295
43.5202 4294967295
43.7249 4294967295
43.7249 4294967295
43.9296 4294967295
43.9296 4294967295
44.1343 4294967295
44.1343 4294967295
44.339 4294967295
44.339 4294967295
44.5437 4294967295
44.5437 4294967295
44.7484 4294967295
44.7484 4294967295
44.9531 4294967295
44.9531 4294967295
45.1578 4294967295
45.1578 4294967295
45.3625 4294967295
45.3625 4294967295
45.5672 4294967295
45.5672 4294967295
45.7719 4294967295
45.7719 4294967295
45.9766 4294967295
45.9766 4294967295
46.1813 4294967295
46.1813 4294967295
46.386 4294967295
46.386 4294967295
46.5907 4294967295
46.5907 4294967295
46.7954 4294967295
46.7954 4294967295
47.0001 4294967295
47.0001 4294967295
47.2048 4294967295
47.2048 4294967295
47.4095 4294967295
47.4095 4294967295
47.6142 4294967295
47.6142 4294967295
47.8189 4294967295
47.8189 4294967295
48.0236 4294967295
48.0236 4294967295
48.2283 4294967295
48.2283 4294967295
48.433 4294967295
48.433 4294967295
48.6377 4294967295
48.6377 4294967295
48.8424 4294967295
48.8424 4294967295
49.0471 4294967295
49.0471 4294967295
49.2518 4294967295
49.2518 4294967295
49.4565 4294967295
49.4565 4294967295
49.6612 4294967295
49.6612 4294967295
49.8659 4294967295
49.8659 4294967295
50.0706 4294967295
50.0706 4294967295
50.2751 4294967295
50.2751 4294967295
50.4796 4294967295
50.4796 4294967295
50.684 4294967295
50.684 4294967295
50.8885 4294967295
50.8885 4294967295
51.093 4294967295
51.093 4294967295
51.2974 4294967295
51.2974 4294967295
51.5019 4294967295
51.5019 4294967295
51.7064 4294967295
51.7064 4294967295
51.9109 4294967295
51.9109 4294967295
52.1153 4294967295
52.1153 4294967295
52.3198 4294967295
52.3198 4294967295
52.5243 4294967295
52.5243 4294967295
52.7287 4294967295
52.7287 4294967295
52.9332 4294967295
52.9332 4294967295
53.1377 4294967295
53.1377 4294967295
53.3421 4294967295
53.3421 4294967295
53.5466 4294967295
53.5466 4294967295
53.7511 4294967295
53.7511 4294967295
53.9555 4294967295
53.9555 4294967295
54.16 4294967295
54.16 4294967295
54.3645 4294967295
54.3645 4294967295
54.5689 4294967295
54.5689 4294967295
54.7734 4294967295
54.7734 4294967295
54.9779 4294967295
54.9779 4294967295
55.1823 4294967295
55.1823 4294967295
55.3868 4294967295
55.3868 4294967295
55.5913 4294967295
55.5913 4294967295
55.7957 4294967295
55.7957 4294967295
56.0002 4294967295
56.0002 4294967295
56.2047 4294967295
56.2047 4294967295
56.4091 4294967295
56.4091 4294967295
56.6136 4294967295
56.6136 4294967295
56.8181 4294967295
56.8181 4294967295
57.0225 4294967295
57.0225 4294967295
57.227 4294967295
57.227 4294967295
57.4315 4294967295
57.4315 4294967295
57.6359 4294967295
57.6359 4294967295
57.8404 4294967295
57.8404 4294967295
58.0449 4294967295
58.0449 4294967295
58.2493 4294967295
58.2493 4294967295
58.4538 4294967295
58.4538 4294967295
58.6583 4294967295
58.6583 4294967295
58.8627 4294967295
58.8627 4294967295
59.0672 4294967295
59.0672 4294967295
59.2717 4294967295
59.2717 4294967295
59.4761 4294967295
59.4761 4294967295
59.6806 4294967295
59.6806 4294967295
59.8851 4294967295
59.8851 4294967295
60.0895 4294967295
60.0895 4294967295
60.294 4294967295
60.294 4294967295
60.4985 4294967295
60.4985 4294967295
60.7029 4294967295
60.7029 4294967295
60.9074 4294967295
60.9074 4294967295
61.1119 4294967295
61.1119 4294967295
61.3163 4294967295
61.3163 4294967295
61.5208 4294967295
61.5208 4294967295
61.7253 4294967295
61.7253 4294967295
61.9297 4294967295
61.9297 4294967295
62.1342 4294967295
62.1342 4294967295
62.3387 4294967295
62.3387 4294967295
62.5431 4294967295
62.5431 4294967295
62.7476 4294967295
62.7476 4294967295
62.9521 4294967295
62.9521 4294967295
63.1565 4294967295
63.1565 4294967295
63.361 4294967295
63.361 4294967295
63.5655 4294967295
63.5655 4294967295
63.7699 4294967295
63.7699 4294967295
63.9744 4294967295
63.9744 4294967295
64.1789 4294967295
64.1789 4294967295
64.3833 4294967295
64.3833 4294967295
64.5878 4294967295
64.5878 4294967295
64.7923 4294967295
64.7923 4294967295
64.9968 4294967295
64.9968 4294967295
65.2012 4294967295
65.2012 4294967295
65.4057 4294967295
65.4057 4294967295
65.6102 4294967295
65.6102 4294967295
65.8146 4294967295
65.8146 4294967295
66.0191 4294967295
66.0191 4294967295
66.2236 4294967295
66.2236 4294967295
66.428 4294967295
66.428 4294967295
66.6325 4294967295
66.6325 4294967295
66.837 4294967295
66.837 4294967295
67.0414 4294967295
67.0414 4294967295
67.2459 4294967295
67.2459 4294967295
67.4504 4294967295
67.4504 4294967295
67.6548 4294967295
67.6548 4294967295
67.8593 4294967295
67.8593 4294967295
68.0638 4294967295
68.0638 4294967295
68.2682 4294967295
68.2682 4294967295
68.4727 4294967295
68.4727 4294967295
68.6772 4294967295
68.6772 4294967295
68.8816 4294967295
68.8816 4294967295
69.0861 4294967295
69.0861 4294967295
69.2906 4294967295
69.2906 4294967295
69.495 4294967295
69.495 4294967295
69.6995 4294967295
69.6995 4294967295
69.904 4294967295
69.904 4294967295
70.1084 4294967295
70.1084 4294967295
70.3129 4294967295
70.3129 4294967295
70.5174 4294967295
70.5174 4294967295
70.7218 4294967295
70.7218 4294967295
70.9263 4294967295
70.9263 4294967295
71.1308 4294967295
71.1308 4294967295
71.3352 4294967295
71.3352 4294967295
71.5397 4294967295
71.5397 4294967295
71.7442 4294967295
71.7442 4294967295
71.9486 4294967295
71.9486 4294967295
72.1531 4294967295
72.1531 4294967295
72.3576 4294967295
72.3576 4294967295
72.562 4294967295
72.562 4294967295
72.7665 4294967295
72.7665 4294967295
72.971 4294967295
72.971 4294967295
73.1754 4294967295
73.1754 4294967295
73.3799 4294967295
73.3799 4294967295
73.5844 4294967295
73.5844 4294967295
73.7888 4294967295
73.7888 4294967295
73.9933 4294967295
73.9933 4294967295
74.1978 4294967295
74.1978 4294967295
74.4022 4294967295
74.4022 4294967295
74.6067 4294967295
74.6067 4294967295
74.8112 4294967295
74.8112 4294967295
75.0156 4294967295
75.0156 4294967295
75.2201 4294967295
75.2201 4294967295
75.4246 4294967295
75.4246 4294967295
75.629 4294967295
75.629 4294967295
75.8335 4294967295
75.8335 4294967295
76.038 4294967295
76.038 4294967295
76.2424 4294967295
76.2424 4294967295
76.4469 4294967295
76.4469 4294967295
76.6514 4294967295
76.6514 4294967295
76.8558 4294967295
76.8558 4294967295
77.0603 4294967295
77.0603 4294967295
77.2648 4294967295
77.2648 4294967295
77.4692 4294967295
77.4692 4294967295
77.6737 4294967295
77.6737 4294967295
77.8782 4294967295
77.8782 4294967295
78.0827 4294967295
78.0827 4294967295
78.2871 4294967295
78.2871 4294967295
78.4916 4294967295
78.4916 4294967295
78.6961 4294967295
78.6961 4294967295
78.9005 4294967295
78.9005 4294967295
79.105 4294967295
79.105 4294967295
79.3095 4294967295
79.3095 4294967295
79.5139 4294967295
79.5139 4294967295
79.7184 4294967295
79.7184 4294967295
79.9229 4294967295
79.9229 4294967295
80.1273 4294967295
80.1273 4294967295
80.3318 4294967295
80.3318 4294967295
80.5363 4294967295
80.5363 4294967295
80.7407 4294967295
80.7407 4294967295
80.9452 4294967295
80.9452 4294967295
81.1497 4294967295
81.1497 4294967295
81.3541 4294967295
81.3541 4294967295
81.5586 4294967295
81.5586 4294967295
81.7631 4294967295
81.7631 4294967295
81.9675 4294967295
81.9675 4294967295
82.172 4294967295
82.172 4294967295
82.3765 4294967295
82.3765 4294967295
82.581 4294967295
82.581 4294967295
82.7854 4294967295
82.7854 4294967295
82.9899 4294967295
82.9899 4294967295
83.1944 4294967295
83.1944 4294967295
83.3988 4294967295
83.3988 4294967295
83.6033 4294967295
83.6033 4294967295
83.8078 4294967295
83.8078 4294967295
84.0122 4294967295
84.0122 4294967295
84.2167 4294967295
84.2167 4294967295
84.4212 4294967295
84.4212 4294967295
84.6256 4294967295
84.6256 4294967295
84.8301 4294967295
84.8301 4294967295
85.0346 4294967295
85.0346 4294967295
85.239 4294967295
85.239 4294967295
85.4435 4294967295
85.4435 4294967295
85.648 4294967295
85.648 4294967295
85.8524 4294967295
85.8524 4294967295
86.0569 4294967295
86.0569 4294967295
86.2614 4294967295
86.2614 4294967295
86.4658 4294967295
86.4658 4294967295
86.6703 4294967295
86.6703 4294967295
86.8748 4294967295
86.8748 4294967295
87.0792 4294967295
87.0792 4294967295
87.2837 4294967295
87.2837 4294967295
87.4882 4294967295
87.4882 4294967295
87.6926 4294967295
87.6926 4294967295
87.8971 4294967295
87.8971 4294967295
88.1016 4294967295
88.1016 4294967295
88.306 4294967295
88.306 4294967295
88.5105 4294967295
88.5105 4294967295
88.715 4294967295
88.715 4294967295
88.9195 4294967295
88.9195 4294967295
89.1239 4294967295
89.1239 4294967295
89.3284 4294967295
89.3284 4294967295
89.5329 4294967295
89.5329 4294967295
89.7373 4294967295
89.7373 4294967295
89.9418 4294967295
89.9418 4294967295
90.1463 4294967295
90.1463 4294967295
90.3507 4294967295
90.3507 4294967295
90.5552 4294967295
90.5552 4294967295
90.7597 4294967295
90.7597 4294967295
90.9641 4294967295
90.9641 4294967295
91.1686 4294967295
91.1686 4294967295
91.3731 4294967295
91.3731 4294967295
91.5775 4294967295
91.5775 4294967295
91.782 4294967295
91.782 4294967295
91.9865 4294967295
91.9865 4294967295
92.1909 4294967295
92.1909 4294967295
92.3954 4294967295
92.3954 4294967295
92.5999 4294967295
92.5999 4294967295
92.8043 4294967295
92.8043 4294967295
93.0088 4294967295
93.0088 4294967295
93.2133 4294967295
93.2133 4294967295
93.4177 4294967295
93.4177 4294967295
93.6222 4294967295
93.6222 4294967295
93.8267 4294967295
93.8267 4294967295
94.0311 4294967295
94.0311 4294967295
94.2356 4294967295
94.2356 4294967295
94.4401 4294967295
94.4401 4294967295
94.6445 4294967295
94.6445 4294967295
94.849 4294967295
94.849 4294967295
95.0535 4294967295
95.0535 4294967295
95.2579 4294967295
95.2579 4294967295
95.4624 4294967295
95.4624 4294967295
95.6669 4294967295
95.6669 4294967295
95.8713 4294967295
95.8713 4294967295
96.0758 4294967295
96.0758 4294967295
96.2803 4294967295
96.2803 4294967295
96.4847 4294967295
96.4847 4294967295
96.6892 4294967295
96.6892 4294967295
96.8937 4294967295
96.8937 4294967295
97.0981 4294967295
97.0981 4294967295
97.3026 4294967295
97.3026 4294967295
97.5071 4294967295
97.5071 4294967295
97.7115 4294967295
97.7115 4294967295
97.916 4294967295
97.916 4294967295
98.1205 4294967295
98.1205 4294967295
98.3249 4294967295
98.3249 4294967295
98.5294 4294967295
98.5294 4294967295
98.7339 4294967295
98.7339 4294967295
98.9383 4294967295
98.9383 4294967295
99.1428 4294967295
99.1428 4294967295
99.3473 4294967295
99.3473 4294967295
99.5517 4294967295
99.5517 4294967295
99.7562 4294967295
99.7562 4294967295
99.9607 4294967295
99.9607 4294967295
100.165 4294967295
100.165 4294967295
100.37 4294967295
100.37 4294967295
100.575 4294967295
100.575 4294967295
100.779 4294967295
100.779 4294967295
100.984 4294967295
100.984 4294967295
101.189 4294967295
101.189 4294967295
101.394 4294967295
101.394 4294967295
101.598 4294967295
101.598 4294967295
101.803 4294967295
101.803 4294967295
102.008 4294967295
102.008 4294967295
102.212 4294967295
102.212 4294967295
102.417 4294967295
102.417 4294967295
102.622 4294967295
102.622 4294967295
102.826 4294967295
102.826 4294967295
103.031 4294967295
103.031 4294967295
103.236 4294967295
103.236 4294967295
103.441 4294967295
103.441 4294967295
103.645 4294967295
103.645 4294967295
103.85 4294967295
103.85 4294967295
104.055 4294967295
104.055 4294967295
104.259 4294967295
104.259 4294967295
104.464 4294967295
104.464 4294967295
104.669 4294967295
104.669 4294967295
104.874 4294967295
104.874 4294967295
105.078 4294967295
105.078 4294967295
105.283 4294967295
105.283 4294967295
105.488 4294967295
105.488 4294967295
105.692 4294967295
105.692 4294967295
105.897 4294967295
105.897 4294967295
106.102 4294967295
106.102 4294967295
106.306 4294967295
106.306 4294967295
106.511 4294967295
106.511 4294967295
106.716 4294967295
106.716 4294967295
106.921 4294967295
106.921 4294967295
107.125 4294967295
107.125 4294967295
107.33 4294967295
107.33 4294967295
107.535 4294967295
107.535 4294967295
107.739 4294967295
107.739 4294967295
107.944 4294967295
107.944 4294967295
108.149 4294967295
108.149 4294967295
108.353 4294967295
108.353 4294967295
108.558 4294967295
108.558 4294967295
108.763 4294967295
108.763 4294967295
108.968 4294967295
108.968 4294967295
109.172 4294967295
109.172 4294967295
109.377 4294967295
109.377 4294967295
109.582 4294967295
109.582 4294967295
109.786 4294967295
109.786 4294967295
109.991 4294967295
109.991 4294967295
110.196 4294967295
110.196 4294967295
110.4 4294967295
110.4 4294967295
110.605 4294967295
110.605 4294967295
110.81 4294967295
110.81 4294967295
111.015 4294967295
111.015 4294967295
111.219 4294967295
111.219 4294967295
111.424 4294967295
111.424 4294967295
111.629 4294967295
111.629 4294967295
111.833 4294967295
111.833 4294967295
112.038 4294967295
112.038 4294967295
112.243 4294967295
112.243 4294967295
112.447 4294967295
112.447 4294967295
112.652 4294967295
112.652 4294967295
112.857 4294967295
112.857 4294967295
113.062 4294967295
113.062 4294967295
113.266 4294967295
113.266 4294967295
113.471 4294967295
113.471 4294967295
113.676 4294967295
113.676 4294967295
113.88 4294967295
113.88 4294967295
114.085 4294967295
114.085 4294967295
114.29 4294967295
114.29 4294967295
114.494 4294967295
114.494 4294967295
114.699 4294967295
114.699 4294967295
114.904 4294967295
114.904 4294967295
115.109 4294967295
115.109 4294967295
115.313 4294967295
115.313 4294967295
115.518 4294967295
115.518 4294967295
115.723 4294967295
115.723 4294967295
115.927 4294967295
115.927 4294967295
116.132 4294967295
116.132 4294967295
116.337 4294967295
116.337 4294967295
116.541 4294967295
116.541 4294967295
116.746 4294967295
116.746 4294967295
116.951 4294967295
116.951 4294967295
117.156 4294967295
117.156 4294967295
117.36 4294967295
117.36 4294967295
117.565 4294967295
117.565 4294967295
117.77 4294967295
117.77 4294967295
117.974 4294967295
117.974 4294967295
118.179 4294967295
118.179 4294967295
118.384 4294967295
118.384 4294967295
118.588 4294967295
118.588 4294967295
118.793 4294967295
118.793 4294967295
118.998 4294967295
118.998 4294967295
119.203 4294967295
119.203 4294967295
119.407 4294967295
119.407 4294967295
119.612 4294967295
119.612 4294967295
119.817 4294967295
119.817 4294967295
120.021 4294967295
120.021 4294967295
120.226 4294967295
120.226 4294967295
120.431 4294967295
120.431 4294967295
120.636 4294967295
120.636 4294967295
120.84 4294967295
120.84 4294967295
121.045 4294967295
121.045 4294967295
121.25 4294967295
121.25 4294967295
121.455 4294967295
121.455 4294967295
121.659 4294967295
121.659 4294967295
121.864 4294967295
121.864 4294967295
122.069 4294967295
122.069 4294967295
122.273 4294967295
122.273 4294967295
122.478 4294967295
122.478 4294967295
122.683 4294967295
122.683 4294967295
122.887 4294967295
122.887 4294967295
123.092 4294967295
123.092 4294967295
123.297 4294967295
123.297 4294967295
123.502 4294967295
123.502 4294967295
123.706 4294967295
123.706 4294967295
123.911 4294967295
123.911 4294967295
124.116 4294967295
124.116 4294967295
124.32 4294967295
124.32 4294967295
124.525 4294967295
124.525 4294967295
124.73 4294967295
124.73 4294967295
124.934 4294967295
124.934 4294967295
125.139 4294967295
125.139 4294967295
125.344 4294967295
125.344 4294967295
125.549 4294967295
125.549 4294967295
125.753 4294967295
125.753 4294967295
125.958 4294967295
125.958 4294967295
126.163 4294967295
126.163 4294967295
126.367 4294967295
126.367 4294967295
126.572 4294967295
126.572 4294967295
126.777 4294967295
126.777 4294967295
126.981 4294967295
126.981 4294967295
127.186 4294967295
127.186 4294967295
127.391 4294967295
127.391 4294967295
127.596 4294967295
127.596 4294967295
127.8 4294967295
127.8 4294967295
128.005 4294967295
128.005 4294967295
128.21 4294967295
128.21 4294967295
128.414 4294967295
128.414 4294967295
128.619 4294967295
128.619 4294967295
128.824 4294967295
128.824 4294967295
129.028 4294967295
129.028 4294967295
129.233 4294967295
129.233 4294967295
129.438 4294967295
129.438 4294967295
129.643 4294967295
129.643 4294967295
129.847 4294967295
129.847 4294967295
130.052 4294967295
130.052 4294967295
130.257 4294967295
130.257 4294967295
130.461 4294967295
130.461 4294967295
130.666 4294967295
130.666 4294967295
130.871 4294967295
130.871 4294967295
131.075 4294967295
131.075 4294967295
131.28 4294967295
131.28 4294967295
131.485 4294967295
131.485 4294967295
131.69 4294967295
131.69 4294967295
131.894 4294967295
131.894 4294967295
132.099 4294967295
132.099 4294967295
132.304 4294967295
132.304 4294967295
132.509 4294967295
132.509 4294967295
132.713 4294967295
132.713 4294967295
132.918 4294967295
132.918 4294967295
133.123 4294967295
133.123 4294967295
133.327 4294967295
133.327 4294967295
133.532 4294967295
133.532 4294967295
133.737 4294967295
133.737 4294967295
133.941 4294967295
133.941 4294967295
134.146 4294967295
134.146 4294967295
134.351 4294967295
134.351 4294967295
134.556 4294967295
134.556 4294967295
134.76 4294967295
134.76 4294967295
134.965 4294967295
134.965 4294967295
135.17 4294967295
135.17 4294967295
135.374 4294967295
135.374 4294967295
135.579 4294967295
135.579 4294967295
135.784 4294967295
135.784 4294967295
135.988 4294967295
135.988 4294967295
136.193 4294967295
136.193 4294967295
136.398 4294967295
136.398 4294967295
136.603 4294967295
136.603 4294967295
136.807 4294967295
136.807 4294967295
137.012 4294967295
137.012 4294967295
137.217 4294967295
137.217 4294967295
137.421 4294967295
137.421 4294967295
137.626 4294967295
137.626 4294967295
137.831 4294967295
137.831 4294967295
138.035 4294967295
138.035 4294967295
138.24 4294967295
138.24 4294967295
138.445 4294967295
138.445 4294967295
138.65 4294967295
138.65 4294967295
138.854 4294967295
138.854 4294967295
139.059 4294967295
139.059 4294967295
139.264 4294967295
139.264 4294967295
139.468 4294967295
139.468 4294967295
139.673 4294967295
139.673 4294967295
139.878 4294967295
139.878 4294967295
140.082 4294967295
140.082 4294967295
140.287 4294967295
140.287 4294967295
140.492 4294967295
140.492 4294967295
140.697 4294967295
140.697 4294967295
140.901 4294967295
140.901 4294967295
141.106 4294967295
141.106 4294967295
141.311 4294967295
141.311 4294967295
141.515 4294967295
141.515 4294967295
141.72 4294967295
141.72 4294967295
141.925 4294967295
141.925 4294967295
142.13 4294967295
142.13 4294967295
142.334 4294967295
142.334 4294967295
142.539 4294967295
142.539 4294967295
142.744 4294967295
142.744 4294967295
142.949 4294967295
142.949 4294967295
143.153 4294967295
143.153 4294967295
143.358 4294967295
143.358 4294967295
143.563 4294967295
143.563 4294967295
143.767 4294967295
143.767 4294967295
143.972 4294967295
143.972 4294967295
144.177 4294967295
144.177 4294967295
144.382 4294967295
144.382 4294967295
144.586 4294967295
144.586 4294967295
144.791 4294967295
144.791 4294967295
144.996 4294967295
144.996 4294967295
145.2 4294967295
145.2 4294967295
145.405 4294967295
145.405 4294967295
145.61 4294967295
145.61 4294967295
145.814 4294967295
145.814 4294967295
146.019 4294967295
146.019 4294967295
146.224 4294967295
146.224 4294967295
146.429 4294967295
146.429 4294967295
146.633 4294967295
146.633 4294967295
146.838 4294967295
146.838 4294967295
147.043 4294967295
147.043 4294967295
147.247 4294967295
147.247 4294967295
147.452 4294967295
147.452 4294967295
147.657 4294967295
147.657 4294967295
147.862 4294967295
147.862 4294967295
148.066 4294967295
148.066 4294967295
148.271 4294967295
148.271 4294967295
148.476 4294967295
148.476 4294967295
148.68 4294967295
148.68 4294967295
148.885 4294967295
148.885 4294967295
149.09 4294967295
149.09 4294967295
149.294 4294967295
149.294 4294967295
149.499 4294967295
149.499 4294967295
149.704 4294967295
149.704 4294967295
149.909 4294967295
149.909 4294967295
150.113 4294967295
150.113 4294967295
150.318 4294967295
150.318 4294967295
150.522 4294967295
150.522 4294967295
150.727 4294967295
150.727 4294967295
150.931 4294967295
150.931 4294967295
151.136 4294967295
151.136 4294967295
151.34 4294967295
151.34 4294967295
151.544 4294967295
151.544 4294967295
151.749 4294967295
151.749 4294967295
151.953 4294967295
151.953 4294967295
152.158 4294967295
152.158 4294967295
152.362 4294967295
152.362 4294967295
152.567 4294967295
152.567 4294967295
152.771 4294967295
152.771 4294967295
152.976 4294967295
152.976 4294967295
153.18 4294967295
153.18 4294967295
153.385 4294967295
153.385 4294967295
153.589 4294967295
153.589 4294967295
153.794 4294967295
153.794 4294967295
153.998 4294967295
153.998 4294967295
154.203 4294967295
154.203 4294967295
154.407 4294967295
154.407 4294967295
154.611 4294967295
154.611 4294967295
154.816 4294967295
154.816 4294967295
155.02 4294967295
155.02 4294967295
155.225 4294967295
155.225 4294967295
155.429 4294967295
155.429 4294967295
155.634 4294967295
155.634 4294967295
155.838 4294967295
155.838 4294967295
156.043 4294967295
156.043 4294967295
156.247 4294967295
156.247 4294967295
156.452 4294967295
156.452 4294967295
156.656 4294967295
156.656 4294967295
156.861 4294967295
156.861 4294967295
157.065 4294967295
157.065 4294967295
157.27 4294967295
157.27 4294967295
157.474 4294967295
157.474 4294967295
157.678 4294967295
157.678 4294967295
157.883 4294967295
157.883 4294967295
158.087 4294967295
158.087 4294967295
158.292 4294967295
158.292 4294967295
158.496 4294967295
158.496 4294967295
158.701 4294967295
158.701 4294967295
158.905 4294967295
158.905 4294967295
159.11 4294967295
159.11 4294967295
159.314 4294967295
159.314 4294967295
159.519 4294967295
159.519 4294967295
159.723 4294967295
159.723 4294967295
159.928 4294967295
159.928 4294967295
160.132 4294967295
160.132 4294967295
160.337 4294967295
160.337 4294967295
160.541 4294967295
160.541 4294967295
160.745 4294967295
160.745 4294967295
160.95 4294967295
160.95 4294967295
161.154 4294967295
161.154 4294967295
161.359 4294967295
161.359 4294967295
161.563 4294967295
161.563 4294967295
161.768 4294967295
161.768 4294967295
161.972 4294967295
161.972 4294967295
162.177 4294967295
162.177 4294967295
162.381 4294967295
162.381 4294967295
162.586 4294967295
162.586 4294967295
162.79 4294967295
162.79 4294967295
162.995 4294967295
162.995 4294967295
163.199 4294967295
163.199 4294967295
163.404 4294967295
163.404 4294967295
163.608 4294967295
163.608 4294967295
163.812 4294967295
163.812 4294967295
164.017 4294967295
164.017 4294967295
164.221 4294967295
164.221 4294967295
164.426 4294967295
164.426 4294967295
164.63 4294967295
164.63 4294967295
164.835 4294967295
164.835 4294967295
165.039 4294967295
165.039 4294967295
165.244 4294967295
165.244 4294967295
165.448 4294967295
165.448 4294967295
165.653 4294967295
165.653 4294967295
165.857 4294967295
165.857 4294967295
166.062 4294967295
166.062 4294967295
166.266 4294967295
166.266 4294967295
166.471 4294967295
166.471 4294967295
166.675 4294967295
166.675 4294967295
166.879 4294967295
166.879 4294967295
167.084 4294967295
167.084 4294967295
167.288 4294967295
167.288 4294967295
167.493 4294967295
167.493 4294967295
167.697 4294967295
167.697 4294967295
167.902 4294967295
167.902 4294967295
168.106 4294967295
168.106 4294967295
168.311 4294967295
168.311 4294967295
168.515 4294967295
168.515 4294967295
168.72 4294967295
168.72 4294967295
168.924 4294967295
168.924 4294967295
169.129 4294967295
169.129 4294967295
169.333 4294967295
169.333 4294967295
169.538 4294967295
169.538 4294967295
169.742 4294967295
169.742 4294967295
169.947 4294967295
169.947 4294967295
170.151 4294967295
170.151 4294967295
170.355 4294967295
170.355 4294967295
170.56 4294967295
170.56 4294967295
170.764 4294967295
170.764 4294967295
170.969 4294967295
170.969 4294967295
171.173 4294967295
171.173 4294967295
171.378 4294967295
171.378 4294967295
171.582 4294967295
171.582 4294967295
171.787 4294967295
171.787 4294967295
171.991 4294967295
171.991 4294967295
172.196 4294967295
172.196 4294967295
172.4 4294967295
172.4 4294967295
172.605 4294967295
172.605 4294967295
172.809 4294967295
172.809 4294967295
173.014 4294967295
173.014 4294967295
173.218 4294967295
173.218 4294967295
173.422 4294967295
173.422 4294967295
173.627 4294967295
173.627 4294967295
173.831 4294967295
173.831 4294967295
174.036 4294967295
174.036 4294967295
174.24 4294967295
174.24 4294967295
174.445 4294967295
174.445 4294967295
174.649 4294967295
174.649 4294967295
174.854 4294967295
174.854 4294967295
175.058 4294967295
175.058 4294967295
175.263 4294967295
175.263 4294967295
175.467 4294967295
175.467 4294967295
175.672 4294967295
175.672 4294967295
175.876 4294967295
175.876 4294967295
176.081 4294967295
176.081 4294967295
176.285 4294967295
176.285 4294967295
176.489 4294967295
176.489 4294967295
176.694 4294967295
176.694 4294967295
176.898 4294967295
176.898 4294967295
177.103 4294967295
177.103 4294967295
177.307 4294967295
177.307 4294967295
177.512 4294967295
177.512 4294967295
177.716 4294967295
177.716 4294967295
177.921 4294967295
177.921 4294967295
178.125 4294967295
178.125 4294967295
178.33 4294967295
178.33 4294967295
178.534 4294967295
178.534 4294967295
178.739 4294967295
178.739 4294967295
178.943 4294967295
178.943 4294967295
179.148 4294967295
179.148 4294967295
179.352 4294967295
179.352 4294967295
179.556 4294967295
179.556 4294967295
179.761 4294967295
179.761 4294967295
179.965 4294967295
179.965 4294967295
180.17 4294967295
180.17 4294967295
180.374 4294967295
180.374 4294967295
180.579 4294967295
180.579 4294967295
180.783 4294967295
180.783 4294967295
180.988 4294967295
180.988 4294967295
181.192 4294967295
181.192 4294967295
181.397 4294967295
181.397 4294967295
181.601 4294967295
181.601 4294967295
181.806 4294967295
181.806 4294967295
182.01 4294967295
182.01 4294967295
182.215 4294967295
182.215 4294967295
182.419 4294967295
182.419 4294967295
182.623 4294967295
182.623 4294967295
182.828 4294967295
182.828 4294967295
183.032 4294967295
183.032 4294967295
183.237 4294967295
183.237 4294967295
183.441 4294967295
183.441 4294967295
183.646 4294967295
183.646 4294967295
183.85 4294967295
183.85 4294967295
184.055 4294967295
184.055 4294967295
184.259 4294967295
184.259 4294967295
184.464 4294967295
184.464 4294967295
184.668 4294967295
184.668 4294967295
184.873 4294967295
184.873 4294967295
185.077 4294967295
185.077 4294967295
185.282 4294967295
185.282 4294967295
185.486 4294967295
185.486 4294967295
185.69 4294967295
185.69 4294967295
185.895 4294967295
185.895 4294967295
186.099 4294967295
186.099 4294967295
186.304 4294967295
186.304 4294967295
186.508 4294967295
186.508 4294967295
186.713 4294967295
186.713 4294967295
186.917 4294967295
186.917 4294967295
187.122 4294967295
187.122 4294967295
187.326 4294967295
187.326 4294967295
187.531 4294967295
187.531 4294967295
187.735 4294967295
187.735 4294967295
187.94 4294967295
187.94 4294967295
188.144 4294967295
188.144 4294967295
188.349 4294967295
188.349 4294967295
188.553 4294967295
188.553 4294967295
188.757 4294967295
188.757 4294967295
188.962 4294967295
188.962 4294967295
189.166 4294967295
189.166 4294967295
189.371 4294967295
189.371 4294967295
189.575 4294967295
189.575 4294967295
189.78 4294967295
189.78 4294967295
189.984 4294967295
189.984 4294967295
190.189 4294967295
190.189 4294967295
190.393 4294967295
190.393 4294967295
190.598 4294967295
190.598 4294967295
190.802 4294967295
190.802 4294967295
191.007 4294967295
191.007 4294967295
191.211 4294967295
191.211 4294967295
191.416 4294967295
191.416 4294967295
191.62 4294967295
191.62 4294967295
191.824 4294967295
191.824 4294967295
192.029 4294967295
192.029 4294967295
192.233 4294967295
192.233 4294967295
192.438 4294967295
192.438 4294967295
192.642 4294967295
192.642 4294967295
192.847 4294967295
192.847 4294967295
193.051 4294967295
193.051 4294967295
193.256 4294967295
193.256 4294967295
193.46 4294967295
193.46 4294967295
193.665 4294967295
193.665 4294967295
193.869 4294967295
193.869 4294967295
194.074 4294967295
194.074 4294967295
194.278 4294967295
194.278 4294967295
194.483 4294967295
194.483 4294967295
194.687 4294967295
194.687 4294967295
194.892 4294967295
194.892 4294967295
195.096 4294967295
195.096 4294967295
195.3 4294967295
195.3 4294967295
195.505 4294967295
195.505 4294967295
195.709 4294967295
195.709 4294967295
195.914 4294967295
195.914 4294967295
196.118 4294967295
196.118 4294967295
196.323 4294967295
196.323 4294967295
196.527 4294967295
196.527 4294967295
196.732 4294967295
196.732 4294967295
196.936 4294967295
196.936 4294967295
197.141 4294967295
197.141 4294967295
197.345 4294967295
197.345 4294967295
197.55 4294967295
197.55 4294967295
197.754 4294967295
197.754 4294967295
197.959 4294967295
197.959 4294967295
198.163 4294967295
198.163 4294967295
198.367 4294967295
198.367 4294967295
198.572 4294967295
198.572 4294967295
198.776 4294967295
198.776 4294967295
198.981 4294967295
198.981 4294967295
199.185 4294967295
199.185 4294967295
199.39 4294967295
199.39 4294967295
199.594 4294967295
199.594 4294967295
199.799 4294967295
199.799 4294967295
200.003 4294967295
200.003 4294967295
200.215 4294967295
200.215 4294967295
200.427 4294967295
200.427 4294967295
200.631 4294967295
200.631 4294967295
200.836 4294967295
200.836 4294967295
