0.214139 476
0.221198 952
0.228257 1428
0.235316 1904
0.242375 2380
0.249433 2856
0.256492 3332
0.263551 3808
0.27061 4284
0.277669 4760
0.418851 4284
0.418851 4760
0.42591 5236
0.432958 4284
0.432969 4760
0.440027 5236
0.447075 4284
0.447086 4760
0.454145 5236
0.461193 4284
0.461204 4760
0.468263 5236
0.475311 4284
0.475322 4760
0.482381 5236
0.489439 5712
0.496498 6188
0.503557 6664
0.510616 7140
0.517675 7616
0.524734 8092
0.531793 8568
0.538851 9044
0.54591 9520
0.552969 9996
0.560028 10472
0.567087 10948
0.574146 11424
0.581205 11900
0.588263 12376
0.595322 12852
0.602381 13328
0.60944 13804
0.616499 14280
0.623552 13328
0.623558 13804
0.630617 14280
0.637669 13328
0.637675 13804
0.644734 14280
0.651787 13328
0.651793 13804
0.658852 14280
0.665905 13328
0.665911 13804
0.67297 14280
0.680022 13328
0.680029 13804
0.687087 14280
0.69414 13328
0.694146 13804
0.701205 14280
0.708258 13328
0.708264 13804
0.715323 14280
0.722376 13328
0.722382 13804
0.729441 14280
0.736493 13328
0.736499 13804
0.743558 14280
0.750611 13328
0.750617 13804
0.757676 14280
0.764729 13328
0.764735 13804
0.771794 14280
0.778846 13328
0.778853 13804
0.785911 14280
0.792964 13328
0.79297 13804
0.800029 14280
0.807082 13328
0.807088 13804
0.814147 14280
0.8212 13328
0.821206 13804
0.828265 14280
0.835317 13328
0.835323 13804
0.842382 14280
0.849435 13328
0.849441 13804
0.8565 14280
0.863553 13328
0.863559 13804
0.870618 14280
0.87767 13328
0.877677 13804
0.884735 14280
0.891788 13328
0.891794 13804
0.898853 14280
0.905906 13328
0.905912 13804
0.912971 14280
0.920024 13328
0.92003 13804
0.927089 14280
0.934141 13328
0.934147 13804
0.941206 14280
0.948259 13328
0.948265 13804
0.955324 14280
0.962377 13328
0.962383 13804
0.969442 14280
0.976494 13328
0.976501 13804
0.983559 14280
0.990612 13328
0.990618 13804
0.997677 14280
1.00473 13328
1.00474 13804
1.01179 14280
1.01885 13328
1.01885 13804
1.02591 14280
1.03297 13328
1.03297 13804
1.04003 14280
1.04708 13328
1.04709 13804
1.05415 14280
1.0612 13328
1.06121 13804
1.06827 14280
1.07532 13328
1.07532 13804
1.08238 14280
1.08944 13328
1.08944 13804
1.0965 14280
1.10355 13328
1.10356 13804
1.11062 14280
1.11767 13328
1.11768 13804
1.12474 14280
1.13179 13328
1.1318 13804
1.13885 14280
1.14591 13328
1.14591 13804
1.15297 14280
1.16002 13328
1.16003 13804
1.16709 14280
1.17414 13328
1.17415 13804
1.18121 14280
1.18826 13328
1.18827 13804
1.19533 14280
1.20238 13328
1.20238 13804
1.20944 14280
1.2165 13328
1.2165 13804
1.22356 14280
1.23061 13328
1.23062 13804
1.23768 14280
1.24473 13328
1.24474 13804
1.2518 14280
1.25885 13328
1.25885 13804
1.26591 14280
1.27297 13328
1.27297 13804
1.28003 14280
1.28708 13328
1.28709 13804
1.29415 14280
1.3012 13328
1.30121 13804
1.30827 14280
1.31532 13328
1.31533 13804
1.32238 14280
1.32944 13328
1.32944 13804
1.3365 14280
1.34356 13328
1.34356 13804
1.35062 14280
1.35767 13328
1.35768 13804
1.36474 14280
1.37179 13328
1.3718 13804
1.37886 14280
1.38591 13328
1.38591 13804
1.39297 14280
1.40003 13328
1.40003 13804
1.40709 14280
1.41414 13328
1.41415 13804
1.42121 14280
1.42826 13328
1.42827 13804
1.43533 14280
1.44238 13328
1.44239 13804
1.44944 14280
1.4565 13328
1.4565 13804
1.46356 14280
1.47061 13328
1.47062 13804
1.47768 14280
1.48473 13328
1.48474 13804
1.4918 14280
1.49885 13328
1.49886 13804
1.50591 14280
1.51297 13328
1.51297 13804
1.52003 14280
1.52709 13328
1.52709 13804
1.53415 14280
1.5412 13328
1.54121 13804
1.54827 14280
1.55532 13328
1.55533 13804
1.56239 14280
1.56944 13328
1.56944 13804
1.5765 14280
1.58356 13328
1.58356 13804
1.59062 14280
1.59767 13328
1.59768 13804
1.60474 14280
1.61179 13328
1.6118 13804
1.61886 14280
1.62591 13328
1.62592 13804
1.63297 14280
1.64003 13328
1.64003 13804
1.64709 14280
1.65414 13328
1.65415 13804
1.66121 14280
1.66826 13328
1.66827 13804
1.67533 14280
1.68238 13328
1.68239 13804
1.68945 14280
1.6965 13328
1.6965 13804
1.70356 14280
1.71062 13328
1.71062 13804
1.71768 14280
1.72473 13328
1.72474 13804
1.7318 14280
1.73885 13328
1.73886 13804
1.74592 14280
1.75297 13328
1.75297 13804
1.76003 14280
1.76709 13328
1.76709 13804
1.77415 14280
1.7812 13328
1.78121 13804
1.78827 14280
1.79532 13328
1.79533 13804
1.80239 14280
1.80944 13328
1.80945 13804
1.8165 14280
1.82356 13328
1.82356 13804
1.83062 14280
1.83768 13328
1.83768 13804
1.84474 14280
1.85179 13328
1.8518 13804
1.85886 14280
1.86591 13328
1.86592 13804
1.87298 14280
1.88003 13328
1.88003 13804
1.88709 14280
1.89415 13328
1.89415 13804
1.90121 14280
1.90826 13328
1.90827 13804
1.91533 14280
1.92238 13328
1.92239 13804
1.92945 14280
1.9365 13328
1.93651 13804
1.94356 14280
1.95062 13328
1.95062 13804
1.95768 14280
1.96473 13328
1.96474 13804
1.9718 14280
1.97885 13328
1.97886 13804
1.98592 14280
1.99297 13328
1.99298 13804
2.00003 14280
2.00709 13328
2.00709 13804
2.01415 14280
2.02121 13328
2.02121 13804
2.02827 14280
2.03532 13328
2.03533 13804
2.04239 14280
2.04944 13328
2.04945 13804
2.05651 14280
2.06356 13328
2.06356 13804
2.07062 14280
2.07768 13328
2.07768 13804
2.08474 14280
2.09179 13328
2.0918 13804
2.09886 14280
2.10591 13328
2.10592 13804
2.11298 14280
2.12003 13328
2.12004 13804
2.12709 14280
2.13415 13328
2.13415 13804
2.14121 14280
2.14826 13328
2.14827 13804
2.15533 14280
2.16238 13328
2.16239 13804
2.16945 14280
2.1765 13328
2.17651 13804
2.18357 14280
2.19062 13328
2.19062 13804
2.19768 14280
2.20474 13328
2.20474 13804
2.2118 14280
2.21885 13328
2.21886 13804
2.22592 14280
2.23297 13328
2.23298 13804
2.24004 14280
2.24709 13328
2.2471 13804
2.25415 14280
2.26121 13328
2.26121 13804
2.26827 14280
2.27532 13328
2.27533 13804
2.28239 14280
2.28944 13328
2.28945 13804
2.29651 14280
2.30356 13328
2.30357 13804
2.31062 14280
2.31768 13328
2.31768 13804
2.32474 14280
2.3318 13328
2.3318 13804
2.33886 14280
2.34591 13328
2.34592 13804
2.35298 14280
2.36003 13328
2.36004 13804
2.3671 14280
2.37415 13328
2.37415 13804
2.38121 14280
2.38827 13328
2.38827 13804
2.39533 14280
2.40238 13328
2.40239 13804
2.40945 14280
2.4165 13328
2.41651 13804
2.42357 14280
2.43062 13328
2.43063 13804
2.43768 14280
2.44474 13328
2.44474 13804
2.4518 14280
2.45885 13328
2.45886 13804
2.46592 14280
2.47297 13328
2.47298 13804
2.48004 14280
2.48709 13328
2.4871 13804
2.49416 14280
2.50121 13328
2.50121 13804
2.50827 14280
2.51533 13328
2.51533 13804
2.52239 14280
2.52944 13328
2.52945 13804
2.53651 14280
2.54356 13328
2.54357 13804
2.55063 14280
2.55768 13328
2.55768 13804
2.56474 14280
2.5718 13328
2.5718 13804
2.57886 14280
2.58591 13328
2.58592 13804
2.59298 14280
2.60003 13328
2.60004 13804
2.6071 14280
2.61415 13328
2.61416 13804
2.62121 14280
2.62827 13328
2.62827 13804
2.63533 14280
2.64238 13328
2.64239 13804
2.64945 14280
2.6565 13328
2.65651 13804
2.66357 14280
2.67062 13328
2.67063 13804
2.67769 14280
2.68474 13328
2.68474 13804
2.6918 14280
2.69886 13328
2.69886 13804
2.70592 14280
2.71297 13328
2.71298 13804
2.72004 14280
2.72709 13328
2.7271 13804
2.73416 14280
2.74121 13328
2.74122 13804
2.74827 14280
2.75533 13328
2.75533 13804
2.76239 14280
2.76944 13328
2.76945 13804
2.77651 14280
2.78356 13328
2.78357 13804
2.79063 14280
2.79768 13328
2.79769 13804
2.80474 14280
2.8118 13328
2.8118 13804
2.81886 14280
2.82592 13328
2.82592 13804
2.83298 14280
2.84003 13328
2.84004 13804
2.8471 14280
2.85415 13328
2.85416 13804
2.86122 14280
2.86827 13328
2.86827 13804
2.87533 14280
2.88239 13328
2.88239 13804
2.88945 14280
2.8965 13328
2.89651 13804
2.90357 14280
2.91062 13328
2.91063 13804
2.91769 14280
2.92474 13328
2.92475 13804
2.9318 14280
2.93886 13328
2.93886 13804
2.94592 14280
2.95297 13328
2.95298 13804
2.96004 14280
2.96709 13328
2.9671 13804
2.97416 14280
2.98121 13328
2.98122 13804
2.98828 14280
2.99533 13328
2.99533 13804
3.00239 14280
3.00945 13328
3.00945 13804
3.01651 14280
3.02356 13328
3.02357 13804
3.03063 14280
3.03768 13328
3.03769 13804
3.04475 14280
3.0518 13328
3.0518 13804
3.05886 14280
3.06592 13328
3.06592 13804
3.07298 14280
3.08003 13328
3.08004 13804
3.0871 14280
3.09415 13328
3.09416 13804
3.10122 14280
3.10827 13328
3.10828 13804
3.11533 14280
3.12239 13328
3.12239 13804
3.12945 14280
3.13651 13328
3.13651 13804
3.14357 14280
3.15062 13328
3.15063 13804
3.15769 14280
3.16474 13328
3.16475 13804
3.17181 14280
3.17886 13328
3.17886 13804
3.18592 14280
3.19298 13328
3.19298 13804
3.20004 14280
3.20709 13328
3.2071 13804
3.21416 14280
3.22121 13328
3.22122 13804
3.22828 14280
3.23533 13328
3.23534 13804
3.24239 14280
3.24945 13328
3.24945 13804
3.25651 14280
3.26356 13328
3.26357 13804
3.27063 14280
3.27768 13328
3.27769 13804
3.28475 14280
3.2918 13328
3.29181 13804
3.29886 14280
3.30592 13328
3.30592 13804
3.31298 14280
3.32004 13328
3.32004 13804
3.3271 14280
3.33415 13328
3.33416 13804
3.34122 14280
3.34827 13328
3.34828 13804
3.35534 14280
3.36239 13328
3.36239 13804
3.36945 14280
3.37651 13328
3.37651 13804
3.38357 14280
3.39062 13328
3.39063 13804
3.39769 14280
3.40474 13328
3.40475 13804
3.41181 14280
3.41886 13328
3.41887 13804
3.42592 14280
3.43298 13328
3.43298 13804
3.44004 14280
3.44709 13328
3.4471 13804
3.45416 14280
3.46121 13328
3.46122 13804
3.46828 14280
3.47533 13328
3.47534 13804
3.4824 14280
3.48945 13328
3.48945 13804
3.49651 14280
3.50357 13328
3.50357 13804
3.51063 14280
3.51768 13328
3.51769 13804
3.52475 14280
3.5318 13328
3.53181 13804
3.53887 14280
3.54592 13328
3.54592 13804
3.55298 14280
3.56004 13328
3.56004 13804
3.5671 14280
3.57415 13328
3.57416 13804
3.58122 14280
3.58827 13328
3.58828 13804
3.59534 14280
3.60239 13328
3.6024 13804
3.60945 14280
3.61651 13328
3.61651 13804
3.62357 14280
3.63063 13328
3.63063 13804
3.63769 14280
3.64474 13328
3.64475 13804
3.65181 14280
3.65886 13328
3.65887 13804
3.66593 14280
3.67298 13328
3.67298 13804
3.68004 14280
3.6871 13328
3.6871 13804
3.69416 14280
3.70121 13328
3.70122 13804
3.70828 14280
3.71533 13328
3.71534 13804
3.7224 14280
3.72945 13328
3.72946 13804
3.73651 14280
3.74357 13328
3.74357 13804
3.75063 14280
3.75768 13328
3.75769 13804
3.76475 14280
3.7718 13328
3.77181 13804
3.77887 14280
3.78592 13328
3.78593 13804
3.79298 14280
3.80004 13328
3.80004 13804
3.8071 14280
3.81416 13328
3.81416 13804
3.82122 14280
3.82827 13328
3.82828 13804
3.83534 14280
3.84239 13328
3.8424 13804
3.84946 14280
3.85651 13328
3.85651 13804
3.86357 14280
3.87063 13328
3.87063 13804
3.87769 14280
3.88474 13328
3.88475 13804
3.89181 14280
3.89886 13328
3.89887 13804
3.90593 14280
3.91298 13328
3.91299 13804
3.92004 14280
3.9271 13328
3.9271 13804
3.93416 14280
3.94121 13328
3.94122 13804
3.94828 14280
3.95533 13328
3.95534 13804
3.9624 14280
3.96945 13328
3.96946 13804
3.97652 14280
3.98357 13328
3.98357 13804
3.99063 14280
3.99769 13328
3.99769 13804
4.00475 14280
4.0118 13328
4.01181 13804
4.01887 14280
4.02592 13328
4.02593 13804
4.03299 14280
4.04004 13328
4.04004 13804
4.0471 14280
4.05416 13328
4.05416 13804
4.06122 14280
4.06827 13328
4.06828 13804
4.07534 14280
4.08239 13328
4.0824 13804
4.08946 14280
4.09651 13328
4.09652 13804
4.10357 14280
4.11063 13328
4.11063 13804
4.11769 14280
4.12475 13328
4.12475 13804
4.13181 14280
4.13886 13328
4.13887 13804
4.14593 14280
4.15298 13328
4.15299 13804
4.16005 14280
4.1671 13328
4.1671 13804
4.17416 14280
4.18122 13328
4.18122 13804
4.18828 14280
4.19533 13328
4.19534 13804
4.2024 14280
4.20945 13328
4.20946 13804
4.21652 14280
4.22357 13328
4.22358 13804
4.23063 14280
4.23769 13328
4.23769 13804
4.24475 14280
4.2518 13328
4.25181 13804
4.25887 14280
4.26592 13328
4.26593 13804
4.27299 14280
4.28004 13328
4.28005 13804
4.2871 14280
4.29416 13328
4.29416 13804
4.30122 14280
4.30828 13328
4.30828 13804
4.31534 14280
4.32239 13328
4.3224 13804
4.32946 14280
4.33651 13328
4.33652 13804
4.34358 14280
4.35063 13328
4.35063 13804
4.35769 14280
4.36475 13328
4.36475 13804
4.37181 14280
4.37886 13328
4.37887 13804
4.38593 14280
4.39298 13328
4.39299 13804
4.40005 14280
4.4071 13328
4.40711 13804
4.41416 14280
4.42122 13328
4.42122 13804
4.42828 14280
4.43533 13328
4.43534 13804
4.4424 14280
4.44945 13328
4.44946 13804
4.45652 14280
4.46357 13328
4.46358 13804
4.47064 14280
4.47769 13328
4.47769 13804
4.48475 14280
4.49181 13328
4.49181 13804
4.49887 14280
4.50592 13328
4.50593 13804
4.51299 14280
4.52004 13328
4.52005 13804
4.52711 14280
4.53416 13328
4.53417 13804
4.54122 14280
4.54828 13328
4.54828 13804
4.55534 14280
4.56239 13328
4.5624 13804
4.56946 14280
4.57651 13328
4.57652 13804
4.58358 14280
4.59063 13328
4.59064 13804
4.59769 14280
4.60475 13328
4.60475 13804
4.61181 14280
4.61887 13328
4.61887 13804
4.62593 14280
4.63298 13328
4.63299 13804
4.64005 14280
4.6471 13328
4.64711 13804
4.65417 14280
4.66122 13328
4.66122 13804
4.66828 14280
4.67534 13328
4.67534 13804
4.6824 14280
4.68945 13328
4.68946 13804
4.69652 14280
4.70357 13328
4.70358 13804
4.71064 14280
4.71769 13328
4.7177 13804
4.72475 14280
4.73181 13328
4.73181 13804
4.73887 14280
4.74592 13328
4.74593 13804
4.75299 14280
4.76004 13328
4.76005 13804
4.76711 14280
4.77416 13328
4.77417 13804
4.78123 14280
4.78828 13328
4.78828 13804
4.79534 14280
4.8024 13328
4.8024 13804
4.80946 14280
4.81651 13328
4.81652 13804
4.82358 14280
4.83063 13328
4.83064 13804
4.8377 14280
4.84475 13328
4.84475 13804
4.85181 14280
4.85887 13328
4.85887 13804
4.86593 14280
4.87298 13328
4.87299 13804
4.88005 14280
4.8871 13328
4.88711 13804
4.89417 14280
4.90122 13328
4.90123 13804
4.90828 14280
4.91534 13328
4.91534 13804
4.9224 14280
4.92945 13328
4.92946 13804
4.93652 14280
4.94357 13328
4.94358 13804
4.95064 14280
4.95769 13328
4.9577 13804
4.96476 14280
4.97181 13328
4.97181 13804
4.97887 14280
4.98593 13328
4.98593 13804
4.99299 14280
5.00004 13328
5.00005 13804
5.00711 14280
5.01416 13328
5.01417 13804
5.02123 14280
5.02828 13328
5.02829 13804
5.03534 14280
5.0424 13328
5.0424 13804
5.04946 14280
5.05651 13328
5.05652 13804
5.06358 14280
5.07063 13328
5.07064 13804
5.0777 14280
5.08475 13328
5.08476 13804
5.09181 14280
5.09887 13328
5.09887 13804
5.10593 14280
5.11299 13328
5.11299 13804
5.12005 14280
5.1271 13328
5.12711 13804
5.13417 14280
5.14122 13328
5.14123 13804
5.14829 14280
5.15534 13328
5.15534 13804
5.1624 14280
5.16946 13328
5.16946 13804
5.17652 14280
5.18357 13328
5.18358 13804
5.19064 14280
5.19769 13328
5.1977 13804
5.20476 14280
5.21181 13328
5.21182 13804
5.21887 14280
5.22593 13328
5.22593 13804
5.23299 14280
5.24004 13328
5.24005 13804
5.24711 14280
5.25416 13328
5.25417 13804
5.26123 14280
5.26828 13328
5.26829 13804
5.27535 14280
5.2824 13328
5.2824 13804
5.28946 14280
5.29652 13328
5.29652 13804
5.30358 14280
5.31063 13328
5.31064 13804
5.3177 14280
5.32475 13328
5.32476 13804
5.33182 14280
5.33887 13328
5.33887 13804
5.34593 14280
5.35299 13328
5.35299 13804
5.36005 14280
5.3671 13328
5.36711 13804
5.37417 14280
5.38122 13328
5.38123 13804
5.38829 14280
5.39534 13328
5.39535 13804
5.4024 14280
5.40946 13328
5.40946 13804
5.41652 14280
5.42358 13328
5.42358 13804
5.43064 14280
5.43769 13328
5.4377 13804
5.44476 14280
5.45181 13328
5.45182 13804
5.45888 14280
5.46593 13328
5.46593 13804
5.47299 14280
5.48005 13328
5.48005 13804
5.48711 14280
5.49416 13328
5.49417 13804
5.50123 14280
5.50828 13328
5.50829 13804
5.51535 14280
5.5224 13328
5.52241 13804
5.52946 14280
5.53652 13328
5.53652 13804
5.54358 14280
5.55063 13328
5.55064 13804
5.5577 14280
5.56475 13328
5.56476 13804
5.57182 14280
5.57887 13328
5.57888 13804
5.58593 14280
5.59299 13328
5.59299 13804
5.60005 14280
5.60711 13328
5.60711 13804
5.61417 14280
5.62122 13328
5.62123 13804
5.62829 14280
5.63534 13328
5.63535 13804
5.64241 14280
5.64946 13328
5.64946 13804
5.65652 14280
5.66358 13328
5.66358 13804
5.67064 14280
5.67769 13328
5.6777 13804
5.68476 14280
5.69181 13328
5.69182 13804
5.69888 14280
5.70593 13328
5.70594 13804
5.71299 14280
5.72005 13328
5.72005 13804
5.72711 14280
5.73416 13328
5.73417 13804
5.74123 14280
5.74828 13328
5.74829 13804
5.75535 14280
5.7624 13328
5.76241 13804
5.76947 14280
5.77652 13328
5.77652 13804
5.78358 14280
5.79064 13328
5.79064 13804
5.7977 14280
5.80475 13328
5.80476 13804
5.81182 14280
5.81887 13328
5.81888 13804
5.82594 14280
5.83299 13328
5.83299 13804
5.84005 14280
5.84711 13328
5.84711 13804
5.85417 14280
5.86122 13328
5.86123 13804
5.86829 14280
5.87534 13328
5.87535 13804
5.88241 14280
5.88946 13328
5.88947 13804
5.89652 14280
5.90358 13328
5.90358 13804
5.91064 14280
5.9177 13328
5.9177 13804
5.92476 14280
5.93181 13328
5.93182 13804
5.93888 14280
5.94593 13328
5.94594 13804
5.953 14280
5.96005 13328
5.96005 13804
5.96711 14280
5.97417 13328
5.97417 13804
5.98123 14280
5.98828 13328
5.98829 13804
5.99535 14280
6.0024 13328
6.00241 13804
6.00947 14280
6.01652 13328
6.01653 13804
6.02358 14280
6.03064 13328
6.03064 13804
6.0377 14280
6.04475 13328
6.04476 13804
6.05182 14280
6.05887 13328
6.05888 13804
6.06594 14280
6.07299 13328
6.073 13804
6.08005 14280
6.08711 13328
6.08711 13804
6.09417 14280
6.10123 13328
6.10123 13804
6.10829 14280
6.11534 13328
6.11535 13804
6.12241 14280
6.12946 13328
6.12947 13804
6.13653 14280
6.14358 13328
6.14358 13804
6.15064 14280
6.1577 13328
6.1577 13804
6.16476 14280
6.17181 13328
6.17182 13804
6.17888 14280
6.18593 13328
6.18594 13804
6.193 14280
6.20005 13328
6.20006 13804
6.20711 14280
6.21417 13328
6.21417 13804
6.22123 14280
6.22828 13328
6.22829 13804
6.23535 14280
6.2424 13328
6.24241 13804
6.24947 14280
6.25652 13328
6.25653 13804
6.26359 14280
6.27064 13328
6.27064 13804
6.2777 14280
6.28476 13328
6.28476 13804
6.29182 14280
6.29887 13328
6.29888 13804
6.30594 14280
6.31299 13328
6.313 13804
6.32006 14280
6.32711 13328
6.32711 13804
6.33417 14280
6.34123 13328
6.34123 13804
6.34829 14280
6.35534 13328
6.35535 13804
6.36241 14280
6.36946 13328
6.36947 13804
6.37653 14280
6.38358 13328
6.38359 13804
6.39064 14280
6.3977 13328
6.3977 13804
6.40476 14280
6.41182 13328
6.41182 13804
6.41888 14280
6.42593 13328
6.42594 13804
6.433 14280
6.44005 13328
6.44006 13804
6.44712 14280
6.45417 13328
6.45417 13804
6.46123 14280
6.46829 13328
6.46829 13804
6.47535 14280
6.4824 13328
6.48241 13804
6.48947 14280
6.49652 13328
6.49653 13804
6.50359 14280
6.51064 13328
6.51065 13804
6.5177 14280
6.52476 13328
6.52476 13804
6.53182 14280
6.53887 13328
6.53888 13804
6.54594 14280
6.55299 13328
6.553 13804
6.56006 14280
6.56711 13328
6.56712 13804
6.57417 14280
6.58123 13328
6.58123 13804
6.58829 14280
6.59535 13328
6.59535 13804
6.60241 14280
6.60946 13328
6.60947 13804
6.61653 14280
6.62358 13328
6.62359 13804
6.63065 14280
6.6377 13328
6.6377 13804
6.64476 14280
6.65182 13328
6.65182 13804
6.65888 14280
6.66593 13328
6.66594 13804
6.673 14280
6.68005 13328
6.68006 13804
6.68712 14280
6.69417 13328
6.69418 13804
6.70123 14280
6.70829 13328
6.70829 13804
6.71535 14280
6.7224 13328
6.72241 13804
6.72947 14280
6.73652 13328
6.73653 13804
6.74359 14280
6.75064 13328
6.75065 13804
6.75771 14280
6.76476 13328
6.76476 13804
6.77182 14280
6.77888 13328
6.77888 13804
6.78594 14280
6.79299 13328
6.793 13804
6.80006 14280
6.80711 13328
6.80712 13804
6.81418 14280
6.82123 13328
6.82124 13804
6.82829 14280
6.83535 13328
6.83535 13804
6.84241 14280
6.84946 13328
6.84947 13804
6.85653 14280
6.86358 13328
6.86359 13804
6.87065 14280
6.8777 13328
6.87771 13804
6.88476 14280
6.89182 13328
6.89182 13804
6.89888 14280
6.90594 13328
6.90594 13804
6.913 14280
6.92005 13328
6.92006 13804
6.92712 14280
6.93417 13328
6.93418 13804
6.94124 14280
6.94829 13328
6.94829 13804
6.95535 14280
6.96241 13328
6.96241 13804
6.96947 14280
6.97652 13328
6.97653 13804
6.98359 14280
6.99064 13328
6.99065 13804
6.99771 14280
7.00476 13328
7.00477 13804
7.01182 14280
7.01888 13328
7.01888 13804
7.02594 14280
7.03299 13328
7.033 13804
7.04006 14280
7.04711 13328
7.04712 13804
7.05418 14280
7.06123 13328
7.06124 13804
7.0683 14280
7.07535 13328
7.07535 13804
7.08241 14280
7.08947 13328
7.08947 13804
7.09653 14280
7.10358 13328
7.10359 13804
7.11065 14280
7.1177 13328
7.11771 13804
7.12477 14280
7.13182 13328
7.13182 13804
7.13888 14280
7.14594 13328
7.14594 13804
7.153 14280
7.16005 13328
7.16006 13804
7.16712 14280
7.17417 13328
7.17418 13804
7.18124 14280
7.18829 13328
7.1883 13804
7.19535 14280
7.20241 13328
7.20241 13804
7.20947 14280
7.21652 13328
7.21653 13804
7.22359 14280
7.23064 13328
7.23065 13804
7.23771 14280
7.24476 13328
7.24477 13804
7.25183 14280
7.25888 13328
7.25888 13804
7.26594 14280
7.273 13328
7.273 13804
7.28006 14280
7.28711 13328
7.28712 13804
7.29418 14280
7.30123 13328
7.30124 13804
7.3083 14280
7.31535 13328
7.31536 13804
7.32241 14280
7.32947 13328
7.32947 13804
7.33653 14280
7.34358 13328
7.34359 13804
7.35065 14280
7.3577 13328
7.35771 13804
7.36477 14280
7.37182 13328
7.37183 13804
7.37888 14280
7.38594 13328
7.38594 13804
7.393 14280
7.40006 13328
7.40006 13804
7.40712 14280
7.41417 13328
7.41418 13804
7.42124 14280
7.42829 13328
7.4283 13804
7.43536 14280
7.44241 13328
7.44241 13804
7.44947 14280
7.45653 13328
7.45653 13804
7.46359 14280
7.47064 13328
7.47065 13804
7.47771 14280
7.48476 13328
7.48477 13804
7.49183 14280
7.49888 13328
7.49889 13804
7.50594 14280
7.513 13328
7.513 13804
7.52006 14280
7.52711 13328
7.52712 13804
7.53418 14280
7.54123 13328
7.54124 13804
7.5483 14280
7.55535 13328
7.55536 13804
7.56242 14280
7.56947 13328
7.56947 13804
7.57653 14280
7.58359 13328
7.58359 13804
7.59065 14280
7.5977 13328
7.59771 13804
7.60477 14280
7.61182 13328
7.61183 13804
7.61889 14280
7.62594 13328
7.62594 13804
7.633 14280
7.64006 13328
7.64006 13804
7.64712 14280
7.65417 13328
7.65418 13804
7.66124 14280
7.66829 13328
7.6683 13804
7.67536 14280
7.68241 13328
7.68242 13804
7.68947 14280
7.69653 13328
7.69653 13804
7.70359 14280
7.71065 13328
7.71065 13804
7.71771 14280
7.72476 13328
7.72477 13804
7.73183 14280
7.73888 13328
7.73889 13804
7.74595 14280
7.753 13328
7.753 13804
7.76006 14280
7.76712 13328
7.76712 13804
7.77418 14280
7.78123 13328
7.78124 13804
7.7883 14280
7.79535 13328
7.79536 13804
7.80242 14280
7.80947 13328
7.80948 13804
7.81653 14280
7.82359 13328
7.82359 13804
7.83065 14280
7.8377 13328
7.83771 13804
7.84477 14280
7.85182 13328
7.85183 13804
7.85889 14280
7.86594 13328
7.86595 13804
7.873 14280
7.88006 13328
7.88006 13804
7.88712 14280
7.89418 13328
7.89418 13804
7.90124 14280
7.90829 13328
7.9083 13804
7.91536 14280
7.92241 13328
7.92242 13804
7.92948 14280
7.93653 13328
7.93653 13804
7.94359 14280
7.95065 13328
7.95065 13804
7.95771 14280
7.96476 13328
7.96477 13804
7.97183 14280
7.97888 13328
7.97889 13804
7.98595 14280
7.993 13328
7.99301 13804
8.00006 14280
8.00712 13328
8.00712 13804
8.01418 14280
8.02123 13328
8.02124 13804
8.0283 14280
8.03535 13328
8.03536 13804
8.04242 14280
8.04947 13328
8.04948 13804
8.05654 14280
8.06359 13328
8.06359 13804
8.07065 14280
8.07771 13328
8.07771 13804
8.08477 14280
8.09182 13328
8.09183 13804
8.09889 14280
8.10594 13328
8.10595 13804
8.11301 14280
8.12006 13328
8.12006 13804
8.12712 14280
8.13418 13328
8.13418 13804
8.14124 14280
8.14829 13328
8.1483 13804
8.15536 14280
8.16241 13328
8.16242 13804
8.16948 14280
8.17653 13328
8.17654 13804
8.18359 14280
8.19065 13328
8.19065 13804
8.19771 14280
8.20477 13328
8.20477 13804
8.21183 14280
8.21888 13328
8.21889 13804
8.22595 14280
8.233 13328
8.23301 13804
8.24007 14280
8.24712 13328
8.24712 13804
8.25418 14280
8.26124 13328
8.26124 13804
8.2683 14280
8.27535 13328
8.27536 13804
8.28242 14280
8.28947 13328
8.28948 13804
8.29654 14280
8.30359 13328
8.3036 13804
8.31065 14280
8.31771 13328
8.31771 13804
8.32477 14280
8.33182 13328
8.33183 13804
8.33889 14280
8.34594 13328
8.34595 13804
8.35301 14280
8.36006 13328
8.36007 13804
8.36712 14280
8.37418 13328
8.37418 13804
8.38124 14280
8.3883 13328
8.3883 13804
8.39536 14280
8.40241 13328
8.40242 13804
8.40948 14280
8.41653 13328
8.41654 13804
8.4236 14280
8.43065 13328
8.43065 13804
8.43771 14280
8.44477 13328
8.44477 13804
8.45183 14280
8.45888 13328
8.45889 13804
8.46595 14280
8.473 13328
8.47301 13804
8.48007 14280
8.48712 13328
8.48713 13804
8.49418 14280
8.50124 13328
8.50124 13804
8.5083 14280
8.51535 13328
8.51536 13804
8.52242 14280
8.52947 13328
8.52948 13804
8.53654 14280
8.54359 13328
8.5436 13804
8.55066 14280
8.55771 13328
8.55771 13804
8.56477 14280
8.57183 13328
8.57183 13804
8.57889 14280
8.58594 13328
8.58595 13804
8.59301 14280
8.60006 13328
8.60007 13804
8.60713 14280
8.61418 13328
8.61418 13804
8.62124 14280
8.6283 13328
8.6283 13804
8.63536 14280
8.64241 13328
8.64242 13804
8.64948 14280
8.65653 13328
8.65654 13804
8.6636 14280
8.67065 13328
8.67066 13804
8.67771 14280
8.68477 13328
8.68477 13804
8.69183 14280
8.69889 13328
8.69889 13804
8.70595 14280
8.713 13328
8.71301 13804
8.72007 14280
8.72712 13328
8.72713 13804
8.73419 14280
8.74124 13328
8.74124 13804
8.7483 14280
8.75536 13328
8.75536 13804
8.76242 14280
8.76947 13328
8.76948 13804
8.77654 14280
8.78359 13328
8.7836 13804
8.79066 14280
8.79771 13328
8.79772 13804
8.80477 14280
8.81183 13328
8.81183 13804
8.81889 14280
8.82594 13328
8.82595 13804
8.83301 14280
8.84006 13328
8.84007 13804
8.84713 14280
8.85418 13328
8.85419 13804
8.86124 14280
8.8683 13328
8.8683 13804
8.87536 14280
8.88242 13328
8.88242 13804
8.88948 14280
8.89653 13328
8.89654 13804
8.9036 14280
8.91065 13328
8.91066 13804
8.91772 14280
8.92477 13328
8.92477 13804
8.93183 14280
8.93889 13328
8.93889 13804
8.94595 14280
8.953 13328
8.95301 13804
8.96007 14280
8.96712 13328
8.96713 13804
8.97419 14280
8.98124 13328
8.98125 13804
8.9883 14280
8.99536 13328
8.99536 13804
9.00242 14280
9.00947 13328
9.00948 13804
9.01654 14280
9.02359 13328
9.0236 13804
9.03066 14280
9.03771 13328
9.03772 13804
9.04478 14280
9.05183 13328
9.05183 13804
9.05889 14280
9.06595 13328
9.06595 13804
9.07301 14280
9.08006 13328
9.08007 13804
9.08713 14280
9.09418 13328
9.09419 13804
9.10125 14280
9.1083 13328
9.1083 13804
9.11536 14280
9.12242 13328
9.12242 13804
9.12948 14280
9.13653 13328
9.13654 13804
9.1436 14280
9.15065 13328
9.15066 13804
9.15772 14280
9.16477 13328
9.16478 13804
9.17183 14280
9.17889 13328
9.17889 13804
9.18595 14280
9.19301 13328
9.19301 13804
9.20007 14280
9.20712 13328
9.20713 13804
9.21419 14280
9.22124 13328
9.22125 13804
9.22831 14280
9.23536 13328
9.23536 13804
9.24242 14280
9.24948 13328
9.24948 13804
9.25654 14280
9.26359 13328
9.2636 13804
9.27066 14280
9.27771 13328
9.27772 13804
9.28478 14280
9.29183 13328
9.29184 13804
9.29889 14280
9.30595 13328
9.30595 13804
9.31301 14280
9.32006 13328
9.32007 13804
9.32713 14280
9.33418 13328
9.33419 13804
9.34125 14280
9.3483 13328
9.34831 13804
9.35537 14280
9.36242 13328
9.36242 13804
9.36948 14280
9.37654 13328
9.37654 13804
9.3836 14280
9.39065 13328
9.39066 13804
9.39772 14280
9.40477 13328
9.40478 13804
9.41184 14280
9.41889 13328
9.41889 13804
9.42595 14280
9.43301 13328
9.43301 13804
9.44007 14280
9.44712 13328
9.44713 13804
9.45419 14280
9.46124 13328
9.46125 13804
9.46831 14280
9.47536 13328
9.47537 13804
9.48242 14280
9.48948 13328
9.48948 13804
9.49654 14280
9.50359 13328
9.5036 13804
9.51066 14280
9.51771 13328
9.51772 13804
9.52478 14280
9.53183 13328
9.53184 13804
9.5389 14280
9.54595 13328
9.54595 13804
9.55301 14280
9.56007 13328
9.56007 13804
9.56713 14280
9.57418 13328
9.57419 13804
9.58125 14280
9.5883 13328
9.58831 13804
9.59537 14280
9.60242 13328
9.60243 13804
9.60948 14280
9.61654 13328
9.61654 13804
9.6236 14280
9.63065 13328
9.63066 13804
9.63772 14280
9.64477 13328
9.64478 13804
9.65184 14280
9.65889 13328
9.6589 13804
9.66595 14280
9.67301 13328
9.67301 13804
9.68007 14280
9.68713 13328
9.68713 13804
9.69419 14280
9.70124 13328
9.70125 13804
9.70831 14280
9.71536 13328
9.71537 13804
9.72243 14280
9.72948 13328
9.72948 13804
9.73654 14280
9.7436 13328
9.7436 13804
9.75066 14280
9.75771 13328
9.75772 13804
9.76478 14280
9.77183 13328
9.77184 13804
9.7789 14280
9.78595 13328
9.78596 13804
9.79301 14280
9.80007 13328
9.80007 13804
9.80713 14280
9.81418 13328
9.81419 13804
9.82125 14280
9.8283 13328
9.82831 13804
9.83537 14280
9.84242 13328
9.84243 13804
9.84949 14280
9.85654 13328
9.85654 13804
9.8636 14280
9.87066 13328
9.87066 13804
9.87772 14280
9.88477 13328
9.88478 13804
9.89184 14280
9.89889 13328
9.8989 13804
9.90596 14280
9.91301 13328
9.91301 13804
9.92007 14280
9.92713 13328
9.92713 13804
9.93419 14280
9.94124 13328
9.94125 13804
9.94831 14280
9.95536 13328
9.95537 13804
9.96243 14280
9.96948 13328
9.96949 13804
9.97654 14280
9.9836 13328
9.9836 13804
9.99066 14280
9.99772 13328
9.99772 13804
10.0048 14280
10.0118 13328
10.0118 13804
10.0189 14280
10.026 13328
10.026 13804
10.033 14280
10.0401 13328
10.0401 13804
10.0471 14280
10.0542 13328
10.0542 13804
10.0613 14280
10.0683 13328
10.0683 13804
10.0754 14280
10.0824 13328
10.0824 13804
10.0895 14280
10.0965 13328
10.0965 13804
10.1036 14280
10.1107 13328
10.1107 13804
10.1177 14280
10.1248 13328
10.1248 13804
10.1318 14280
10.1389 13328
10.1389 13804
10.146 14280
10.153 13328
10.153 13804
10.1601 14280
10.1671 13328
10.1671 13804
10.1742 14280
10.1812 13328
10.1813 13804
10.1883 14280
10.1954 13328
10.1954 13804
10.2024 14280
10.2095 13328
10.2095 13804
10.2165 14280
10.2236 13328
10.2236 13804
10.2307 14280
10.2377 13328
10.2377 13804
10.2448 14280
10.2518 13328
10.2518 13804
10.2589 14280
10.266 13328
10.266 13804
10.273 14280
10.2801 13328
10.2801 13804
10.2871 14280
10.2942 13328
10.2942 13804
10.3013 14280
10.3083 13328
10.3083 13804
10.3154 14280
10.3224 13328
10.3224 13804
10.3295 14280
10.3365 13328
10.3365 13804
10.3436 14280
10.3507 13328
10.3507 13804
10.3577 14280
10.3648 13328
10.3648 13804
10.3718 14280
10.3789 13328
10.3789 13804
10.386 14280
10.393 13328
10.393 13804
10.4001 14280
10.4071 13328
10.4071 13804
10.4142 14280
10.4212 13328
10.4354 12376
10.4495 11424
10.4636 10472
10.4777 9520
10.4918 8568
10.506 7616
10.5201 6664
10.5342 5712
10.5483 4760
10.5624 3808
10.5765 2856
10.5907 1904
10.6048 952
10.6048 1428
10.6189 476
10.6189 952
10.626 1428
10.8236 476
10.8236 952
10.8307 1428
11.0283 476
11.0283 952
11.0354 1428
11.233 476
11.233 952
11.2401 1428
11.4377 476
11.4377 952
11.4448 1428
11.6424 476
11.6424 952
11.6495 1428
11.8471 476
11.8471 952
11.8542 1428
12.0518 476
12.0518 952
12.0589 1428
12.2565 476
12.2565 952
12.2636 1428
12.4612 476
12.4612 952
12.4683 1428
12.6659 476
12.6659 952
12.673 1428
12.8706 476
12.8706 952
12.8777 1428
13.0753 476
13.0753 952
13.0824 1428
13.28 476
13.28 952
13.2871 1428
13.4847 476
13.4847 952
13.4918 1428
13.6894 476
13.6894 952
13.6965 1428
13.8941 476
13.8941 952
13.9012 1428
14.0988 476
14.0988 952
14.1059 1428
14.3035 476
14.3035 952
14.3106 1428
14.5082 476
14.5082 952
14.5153 1428
14.7129 476
14.7129 952
14.72 1428
14.9176 476
14.9176 952
14.9247 1428
15.1223 476
15.1223 952
15.1294 1428
15.327 476
15.327 952
15.3341 1428
15.5317 476
15.5317 952
15.5388 1428
15.7364 476
15.7364 952
15.7435 1428
15.9411 476
15.9411 952
15.9482 1428
16.1458 476
16.1458 952
16.1529 1428
16.3505 476
16.3505 952
16.3576 1428
16.5552 476
16.5552 952
16.5623 1428
16.7599 476
16.7599 952
16.767 1428
16.9646 476
16.9646 952
16.9717 1428
17.1693 476
17.1693 952
17.1764 1428
17.374 476
17.374 952
17.3811 1428
17.5787 476
17.5787 952
17.5858 1428
17.7834 476
17.7834 952
17.7905 1428
17.9881 476
17.9881 952
17.9952 1428
18.1928 476
18.1928 952
18.1999 1428
18.3975 476
18.3975 952
18.4046 1428
18.6022 476
18.6022 952
18.6093 1428
18.8069 476
18.8069 952
18.814 1428
19.0116 476
19.0116 952
19.0187 1428
19.2163 476
19.2163 952
19.2234 1428
19.421 476
19.421 952
19.4281 1428
19.6257 476
19.6257 952
19.6328 1428
19.8304 476
19.8304 952
19.8375 1428
20.0351 476
20.0351 952
20.0422 1428
20.2398 476
20.2398 952
20.2469 1428
20.4445 476
20.4445 952
20.4516 1428
20.6492 476
20.6492 952
20.6563 1428
20.8539 476
20.8539 952
20.861 1428
21.059 476
21.059 952
21.0661 1428
21.2638 476
21.2638 952
21.2709 1428
21.4688 476
21.4688 952
21.4759 1428
21.6735 476
21.6735 952
21.6806 1428
21.8782 476
21.8782 952
21.8853 1428
22.0829 476
22.0829 952
22.09 1428
22.2876 476
22.2876 952
22.2947 1428
22.4923 476
22.4923 952
22.4994 1428
22.6974 476
22.6974 952
22.7044 1428
22.9021 476
22.9021 952
22.9091 1428
23.1069 476
23.1069 952
23.1139 1428
23.3116 476
23.3116 952
23.3186 1428
23.5163 476
23.5163 952
23.5233 1428
23.721 476
23.721 952
23.728 1428
23.9257 476
23.9257 952
23.9327 1428
24.1304 476
24.1304 952
24.1374 1428
24.3351 476
24.3351 952
24.3421 1428
24.5398 476
24.5398 952
24.5468 1428
24.7445 476
24.7445 952
24.7515 1428
24.9492 476
24.9492 952
24.9562 1428
25.1539 476
25.1539 952
25.1609 1428
25.3586 476
25.3586 952
25.3656 1428
25.5633 476
25.5633 952
25.5703 1428
25.768 476
25.768 952
25.775 1428
25.9727 476
25.9727 952
25.9797 1428
26.1774 476
26.1774 952
26.1844 1428
26.3821 476
26.3821 952
26.3891 1428
26.5868 476
26.5868 952
26.5938 1428
26.7915 476
26.7915 952
26.7985 1428
26.9962 476
26.9962 952
27.0032 1428
27.2009 476
27.2009 952
27.2079 1428
27.4056 476
27.4056 952
27.4126 1428
27.6103 476
27.6103 952
27.6173 1428
27.815 476
27.815 952
27.822 1428
28.0197 476
28.0197 952
28.0267 1428
28.2244 476
28.2244 952
28.2314 1428
28.4291 476
28.4291 952
28.4361 1428
28.6338 476
28.6338 952
28.6408 1428
28.8385 476
28.8385 952
28.8455 1428
29.0432 476
29.0432 952
29.0502 1428
29.2479 476
29.2479 952
29.2549 1428
29.4526 476
29.4526 952
29.4596 1428
29.6573 476
29.6573 952
29.6643 1428
29.862 476
29.862 952
29.869 1428
30.0667 476
30.0667 952
30.0737 1428
30.2714 476
30.2714 952
30.2784 1428
30.4761 476
30.4761 952
30.4831 1428
30.6808 476
30.6808 952
30.6878 1428
30.8855 476
30.8855 952
30.8926 1428
31.0902 476
31.0902 952
31.0973 1428
31.2949 476
31.2949 952
31.302 1428
31.4996 476
31.4996 952
31.5067 1428
31.7043 476
31.7043 952
31.7114 1428
31.909 476
31.909 952
31.9161 1428
32.1137 476
32.1137 952
32.1208 1428
32.3184 476
32.3184 952
32.3255 1428
32.5231 476
32.5231 952
32.5302 1428
32.7278 476
32.7278 952
32.7349 1428
32.9325 476
32.9325 952
32.9396 1428
33.1372 476
33.1372 952
33.1443 1428
33.3419 476
33.3419 952
33.349 1428
33.5466 476
33.5466 952
33.5537 1428
33.7513 476
33.7513 952
33.7584 1428
33.956 476
33.956 952
33.9631 1428
34.1607 476
34.1607 952
34.1678 1428
34.3654 476
34.3654 952
34.3725 1428
34.5701 476
34.5701 952
34.5772 1428
34.7748 476
34.7748 952
34.7819 1428
34.9795 476
34.9795 952
34.9866 1428
35.1842 476
35.1842 952
35.1913 1428
35.3889 476
35.3889 952
35.396 1428
35.5936 476
35.5936 952
35.6007 1428
35.7983 476
35.7983 952
35.8054 1428
36.003 476
36.003 952
36.0101 1428
36.2077 476
36.2077 952
36.2148 1428
36.4124 476
36.4124 952
36.4195 1428
36.6171 476
36.6171 952
36.6242 1428
36.8218 476
36.8218 952
36.8289 1428
37.0265 476
37.0265 952
37.0336 1428
37.2312 476
37.2312 952
37.2383 1428
37.4359 476
37.4359 952
37.443 1428
37.6406 476
37.6406 952
37.6477 1428
37.8453 476
37.8453 952
37.8524 1428
38.05 476
38.05 952
38.0571 1428
38.2547 476
38.2547 952
38.2618 1428
38.4594 476
38.4594 952
38.4665 1428
38.6641 476
38.6641 952
38.6712 1428
38.8688 476
38.8688 952
38.8759 1428
39.0735 476
39.0735 952
39.0806 1428
39.2782 476
39.2782 952
39.2853 1428
39.4829 476
39.4829 952
39.49 1428
39.6876 476
39.6876 952
39.6947 1428
39.8923 476
39.8923 952
39.8994 1428
40.097 476
40.097 952
40.1041 1428
40.3017 476
40.3017 952
40.3088 1428
40.5064 476
40.5064 952
40.5135 1428
40.7111 476
40.7111 952
40.7182 1428
40.9158 476
40.9158 952
40.9229 1428
41.1209 476
41.1209 952
41.1279 1428
41.3256 476
41.3256 952
41.3327 1428
41.5307 476
41.5307 952
41.5377 1428
41.7387 952
41.7387 1428
41.7715 476
41.7715 952
41.7786 1428
42.0047 476
42.0047 952
42.0118 1428
42.2119 952
42.2119 1428
42.2451 476
42.2451 952
42.2522 1428
42.4787 476
42.4787 952
42.4858 1428
42.6855 952
42.6855 1428
42.7098 476
42.7098 952
42.7169 1428
42.9383 476
42.9383 952
42.9454 1428
43.1464 952
43.1464 1428
43.1771 476
43.1771 952
43.1841 1428
43.4098 476
43.4098 952
43.4169 1428
43.617 952
43.617 1428
43.6507 476
43.6507 952
43.6577 1428
43.8745 476
43.8745 952
43.8816 1428
44.0813 952
44.0813 1428
44.1099 476
44.1099 952
44.1169 1428
44.3409 476
44.3409 952
44.348 1428
44.5481 952
44.5481 1428
44.5805 476
44.5805 952
44.5876 1428
44.8137 476
44.8137 952
44.8208 1428
45.0209 952
45.0209 1428
45.0541 476
45.0541 952
45.0612 1428
45.2873 476
45.2873 952
45.2944 1428
45.4945 952
45.4945 1428
45.5188 476
45.5188 952
45.5259 1428
45.7473 476
45.7473 952
45.7544 1428
45.9546 952
45.9546 1428
45.9856 476
45.9856 952
45.9927 1428
46.2184 476
46.2184 952
46.2255 1428
46.4256 952
46.4256 1428
46.4588 476
46.4588 952
46.4659 1428
46.692 476
46.692 952
46.6991 1428
46.8992 952
46.8992 1428
46.9324 476
46.9324 952
46.9395 1428
47.1571 476
47.1571 952
47.1642 1428
47.3644 952
47.3644 1428
47.3925 476
47.3925 952
47.3995 1428
47.6235 476
47.6235 952
47.6306 1428
47.8308 952
47.8308 1428
47.8635 476
47.8635 952
47.8706 1428
48.0967 476
48.0967 952
48.1038 1428
48.3039 952
48.3039 1428
48.3371 476
48.3371 952
48.3442 1428
48.5703 476
48.5703 952
48.5774 1428
48.7775 952
48.7775 1428
48.8027 476
48.8027 952
48.8098 1428
49.0304 476
49.0304 952
49.0374 1428
49.238 952
49.238 1428
49.2687 476
49.2687 952
49.2757 1428
49.501 476
49.501 952
49.5081 1428
49.7082 952
49.7082 1428
49.7414 476
49.7414 952
49.7485 1428
49.9742 476
49.9742 952
49.9813 1428
50.1818 952
50.1818 1428
50.2146 476
50.2146 952
50.2217 1428
50.4402 476
50.4402 952
50.4472 1428
50.647 952
50.647 1428
50.6615 476
50.6615 952
50.6686 1428
50.8662 476
50.8662 952
50.8733 1428
51.0736 952
51.0736 1428
51.0917 476
51.0917 952
51.0987 1428
51.3177 476
51.3177 952
51.3247 1428
51.5253 952
51.5253 1428
51.5551 476
51.5551 952
51.5622 1428
51.7641 476
51.7641 952
51.7712 1428
51.9714 952
51.9714 1428
51.9875 476
51.9875 952
51.9946 1428
52.2211 476
52.2211 952
52.2282 1428
52.4279 952
52.4279 1428
52.4616 476
52.4616 952
52.4686 1428
52.6948 476
52.6948 952
52.7018 1428
52.902 952
52.902 1428
52.9352 476
52.9352 952
52.9422 1428
53.1684 476
53.1684 952
53.1754 1428
53.3756 952
53.3756 1428
53.4088 476
53.4088 952
53.4158 1428
53.6424 476
53.6424 952
53.6494 1428
53.8492 952
53.8492 1428
53.8828 476
53.8828 952
53.8899 1428
54.1164 476
54.1164 952
54.1235 1428
54.3232 952
54.3232 1428
54.3568 476
54.3568 952
54.3639 1428
54.59 476
54.59 952
54.5971 1428
54.7972 952
54.7972 1428
54.8279 476
54.8279 952
54.835 1428
55.0407 476
55.0407 952
55.0478 1428
55.2484 952
55.2484 1428
55.2612 476
55.2612 952
55.2683 1428
55.4749 476
55.4749 952
55.482 1428
55.6821 952
55.6821 1428
55.6971 476
55.6971 952
55.7042 1428
55.9138 476
55.9138 952
55.9208 1428
56.1214 952
56.1214 1428
56.1398 476
56.1398 952
56.1468 1428
56.3725 476
56.3725 952
56.3796 1428
56.5802 952
56.5802 1428
56.6053 476
56.6053 952
56.6124 1428
56.8351 476
56.8351 952
56.8422 1428
57.0423 952
57.0423 1428
57.0755 476
57.0755 952
57.0826 1428
57.3091 476
57.3091 952
57.3162 1428
57.5159 952
57.5159 1428
57.5496 476
57.5496 952
57.5566 1428
57.7832 476
57.7832 952
57.7902 1428
57.99 952
57.99 1428
58.0236 476
58.0236 952
58.0306 1428
58.2568 476
58.2568 952
58.2638 1428
58.4636 952
58.4636 1428
58.4968 476
58.4968 952
58.5038 1428
58.73 476
58.73 952
58.737 1428
58.9372 952
58.9372 1428
58.9657 476
58.9657 952
58.9728 1428
59.1917 476
59.1917 952
59.1988 1428
59.3989 952
59.3989 1428
59.4287 476
59.4287 952
59.4358 1428
59.6606 476
59.6606 952
59.6677 1428
59.8679 952
59.8679 1428
59.9006 476
59.9006 952
59.9077 1428
60.1338 476
60.1338 952
60.1409 1428
60.341 952
60.341 1428
60.3743 476
60.3743 952
60.3813 1428
60.6075 476
60.6075 952
60.6146 1428
60.8147 952
60.8147 1428
60.8496 476
60.8496 952
60.8567 1428
61.0625 476
61.0625 952
61.0695 1428
61.2697 952
61.2697 1428
61.2847 476
61.2847 952
61.2917 1428
61.5412 476
61.5412 952
61.5482 1428
61.7505 952
61.7505 1428
61.8604 476
61.8604 952
61.8675 1428
62.206 476
62.206 952
62.2131 1428
62.4132 952
62.4132 1428
62.4693 476
62.4693 952
62.4764 1428
62.6778 476
62.6778 952
62.6849 1428
62.8846 952
62.8846 1428
62.907 476
62.907 952
62.9141 1428
63.189 476
63.189 952
63.196 1428
63.3979 952
63.3979 1428
63.5159 476
63.5159 952
63.5229 1428
63.8623 476
63.8623 952
63.8693 1428
64.0695 952
64.0695 1428
64.1841 476
64.1841 952
64.1911 1428
64.3888 476
64.3888 952
64.3958 1428
64.5938 476
64.5938 952
64.6009 1428
64.7985 476
64.7985 952
64.8056 1428
65.0035 476
65.0035 952
65.0106 1428
65.2084 476
65.2084 952
65.2154 1428
65.4132 476
65.4132 952
65.4203 1428
65.6181 476
65.6181 952
65.6251 1428
65.8229 476
65.8229 952
65.83 1428
66.0277 476
66.0277 952
66.0348 1428
66.2327 476
66.2327 952
66.2397 1428
66.4376 476
66.4376 952
66.4447 1428
66.6424 476
66.6424 952
66.6495 1428
66.8471 476
66.8471 952
66.8542 1428
67.0521 476
67.0521 952
67.0592 1428
67.2568 476
67.2568 952
67.2639 1428
67.4615 476
67.4615 952
67.4686 1428
67.6662 476
67.6662 952
67.6733 1428
67.8709 476
67.8709 952
67.878 1428
68.0756 476
68.0756 952
68.0827 1428
68.2803 476
68.2803 952
68.2874 1428
68.485 476
68.485 952
68.4921 1428
68.6897 476
68.6897 952
68.6968 1428
68.8944 476
68.8944 952
68.9015 1428
69.0991 476
69.0991 952
69.1062 1428
69.3038 476
69.3038 952
69.3109 1428
69.5085 476
69.5085 952
69.5156 1428
69.7133 476
69.7133 952
69.7203 1428
69.918 476
69.918 952
69.925 1428
70.1227 476
70.1227 952
70.1297 1428
70.3274 476
70.3274 952
70.3344 1428
70.5321 476
70.5321 952
70.5391 1428
70.7368 476
70.7368 952
70.7438 1428
70.9415 476
70.9415 952
70.9485 1428
71.1462 476
71.1462 952
71.1532 1428
71.3509 476
71.3509 952
71.3579 1428
71.5556 476
71.5556 952
71.5626 1428
71.7603 476
71.7603 952
71.7673 1428
71.965 476
71.965 952
71.972 1428
72.1697 476
72.1697 952
72.1767 1428
72.3745 476
72.3745 952
72.3815 1428
72.5792 476
72.5792 952
72.5862 1428
72.7839 476
72.7839 952
72.7909 1428
72.9886 476
72.9886 952
72.9956 1428
73.1933 476
73.1933 952
73.2003 1428
73.398 476
73.398 952
73.405 1428
73.6027 476
73.6027 952
73.6098 1428
73.8074 476
73.8074 952
73.8145 1428
74.0121 476
74.0121 952
74.0192 1428
74.2168 476
74.2168 952
74.2239 1428
74.4215 476
74.4215 952
74.4286 1428
74.6262 476
74.6262 952
74.6333 1428
74.8309 476
74.8309 952
74.838 1428
75.0356 476
75.0356 952
75.0427 1428
75.2403 476
75.2403 952
75.2474 1428
75.445 476
75.445 952
75.4521 1428
75.6497 476
75.6497 952
75.6568 1428
75.8544 476
75.8544 952
75.8615 1428
76.0591 476
76.0591 952
76.0662 1428
76.2638 476
76.2638 952
76.2709 1428
76.4685 476
76.4685 952
76.4756 1428
76.6732 476
76.6732 952
76.6803 1428
76.8779 476
76.8779 952
76.885 1428
77.0826 476
77.0826 952
77.0897 1428
77.2873 476
77.2873 952
77.2944 1428
77.492 476
77.492 952
77.4991 1428
77.6971 476
77.6971 952
77.7041 1428
77.9018 476
77.9018 952
77.9088 1428
78.1065 476
78.1065 952
78.1135 1428
78.3112 476
78.3112 952
78.3182 1428
78.5159 476
78.5159 952
78.5229 1428
78.7206 476
78.7206 952
78.7276 1428
78.9253 476
78.9253 952
78.9323 1428
79.13 476
79.13 952
79.137 1428
79.3347 476
79.3347 952
79.3417 1428
79.5394 476
79.5394 952
79.5464 1428
79.7441 476
79.7441 952
79.7511 1428
79.9488 476
79.9488 952
79.9558 1428
80.1535 476
80.1535 952
80.1605 1428
80.3582 476
80.3582 952
80.3652 1428
80.5629 476
80.5629 952
80.5699 1428
80.7676 476
80.7676 952
80.7746 1428
80.9723 476
80.9723 952
80.9793 1428
81.177 476
81.177 952
81.184 1428
81.3822 476
81.3822 952
81.3892 1428
81.5902 952
81.5902 1428
81.6234 476
81.6234 952
81.6305 1428
81.8579 476
81.8579 952
81.8649 1428
82.0647 952
82.0647 1428
82.0996 476
82.0996 952
82.1066 1428
82.334 476
82.334 952
82.3411 1428
82.5412 952
82.5412 1428
82.5753 476
82.5753 952
82.5823 1428
82.7928 476
82.7928 952
82.7999 1428
83 952
83 1428
83.0264 476
83.0264 952
83.0335 1428
83.2613 476
83.2613 952
83.2684 1428
83.4681 952
83.4681 1428
83.4928 476
83.4928 952
83.4999 1428
83.7226 476
83.7226 952
83.7297 1428
83.9303 952
83.9303 1428
83.9626 476
83.9626 952
83.9697 1428
84.1971 476
84.1971 952
84.2041 1428
84.4047 952
84.4047 1428
84.4392 476
84.4392 952
84.4463 1428
84.6737 476
84.6737 952
84.6807 1428
84.8809 952
84.8809 1428
84.9149 476
84.9149 952
84.922 1428
85.1396 476
85.1396 952
85.1467 1428
85.3473 952
85.3473 1428
85.3779 476
85.3779 952
85.385 1428
85.6116 476
85.6116 952
85.6186 1428
85.8188 952
85.8188 1428
85.8532 476
85.8532 952
85.8603 1428
86.0886 476
86.0886 952
86.0956 1428
86.2958 952
86.2958 1428
86.3307 476
86.3307 952
86.3377 1428
86.566 476
86.566 952
86.573 1428
86.7728 952
86.7728 1428
86.7988 476
86.7988 952
86.8058 1428
87.0298 476
87.0298 952
87.0369 1428
87.2366 952
87.2366 1428
87.2707 476
87.2707 952
87.2777 1428
87.5056 476
87.5056 952
87.5126 1428
87.7128 952
87.7128 1428
87.7477 476
87.7477 952
87.7547 1428
87.9584 476
87.9584 952
87.9655 1428
88.1652 952
88.1652 1428
88.1753 476
88.1753 952
88.1824 1428
88.3911 476
88.3911 952
88.3982 1428
88.5983 952
88.5983 1428
88.6256 476
88.6256 952
88.6327 1428
88.8626 476
88.8626 952
88.8697 1428
89.0694 952
89.0694 1428
89.1073 476
89.1073 952
89.1143 1428
89.3456 476
89.3456 952
89.3526 1428
89.5528 952
89.5528 1428
89.591 476
89.591 952
89.5981 1428
89.8306 476
89.8306 952
89.8377 1428
90.0378 952
90.0378 1428
90.0774 476
90.0774 952
90.0844 1428
90.3174 476
90.3174 952
90.3244 1428
90.525 952
90.525 1428
90.545 476
90.545 952
90.5521 1428
90.7668 476
90.7668 952
90.7739 1428
90.9753 952
90.9753 1428
91.0153 476
91.0153 952
91.0223 1428
91.2578 476
91.2578 952
91.2649 1428
91.465 952
91.465 1428
91.508 476
91.508 952
91.515 1428
91.7518 476
91.7518 952
91.7588 1428
91.959 952
91.959 1428
92.0032 476
92.0032 952
92.0102 1428
92.2491 476
92.2491 952
92.2562 1428
92.4555 952
92.4555 1428
92.5014 476
92.5014 952
92.5084 1428
92.7482 476
92.7482 952
92.7552 1428
92.9554 952
92.9554 1428
93.003 476
93.003 952
93.01 1428
93.2523 476
93.2523 952
93.2593 1428
93.4595 952
93.4595 1428
93.5097 476
93.5097 952
93.5167 1428
93.7556 476
93.7556 952
93.7626 1428
93.9628 952
93.9628 1428
94.01 476
94.01 952
94.017 1428
94.2614 476
94.2614 952
94.2685 1428
94.4695 952
94.4695 1428
94.5251 476
94.5251 952
94.5322 1428
94.7812 476
94.7812 952
94.7883 1428
94.9884 952
94.9884 1428
95.0454 476
95.0454 952
95.0524 1428
95.3019 476
95.3019 952
95.309 1428
95.5095 952
95.5095 1428
95.5631 476
95.5631 952
95.5701 1428
95.8145 476
95.8145 952
95.8216 1428
96.0213 952
96.0213 1428
96.0782 476
96.0782 952
96.0853 1428
96.3373 476
96.3373 952
96.3444 1428
96.5445 952
96.5445 1428
96.6027 476
96.6027 952
96.6098 1428
96.8622 476
96.8622 952
96.8693 1428
97.0694 952
97.0694 1428
97.1238 476
97.1238 952
97.1309 1428
97.3825 476
97.3825 952
97.3895 1428
97.5901 952
97.5901 1428
97.642 476
97.642 952
97.649 1428
97.8998 476
97.8998 952
97.9068 1428
98.107 952
98.107 1428
98.1681 476
98.1681 952
98.1752 1428
98.4141 476
98.4141 952
98.4211 1428
98.6179 952
98.6179 1428
98.6473 476
98.6473 952
98.6543 1428
98.88 476
98.88 952
98.8871 1428
99.0877 952
99.0877 1428
99.137 476
99.137 952
99.144 1428
99.3897 476
99.3897 952
99.3967 1428
99.5977 952
99.5977 1428
99.6598 476
99.6598 952
99.6668 1428
99.9248 476
99.9248 952
99.9318 1428
100.132 952
100.132 1428
100.198 476
100.198 952
100.205 1428
100.403 476
100.403 952
100.41 1428
100.608 476
100.608 952
100.615 1428
100.813 476
100.813 952
100.82 1428
101.017 476
101.017 952
101.024 1428
101.222 476
101.222 952
101.229 1428
101.427 476
101.427 952
101.434 1428
101.631 476
101.631 952
101.638 1428
101.836 476
101.836 952
101.843 1428
102.041 476
102.041 952
102.048 1428
102.246 476
102.246 952
102.253 1428
102.451 476
102.451 952
102.458 1428
102.655 476
102.655 952
102.662 1428
102.861 476
102.861 952
102.868 1428
103.065 476
103.065 952
103.072 1428
103.27 476
103.27 952
103.277 1428
103.475 476
103.475 952
103.482 1428
103.68 476
103.68 952
103.687 1428
103.886 476
103.886 952
103.893 1428
104.09 476
104.09 952
104.097 1428
104.295 476
104.295 952
104.302 1428
104.5 476
104.5 952
104.507 1428
104.706 476
104.706 952
104.713 1428
104.911 476
104.911 952
104.918 1428
105.118 952
105.118 1428
105.131 476
105.131 952
105.138 1428
105.352 476
105.352 952
105.359 1428
105.559 952
105.559 1428
105.573 476
105.573 952
105.58 1428
105.792 476
105.792 952
105.799 1428
105.999 952
105.999 1428
106.02 476
106.02 952
106.027 1428
106.242 476
106.242 952
106.249 1428
106.449 952
106.449 1428
106.472 476
106.472 952
106.479 1428
106.695 476
106.695 952
106.703 1428
106.902 952
106.902 1428
106.937 476
106.937 952
106.944 1428
107.158 476
107.158 952
107.165 1428
107.366 952
107.366 1428
107.393 476
107.393 952
107.4 1428
107.624 476
107.624 952
107.631 1428
107.831 952
107.831 1428
107.864 476
107.864 952
107.871 1428
108.097 476
108.097 952
108.104 1428
108.304 952
108.304 1428
108.338 476
108.338 952
108.345 1428
108.572 476
108.572 952
108.579 1428
108.779 952
108.779 1428
108.803 476
108.803 952
108.81 1428
109.032 476
109.032 952
109.039 1428
109.239 952
109.239 1428
109.271 476
109.271 952
109.278 1428
109.504 476
109.504 952
109.512 1428
109.712 952
109.712 1428
109.745 476
109.745 952
109.752 1428
109.979 476
109.979 952
109.986 1428
110.187 952
110.187 1428
110.22 476
110.22 952
110.227 1428
110.444 476
110.444 952
110.452 1428
110.651 952
110.651 1428
110.681 476
110.681 952
110.688 1428
110.913 476
110.913 952
110.92 1428
111.121 952
111.121 1428
111.153 476
111.153 952
111.16 1428
111.361 476
111.361 952
111.368 1428
111.567 476
111.567 952
111.574 1428
111.774 952
111.774 1428
111.789 476
111.789 952
111.796 1428
112.014 476
112.014 952
112.021 1428
112.221 952
112.221 1428
112.253 476
112.253 952
112.26 1428
112.486 476
112.486 952
112.493 1428
112.694 952
112.694 1428
112.728 476
112.728 952
112.735 1428
112.961 476
112.961 952
112.968 1428
113.168 952
113.168 1428
113.203 476
113.203 952
113.21 1428
113.436 476
113.436 952
113.443 1428
113.643 952
113.643 1428
113.677 476
113.677 952
113.684 1428
113.911 476
113.911 952
113.918 1428
114.118 952
114.118 1428
114.152 476
114.152 952
114.159 1428
114.386 476
114.386 952
114.393 1428
114.593 952
114.593 1428
114.625 476
114.625 952
114.632 1428
114.843 476
114.843 952
114.85 1428
115.05 952
115.05 1428
115.065 476
115.065 952
115.072 1428
115.281 476
115.281 952
115.288 1428
115.488 952
115.488 1428
115.505 476
115.505 952
115.512 1428
115.723 476
115.723 952
115.73 1428
115.93 952
115.93 1428
115.95 476
115.95 952
115.957 1428
116.178 476
116.178 952
116.185 1428
116.385 952
116.385 1428
116.409 476
116.409 952
116.416 1428
116.635 476
116.635 952
116.642 1428
116.843 952
116.843 1428
116.876 476
116.876 952
116.883 1428
117.11 476
117.11 952
117.117 1428
117.317 952
117.317 1428
117.351 476
117.351 952
117.358 1428
117.585 476
117.585 952
117.592 1428
117.792 952
117.792 1428
117.825 476
117.825 952
117.832 1428
118.059 476
118.059 952
118.066 1428
118.267 952
118.267 1428
118.301 476
118.301 952
118.308 1428
118.534 476
118.534 952
118.541 1428
118.742 952
118.742 1428
118.775 476
118.775 952
118.782 1428
119.009 476
119.009 952
119.016 1428
119.216 952
119.216 1428
119.241 476
119.241 952
119.248 1428
119.46 476
119.46 952
119.467 1428
119.667 952
119.667 1428
119.684 476
119.684 952
119.691 1428
119.903 476
119.903 952
119.91 1428
120.111 952
120.111 1428
120.131 476
120.131 952
120.138 1428
120.354 476
120.354 952
120.361 1428
120.561 952
120.561 1428
120.59 476
120.59 952
120.597 1428
120.818 476
120.818 952
120.825 1428
121.025 952
121.025 1428
121.047 476
121.047 952
121.054 1428
121.27 476
121.27 952
121.277 1428
121.478 952
121.478 1428
121.507 476
121.507 952
121.514 1428
121.741 476
121.741 952
121.748 1428
121.946 476
121.946 952
121.953 1428
122.153 952
122.153 1428
122.161 476
122.161 952
122.169 1428
122.384 476
122.384 952
122.391 1428
122.592 952
122.592 1428
122.622 476
122.622 952
122.629 1428
122.856 476
122.856 952
122.863 1428
123.063 952
123.063 1428
123.097 476
123.097 952
123.104 1428
123.331 476
123.331 952
123.338 1428
123.538 952
123.538 1428
123.564 476
123.564 952
123.571 1428
123.794 476
123.794 952
123.801 1428
124.001 952
124.001 1428
124.034 476
124.034 952
124.041 1428
124.268 476
124.268 952
124.275 1428
124.475 952
124.475 1428
124.509 476
124.509 952
124.516 1428
124.743 476
124.743 952
124.75 1428
124.95 952
124.95 1428
124.984 476
124.984 952
124.991 1428
125.208 476
125.208 952
125.215 1428
125.416 952
125.416 1428
125.444 476
125.444 952
125.452 1428
125.676 476
125.676 952
125.683 1428
125.884 952
125.884 1428
125.917 476
125.917 952
125.924 1428
126.15 476
126.15 952
126.157 1428
126.358 952
126.358 1428
126.392 476
126.392 952
126.399 1428
126.625 476
126.625 952
126.632 1428
126.833 952
126.833 1428
126.858 476
126.858 952
126.865 1428
127.086 476
127.086 952
127.093 1428
127.293 952
127.293 1428
127.325 476
127.325 952
127.332 1428
127.558 476
127.558 952
127.565 1428
127.766 952
127.766 1428
127.799 476
127.799 952
127.806 1428
128.033 476
128.033 952
128.04 1428
128.24 952
128.24 1428
128.274 476
128.274 952
128.281 1428
128.499 476
128.499 952
128.506 1428
128.706 952
128.706 1428
128.735 476
128.735 952
128.742 1428
128.966 476
128.966 952
128.973 1428
129.173 952
129.173 1428
129.206 476
129.206 952
129.213 1428
129.439 476
129.439 952
129.446 1428
129.647 952
129.647 1428
129.681 476
129.681 952
129.688 1428
129.914 476
129.914 952
129.921 1428
130.121 952
130.121 1428
130.147 476
130.147 952
130.154 1428
130.375 476
130.375 952
130.382 1428
130.583 952
130.583 1428
130.614 476
130.614 952
130.621 1428
130.847 476
130.847 952
130.854 1428
131.054 952
131.054 1428
131.088 476
131.088 952
131.095 1428
131.322 476
131.322 952
131.329 1428
131.529 952
131.529 1428
131.563 476
131.563 952
131.57 1428
131.789 476
131.789 952
131.796 1428
131.996 952
131.996 1428
132.024 476
132.024 952
132.031 1428
132.229 476
132.229 952
132.236 1428
132.434 476
132.434 952
132.441 1428
132.642 952
132.642 1428
132.652 476
132.652 952
132.659 1428
132.877 476
132.877 952
132.884 1428
133.085 952
133.085 1428
133.115 476
133.115 952
133.122 1428
133.34 476
133.34 952
133.347 1428
133.548 952
133.548 1428
133.578 476
133.578 952
133.585 1428
133.81 476
133.81 952
133.817 1428
134.017 952
134.017 1428
134.05 476
134.05 952
134.057 1428
134.284 476
134.284 952
134.291 1428
134.491 952
134.491 1428
134.525 476
134.525 952
134.532 1428
134.756 476
134.756 952
134.763 1428
134.963 952
134.963 1428
134.989 476
134.989 952
134.996 1428
135.218 476
135.218 952
135.225 1428
135.426 952
135.426 1428
135.458 476
135.458 952
135.465 1428
135.692 476
135.692 952
135.699 1428
135.898 952
135.898 1428
135.933 476
135.933 952
135.94 1428
136.166 476
136.166 952
136.173 1428
136.374 952
136.374 1428
136.406 476
136.406 952
136.413 1428
136.63 476
136.63 952
136.637 1428
136.838 952
136.838 1428
136.868 476
136.868 952
136.875 1428
137.1 476
137.1 952
137.107 1428
137.308 952
137.308 1428
137.341 476
137.341 952
137.348 1428
137.575 476
137.575 952
137.582 1428
137.782 952
137.782 1428
137.816 476
137.816 952
137.823 1428
138.049 476
138.049 952
138.056 1428
138.255 952
138.255 1428
138.28 476
138.28 952
138.288 1428
138.51 476
138.51 952
138.517 1428
138.717 952
138.717 1428
138.749 476
138.749 952
138.756 1428
138.982 476
138.982 952
138.989 1428
139.189 952
139.189 1428
139.223 476
139.223 952
139.23 1428
139.457 476
139.457 952
139.464 1428
139.664 952
139.664 1428
139.697 476
139.697 952
139.704 1428
139.921 476
139.921 952
139.928 1428
140.128 952
140.128 1428
140.158 476
140.158 952
140.165 1428
140.39 476
140.39 952
140.397 1428
140.597 952
140.597 1428
140.631 476
140.631 952
140.638 1428
140.864 476
140.864 952
140.871 1428
141.072 952
141.072 1428
141.106 476
141.106 952
141.113 1428
141.339 476
141.339 952
141.346 1428
141.546 952
141.546 1428
141.57 476
141.57 952
141.577 1428
141.799 476
141.799 952
141.806 1428
142.007 952
142.007 1428
142.038 476
142.038 952
142.045 1428
142.271 476
142.271 952
142.278 1428
142.479 952
142.479 1428
142.512 476
142.512 952
142.519 1428
142.717 476
142.717 952
142.724 1428
142.924 952
142.924 1428
142.936 476
142.936 952
142.943 1428
143.157 476
143.157 952
143.164 1428
143.364 952
143.364 1428
143.391 476
143.391 952
143.398 1428
143.625 476
143.625 952
143.632 1428
143.832 952
143.832 1428
143.866 476
143.866 952
143.873 1428
144.099 476
144.099 952
144.106 1428
144.306 952
144.306 1428
144.341 476
144.341 952
144.348 1428
144.575 476
144.575 952
144.582 1428
144.782 952
144.782 1428
144.815 476
144.815 952
144.822 1428
145.049 476
145.049 952
145.057 1428
145.256 952
145.256 1428
145.291 476
145.291 952
145.298 1428
145.525 476
145.525 952
145.532 1428
145.732 952
145.732 1428
145.765 476
145.765 952
145.772 1428
145.999 476
145.999 952
146.006 1428
146.206 952
146.206 1428
146.232 476
146.232 952
146.239 1428
146.447 476
146.447 952
146.454 1428
146.654 952
146.654 1428
146.669 476
146.669 952
146.676 1428
146.884 476
146.884 952
146.891 1428
147.091 952
147.091 1428
147.108 476
147.108 952
147.115 1428
147.327 476
147.327 952
147.334 1428
147.535 952
147.535 1428
147.558 476
147.558 952
147.565 1428
147.788 476
147.788 952
147.795 1428
147.995 952
147.995 1428
148.015 476
148.015 952
148.022 1428
148.241 476
148.241 952
148.248 1428
148.448 952
148.448 1428
148.481 476
148.481 952
148.488 1428
148.715 476
148.715 952
148.722 1428
148.922 952
148.922 1428
148.956 476
148.956 952
148.963 1428
149.19 476
149.19 952
149.197 1428
149.397 952
149.397 1428
149.431 476
149.431 952
149.438 1428
149.665 476
149.665 952
149.672 1428
149.872 952
149.872 1428
149.906 476
149.906 952
149.913 1428
150.14 476
150.14 952
150.147 1428
150.344 476
150.344 952
150.351 1428
150.549 476
150.549 952
150.556 1428
150.754 476
150.754 952
150.761 1428
150.958 476
150.958 952
150.966 1428
151.163 476
151.163 952
151.17 1428
151.368 476
151.368 952
151.375 1428
151.573 476
151.573 952
151.58 1428
151.777 476
151.777 952
151.784 1428
151.982 476
151.982 952
151.989 1428
152.187 476
152.187 952
152.194 1428
152.391 476
152.391 952
152.398 1428
152.596 476
152.596 952
152.603 1428
152.801 476
152.801 952
152.808 1428
153.005 476
153.005 952
153.013 1428
153.21 476
153.21 952
153.217 1428
153.415 476
153.415 952
153.422 1428
153.62 476
153.62 952
153.627 1428
153.824 476
153.824 952
153.831 1428
154.029 476
154.029 952
154.036 1428
154.234 476
154.234 952
154.241 1428
154.438 476
154.438 952
154.445 1428
154.643 476
154.643 952
154.65 1428
154.848 476
154.848 952
154.855 1428
155.052 476
155.052 952
155.06 1428
155.257 476
155.257 952
155.264 1428
155.462 476
155.462 952
155.469 1428
155.667 476
155.667 952
155.674 1428
155.871 476
155.871 952
155.878 1428
156.076 476
156.076 952
156.083 1428
156.281 476
156.281 952
156.288 1428
156.485 476
156.485 952
156.492 1428
156.69 476
156.69 952
156.697 1428
156.895 476
156.895 952
156.902 1428
157.099 476
157.099 952
157.107 1428
157.304 476
157.304 952
157.311 1428
157.509 476
157.509 952
157.516 1428
157.714 476
157.714 952
157.721 1428
157.918 476
157.918 952
157.925 1428
158.123 476
158.123 952
158.13 1428
158.328 476
158.328 952
158.335 1428
158.532 476
158.532 952
158.539 1428
158.737 476
158.737 952
158.744 1428
158.942 476
158.942 952
158.949 1428
159.146 476
159.146 952
159.154 1428
159.351 476
159.351 952
159.358 1428
159.556 476
159.556 952
159.563 1428
159.761 476
159.761 952
159.768 1428
159.965 476
159.965 952
159.972 1428
160.17 476
160.17 952
160.177 1428
160.375 476
160.375 952
160.382 1428
160.579 476
160.579 952
160.586 1428
160.784 476
160.784 952
160.791 1428
160.989 476
160.989 952
160.996 1428
161.194 476
161.194 952
161.201 1428
161.399 476
161.399 952
161.406 1428
161.604 476
161.604 952
161.611 1428
161.809 476
161.809 952
161.816 1428
162.014 476
162.014 952
162.021 1428
162.218 476
162.218 952
162.226 1428
162.423 476
162.423 952
162.43 1428
162.628 476
162.628 952
162.635 1428
162.833 476
162.833 952
162.84 1428
163.037 476
163.037 952
163.044 1428
163.242 476
163.242 952
163.249 1428
163.447 476
163.447 952
163.454 1428
163.651 476
163.651 952
163.658 1428
163.856 476
163.856 952
163.863 1428
164.061 476
164.061 952
164.068 1428
164.265 476
164.265 952
164.273 1428
164.47 476
164.47 952
164.477 1428
164.675 476
164.675 952
164.682 1428
164.88 476
164.88 952
164.887 1428
165.084 476
165.084 952
165.091 1428
165.289 476
165.289 952
165.296 1428
165.494 476
165.494 952
165.501 1428
165.698 476
165.698 952
165.705 1428
165.903 476
165.903 952
165.91 1428
166.108 476
166.108 952
166.115 1428
166.312 476
166.312 952
166.32 1428
166.517 476
166.517 952
166.524 1428
166.722 476
166.722 952
166.729 1428
166.927 476
166.927 952
166.934 1428
167.131 476
167.131 952
167.138 1428
167.336 476
167.336 952
167.343 1428
167.541 476
167.541 952
167.548 1428
167.745 476
167.745 952
167.752 1428
167.95 476
167.95 952
167.957 1428
168.155 476
168.155 952
168.162 1428
168.359 476
168.359 952
168.367 1428
168.564 476
168.564 952
168.571 1428
168.769 476
168.769 952
168.776 1428
168.974 476
168.974 952
168.981 1428
169.178 476
169.178 952
169.185 1428
169.383 476
169.383 952
169.39 1428
169.588 476
169.588 952
169.595 1428
169.792 476
169.792 952
169.799 1428
169.997 476
169.997 952
170.004 1428
170.202 476
170.202 952
170.209 1428
170.407 476
170.407 952
170.414 1428
170.611 476
170.611 952
170.618 1428
170.816 476
170.816 952
170.823 1428
171.021 476
171.021 952
171.028 1428
171.225 476
171.225 952
171.232 1428
171.43 476
171.43 952
171.437 1428
171.635 476
171.635 952
171.642 1428
171.839 476
171.839 952
171.847 1428
172.044 476
172.044 952
172.051 1428
172.249 476
172.249 952
172.256 1428
172.454 476
172.454 952
172.461 1428
172.658 476
172.658 952
172.665 1428
172.863 476
172.863 952
172.871 1428
173.069 476
173.069 952
173.076 1428
173.274 476
173.274 952
173.281 1428
173.479 476
173.479 952
173.486 1428
173.684 476
173.684 952
173.691 1428
173.889 476
173.889 952
173.896 1428
174.093 476
174.093 952
174.1 1428
174.298 476
174.298 952
174.305 1428
174.503 476
174.503 952
174.51 1428
174.707 476
174.707 952
174.714 1428
174.912 476
174.912 952
174.919 1428
175.117 476
175.117 952
175.124 1428
175.322 476
175.322 952
175.329 1428
175.526 476
175.526 952
175.533 1428
175.731 476
175.731 952
175.738 1428
175.936 476
175.936 952
175.943 1428
176.14 476
176.14 952
176.147 1428
176.345 476
176.345 952
176.352 1428
176.55 476
176.55 952
176.557 1428
176.754 476
176.754 952
176.761 1428
176.959 476
176.959 952
176.966 1428
177.164 476
177.164 952
177.171 1428
177.369 476
177.369 952
177.376 1428
177.573 476
177.573 952
177.58 1428
177.778 476
177.778 952
177.785 1428
177.983 476
177.983 952
177.99 1428
178.187 476
178.187 952
178.194 1428
178.392 476
178.392 952
178.399 1428
178.597 476
178.597 952
178.604 1428
178.801 476
178.801 952
178.808 1428
179.006 476
179.006 952
179.013 1428
179.211 476
179.211 952
179.218 1428
179.416 476
179.416 952
179.423 1428
179.62 476
179.62 952
179.627 1428
179.825 476
179.825 952
179.832 1428
180.03 476
180.03 952
180.037 1428
180.234 476
180.234 952
180.241 1428
180.439 476
180.439 952
180.446 1428
180.644 476
180.644 952
180.651 1428
180.848 476
180.848 952
180.855 1428
181.053 476
181.053 952
181.06 1428
181.258 476
181.258 952
181.265 1428
181.463 476
181.463 952
181.47 1428
181.667 476
181.667 952
181.674 1428
181.872 476
181.872 952
181.879 1428
182.077 476
182.077 952
182.084 1428
182.281 476
182.281 952
182.288 1428
182.486 476
182.486 952
182.493 1428
182.691 476
182.691 952
182.698 1428
182.895 476
182.895 952
182.903 1428
183.1 476
183.1 952
183.107 1428
183.305 476
183.305 952
183.312 1428
183.51 476
183.51 952
183.517 1428
183.715 476
183.715 952
183.722 1428
183.919 476
183.919 952
183.926 1428
184.124 476
184.124 952
184.131 1428
184.329 476
184.329 952
184.336 1428
184.534 476
184.534 952
184.541 1428
184.739 476
184.739 952
184.747 1428
184.945 476
184.945 952
184.952 1428
185.149 476
185.149 952
185.156 1428
185.354 476
185.354 952
185.361 1428
185.559 476
185.559 952
185.566 1428
185.763 476
185.763 952
185.77 1428
185.968 476
185.968 952
185.975 1428
186.173 476
186.173 952
186.18 1428
186.377 476
186.377 952
186.384 1428
186.582 476
186.582 952
186.589 1428
186.787 476
186.787 952
186.794 1428
186.992 476
186.992 952
186.999 1428
187.196 476
187.196 952
187.203 1428
187.401 476
187.401 952
187.408 1428
187.606 476
187.606 952
187.613 1428
187.81 476
187.81 952
187.817 1428
188.015 476
188.015 952
188.022 1428
188.22 476
188.22 952
188.227 1428
188.424 476
188.424 952
188.431 1428
188.629 476
188.629 952
188.636 1428
188.834 476
188.834 952
188.841 1428
189.039 476
189.039 952
189.046 1428
189.243 476
189.243 952
189.25 1428
189.448 476
189.448 952
189.455 1428
189.653 476
189.653 952
189.66 1428
189.857 476
189.857 952
189.864 1428
190.062 476
190.062 952
190.069 1428
190.267 476
190.267 952
190.274 1428
190.471 476
190.471 952
190.478 1428
190.676 476
190.676 952
190.683 1428
190.881 476
190.881 952
190.888 1428
191.086 476
191.086 952
191.093 1428
191.29 476
191.29 952
191.297 1428
191.495 476
191.495 952
191.502 1428
191.7 476
191.7 952
191.707 1428
191.904 476
191.904 952
191.911 1428
192.109 476
192.109 952
192.116 1428
192.314 476
192.314 952
192.321 1428
192.518 476
192.518 952
192.526 1428
192.723 476
192.723 952
192.73 1428
192.928 476
192.928 952
192.935 1428
193.133 476
193.133 952
193.14 1428
193.337 476
193.337 952
193.344 1428
193.542 476
193.542 952
193.549 1428
193.747 476
193.747 952
193.754 1428
193.951 476
193.951 952
193.958 1428
194.156 476
194.156 952
194.163 1428
194.361 476
194.361 952
194.368 1428
194.566 476
194.566 952
194.573 1428
194.77 476
194.77 952
194.777 1428
194.975 476
194.975 952
194.982 1428
195.18 476
195.18 952
195.187 1428
195.385 476
195.385 952
195.392 1428
195.589 476
195.589 952
195.596 1428
195.794 476
195.794 952
195.801 1428
195.999 476
195.999 952
196.006 1428
196.204 476
196.204 952
196.212 1428
196.41 476
196.41 952
196.417 1428
196.614 476
196.614 952
196.621 1428
196.819 476
196.819 952
196.826 1428
197.024 476
197.024 952
197.031 1428
197.228 476
197.228 952
197.235 1428
197.433 476
197.433 952
197.44 1428
197.638 476
197.638 952
197.645 1428
197.842 476
197.842 952
197.85 1428
198.047 476
198.047 952
198.054 1428
198.252 476
198.252 952
198.259 1428
198.457 476
198.457 952
198.464 1428
198.661 476
198.661 952
198.668 1428
198.866 476
198.866 952
198.873 1428
199.071 476
199.071 952
199.078 1428
199.275 476
199.275 952
199.282 1428
199.48 476
199.48 952
199.487 1428
199.685 476
199.685 952
199.692 1428
199.889 476
199.889 952
199.897 1428
200.094 476
200.094 952
200.101 1428
200.306 0
200.306 476
200.313 952
200.32 1428
200.518 476
200.518 952
200.525 1428
200.722 476
200.722 952
200.729 1428
200.927 476
200.927 952
200.934 1428
