0.0 0
0.214232 0.204
0.419411 0.204125
0.433518 0.205109
0.447635 0.205971
0.461753 0.206724
0.475871 0.207384
0.624579 0.224836
0.638697 0.223231
0.652814 0.221827
0.666932 0.220599
0.68105 0.219649
0.695167 0.218818
0.709285 0.217966
0.723403 0.21722
0.737521 0.216568
0.829747 0.225747
0.843865 0.224028
0.857982 0.222525
0.8721 0.221334
0.886218 0.220292
0.900335 0.219256
0.914453 0.218349
0.928571 0.217555
0.942689 0.216861
1.03491 0.226003
1.04903 0.224378
1.06315 0.222956
1.07727 0.221586
1.09139 0.220388
1.1055 0.219339
1.11962 0.218422
1.13374 0.217619
1.14786 0.216917
1.24008 0.226177
1.2542 0.22453
1.26832 0.222964
1.28244 0.221593
1.29655 0.220394
1.31067 0.219345
1.32479 0.218427
1.33891 0.217623
1.35302 0.217046
1.44525 0.22629
1.45937 0.224504
1.47349 0.222941
1.4876 0.221573
1.50172 0.220376
1.51584 0.219329
1.52996 0.218413
1.54407 0.217737
1.55819 0.217144
1.65042 0.226251
1.66454 0.22447
1.67865 0.222911
1.69277 0.221547
1.70689 0.220354
1.72101 0.219435
1.73513 0.21863
1.74924 0.217802
1.76336 0.217076
1.85559 0.226192
1.8697 0.224418
1.88382 0.222866
1.89794 0.221507
1.91206 0.220444
1.92618 0.219513
1.94029 0.218574
1.95441 0.217753
1.96853 0.217033
2.06075 0.226154
2.07487 0.224385
2.08899 0.222837
2.10311 0.221607
2.11723 0.220531
2.13134 0.219465
2.14546 0.218532
2.15958 0.217715
2.1737 0.217001
2.26592 0.226126
2.28004 0.224485
2.29416 0.223049
2.30828 0.221668
2.32239 0.22046
2.33651 0.219402
2.35063 0.218477
2.36475 0.217667
2.37886 0.216959
2.47109 0.226214
2.48521 0.224562
2.49933 0.222992
2.51344 0.221618
2.52756 0.220416
2.54168 0.219364
2.5558 0.218443
2.56991 0.217638
2.58403 0.217058
2.67626 0.226301
2.69038 0.224513
2.70449 0.222949
2.71861 0.22158
2.73273 0.220383
2.74685 0.219335
2.76097 0.218418
2.77508 0.217741
2.7892 0.217148
2.88143 0.226255
2.89554 0.224473
2.90966 0.222914
2.92378 0.22155
2.9379 0.220356
2.95202 0.219436
2.96613 0.218632
2.98025 0.217803
2.99437 0.217078
3.08659 0.226193
3.10071 0.224419
3.11483 0.222866
3.12895 0.221508
3.14307 0.220445
3.15718 0.219514
3.1713 0.218575
3.18542 0.217753
3.19954 0.217034
3.29176 0.226155
3.30588 0.224385
3.32 0.222837
3.33412 0.221607
3.34823 0.220407
3.36235 0.219356
3.37647 0.218436
3.39059 0.217632
3.4047 0.216928
3.49693 0.226062
3.51105 0.224429
3.52517 0.223
3.53928 0.221625
3.5534 0.220422
3.56752 0.219369
3.58164 0.218448
3.59575 0.217642
3.60987 0.216937
3.7021 0.226195
3.71622 0.224545
3.73033 0.222977
3.74445 0.221605
3.75857 0.220404
3.77269 0.219354
3.78681 0.218435
3.80092 0.21763
3.81504 0.217052
3.90727 0.226295
3.92138 0.224508
3.9355 0.222945
3.94962 0.221577
3.96374 0.22038
3.97786 0.219332
3.99197 0.218416
4.00609 0.217739
4.02021 0.217146
4.11243 0.226253
4.12655 0.224471
4.14067 0.222912
4.15479 0.221548
4.16891 0.220355
4.18302 0.219435
4.19714 0.218631
4.21126 0.217802
4.22538 0.217077
4.3176 0.226192
4.33172 0.224418
4.34584 0.222866
4.35996 0.221508
4.37407 0.220444
4.38819 0.219514
4.40231 0.218575
4.41643 0.217753
4.43054 0.217034
4.52277 0.226154
4.53689 0.224385
4.55101 0.222962
4.56512 0.221717
4.57924 0.220502
4.59336 0.219439
4.60748 0.218509
4.62159 0.217696
4.63571 0.216984
4.72794 0.226111
4.74206 0.224472
4.75617 0.223038
4.77029 0.221658
4.78441 0.220451
4.79853 0.219395
4.81265 0.21847
4.82676 0.217661
4.84088 0.216954
4.93311 0.22621
4.94722 0.224558
4.96134 0.222989
4.97546 0.221615
4.98958 0.220413
5.0037 0.219361
5.01781 0.218441
5.03193 0.217636
5.04605 0.217057
5.13827 0.2263
5.15239 0.224512
5.16651 0.222948
5.18063 0.22158
5.19475 0.220382
5.20886 0.219334
5.22298 0.218418
5.2371 0.21774
5.25122 0.217148
5.34344 0.226254
5.35756 0.224473
5.37168 0.222913
5.3858 0.221549
5.39991 0.220356
5.41403 0.219436
5.42815 0.218632
5.44227 0.217803
5.45638 0.217077
5.54861 0.226193
5.56273 0.224419
5.57685 0.222866
5.59096 0.221508
5.60508 0.220444
5.6192 0.219514
5.63332 0.218575
5.64743 0.217753
5.66155 0.217034
5.75378 0.226155
5.7679 0.224385
5.78201 0.222962
5.79613 0.221717
5.81025 0.220502
5.82437 0.219439
5.83849 0.218509
5.8526 0.217696
5.86672 0.216984
5.95895 0.226111
5.97306 0.224472
5.98718 0.223038
6.0013 0.221658
6.01542 0.220451
6.02954 0.219395
6.04365 0.21847
6.05777 0.217661
6.07189 0.216954
6.16411 0.22621
6.17823 0.224433
6.19235 0.222879
6.20647 0.221519
6.22059 0.220329
6.2347 0.219288
6.24882 0.218377
6.26294 0.21758
6.27706 0.217008
6.36928 0.226257
6.3834 0.224475
6.39752 0.222915
6.41164 0.221551
6.42575 0.220357
6.43987 0.219312
6.45399 0.218398
6.46811 0.217724
6.48222 0.217133
6.57445 0.226241
6.58857 0.224461
6.60269 0.222904
6.6168 0.221541
6.63092 0.220348
6.64504 0.21943
6.65916 0.218626
6.67327 0.217798
6.68739 0.217073
6.77962 0.226189
6.79374 0.224415
6.80785 0.222863
6.82197 0.221505
6.83609 0.220442
6.85021 0.219512
6.86432 0.218573
6.87844 0.217751
6.89256 0.217032
6.98479 0.226153
6.9989 0.224384
7.01302 0.222961
7.02714 0.221716
7.04126 0.220502
7.05538 0.219439
7.06949 0.218509
7.08361 0.217695
7.09773 0.216983
7.18995 0.226111
7.20407 0.224472
7.21819 0.223038
7.23231 0.221658
7.24643 0.220451
7.26054 0.219394
7.27466 0.21847
7.28878 0.217661
7.3029 0.216954
7.39512 0.226209
7.40924 0.224433
7.42336 0.222879
7.43748 0.221519
7.45159 0.220329
7.46571 0.219288
7.47983 0.218377
7.49395 0.21758
7.50806 0.217007
7.60029 0.226257
7.61441 0.224474
7.62853 0.222915
7.64264 0.221551
7.65676 0.220357
7.67088 0.219312
7.685 0.218398
7.69911 0.217723
7.71323 0.217008
7.80546 0.226132
7.81958 0.224366
7.83369 0.22282
7.84781 0.221467
7.86193 0.220284
7.87605 0.219373
7.89016 0.218577
7.90428 0.217755
7.9184 0.217035
8.01063 0.226156
8.02474 0.224386
8.03886 0.222838
8.05298 0.221483
8.0671 0.220423
8.08122 0.219495
8.09533 0.218558
8.10945 0.217738
8.12357 0.217021
8.21579 0.226143
8.22991 0.224376
8.24403 0.222954
8.25815 0.221709
8.27227 0.220496
8.28638 0.219434
8.3005 0.218505
8.31462 0.217691
8.32874 0.21698
8.42096 0.226108
8.43508 0.224469
8.4492 0.223035
8.46332 0.221656
8.47743 0.220449
8.49155 0.219393
8.50567 0.218469
8.51979 0.21766
8.5339 0.216953
8.62613 0.226209
8.64025 0.224433
8.65437 0.222878
8.66848 0.221519
8.6826 0.220329
8.69672 0.219288
8.71084 0.218377
8.72495 0.21758
8.73907 0.217007
8.8313 0.226256
8.84542 0.224474
8.85953 0.222915
8.87365 0.221551
8.88777 0.220357
8.90189 0.219312
8.916 0.218523
8.93012 0.217833
8.94424 0.217104
9.03647 0.226216
9.05058 0.224439
9.0647 0.222884
9.07882 0.221523
9.09294 0.220333
9.10706 0.219416
9.12117 0.218614
9.13529 0.217788
9.14941 0.217064
9.24163 0.226181
9.25575 0.224408
9.26987 0.222857
9.28399 0.2215
9.29811 0.220438
9.31222 0.219508
9.32634 0.218569
9.34046 0.217748
9.35458 0.21703
9.4468 0.226151
9.46092 0.224382
9.47504 0.222959
9.48916 0.221714
9.50327 0.2205
9.51739 0.219438
9.53151 0.218508
9.54563 0.217694
9.55974 0.216983
9.65197 0.22611
9.66609 0.224471
9.68021 0.223037
9.69432 0.221658
9.70844 0.22045
9.72256 0.219394
9.73668 0.21847
9.75079 0.217661
9.76491 0.216953
9.85714 0.226209
9.87126 0.224433
9.88537 0.222879
9.89949 0.221519
9.91361 0.220329
9.92773 0.219288
9.94184 0.218377
9.95596 0.21758
9.97008 0.217007
10.0623 0.226256
10.0764 0.224474
10.0905 0.222915
10.1047 0.221551
10.1188 0.220357
10.1329 0.219312
10.147 0.218523
10.1611 0.217833
10.1752 0.217104
10.2675 0.226216
10.2816 0.224439
10.2957 0.222884
10.3098 0.221523
10.3239 0.220333
10.3381 0.219416
10.3522 0.218614
10.3663 0.217788
10.3804 0.217064
10.5715 0.238556
10.5926 0.235237
10.7837 0.232332
10.8049 0.229791
10.9959 0.227567
11.0171 0.225746
11.2081 0.224153
11.2293 0.222634
11.4204 0.221304
11.4416 0.220141
11.6326 0.219124
11.6538 0.218233
11.8448 0.217454
11.866 0.216897
12.0571 0.21641
12.0782 0.215859
12.2693 0.215376
12.2905 0.214954
12.4815 0.214585
12.5027 0.214262
12.6937 0.213979
12.7149 0.213732
12.906 0.213515
12.9271 0.213451
13.1182 0.213395
13.1394 0.21322
13.3304 0.213068
13.3516 0.212934
13.5426 0.212817
13.5638 0.212715
13.7549 0.212626
13.776 0.212673
13.9671 0.212714
13.9883 0.212624
14.1793 0.212546
14.2005 0.212478
14.3916 0.212418
14.4127 0.212366
14.6038 0.21232
14.625 0.21228
14.816 0.21237
14.8372 0.212449
15.0282 0.212393
15.0494 0.212344
15.2405 0.212301
15.2616 0.212263
15.4527 0.21223
15.4739 0.212201
15.6649 0.212176
15.6861 0.212279
15.8771 0.212369
15.8983 0.212323
16.0894 0.212283
16.1105 0.212247
16.3016 0.212217
16.3228 0.212189
16.5138 0.212166
16.535 0.212145
16.726 0.212252
16.7472 0.212345
16.9383 0.212302
16.9594 0.212264
17.1505 0.212231
17.1717 0.212202
17.3627 0.212177
17.3839 0.212155
17.575 0.212136
17.5961 0.212244
17.7872 0.212338
17.8084 0.212296
17.9994 0.212259
18.0206 0.212227
18.2116 0.212198
18.2328 0.212173
18.4239 0.212152
18.445 0.212258
18.6361 0.212351
18.6573 0.212307
18.8483 0.212268
18.8695 0.212235
19.0605 0.212206
19.0817 0.21218
19.2728 0.212157
19.2939 0.212138
19.485 0.21212
19.5062 0.21223
19.6972 0.212327
19.7184 0.212286
19.9094 0.21225
19.9306 0.212219
20.1217 0.212191
20.1429 0.212168
20.3339 0.212147
20.3551 0.212253
20.5461 0.212347
20.5673 0.212303
20.7584 0.212265
20.7795 0.212232
20.9706 0.212203
20.9919 0.212178
21.1828 0.212156
21.2049 0.212261
21.3951 0.212353
21.4178 0.212434
21.6207 0.214005
21.6538 0.216754
21.8633 0.220035
21.8963 0.222906
22.1058 0.225292
22.1389 0.227381
22.3483 0.229333
22.3814 0.231042
22.5908 0.232411
22.6239 0.23361
22.8346 0.234909
22.8677 0.236045
23.0771 0.236915
23.1102 0.237675
23.3197 0.238216
23.3527 0.238689
23.5622 0.239228
23.5953 0.239699
23.8047 0.239987
23.8378 0.240238
24.0473 0.240584
24.0803 0.240886
24.2898 0.241025
24.3229 0.241147
24.5323 0.241379
24.5654 0.241581
24.7748 0.241634
24.8079 0.241679
25.0174 0.241844
25.0504 0.241989
25.2599 0.24199
25.293 0.241991
25.5024 0.242118
25.5355 0.242228
25.745 0.242199
25.778 0.242299
25.9875 0.242387
26.0206 0.242339
26.23 0.242421
26.2631 0.242494
26.4725 0.242432
26.5056 0.242378
26.7151 0.242456
26.7481 0.242524
26.9576 0.242458
26.9907 0.242401
27.2001 0.242476
27.2332 0.242541
27.4427 0.242474
27.4757 0.242414
27.6852 0.242488
27.7183 0.242552
27.9277 0.242483
27.9608 0.242422
28.1702 0.242495
28.2033 0.242558
28.4128 0.242488
28.4458 0.242427
28.6553 0.242499
28.6884 0.242561
28.8978 0.242491
28.9309 0.24243
29.1403 0.242501
29.1734 0.242563
29.3829 0.242493
29.4159 0.242431
29.6254 0.242502
29.6585 0.242565
29.8679 0.242494
29.901 0.242557
30.1105 0.242613
30.1435 0.242536
30.353 0.242469
30.3861 0.242535
30.5652 0.238843
30.5983 0.235488
30.7774 0.232552
30.8105 0.229983
30.9897 0.227735
31.0227 0.225768
31.2641 0.231922
31.2819 0.235307
31.5067 0.236144
31.5245 0.237001
31.7492 0.237751
31.767 0.238282
31.9917 0.238747
32.0095 0.239278
32.2342 0.239743
32.2521 0.24015
32.4768 0.240382
32.4946 0.240584
32.7193 0.240886
32.7371 0.24115
32.9618 0.241256
32.9796 0.241349
33.2044 0.241556
33.2222 0.241736
33.4469 0.241769
33.4647 0.241798
33.6894 0.241948
33.7072 0.24208
33.9319 0.24207
33.9497 0.242061
34.1745 0.242178
34.1923 0.242281
34.417 0.242246
34.4348 0.242215
34.6595 0.242313
34.6773 0.242399
34.9021 0.242474
34.9199 0.242415
35.1446 0.242363
35.1624 0.242443
35.3871 0.242512
35.4049 0.242448
35.6296 0.242392
35.6474 0.242468
35.8722 0.242535
35.89 0.242468
36.1147 0.242409
36.1325 0.242483
36.3572 0.242548
36.375 0.242604
36.5997 0.242529
36.6176 0.242463
36.8423 0.24253
36.8601 0.242589
37.0848 0.242515
37.1026 0.242451
37.3273 0.242519
37.3451 0.242579
37.5699 0.242507
37.5877 0.242444
37.8124 0.242513
37.8302 0.242574
38.0549 0.242502
38.0727 0.242439
38.2974 0.24251
38.3153 0.242571
38.54 0.242499
38.5578 0.242437
38.7825 0.242507
38.8003 0.242569
39.025 0.242623
39.0428 0.242545
39.2676 0.242477
39.2854 0.242542
39.5101 0.242599
39.5279 0.242525
39.7526 0.242459
39.7704 0.242527
39.9951 0.242586
40.0129 0.242513
40.2377 0.242448
40.2556 0.242517
40.4812 0.242703
40.5007 0.24299
40.7322 0.243991
40.7517 0.244867
40.99 0.246509
41.0104 0.24807
41.2648 0.251311
41.2868 0.254398
41.477 0.249223
41.4994 0.244695
41.6892 0.240608
41.7125 0.237157
41.9942 0.245637
42.0409 0.255933
42.47 0.283316
42.5166 0.307402
42.9449 0.328351
42.9915 0.346683
43.4197 0.362722
43.4664 0.376757
43.848 0.383162
43.8726 0.386017
44.3203 0.39689
44.3483 0.406779
44.7943 0.415181
44.8206 0.422284
45.2523 0.426748
45.2769 0.430405
45.6966 0.432104
45.7263 0.434341
46.1571 0.437673
46.1918 0.441089
46.632 0.445203
46.6676 0.449053
47.1068 0.452296
47.1425 0.455134
47.5758 0.456867
47.6089 0.458009
48.0447 0.459383
48.077 0.46046
48.5137 0.461527
48.5408 0.461837
48.9826 0.462732
49.0038 0.462765
49.4465 0.46292
49.4626 0.46243
49.9112 0.462751
49.9256 0.462782
50.3793 0.463434
50.3928 0.46388
50.8491 0.464645
50.8584 0.464689
51.307 0.463728
51.3197 0.462762
51.7641 0.462167
51.7785 0.461521
52.2101 0.459581
52.2152 0.456758
52.4223 0.426164
52.4364 0.399393
52.6346 0.375969
52.6509 0.355723
52.8883 0.343007
52.9155 0.333257
53.2877 0.341474
53.314 0.348665
53.7524 0.363207
53.777 0.375681
54.2137 0.386346
54.2375 0.395553
54.6742 0.403734
54.698 0.410767
55.1347 0.416921
55.1584 0.422431
55.5892 0.426502
55.6138 0.430064
56.0446 0.433181
56.0692 0.436034
56.4991 0.438404
56.5237 0.440354
56.9553 0.44231
56.9799 0.444021
57.4116 0.445518
57.437 0.446954
57.8279 0.443084
57.8423 0.438449
58.2519 0.436643
58.2604 0.434312
58.6793 0.433523
58.6878 0.431958
59.1118 0.431963
59.1203 0.431343
59.5366 0.43055
59.546 0.429231
59.9717 0.429952
59.9801 0.429958
60.4177 0.431963
60.4262 0.433093
60.8698 0.435456
60.88 0.437149
61.3346 0.440631
61.3431 0.443052
61.795 0.445295
61.8052 0.446758
62.2606 0.449039
62.2716 0.450659
62.7414 0.454451
62.755 0.457645
63.2689 0.466314
63.2782 0.4734
63.4927 0.442225
63.5029 0.414447
63.7265 0.391891
63.7545 0.373905
64.3226 0.401667
64.3506 0.425958
64.9145 0.446713
64.923 0.462499
65.191 0.439187
65.2045 0.418789
65.4032 0.393065
65.4173 0.370432
65.6154 0.350628
65.6295 0.333299
65.8276 0.318137
65.8426 0.304995
66.0399 0.29337
66.0548 0.283199
66.2521 0.274424
66.267 0.266746
66.4643 0.259903
66.4792 0.253915
66.6766 0.248676
66.6915 0.244091
66.8888 0.24008
66.9037 0.23657
67.101 0.233624
67.1159 0.230921
67.3138 0.228556
67.3282 0.226611
67.526 0.22491
67.5404 0.223296
67.7382 0.221884
67.7528 0.220649
67.9505 0.219567
67.9651 0.218747
68.1627 0.217903
68.1778 0.217165
68.3749 0.21652
68.39 0.21608
68.5876 0.215695
68.6023 0.215233
68.7999 0.214829
68.8145 0.214475
69.0121 0.214291
69.0267 0.214004
69.2251 0.213879
69.239 0.213644
69.4378 0.213439
69.4522 0.213384
69.65 0.213336
69.665 0.213294
69.8631 0.213257
69.8773 0.2131
70.0754 0.212962
70.0895 0.212842
70.2881 0.212862
70.3028 0.212879
70.5094 0.213894
70.5289 0.215407
71.5525 0.230107
71.6831 0.257343
71.8764 0.265675
72.007 0.272966
72.1927 0.278345
72.3394 0.285052
72.5141 0.289671
72.6744 0.295337
72.8635 0.302045
73.0161 0.307039
73.2264 0.314034
73.3748 0.31953
73.5902 0.325089
73.7496 0.331328
73.9625 0.336412
74.1253 0.34136
74.2958 0.340315
74.473 0.341151
74.6358 0.341007
74.8249 0.342381
75.0437 0.350583
75.226 0.35701
75.4702 0.365759
75.6509 0.373039
75.9222 0.382909
76.0503 0.385046
76.3632 0.39204
76.476 0.39616
76.8067 0.402015
76.9203 0.407388
77.3028 0.418465
77.4045 0.426657
77.7929 0.434574
77.9269 0.445503
78.2771 0.45044
78.4425 0.458635
78.8046 0.46718
78.9521 0.472533
79.3804 0.485466
79.5067 0.494033
79.9417 0.502404
80.0791 0.511228
80.4819 0.514825
80.6422 0.520847
80.8932 0.507241
80.9907 0.487336
81.1086 0.453294
81.2037 0.423257
81.3413 0.399475
81.3668 0.380041
81.3931 0.364661
81.4202 0.352828
81.4456 0.343724
81.4719 0.337259
81.4974 0.333102
81.5237 0.330964
81.5499 0.330593
81.7467 0.353144
81.7865 0.363751
81.8247 0.374657
81.8527 0.384325
81.8807 0.392909
81.9078 0.400671
81.9349 0.407587
81.9689 0.414639
82.0096 0.422684
82.2214 0.452848
82.3199 0.467867
82.3615 0.481259
82.403 0.493476
82.4344 0.504542
82.4632 0.514349
82.4819 0.521806
82.5006 0.52733
82.5362 0.532414
82.5845 0.537737
82.9084 0.556395
82.989 0.56972
83.6139 0.524755
83.623 0.485661
83.6371 0.451578
83.6512 0.421756
83.6653 0.395537
83.6794 0.372594
83.6936 0.35252
83.7077 0.334955
83.7218 0.319586
83.7359 0.306138
83.8191 0.30312
83.8352 0.291855
83.8493 0.281873
83.8634 0.273139
83.8777 0.265497
83.8917 0.25881
83.9058 0.252958
83.9199 0.247839
83.934 0.243484
83.9481 0.239673
84.0313 0.236214
84.0474 0.233187
84.0615 0.230539
84.0757 0.228222
84.09 0.226194
84.1041 0.224545
84.1182 0.223102
84.1323 0.221714
84.1464 0.2205
84.1606 0.219437
84.2436 0.218508
84.2597 0.217694
84.2738 0.216982
84.2879 0.21636
84.3022 0.21594
84.3163 0.215447
84.3304 0.215016
84.3445 0.214639
84.3587 0.214309
84.3728 0.214021
84.4558 0.213768
84.4719 0.213547
84.486 0.213354
84.5001 0.213309
84.5144 0.213146
84.5285 0.213003
84.5427 0.212877
84.5568 0.212768
84.5709 0.212672
84.585 0.212713
84.668 0.212749
84.6841 0.21278
84.6982 0.212808
84.7123 0.212707
84.7266 0.212618
84.7408 0.212541
84.7549 0.212473
84.769 0.212539
84.7831 0.212597
84.7972 0.212522
84.8802 0.212457
84.8963 0.2124
84.9105 0.21235
84.9246 0.212306
84.9389 0.212268
84.953 0.212234
84.9671 0.21233
84.9812 0.212289
84.9953 0.212253
85.0095 0.212221
85.0925 0.212193
85.1086 0.212169
85.1231 0.212273
85.1368 0.212239
85.1511 0.212334
85.1652 0.212417
85.1795 0.212365
85.1935 0.21232
85.2076 0.21228
85.2217 0.212245
85.3047 0.212214
85.3208 0.212187
85.3353 0.212164
85.3502 0.212268
85.3636 0.212235
85.3777 0.212205
85.3918 0.21218
85.4059 0.212157
85.42 0.212263
85.4342 0.212355
85.5169 0.21231
85.533 0.212397
85.5476 0.212347
85.5625 0.212304
85.5766 0.212266
85.5907 0.212233
85.6048 0.212203
85.6189 0.212178
85.633 0.212281
85.6472 0.212371
85.7292 0.212449
85.7452 0.212393
85.7598 0.212344
85.7747 0.212301
85.7888 0.212263
85.8029 0.21223
85.817 0.212327
85.8312 0.212411
85.8453 0.212359
85.8594 0.212315
85.9414 0.212275
85.9575 0.212241
85.972 0.212336
85.9872 0.212419
86.001 0.212491
86.0151 0.212555
86.0293 0.212486
86.0434 0.212425
86.0575 0.212372
86.0716 0.212325
86.1536 0.212285
86.1697 0.212249
86.1842 0.212218
86.1994 0.212191
86.2135 0.212167
86.2277 0.212146
86.2418 0.212128
86.2559 0.212112
86.27 0.212223
86.2841 0.21232
86.3658 0.21228
86.3819 0.212245
86.3965 0.212214
86.4116 0.212188
86.4258 0.212164
86.4399 0.212144
86.454 0.212251
86.4681 0.212344
86.4822 0.212301
86.4964 0.212264
86.5781 0.212356
86.5941 0.212436
86.6087 0.212382
86.6243 0.212459
86.638 0.212402
86.6521 0.212476
86.6662 0.212417
86.6803 0.212365
86.6953 0.212444
86.7086 0.212389
86.7903 0.21234
86.8064 0.212298
86.8209 0.21226
86.8366 0.212228
86.8507 0.212199
86.8648 0.212174
86.8789 0.212153
86.893 0.212259
86.9075 0.212226
86.9216 0.212198
87.0025 0.212173
87.0186 0.212152
87.0337 0.212258
87.0488 0.212225
87.0629 0.212197
87.077 0.212298
87.0911 0.212385
87.1053 0.212337
87.1197 0.212295
87.1338 0.212258
87.2147 0.212226
87.2314 0.212323
87.246 0.212282
87.2616 0.212372
87.2759 0.212451
87.2899 0.212394
87.3037 0.212345
87.3177 0.212302
87.3322 0.212389
87.3475 0.21259
87.427 0.212517
87.4437 0.212452
87.4582 0.212521
87.4739 0.212455
87.4886 0.212524
87.5028 0.212458
87.5175 0.212526
87.5305 0.21246
87.5449 0.212403
87.5603 0.212477
87.6392 0.212543
87.656 0.2126
87.6705 0.212525
87.6861 0.212584
87.7023 0.212761
87.7159 0.212791
87.7297 0.212692
87.7446 0.212731
87.7583 0.212764
87.7726 0.212669
87.8516 0.212585
87.8688 0.212512
87.8827 0.212448
87.8991 0.212517
87.9154 0.212577
87.9287 0.212505
87.9441 0.212692
87.9579 0.212731
87.971 0.212764
87.9852 0.212794
88.0641 0.212819
88.081 0.212842
88.0956 0.212862
88.1117 0.212754
88.1284 0.212785
88.1428 0.212812
88.159 0.21296
88.1725 0.21309
88.1886 0.213454
88.2039 0.213897
88.2853 0.214785
88.3057 0.215937
88.3235 0.217445
88.3438 0.219264
88.365 0.221481
88.3837 0.223921
88.4049 0.226681
88.4235 0.229596
88.4447 0.232896
88.4659 0.236534
88.5762 0.243342
88.6059 0.250425
88.633 0.257747
88.6627 0.265403
88.6796 0.271478
88.6907 0.275918
88.7025 0.278678
88.7136 0.280094
88.7271 0.280457
88.739 0.279525
88.8162 0.274584
88.8611 0.272261
88.9018 0.271854
88.9468 0.273372
88.973 0.27595
88.9951 0.279207
89.0163 0.282931
89.0392 0.287314
89.0612 0.292025
89.0833 0.297147
89.1308 0.299254
89.1571 0.298847
89.1808 0.296366
89.2054 0.291695
89.224 0.286608
89.2571 0.283532
89.291 0.282466
89.3258 0.282908
89.3597 0.284794
89.392 0.287695
89.4623 0.293233
89.5005 0.299454
89.5361 0.306522
89.5505 0.311332
89.5624 0.314665
89.5836 0.316082
89.604 0.315572
89.6252 0.313625
89.6464 0.310297
89.6684 0.306135
89.7761 0.307118
89.8355 0.310603
89.888 0.315778
89.9109 0.321306
89.9338 0.327268
89.9627 0.333734
89.9889 0.340142
90.0017 0.344625
90.0135 0.347421
90.0271 0.348869
90.0932 0.344885
90.1568 0.3419
90.2416 0.343287
90.279 0.346376
90.3163 0.350954
90.3638 0.35721
90.4062 0.364809
90.4291 0.372458
90.4503 0.380025
90.4604 0.386147
90.4944 0.388004
90.5291 0.386128
90.591 0.381612
90.6521 0.380661
90.7131 0.382703
90.7903 0.38824
90.8531 0.395585
90.8836 0.402887
90.9022 0.409026
90.9133 0.414023
90.9345 0.41727
90.9548 0.418236
90.9896 0.415707
91.0286 0.410743
91.1202 0.410275
91.2389 0.414991
91.311 0.420242
91.333 0.423962
91.3466 0.426467
91.3585 0.428408
91.3712 0.429482
91.3881 0.430047
91.4127 0.429166
91.4416 0.427145
91.5467 0.427002
91.7095 0.432502
91.7545 0.433939
91.7655 0.433697
91.7748 0.43286
91.7833 0.431502
91.7926 0.429689
91.8011 0.427478
91.8147 0.424293
91.8308 0.419882
91.9241 0.414647
92.0504 0.405441
92.0708 0.394261
92.0784 0.383728
92.0852 0.373637
92.0928 0.363932
92.0996 0.354566
92.1064 0.34537
92.114 0.336574
92.12 0.327752
92.1692 0.317408
92.3167 0.310982
92.3447 0.306359
92.365 0.303189
92.3854 0.301041
92.4057 0.299911
92.4185 0.298797
92.4303 0.297572
92.4431 0.296376
92.4541 0.294954
92.4702 0.29396
92.6322 0.296715
92.6822 0.301875
92.7204 0.308516
92.7602 0.316826
92.8018 0.326723
92.8306 0.337258
92.8594 0.34835
92.8891 0.359932
92.9179 0.371815
92.9468 0.384088
93.1113 0.395952
93.146 0.404458
93.18 0.411276
93.2292 0.418491
93.2665 0.424305
93.2978 0.429642
93.3309 0.434812
93.3674 0.44021
93.4089 0.446559
93.4462 0.453239
93.6362 0.462209
93.6862 0.471933
93.7346 0.482316
93.7854 0.491527
93.8177 0.498961
93.8431 0.504841
93.8753 0.509861
93.9092 0.513878
93.9474 0.517018
93.9796 0.519016
94.1848 0.522639
94.2451 0.527184
94.3061 0.532786
94.3485 0.536563
94.3714 0.538743
94.3901 0.539775
94.4206 0.540428
94.452 0.540624
94.4867 0.540421
94.5291 0.541619
94.7411 0.543541
94.8022 0.545224
94.8632 0.546696
94.8989 0.547109
94.9158 0.54672
94.9387 0.54688
94.9888 0.54952
95.0235 0.55233
95.0566 0.554539
95.1041 0.557096
95.3008 0.557334
95.3636 0.557793
95.428 0.558694
95.4772 0.561232
95.495 0.563578
95.5196 0.565756
95.5739 0.568161
95.6069 0.570016
95.6383 0.571514
95.679 0.57195
95.863 0.570831
95.9275 0.569977
96.003 0.57048
96.0623 0.572295
96.0793 0.573758
96.0979 0.574288
96.1395 0.573252
96.17 0.572096
96.1997 0.570709
96.2523 0.570995
96.4287 0.570246
96.499 0.570465
96.5872 0.572282
96.65 0.574122
96.6678 0.575856
96.6848 0.577249
96.7246 0.578218
96.7509 0.578441
96.7738 0.577886
96.8306 0.5779
97.3199 0.573913
97.3581 0.568174
97.8533 0.563902
97.8694 0.560289
97.8898 0.557878
97.911 0.556643
97.9262 0.555813
97.9389 0.554836
97.9542 0.554232
97.9703 0.553953
97.9847 0.553709
97.9992 0.55362
98.4215 0.555418
98.4401 0.557365
98.463 0.559445
98.4851 0.561389
98.5003 0.562965
98.5147 0.564345
98.53 0.565677
98.5427 0.566467
98.5546 0.566909
98.5699 0.567295
98.8599 0.551133
98.8675 0.535617
98.8768 0.52029
98.8845 0.505128
98.8912 0.490862
98.8989 0.477504
98.9091 0.465316
98.9158 0.453527
98.9243 0.442586
98.9336 0.432388
99.1516 0.414839
99.1626 0.399109
99.1736 0.384846
99.1855 0.372115
99.1974 0.360726
99.2067 0.350135
99.222 0.340993
99.2372 0.333244
99.2525 0.326588
99.2686 0.321015
99.4899 0.323138
99.5145 0.326371
99.54 0.330574
99.5671 0.336003
99.5942 0.342252
99.6205 0.349221
99.6485 0.357068
99.6756 0.36556
99.7036 0.37474
99.7308 0.384397
99.9419 0.392848
99.9589 0.399242
99.9767 0.403961
100.008 0.408591
100.048 0.414142
100.086 0.420625
100.128 0.427921
100.167 0.435806
100.218 0.445706
100.273 0.457742
100.53 0.47415
100.545 0.488131
100.558 0.499864
100.576 0.508381
100.594 0.513209
100.619 0.515558
100.651 0.516488
100.697 0.518177
100.758 0.52078
100.805 0.522307
100.893 0.502269
100.894 0.483235
100.897 0.465081
100.903 0.447696
100.908 0.430859
100.909 0.413376
100.912 0.394454
100.92 0.373023
100.97 0.352895
101.017 0.335283
101.106 0.320123
101.12 0.306732
101.133 0.294891
101.147 0.284654
101.161 0.275698
101.175 0.267735
101.19 0.260768
101.204 0.254672
101.218 0.249338
101.232 0.244671
101.318 0.240587
101.333 0.237139
101.347 0.233996
101.362 0.231372
101.375 0.22895
101.389 0.226957
101.403 0.225212
101.417 0.223561
101.432 0.222115
101.446 0.220976
101.531 0.219979
101.546 0.219107
101.559 0.218218
101.574 0.217441
101.589 0.216886
101.602 0.2164
101.616 0.215975
101.631 0.215603
101.644 0.215153
101.659 0.214759
101.744 0.214539
101.759 0.214222
101.773 0.213944
101.787 0.213701
101.801 0.213613
101.816 0.213537
101.829 0.21347
101.844 0.213286
101.858 0.21325
101.872 0.213219
101.957 0.213191
101.972 0.213168
101.987 0.213272
102.001 0.213363
102.016 0.213567
102.032 0.213871
102.048 0.214387
102.064 0.215089
102.081 0.215953
102.098 0.217084
102.198 0.219948
102.217 0.223205
102.239 0.226929
102.259 0.230688
102.274 0.234102
102.29 0.237089
102.306 0.239703
102.322 0.24199
102.338 0.243866
102.355 0.245508
102.456 0.24707
102.476 0.248561
102.497 0.249741
102.517 0.250773
102.532 0.251677
102.547 0.252467
102.564 0.253284
102.58 0.253998
102.596 0.254623
102.613 0.25517
102.714 0.255524
102.735 0.255834
102.756 0.256104
102.775 0.256466
102.791 0.256658
102.805 0.256826
102.823 0.256973
102.839 0.257226
102.855 0.257448
102.873 0.257642
102.974 0.257937
102.994 0.258194
103.015 0.25842
103.036 0.258618
103.051 0.258915
103.065 0.259051
103.083 0.259295
103.099 0.259383
103.116 0.259585
103.133 0.259762
103.234 0.259917
103.255 0.259927
103.276 0.259936
103.296 0.260069
103.311 0.259935
103.326 0.259944
103.344 0.259951
103.36 0.259957
103.377 0.259962
103.394 0.259967
103.495 0.260096
103.516 0.260209
103.537 0.260308
103.557 0.260394
103.572 0.26047
103.587 0.260536
103.606 0.260719
103.621 0.260754
103.639 0.26091
103.656 0.261046
103.757 0.261166
103.778 0.26127
103.799 0.261361
103.819 0.261441
103.834 0.261511
103.85 0.261697
103.868 0.26186
103.884 0.262002
103.902 0.262127
103.919 0.262361
104.023 0.262691
104.043 0.263105
104.065 0.263592
104.085 0.263768
104.099 0.264047
104.116 0.264416
104.135 0.264614
104.149 0.264787
104.168 0.264939
104.186 0.265071
104.289 0.265312
104.309 0.265398
104.332 0.265599
104.352 0.265774
104.367 0.266052
104.384 0.266296
104.403 0.266509
104.417 0.266695
104.436 0.266858
104.455 0.267251
104.56 0.267595
104.581 0.26802
104.604 0.268393
104.623 0.268844
104.639 0.269238
104.657 0.269708
104.676 0.27012
104.69 0.27048
104.709 0.270795
104.729 0.271196
104.835 0.271796
104.857 0.272447
104.88 0.273016
104.9 0.273389
104.917 0.27384
104.935 0.27436
104.953 0.274815
104.968 0.275213
104.988 0.275687
105.009 0.276226
105.118 0.276948
105.139 0.277454
105.163 0.278022
105.183 0.278645
105.2 0.279189
105.219 0.27979
105.238 0.280442
105.254 0.281136
105.274 0.281869
105.296 0.282386
105.408 0.283337
105.431 0.28442
105.455 0.285493
105.475 0.286431
105.493 0.287377
105.514 0.288205
105.533 0.289054
105.549 0.289798
105.57 0.290573
105.592 0.291376
105.71 0.292829
105.734 0.294226
105.76 0.295447
105.782 0.296766
105.799 0.297921
105.821 0.299181
105.841 0.300158
105.859 0.301263
105.882 0.30248
105.905 0.30367
106.029 0.305587
106.054 0.307263
106.081 0.30898
106.104 0.310608
106.123 0.312282
106.146 0.313872
106.167 0.315513
106.187 0.317074
106.212 0.318689
106.236 0.320353
106.37 0.322934
106.396 0.325442
106.426 0.328012
106.451 0.330385
106.473 0.332712
106.495 0.334623
106.513 0.33592
106.53 0.33693
106.552 0.337314
106.573 0.33715
106.703 0.336506
106.731 0.336318
106.764 0.336528
106.791 0.336962
106.816 0.337842
106.842 0.339112
106.866 0.340973
106.888 0.343101
106.916 0.345838
106.942 0.348859
107.062 0.350251
107.084 0.350595
107.11 0.349896
107.13 0.348534
107.149 0.346592
107.177 0.345143
107.203 0.344
107.228 0.3435
107.26 0.343438
107.29 0.344008
107.445 0.348882
107.474 0.354022
107.505 0.359144
107.524 0.363626
107.543 0.367298
107.564 0.36976
107.584 0.371165
107.605 0.37177
107.628 0.371299
107.651 0.369886
107.802 0.368275
107.835 0.367366
107.874 0.367695
107.902 0.368858
107.925 0.370626
107.954 0.373048
107.98 0.376042
108.008 0.379537
108.039 0.38347
108.067 0.387536
108.19 0.387469
108.214 0.38641
108.243 0.384234
108.265 0.381705
108.284 0.378867
108.317 0.376883
108.348 0.375648
108.379 0.375067
108.415 0.375184
108.451 0.376411
108.619 0.382984
108.648 0.389236
108.676 0.394582
108.697 0.399259
108.712 0.402852
108.737 0.40487
108.759 0.405636
108.781 0.405057
108.806 0.403425
108.834 0.400747
109.015 0.400278
109.053 0.400994
109.093 0.403119
109.124 0.405979
109.145 0.409232
109.178 0.413203
109.208 0.417803
109.23 0.421827
109.255 0.425099
109.28 0.427837
109.412 0.423857
109.442 0.419375
109.489 0.416453
109.526 0.414646
109.55 0.413566
109.589 0.41337
109.626 0.413824
109.657 0.415346
109.692 0.418052
109.729 0.421921
109.872 0.426806
109.898 0.430455
109.93 0.431648
109.955 0.431442
109.972 0.430262
109.998 0.427479
110.03 0.424669
110.067 0.422961
110.109 0.422216
110.155 0.422564
110.347 0.429118
110.38 0.435853
110.403 0.440622
110.419 0.443544
110.43 0.445351
110.446 0.445807
110.465 0.444456
110.487 0.441399
110.513 0.436724
110.561 0.432884
110.795 0.434648
110.831 0.436692
110.857 0.438731
110.875 0.440764
110.892 0.442919
110.909 0.445179
110.922 0.446657
110.937 0.44695
110.953 0.446081
110.998 0.444946
111.236 0.444453
111.276 0.444396
111.305 0.444846
111.325 0.445491
111.344 0.446304
111.363 0.447391
111.38 0.448717
111.397 0.450253
111.419 0.452346
111.486 0.456928
111.689 0.456437
111.712 0.454007
111.733 0.450756
111.757 0.448412
111.777 0.446485
111.801 0.4453
111.819 0.444512
111.84 0.444198
111.869 0.444923
111.964 0.448933
112.127 0.447691
112.143 0.445605
112.157 0.442904
112.173 0.439541
112.187 0.435849
112.216 0.433368
112.241 0.431822
112.26 0.430469
112.284 0.428535
112.386 0.427718
112.54 0.406254
112.598 0.382097
112.753 0.360835
112.769 0.34248
112.796 0.32817
112.824 0.317399
112.851 0.309599
112.878 0.304399
112.905 0.301474
112.933 0.30054
112.96 0.301223
112.987 0.303445
113.144 0.314389
113.176 0.326091
113.23 0.339579
113.279 0.354007
113.307 0.366631
113.33 0.377302
113.355 0.386264
113.379 0.393731
113.403 0.400015
113.427 0.405138
113.633 0.415746
113.665 0.424903
113.719 0.43279
113.765 0.439316
113.792 0.445027
113.815 0.449898
113.837 0.454036
113.86 0.457531
113.884 0.460465
113.907 0.462782
114.122 0.466059
114.15 0.468427
114.195 0.469498
114.241 0.470436
114.267 0.471132
114.29 0.47174
114.313 0.472273
114.343 0.473489
114.373 0.475302
114.395 0.477015
114.596 0.476513
114.622 0.475824
114.664 0.474971
114.71 0.474224
114.738 0.473821
114.774 0.475094
114.802 0.476832
114.832 0.478478
114.862 0.479793
114.884 0.480819
115.057 0.478342
115.082 0.476174
115.124 0.474027
115.192 0.474899
115.227 0.476661
115.263 0.478079
115.291 0.479319
115.321 0.480404
115.351 0.481604
115.372 0.482528
115.514 0.479337
115.539 0.476545
115.6 0.476602
115.681 0.478152
115.716 0.479383
115.751 0.480585
115.779 0.481637
115.804 0.481807
115.834 0.481956
115.852 0.481712
115.988 0.480748
116.028 0.481654
116.09 0.482572
116.169 0.483376
116.205 0.484204
116.233 0.483928
116.256 0.482937
116.28 0.48207
116.309 0.481186
116.326 0.480288
116.476 0.481377
116.517 0.482455
116.579 0.483398
116.649 0.482973
116.677 0.481602
116.705 0.480276
116.726 0.478992
116.749 0.477868
116.778 0.476759
116.795 0.475789
116.966 0.477441
117.006 0.478886
117.059 0.4789
117.113 0.477037
117.138 0.474908
117.166 0.473169
117.186 0.471648
117.211 0.470317
117.253 0.470902
117.281 0.47279
117.452 0.474566
117.484 0.47487
117.526 0.474011
117.576 0.472635
117.6 0.471431
117.628 0.470377
117.659 0.470705
117.7 0.473117
117.742 0.475102
117.77 0.476714
117.925 0.476125
117.954 0.475359
117.994 0.474439
118.044 0.47351
118.077 0.473821
118.116 0.475593
118.148 0.477144
118.189 0.478501
118.231 0.479688
118.259 0.480852
118.359 0.474996
118.375 0.468371
118.397 0.4602
118.44 0.4523
118.47 0.445012
118.505 0.437886
118.549 0.433275
118.607 0.431366
118.659 0.43107
118.689 0.430936
118.79 0.430944
118.799 0.430076
118.813 0.428192
118.847 0.425543
118.878 0.423225
118.914 0.421447
118.96 0.420266
119.02 0.419358
119.081 0.419688
119.113 0.420227
119.217 0.421199
119.235 0.422424
119.252 0.423746
119.293 0.426403
119.325 0.428977
119.36 0.43123
119.409 0.433326
119.469 0.435411
119.513 0.434984
119.543 0.434361
119.657 0.435066
119.678 0.436058
119.697 0.437301
119.751 0.440013
119.784 0.442386
119.818 0.444338
119.867 0.446046
119.921 0.446665
119.946 0.444957
119.964 0.442087
120.069 0.438326
120.097 0.436036
120.127 0.435281
120.195 0.436246
120.242 0.43909
120.277 0.441579
120.325 0.443632
120.359 0.442928
120.375 0.441062
120.386 0.438554
120.443 0.43036
120.482 0.424565
120.53 0.421744
120.623 0.422651
120.69 0.42582
120.736 0.429842
120.767 0.431487
120.787 0.431051
120.797 0.42992
120.805 0.428305
120.836 0.423892
120.858 0.41803
120.9 0.412026
121.032 0.411523
121.12 0.413833
121.174 0.416979
121.206 0.419606
121.221 0.421406
121.232 0.42273
121.242 0.423264
121.255 0.422731
121.268 0.421014
121.291 0.417388
121.419 0.413714
121.548 0.4155
121.609 0.417812
121.644 0.420461
121.663 0.423153
121.681 0.425884
121.698 0.428649
121.713 0.431192
121.726 0.433293
121.737 0.434757
121.849 0.434037
121.983 0.434158
122.05 0.435138
122.091 0.436621
122.113 0.438418
122.133 0.440241
122.154 0.442211
122.171 0.444184
122.183 0.445786
122.196 0.446938
122.306 0.448196
122.429 0.447796
122.479 0.445447
122.524 0.443891
122.549 0.44278
122.572 0.442182
122.595 0.442034
122.616 0.442405
122.634 0.443229
122.652 0.444576
122.763 0.446254
122.861 0.444597
122.89 0.440272
122.921 0.434863
122.95 0.430755
122.978 0.427786
123.01 0.426313
123.043 0.426524
123.065 0.427208
123.088 0.428307
123.204 0.429769
123.226 0.421548
123.227 0.411104
123.229 0.398216
123.44 0.374939
123.454 0.354572
123.656 0.33725
123.672 0.322469
123.69 0.310035
123.707 0.299531
123.725 0.290715
123.742 0.283375
123.76 0.277328
123.777 0.272412
123.795 0.268611
123.812 0.265659
123.943 0.268327
123.972 0.272161
124.002 0.277141
124.031 0.282998
124.054 0.288749
124.074 0.29403
124.093 0.299026
124.113 0.303648
124.132 0.307942
124.152 0.311949
124.35 0.323956
124.379 0.334336
124.403 0.342669
124.427 0.349335
124.442 0.354044
124.453 0.357163
124.47 0.359643
124.491 0.361937
124.512 0.36407
124.533 0.366311
124.827 0.380022
124.855 0.39202
124.878 0.402392
124.9 0.411093
124.911 0.418457
124.922 0.424524
124.931 0.428959
124.943 0.431839
124.955 0.433359
124.968 0.433564
125.315 0.440494
125.342 0.446432
125.366 0.451503
125.385 0.455815
125.399 0.459463
125.409 0.46228
125.421 0.464495
125.432 0.466058
125.446 0.467176
125.458 0.468029
125.803 0.470525
125.831 0.47271
125.854 0.474746
125.873 0.476403
125.885 0.477477
125.898 0.478418
125.911 0.479116
125.925 0.479601
125.938 0.479901
125.953 0.480163
126.292 0.481143
126.319 0.482125
126.343 0.482859
126.36 0.483252
126.373 0.483595
126.387 0.483771
126.401 0.48405
126.415 0.484168
126.429 0.484397
126.444 0.484598
126.78 0.485148
126.808 0.485505
126.831 0.485941
126.847 0.486199
126.862 0.486424
126.875 0.486496
126.889 0.486434
126.902 0.48638
126.917 0.486332
126.932 0.486541
127.269 0.486723
127.296 0.486883
127.32 0.487022
127.334 0.48702
127.349 0.487142
127.364 0.487249
127.377 0.487218
127.391 0.487066
127.405 0.486933
127.421 0.487066
127.757 0.487308
127.784 0.487519
127.808 0.487704
127.823 0.487741
127.836 0.487649
127.852 0.487818
127.866 0.48784
127.879 0.487735
127.893 0.487518
127.909 0.487704
128.246 0.487741
128.273 0.487773
128.295 0.487551
128.311 0.487733
128.325 0.487766
128.34 0.48767
128.354 0.487711
128.368 0.487623
128.381 0.487545
128.398 0.487602
128.734 0.487776
128.761 0.487929
128.783 0.488063
128.799 0.48793
128.813 0.487939
128.827 0.487822
128.843 0.487844
128.856 0.487863
128.87 0.487756
128.886 0.487786
129.203 0.485438
129.234 0.483758
129.26 0.482788
129.278 0.482315
129.296 0.482275
129.313 0.482616
129.33 0.483289
129.344 0.483753
129.358 0.484284
129.374 0.484748
129.688 0.48478
129.72 0.484932
129.746 0.485066
129.764 0.485308
129.782 0.485519
129.8 0.485829
129.817 0.485976
129.831 0.485979
129.84 0.485356
129.849 0.484187
130.176 0.484538
130.207 0.484971
130.233 0.48535
130.252 0.485681
130.269 0.485846
130.28 0.485115
130.29 0.483601
130.3 0.481651
130.309 0.479319
130.32 0.476904
130.643 0.475791
130.675 0.474817
130.696 0.473215
130.707 0.470813
130.716 0.467712
130.725 0.464498
130.734 0.460936
130.742 0.457194
130.751 0.453169
130.763 0.449523
131.111 0.451833
131.137 0.453104
131.149 0.453216
131.158 0.452564
131.166 0.451368
131.175 0.449572
131.183 0.447251
131.193 0.444594
131.201 0.441645
131.209 0.438314
131.577 0.44165
131.591 0.443194
131.6 0.443795
131.608 0.443695
131.617 0.442858
131.626 0.441501
131.634 0.439688
131.644 0.437352
131.653 0.434683
131.661 0.431723
132.03 0.434383
132.039 0.43596
132.047 0.436715
132.056 0.436625
132.065 0.436047
132.074 0.434916
132.083 0.433177
132.092 0.431155
132.101 0.428635
132.109 0.425681
132.479 0.428596
132.487 0.430521
132.497 0.431581
132.505 0.431884
132.515 0.431523
132.524 0.430458
132.532 0.4289
132.541 0.426788
132.55 0.424439
132.559 0.421635
132.941 0.426805
132.952 0.43083
132.961 0.433601
132.97 0.435401
132.978 0.436351
132.988 0.436557
132.997 0.436237
133.006 0.435208
133.014 0.433682
133.023 0.431596
133.408 0.435897
133.422 0.43966
133.433 0.442577
133.441 0.444505
133.45 0.445442
133.459 0.445762
133.468 0.445292
133.478 0.44438
133.486 0.442833
133.496 0.440853
133.876 0.444247
133.889 0.447216
133.901 0.449439
133.912 0.451009
133.921 0.451633
133.93 0.451554
133.938 0.45086
133.948 0.449627
133.956 0.447924
133.971 0.446558
134.204 0.421614
134.205 0.398162
134.416 0.375017
134.43 0.354765
134.444 0.336919
134.458 0.321304
134.472 0.307641
134.487 0.295686
134.501 0.285225
134.515 0.276072
134.529 0.268063
134.543 0.26118
134.639 0.256283
134.661 0.253122
134.686 0.251732
134.709 0.251516
134.733 0.252576
134.756 0.254629
134.779 0.257675
134.803 0.261591
134.827 0.266142
134.85 0.271124
134.993 0.281609
135.019 0.291158
135.046 0.299763
135.062 0.306418
135.076 0.311115
135.09 0.313976
135.105 0.315354
135.13 0.316685
135.161 0.318849
135.193 0.321993
135.466 0.340869
135.504 0.358885
135.535 0.375025
135.549 0.389147
135.562 0.401253
135.575 0.411597
135.589 0.420772
135.604 0.42755
135.623 0.431982
135.643 0.434109
135.955 0.440845
135.993 0.44674
136.023 0.452022
136.037 0.456394
136.05 0.46022
136.064 0.463568
136.076 0.466122
136.088 0.468106
136.101 0.469218
136.122 0.470441
136.443 0.472761
136.481 0.474791
136.511 0.476317
136.525 0.477652
136.539 0.478821
136.553 0.479968
136.568 0.480972
136.581 0.481851
136.596 0.482494
136.61 0.483182
136.928 0.48341
136.97 0.483983
136.999 0.484486
137.012 0.4848
137.027 0.485075
137.041 0.485315
137.056 0.485776
137.07 0.486054
137.083 0.486172
137.099 0.486401
137.412 0.486101
137.458 0.486463
137.487 0.48678
137.501 0.486933
137.515 0.487066
137.529 0.487308
137.544 0.487269
137.558 0.487361
137.572 0.487316
137.587 0.487526
137.902 0.48771
137.947 0.487747
137.975 0.487653
137.989 0.487697
138.003 0.48761
138.018 0.487658
138.031 0.487701
138.043 0.487363
138.052 0.486318
138.06 0.484653
138.39 0.485197
138.435 0.485672
138.461 0.485838
138.475 0.485733
138.488 0.485642
138.502 0.485561
138.512 0.484991
138.522 0.483867
138.534 0.482634
138.548 0.48143
138.879 0.482251
138.923 0.482845
138.949 0.483364
138.961 0.483569
138.974 0.483747
138.988 0.483779
139 0.483557
139.013 0.483237
139.027 0.482832
139.042 0.482728
139.362 0.482762
139.408 0.483042
139.434 0.483412
139.447 0.48336
139.46 0.483315
139.474 0.483151
139.487 0.483007
139.501 0.482881
139.516 0.482896
139.534 0.483409
139.832 0.481733
139.879 0.480516
139.904 0.479077
139.917 0.477817
139.931 0.47659
139.939 0.474891
139.952 0.47328
139.966 0.471745
139.98 0.470527
139.996 0.469461
140.205 0.457403
140.251 0.446728
140.282 0.438262
140.305 0.431854
140.328 0.427247
140.35 0.424216
140.373 0.422689
140.396 0.422603
140.419 0.423653
140.441 0.425571
140.618 0.424
140.643 0.42
140.66 0.41475
140.673 0.408906
140.698 0.404043
140.731 0.401288
140.767 0.400502
140.805 0.401564
140.84 0.403868
140.875 0.40751
141.038 0.409071
141.052 0.408937
141.062 0.40807
141.071 0.406561
141.084 0.404116
141.103 0.399977
141.134 0.395855
141.182 0.393373
141.236 0.393826
141.289 0.396473
141.482 0.402414
141.49 0.406987
141.5 0.410239
141.508 0.412459
141.517 0.413651
141.526 0.414195
141.541 0.413296
141.574 0.410634
141.629 0.408429
141.696 0.408251
141.938 0.414344
141.952 0.419426
141.962 0.423373
141.971 0.426326
141.98 0.428161
141.989 0.429266
141.998 0.429482
142.007 0.429047
142.049 0.427916
142.119 0.427177
142.399 0.431405
142.411 0.434854
142.423 0.437622
142.434 0.439669
142.443 0.440711
142.452 0.441122
142.463 0.441107
142.479 0.441343
142.495 0.441675
142.565 0.442216
142.861 0.444564
142.874 0.446494
142.887 0.448182
142.897 0.449159
142.914 0.450389
142.929 0.451466
142.944 0.452407
142.958 0.453356
142.974 0.454437
143.026 0.455382
143.315 0.455334
143.332 0.455668
143.351 0.456334
143.364 0.456917
143.378 0.457428
143.392 0.457874
143.408 0.45839
143.422 0.458966
143.437 0.459345
143.487 0.459552
143.759 0.457483
143.777 0.455923
143.801 0.455307
143.822 0.455519
143.837 0.455704
143.85 0.455866
143.866 0.456133
143.879 0.456241
143.894 0.456336
143.945 0.456419
144.179 0.451992
144.21 0.449493
144.24 0.448181
144.27 0.448159
144.293 0.449264
144.308 0.450356
144.323 0.451186
144.337 0.452038
144.351 0.452658
144.399 0.452951
144.569 0.444957
144.618 0.440337
144.666 0.438545
144.707 0.438227
144.737 0.438949
144.761 0.440705
144.78 0.442742
144.794 0.444524
144.809 0.446084
144.84 0.445448
144.93 0.434892
144.986 0.426531
145.027 0.418339
145.038 0.407547
145.24 0.383229
145.254 0.361825
145.457 0.343722
145.481 0.329132
145.504 0.317365
145.527 0.308195
145.551 0.30142
145.573 0.296618
145.597 0.293665
145.621 0.292082
145.644 0.291822
145.668 0.292844
145.807 0.299864
145.838 0.307006
145.863 0.31363
145.886 0.319426
145.9 0.323123
145.913 0.325233
145.928 0.325829
145.941 0.325225
145.964 0.324697
145.995 0.324985
146.272 0.342612
146.326 0.360785
146.352 0.376687
146.374 0.390476
146.388 0.402667
146.401 0.413208
146.415 0.422307
146.427 0.430144
146.441 0.435876
146.46 0.439516
146.761 0.445702
146.815 0.450989
146.84 0.45574
146.862 0.459773
146.876 0.463176
146.89 0.466154
146.902 0.468635
146.914 0.470556
146.926 0.471861
146.938 0.472629
147.246 0.47405
147.3 0.475419
147.329 0.476991
147.349 0.478367
147.363 0.479447
147.376 0.480266
147.39 0.480857
147.405 0.481625
147.419 0.482172
147.435 0.482901
147.726 0.482538
147.781 0.482346
147.811 0.482428
147.832 0.482374
147.85 0.482952
147.866 0.483583
147.879 0.484135
147.894 0.484743
147.908 0.485151
147.923 0.485632
148.2 0.484178
148.262 0.483781
148.301 0.484433
148.321 0.485004
148.339 0.485378
148.354 0.485831
148.368 0.486102
148.382 0.486339
148.396 0.486547
148.412 0.486729
148.667 0.484263
148.75 0.484855
148.789 0.485373
148.809 0.485826
148.827 0.486223
148.842 0.48632
148.856 0.48653
148.87 0.486589
148.885 0.486765
148.898 0.486795
149.155 0.486945
149.238 0.487077
149.278 0.487192
149.298 0.487293
149.316 0.487382
149.328 0.487209
149.341 0.486933
149.354 0.486441
149.37 0.486261
149.381 0.485728
149.643 0.486012
149.727 0.486261
149.763 0.486103
149.781 0.48584
149.798 0.485485
149.811 0.484925
149.824 0.484434
149.839 0.48388
149.853 0.48352
149.867 0.48308
150.131 0.48382
150.207 0.483342
150.241 0.482675
150.259 0.481965
150.275 0.48122
150.288 0.480567
150.304 0.480121
150.317 0.479731
150.33 0.47914
150.345 0.478872
150.616 0.479638
150.68 0.478933
150.713 0.478192
150.731 0.477418
150.746 0.476741
150.762 0.476273
150.771 0.475114
150.78 0.4736
150.794 0.47215
150.81 0.471131
151.025 0.463365
151.063 0.453194
151.098 0.44467
151.118 0.437461
151.135 0.431278
151.152 0.426244
151.168 0.421963
151.191 0.419343
151.213 0.418175
151.236 0.418153
151.465 0.420884
151.486 0.421148
151.504 0.419255
151.516 0.416723
151.526 0.413508
151.541 0.410319
151.558 0.407779
151.582 0.405807
151.613 0.404956
151.648 0.405837
151.903 0.409732
151.915 0.41214
151.926 0.413248
151.934 0.413592
151.944 0.413268
151.953 0.412359
151.961 0.41094
151.973 0.408447
151.992 0.404766
152.036 0.402795
152.345 0.407696
152.355 0.411359
152.363 0.413939
152.373 0.415572
152.381 0.416375
152.391 0.416453
152.4 0.415897
152.408 0.414785
152.417 0.413062
152.43 0.410554
152.802 0.41636
152.811 0.42094
152.82 0.424322
152.829 0.426407
152.838 0.427731
152.848 0.428265
152.856 0.428107
152.865 0.427343
152.874 0.425925
152.882 0.42406
153.268 0.429427
153.278 0.433624
153.287 0.436421
153.295 0.438243
153.305 0.439213
153.314 0.439436
153.323 0.439132
153.332 0.438115
153.345 0.437101
153.361 0.436463
153.736 0.440405
153.746 0.44323
153.755 0.445076
153.763 0.446066
153.774 0.446433
153.785 0.446379
153.801 0.446582
153.817 0.446884
153.834 0.447523
153.85 0.448333
154.203 0.450541
154.214 0.452099
154.226 0.453211
154.242 0.454435
154.258 0.455756
154.274 0.457161
154.29 0.458766
154.304 0.460045
154.32 0.46129
154.335 0.462503
154.675 0.463815
154.689 0.464839
154.703 0.465859
154.717 0.466501
154.732 0.467189
154.747 0.46804
154.762 0.468535
154.778 0.469093
154.793 0.469582
154.808 0.470134
155.148 0.470492
155.162 0.470681
155.175 0.470846
155.19 0.47099
155.205 0.471366
155.219 0.471445
155.236 0.47164
155.251 0.47181
155.266 0.472084
155.281 0.472198
155.621 0.472173
155.635 0.472152
155.649 0.472133
155.663 0.472116
155.678 0.472227
155.693 0.472323
155.709 0.472408
155.724 0.472482
155.735 0.472047
155.744 0.470791
155.908 0.447942
155.91 0.426324
156.12 0.399534
156.134 0.376092
156.344 0.356955
156.367 0.341461
156.391 0.329153
156.416 0.319634
156.44 0.312555
156.463 0.307611
156.487 0.304409
156.512 0.302858
156.534 0.302626
156.559 0.303798
156.71 0.311698
156.738 0.319111
156.765 0.325972
156.784 0.331225
156.797 0.334572
156.812 0.336251
156.826 0.336719
156.842 0.336004
156.872 0.336129
156.906 0.337363
157.198 0.356192
157.227 0.372793
157.254 0.387194
157.272 0.39992
157.287 0.411055
157.3 0.420673
157.315 0.429214
157.332 0.436687
157.36 0.443226
157.394 0.448948
157.687 0.453829
157.716 0.458101
157.742 0.461963
157.76 0.465093
157.774 0.467956
157.789 0.470462
157.804 0.472654
157.82 0.474697
157.849 0.47636
157.883 0.477815
158.175 0.479213
158.204 0.480437
158.23 0.481382
158.248 0.482334
158.262 0.482917
158.277 0.483678
158.292 0.484343
158.309 0.4848
158.337 0.485325
158.371 0.485784
158.664 0.486061
158.693 0.486304
158.719 0.486516
158.737 0.486701
158.75 0.486864
158.766 0.487006
158.781 0.48713
158.797 0.487239
158.826 0.487334
158.86 0.487417
159.152 0.487615
159.181 0.487788
159.207 0.48794
159.224 0.487947
159.239 0.487954
159.254 0.488085
159.269 0.488199
159.285 0.488299
159.314 0.488387
159.348 0.488463
159.641 0.488405
159.67 0.488355
159.696 0.48831
159.712 0.488147
159.727 0.488253
159.742 0.488222
159.758 0.488194
159.774 0.48817
159.803 0.488148
159.837 0.48813
160.129 0.488239
160.158 0.488209
160.184 0.488308
160.2 0.488394
160.216 0.488345
160.231 0.488302
160.246 0.488389
160.262 0.488465
160.291 0.488532
160.325 0.488591
160.618 0.488517
160.646 0.488577
160.673 0.488505
160.689 0.488442
160.704 0.488512
160.719 0.488573
160.735 0.488501
160.751 0.488439
160.78 0.488384
160.813 0.488336
161.106 0.488419
161.135 0.488366
161.161 0.488446
161.177 0.488515
161.193 0.488451
161.208 0.488394
161.223 0.48847
161.239 0.488536
161.268 0.488594
161.302 0.48852
161.595 0.488455
161.623 0.488523
161.65 0.488458
161.666 0.4884
161.681 0.48835
161.696 0.488432
161.712 0.488378
161.728 0.48833
161.752 0.487789
161.767 0.485065
161.985 0.473307
162.007 0.462144
162.03 0.451876
162.046 0.443016
162.069 0.436139
162.091 0.430997
162.108 0.426622
162.125 0.42292
162.15 0.41968
162.167 0.417095
162.376 0.413708
162.398 0.410869
162.421 0.408511
162.44 0.406572
162.463 0.405
162.486 0.403625
162.504 0.402672
162.522 0.402088
162.54 0.400702
162.559 0.399614
162.783 0.400663
162.815 0.40258
162.839 0.404382
162.859 0.406209
162.883 0.408058
162.908 0.409926
162.928 0.411685
162.948 0.41335
162.968 0.415181
162.989 0.417158
163.196 0.416639
163.246 0.418559
163.285 0.422114
163.318 0.42685
163.344 0.430993
163.371 0.434994
163.392 0.438745
163.415 0.442402
163.437 0.445727
163.461 0.448886
163.621 0.4459
163.692 0.445788
163.748 0.447939
163.794 0.451447
163.821 0.454766
163.849 0.45767
163.871 0.460211
163.893 0.462435
163.912 0.464006
163.926 0.46413
164.027 0.456864
164.127 0.454131
164.214 0.455489
164.27 0.457928
164.299 0.460312
164.328 0.462523
164.345 0.463958
164.357 0.463963
164.368 0.462968
164.377 0.461347
164.432 0.454178
164.541 0.449281
164.679 0.451246
164.745 0.454215
164.775 0.456938
164.79 0.457571
164.801 0.457375
164.809 0.456578
164.819 0.455256
164.828 0.453474
164.853 0.449414
164.928 0.441488
165.143 0.444302
165.218 0.448014
165.24 0.450262
165.252 0.451729
165.26 0.452388
165.27 0.452215
165.279 0.451563
165.288 0.450368
165.297 0.448572
165.335 0.4435
165.611 0.446688
165.693 0.450102
165.715 0.453089
165.727 0.455453
165.737 0.457021
165.747 0.458019
165.756 0.458141
165.765 0.457624
165.774 0.456671
165.784 0.455212
166.085 0.457435
166.171 0.460131
166.192 0.462365
166.205 0.464069
166.216 0.465185
166.225 0.465537
166.236 0.465345
166.244 0.464552
166.253 0.463233
166.266 0.461954
166.558 0.463335
166.648 0.464918
166.667 0.466178
166.681 0.467156
166.694 0.467886
166.704 0.468026
166.716 0.468022
166.733 0.468395
166.749 0.468845
166.766 0.469615
166.962 0.437413
166.979 0.409236
167.174 0.384582
167.188 0.363134
167.202 0.344367
167.216 0.327821
167.232 0.313469
167.256 0.30216
167.28 0.29364
167.304 0.287435
167.328 0.283131
167.352 0.280739
167.488 0.285022
167.513 0.289894
167.536 0.295407
167.561 0.301606
167.587 0.308406
167.626 0.31623
167.668 0.325076
167.701 0.333942
167.72 0.341199
167.734 0.346174
167.824 0.344777
167.869 0.34618
167.921 0.351033
167.98 0.359404
168.042 0.371228
168.116 0.38595
168.157 0.398956
168.189 0.410211
168.209 0.42006
168.223 0.428802
168.312 0.436327
168.357 0.442911
168.411 0.448672
168.469 0.453838
168.531 0.458359
168.604 0.462189
168.646 0.465415
168.678 0.468238
168.697 0.470833
168.712 0.472979
168.801 0.474857
168.846 0.4765
168.899 0.478062
168.958 0.479304
169.02 0.480391
169.092 0.481343
169.134 0.4823
169.166 0.483137
169.186 0.483745
169.2 0.484402
169.289 0.484977
169.334 0.48548
169.388 0.485795
169.446 0.486195
169.508 0.486546
169.581 0.486728
169.622 0.486887
169.655 0.487026
169.674 0.487273
169.689 0.487364
169.778 0.487443
169.823 0.487513
169.876 0.487699
169.935 0.487736
169.996 0.487769
170.069 0.487923
170.111 0.487933
170.143 0.488066
170.163 0.488058
170.177 0.488176
170.266 0.488279
170.311 0.488369
170.364 0.488323
170.423 0.488407
170.485 0.488356
170.558 0.488312
170.599 0.488398
170.632 0.488348
170.651 0.48843
170.666 0.488376
170.755 0.488329
170.8 0.488288
170.853 0.488252
170.911 0.48822
170.973 0.488318
171.046 0.488403
171.088 0.488353
171.12 0.488434
171.14 0.488379
171.154 0.488332
171.243 0.488415
171.288 0.488364
171.341 0.488443
171.4 0.488388
171.462 0.488339
171.535 0.488297
171.576 0.488385
171.609 0.488337
171.628 0.48842
171.642 0.488492
171.731 0.488431
171.776 0.488502
171.83 0.488439
171.888 0.488509
171.95 0.488571
172.023 0.488624
172.065 0.488546
172.097 0.488478
172.116 0.488418
172.131 0.488366
172.22 0.48832
172.265 0.48828
172.318 0.48837
172.377 0.488324
172.439 0.488283
172.512 0.488248
172.553 0.488342
172.585 0.488424
172.605 0.488371
172.619 0.48845
172.708 0.488519
172.749 0.488079
172.788 0.485819
172.821 0.480717
172.853 0.472377
172.899 0.46183
172.94 0.452351
172.981 0.445182
173.01 0.440284
173.033 0.436999
173.164 0.439249
173.21 0.441968
173.249 0.444347
173.277 0.445804
173.294 0.445328
173.319 0.442037
173.34 0.436907
173.372 0.431294
173.402 0.426382
173.427 0.422209
173.607 0.424933
173.667 0.428942
173.706 0.432449
173.735 0.435643
173.753 0.438562
173.767 0.439742
173.779 0.439649
173.797 0.437818
173.814 0.434591
173.829 0.430517
174.049 0.431952
174.139 0.436833
174.181 0.441604
174.214 0.446154
174.231 0.450009
174.241 0.452883
174.251 0.454898
174.261 0.456036
174.271 0.456156
174.281 0.455637
174.489 0.453682
174.623 0.457597
174.666 0.461022
174.699 0.464019
174.714 0.466392
174.726 0.468218
174.737 0.469441
174.745 0.469886
174.754 0.469525
174.763 0.468584
174.924 0.464386
175.107 0.466713
175.151 0.468874
175.183 0.470765
175.197 0.472419
175.21 0.473617
175.219 0.47404
175.229 0.473785
175.237 0.472937
175.246 0.471569
175.367 0.467873
175.59 0.469764
175.634 0.471419
175.665 0.472866
175.68 0.474008
175.692 0.474882
175.702 0.475022
175.71 0.474519
175.72 0.473454
175.728 0.471897
175.815 0.469035
176.073 0.470906
176.118 0.472668
176.15 0.474084
176.163 0.475324
176.175 0.476033
176.183 0.476029
176.193 0.475275
176.201 0.473991
176.211 0.472242
176.27 0.469962
176.557 0.471717
176.602 0.473252
176.633 0.474471
176.646 0.475537
176.658 0.47622
176.667 0.476067
176.676 0.475309
176.685 0.473895
176.696 0.472283
176.733 0.471123
177.04 0.472483
177.085 0.473672
177.115 0.474713
177.128 0.475499
177.139 0.475812
177.148 0.47546
177.157 0.474403
177.17 0.473352
177.185 0.472558
177.203 0.472239
177.523 0.473709
177.568 0.474995
177.598 0.475996
177.611 0.476746
177.622 0.477028
177.63 0.476649
177.642 0.475943
177.658 0.475575
177.674 0.475503
177.69 0.475566
177.886 0.44262
177.902 0.413792
178.099 0.388568
178.113 0.366497
178.127 0.347185
178.141 0.330412
178.155 0.315735
178.169 0.302769
178.187 0.291922
178.211 0.283557
178.234 0.277363
178.257 0.273192
178.39 0.275418
178.414 0.278741
178.437 0.282773
178.461 0.287302
178.484 0.292389
178.508 0.29809
178.536 0.304454
178.575 0.312022
178.613 0.320394
178.648 0.329095
178.719 0.329083
178.734 0.327948
178.758 0.326954
178.806 0.329335
178.856 0.334793
178.912 0.343569
178.98 0.355998
179.061 0.372123
179.101 0.386733
179.137 0.399516
179.208 0.410827
179.222 0.420473
179.246 0.429039
179.295 0.436534
179.345 0.442967
179.401 0.448722
179.468 0.453756
179.55 0.458162
179.59 0.461892
179.625 0.46528
179.697 0.46812
179.711 0.470605
179.735 0.472779
179.784 0.474682
179.833 0.476472
179.89 0.477913
179.957 0.479174
180.038 0.480402
180.078 0.481477
180.114 0.482292
180.185 0.483006
180.199 0.483755
180.223 0.484411
180.272 0.484984
180.321 0.485361
180.378 0.485816
180.445 0.486214
180.527 0.486437
180.567 0.486633
180.602 0.486929
180.673 0.487187
180.688 0.487289
180.712 0.487378
180.761 0.487456
180.81 0.487524
180.867 0.487583
180.934 0.487635
181.015 0.487806
181.055 0.487955
181.091 0.487961
181.162 0.487966
181.176 0.488095
181.2 0.488208
181.249 0.488307
181.298 0.488394
181.355 0.488469
181.422 0.488536
181.504 0.488469
181.543 0.48841
181.579 0.488484
181.65 0.488548
181.665 0.48848
181.688 0.48842
181.738 0.488367
181.787 0.488321
181.844 0.488281
181.911 0.488246
181.992 0.48834
182.032 0.488298
182.068 0.488261
182.139 0.488228
182.153 0.488325
182.177 0.488284
182.226 0.488373
182.275 0.488452
182.332 0.48852
182.399 0.48858
182.481 0.488508
182.52 0.488569
182.556 0.488498
182.627 0.488561
182.642 0.488491
182.665 0.488554
182.715 0.488485
182.764 0.488424
182.821 0.488371
182.888 0.488325
182.969 0.488284
183.009 0.488249
183.044 0.488343
183.116 0.4883
183.13 0.488387
183.154 0.488339
183.203 0.488297
183.252 0.488385
183.309 0.488336
183.376 0.488294
183.457 0.488383
183.497 0.48846
183.533 0.488402
183.604 0.488477
183.619 0.488417
183.642 0.48849
183.691 0.488554
183.726 0.486735
183.755 0.481768
183.79 0.473297
183.836 0.461385
183.885 0.452087
183.938 0.446326
184.043 0.44541
184.065 0.445609
184.102 0.447283
184.169 0.450997
184.202 0.453998
184.217 0.454998
184.236 0.453873
184.26 0.450139
184.285 0.443997
184.32 0.436122
184.463 0.434107
184.497 0.433843
184.551 0.435863
184.645 0.441005
184.677 0.445255
184.686 0.448223
184.696 0.44982
184.71 0.449842
184.724 0.448487
184.743 0.445301
184.859 0.439139
184.912 0.435996
184.993 0.436747
185.13 0.442653
185.159 0.447697
185.168 0.45136
185.176 0.453815
185.185 0.455213
185.193 0.455811
185.203 0.45571
185.259 0.448746
185.306 0.442028
185.424 0.440524
185.614 0.445959
185.641 0.450339
185.649 0.453547
185.658 0.455603
185.666 0.456778
185.676 0.457181
185.684 0.456908
185.701 0.455045
185.726 0.450539
185.836 0.445847
186.096 0.450491
186.121 0.454179
186.129 0.456657
186.138 0.458075
186.147 0.458816
186.156 0.458714
186.164 0.457999
186.174 0.456749
186.182 0.455031
186.242 0.448902
186.579 0.453039
186.601 0.456409
186.609 0.458608
186.618 0.459782
186.626 0.460184
186.636 0.459911
186.644 0.459047
186.653 0.457541
186.662 0.455599
186.676 0.452774
187.062 0.456677
187.082 0.459718
187.09 0.461628
187.099 0.462549
187.108 0.462856
187.117 0.462374
187.125 0.461202
187.134 0.459677
187.143 0.457592
187.152 0.455268
187.545 0.45861
187.561 0.461158
187.569 0.462764
187.579 0.463543
187.587 0.463475
187.596 0.462791
187.605 0.461442
187.613 0.459637
187.623 0.457432
187.631 0.454878
188.026 0.458143
188.04 0.46075
188.048 0.462407
188.057 0.462981
188.066 0.462983
188.075 0.462235
188.084 0.461081
188.093 0.459321
188.101 0.457156
188.11 0.454636
188.507 0.458057
188.519 0.4608
188.528 0.462325
188.536 0.463034
188.545 0.46303
188.554 0.462276
188.564 0.461242
188.573 0.459586
188.581 0.457513
188.59 0.455074
188.793 0.42469
188.807 0.398103
189.005 0.374841
189.02 0.354485
189.034 0.336675
189.048 0.32109
189.062 0.307454
189.076 0.295647
189.091 0.285441
189.108 0.276636
189.123 0.269057
189.138 0.262675
189.225 0.257215
189.24 0.252563
189.256 0.248743
189.271 0.24565
189.287 0.243194
189.308 0.24167
189.332 0.241586
189.359 0.242763
189.383 0.245042
189.408 0.248037
189.541 0.256532
189.567 0.265466
189.596 0.274783
189.625 0.28456
189.657 0.29524
189.693 0.30646
189.727 0.317527
189.765 0.328586
189.796 0.339138
189.812 0.347371
189.904 0.349325
189.935 0.351659
189.972 0.354827
190.028 0.360973
190.084 0.369102
190.135 0.378339
190.192 0.389172
190.246 0.40065
190.276 0.410569
190.289 0.418748
190.347 0.421904
190.368 0.423166
190.393 0.422895
190.462 0.424159
190.555 0.430139
190.62 0.436871
190.681 0.443262
190.724 0.447605
190.745 0.450279
190.755 0.452119
190.793 0.451229
190.807 0.449701
190.824 0.447238
190.899 0.445958
191.043 0.451088
191.109 0.455827
191.159 0.458599
191.187 0.459149
191.202 0.45888
191.212 0.458145
191.234 0.456127
191.245 0.453986
191.257 0.451488
191.339 0.450052
191.53 0.454796
191.589 0.457946
191.622 0.458578
191.641 0.458006
191.652 0.45688
191.662 0.455395
191.675 0.453596
191.685 0.451521
191.696 0.449331
191.784 0.44879
192.018 0.453566
192.055 0.455245
192.077 0.45534
192.091 0.454672
192.101 0.453588
192.111 0.452265
192.122 0.450731
192.132 0.44889
192.143 0.446654
192.242 0.448072
192.486 0.450563
192.511 0.451243
192.526 0.450837
192.537 0.450108
192.547 0.449094
192.557 0.447707
192.568 0.446119
192.578 0.444229
192.591 0.44245
192.713 0.446144
192.946 0.448001
192.963 0.448501
192.974 0.448563
192.985 0.448118
192.995 0.447103
193.005 0.445715
193.016 0.444126
193.033 0.44311
193.052 0.442971
193.199 0.44835
193.402 0.449181
193.414 0.449284
193.424 0.448873
193.434 0.448139
193.445 0.447122
193.459 0.446231
193.479 0.446077
193.499 0.446693
193.52 0.447981
193.676 0.451484
193.844 0.450423
193.855 0.448995
193.866 0.447246
193.876 0.445215
193.895 0.444188
193.915 0.443915
193.935 0.44455
193.956 0.445857
193.978 0.447499
194.151 0.451062
194.287 0.450054
194.296 0.448547
194.305 0.446479
194.321 0.445044
194.337 0.444039
194.354 0.443409
194.378 0.443233
194.402 0.443579
194.427 0.444256
194.624 0.447724
194.72 0.445759
194.729 0.443414
194.745 0.441737
194.762 0.44052
194.779 0.43983
194.796 0.439601
194.82 0.439901
194.847 0.440538
194.876 0.441471
195.095 0.445287
195.16 0.444626
195.169 0.443548
195.186 0.442855
195.204 0.442748
195.222 0.442904
195.243 0.443416
195.27 0.444239
195.301 0.445584
195.334 0.447261
195.568 0.450354
195.604 0.449684
195.618 0.449099
195.635 0.448836
195.653 0.448982
195.673 0.449109
195.694 0.449346
195.723 0.449802
195.755 0.450202
195.793 0.451302
196.013 0.450514
196.042 0.44895
196.059 0.447831
196.077 0.447227
196.098 0.446824
196.12 0.446846
196.143 0.447115
196.174 0.447601
196.21 0.448526
196.251 0.44971
196.462 0.449746
196.492 0.449653
196.511 0.449946
196.531 0.450328
196.554 0.451037
196.578 0.452032
196.603 0.453028
196.636 0.454275
196.673 0.455365
196.714 0.45632
196.924 0.456905
196.955 0.457667
196.974 0.458333
196.995 0.459042
197.019 0.459786
197.043 0.460438
197.068 0.461008
197.1 0.461257
197.13 0.460725
197.169 0.46001
197.384 0.460133
197.415 0.460242
197.434 0.460336
197.456 0.460544
197.479 0.460476
197.504 0.460417
197.53 0.460615
197.556 0.460163
197.578 0.458768
197.619 0.457547
197.845 0.457978
197.877 0.458356
197.895 0.458686
197.917 0.458976
197.94 0.459354
197.965 0.459559
197.984 0.45899
197.999 0.456866
198.019 0.454883
198.061 0.453272
198.307 0.454238
198.338 0.455208
198.357 0.455932
198.38 0.456691
198.402 0.45723
198.418 0.456701
198.43 0.455238
198.438 0.453333
198.454 0.451042
198.497 0.449287
198.768 0.450751
198.799 0.452032
198.818 0.453153
198.839 0.454009
198.852 0.453508
198.862 0.452444
198.871 0.450764
198.88 0.448668
198.891 0.446335
198.93 0.444543
199.222 0.44585
199.254 0.446869
199.267 0.44726
199.28 0.446478
199.289 0.445043
199.297 0.443163
199.306 0.440767
199.316 0.438171
199.331 0.43615
199.352 0.434506
199.484 0.412818
199.485 0.390216
199.487 0.368939
199.494 0.349321
199.508 0.332156
199.523 0.317137
199.537 0.303995
199.551 0.292495
199.749 0.282433
199.763 0.273754
199.961 0.26616
199.975 0.25939
199.989 0.253466
200.003 0.248283
200.018 0.243748
200.032 0.239779
200.046 0.236307
200.06 0.233268
200.074 0.230735
200.088 0.228518
200.173 0.226453
200.187 0.224647
200.202 0.223066
200.216 0.221683
200.23 0.220472
200.244 0.219413
200.258 0.218612
200.272 0.21791
200.286 0.217171
200.3 0.216525
200.386 0.215959
200.4 0.215464
200.414 0.215031
200.428 0.214652
200.442 0.214446
200.456 0.214265
200.47 0.213982
200.484 0.213734
200.499 0.213517
200.513 0.213328
200.598 0.213162
200.612 0.213017
200.626 0.213015
200.64 0.213013
200.654 0.212886
200.668 0.212775
200.683 0.212678
200.697 0.212594
200.711 0.212519
200.725 0.212454
200.81 0.212523
200.824 0.212582
200.838 0.21251
200.852 0.212446
200.866 0.21239
200.881 0.212341
200.895 0.212299
200.909 0.212261
200.923 0.212229
200.937 0.212325
