0.0 0
0.0341392 4760
0.0341392 4760
0.0588508 5365
0.0605009 6446
0.0621618 7527
0.0638227 8608
0.0654836 9689
10.0663 1428
10.0679 1904
10.0679 1428
10.0696 1904
10.0696 1428
10.0713 1904
10.0713 1428
10.0729 1904
10.0729 1428
10.0746 1904
10.0746 1428
10.0762 1904
10.0762 1428
10.0779 1904
10.0779 1428
10.0796 1904
10.0796 1428
10.0812 1904
10.0812 1428
10.1059 1904
10.1059 1428
10.1306 1904
10.1306 1428
10.1553 1904
10.1553 1428
10.18 1904
10.18 1428
10.2047 1904
10.2047 1428
10.2294 1904
10.2294 1428
10.2541 1904
10.2541 1428
10.2788 1904
10.2788 1428
10.3035 1904
10.3035 1428
10.3282 1904
10.3282 1428
10.3529 1904
10.3529 1428
10.3776 1904
10.3776 1428
10.4023 1904
10.4023 1428
10.427 1904
10.427 1428
10.4517 1904
10.4517 1428
10.4764 1904
10.4764 1428
10.5011 1904
10.5011 1428
10.5258 1904
10.5258 1428
10.5505 1904
10.5505 1428
10.5752 1904
10.5752 1428
10.5999 1904
10.5999 1428
10.6246 1904
10.6246 1428
10.6493 1904
10.6493 1428
10.674 1904
10.674 1428
10.6987 1904
10.6987 1428
10.7234 1904
10.7234 1428
10.7481 1904
10.7481 1428
10.7728 1904
10.7728 1428
10.7975 1904
10.7975 1428
10.8222 1904
10.8222 1428
10.8469 1904
10.8469 1428
10.8716 1904
10.8716 1428
10.8963 1904
10.8963 1428
10.921 1904
10.921 1428
10.9457 1904
10.9457 1428
10.9704 1904
10.9704 1428
10.9951 1904
10.9951 1428
11.0198 1904
11.0198 1428
11.0445 1904
11.0445 1428
11.0692 1904
11.0692 1428
11.094 1904
11.094 1428
11.1187 1904
11.1187 1428
11.1434 1904
11.1434 1428
11.1681 1904
11.1681 1428
11.1928 1904
11.1928 1428
11.2175 1904
11.2175 1428
11.2422 1904
11.2422 1428
11.2669 1904
11.2669 1428
11.2916 1904
11.2916 1428
11.3163 1904
11.3163 1428
11.341 1904
11.341 1428
11.3657 1904
11.3657 1428
11.3904 1904
11.3904 1428
11.4151 1904
11.4151 1428
11.4398 1904
11.4398 1428
11.4645 1904
11.4645 1428
11.4892 1904
11.4892 1428
11.5139 1904
11.5139 1428
11.5386 1904
11.5386 1428
11.5633 1904
11.5633 1428
11.588 1904
11.588 1428
11.6127 1904
11.6127 1428
11.6374 1904
11.6374 1428
11.6621 1904
11.6621 1428
11.6868 1904
11.6868 1428
11.7115 1904
11.7115 1428
11.7362 1904
11.7362 1428
11.7609 1904
11.7609 1428
11.7856 1904
11.7856 1428
11.8103 1904
11.8103 1428
11.835 1904
11.835 1428
11.8597 1904
11.8597 1428
11.8844 1904
11.8844 1428
11.9091 1904
11.9091 1428
11.9338 1904
11.9338 1428
11.9585 1904
11.9585 1428
11.9832 1904
11.9832 1428
12.0079 1904
12.0079 1428
12.0326 1904
12.0326 1428
12.0573 1904
12.0573 1428
12.082 1904
12.082 1428
12.1067 1904
12.1067 1428
12.1314 1904
12.1314 1428
12.1561 1904
12.1561 1428
12.1808 1904
12.1808 1428
12.2055 1904
12.2055 1428
12.2302 1904
12.2302 1428
12.2549 1904
12.2549 1428
12.2796 1904
12.2796 1428
12.3043 1904
12.3043 1428
12.329 1904
12.329 1428
12.3537 1904
12.3537 1428
12.3784 1904
12.3784 1428
12.4031 1904
12.4031 1428
12.4278 1904
12.4278 1428
12.4525 1904
12.4525 1428
12.4772 1904
12.4772 1428
12.5019 1904
12.5019 1428
12.5266 1904
12.5266 1428
12.5513 1904
12.5513 1428
12.576 1904
12.576 1428
12.6007 1904
12.6007 1428
12.6254 1904
12.6254 1428
12.6501 1904
12.6501 1428
12.6748 1904
12.6748 1428
12.6995 1904
12.6995 1428
12.7242 1904
12.7242 1428
12.7489 1904
12.7489 1428
12.7736 1904
12.7736 1428
12.7983 1904
12.7983 1428
12.823 1904
12.823 1428
12.8477 1904
12.8477 1428
12.8724 1904
12.8724 1428
12.8971 1904
12.8971 1428
12.9218 1904
12.9218 1428
12.9465 1904
12.9465 1428
12.9712 1904
12.9712 1428
12.9959 1904
12.9959 1428
13.0206 1904
13.0206 1428
13.0453 1904
13.0453 1428
13.07 1904
13.07 1428
13.0947 1904
13.0947 1428
13.1194 1904
13.1194 1428
13.1441 1904
13.1441 1428
13.1688 1904
13.1688 1428
13.1935 1904
13.1935 1428
13.2182 1904
13.2182 1428
13.2429 1904
13.2429 1428
13.2676 1904
13.2676 1428
13.2923 1904
13.2923 1428
13.317 1904
13.317 1428
13.3417 1904
13.3417 1428
13.3664 1904
13.3664 1428
13.3911 1904
13.3911 1428
13.4158 1904
13.4158 1428
13.4405 1904
13.4405 1428
13.4652 1904
13.4652 1428
13.4899 1904
13.4899 1428
13.5146 1904
13.5146 1428
13.5393 1904
13.5393 1428
13.564 1904
13.564 1428
13.5887 1904
13.5887 1428
13.6134 1904
13.6134 1428
13.6381 1904
13.6381 1428
13.6628 1904
13.6628 1428
13.6875 1904
13.6875 1428
13.7122 1904
13.7122 1428
13.7369 1904
13.7369 1428
13.7616 1904
13.7616 1428
13.7863 1904
13.7863 1428
13.811 1904
13.811 1428
13.8357 1904
13.8357 1428
13.8604 1904
13.8604 1428
13.8851 1904
13.8851 1428
13.9098 1904
13.9098 1428
13.9345 1904
13.9345 1428
13.9592 1904
13.9592 1428
13.9839 1904
13.9839 1428
14.0086 1904
14.0086 1428
14.0333 1904
14.0333 1428
14.058 1904
14.058 1428
14.0827 1904
14.0827 1428
14.1074 1904
14.1074 1428
14.1321 1904
14.1321 1428
14.1568 1904
14.1568 1428
14.1816 1904
14.1816 1428
14.2063 1904
14.2063 1428
14.231 1904
14.231 1428
14.2557 1904
14.2557 1428
14.2804 1904
14.2804 1428
14.3051 1904
14.3051 1428
14.3298 1904
14.3298 1428
14.3545 1904
14.3545 1428
14.3792 1904
14.3792 1428
14.4039 1904
14.4039 1428
14.4286 1904
14.4286 1428
14.4533 1904
14.4533 1428
14.478 1904
14.478 1428
14.5027 1904
14.5027 1428
14.5274 1904
14.5274 1428
14.5521 1904
14.5521 1428
14.5768 1904
14.5768 1428
14.6015 1904
14.6015 1428
14.6262 1904
14.6262 1428
14.6509 1904
14.6509 1428
14.6756 1904
14.6756 1428
14.7003 1904
14.7003 1428
14.725 1904
14.725 1428
14.7497 1904
14.7497 1428
14.7744 1904
14.7744 1428
14.7991 1904
14.7991 1428
14.8238 1904
14.8238 1428
14.8485 1904
14.8485 1428
14.8732 1904
14.8732 1428
14.8979 1904
14.8979 1428
14.9226 1904
14.9226 1428
14.9473 1904
14.9473 1428
14.972 1904
14.972 1428
14.9967 1904
14.9967 1428
15.0214 1904
15.0214 1428
15.0461 1904
15.0461 1428
15.0708 1904
15.0708 1428
15.0955 1904
15.0955 1428
15.1202 1904
15.1202 1428
15.1449 1904
15.1449 1428
15.1696 1904
15.1696 1428
15.1943 1904
15.1943 1428
15.219 1904
15.219 1428
15.2437 1904
15.2437 1428
15.2684 1904
15.2684 1428
15.2931 1904
15.2931 1428
15.3178 1904
15.3178 1428
15.3425 1904
15.3425 1428
15.3672 1904
15.3672 1428
15.3919 1904
15.3919 1428
15.4166 1904
15.4166 1428
15.4413 1904
15.4413 1428
15.466 1904
15.466 1428
15.4907 1904
15.4907 1428
15.5154 1904
15.5154 1428
15.5401 1904
15.5401 1428
15.5648 1904
15.5648 1428
15.5895 1904
15.5895 1428
15.6142 1904
15.6142 1428
15.6389 1904
15.6389 1428
15.6636 1904
15.6636 1428
15.6883 1904
15.6883 1428
15.713 1904
15.713 1428
15.7377 1904
15.7377 1428
15.7624 1904
15.7624 1428
15.7871 1904
15.7871 1428
15.8118 1904
15.8118 1428
15.8365 1904
15.8365 1428
15.8612 1904
15.8612 1428
15.8859 1904
15.8859 1428
15.9106 1904
15.9106 1428
15.9353 1904
15.9353 1428
15.96 1904
15.96 1428
15.9847 1904
15.9847 1428
16.0094 1904
16.0094 1428
16.0341 1904
16.0341 1428
16.0588 1904
16.0588 1428
16.0835 1904
16.0835 1428
16.1082 1904
16.1082 1428
16.1329 1904
16.1329 1428
16.1576 1904
16.1576 1428
16.1823 1904
16.1823 1428
16.207 1904
16.207 1428
16.2317 1904
16.2317 1428
16.2564 1904
16.2564 1428
16.2811 1904
16.2811 1428
16.3058 1904
16.3058 1428
16.3305 1904
16.3305 1428
16.3552 1904
16.3552 1428
16.3799 1904
16.3799 1428
16.4046 1904
16.4046 1428
16.4293 1904
16.4293 1428
16.454 1904
16.454 1428
16.4787 1904
16.4787 1428
16.5034 1904
16.5034 1428
16.5281 1904
16.5281 1428
16.5528 1904
16.5528 1428
16.5775 1904
16.5775 1428
16.6022 1904
16.6022 1428
16.6269 1904
16.6269 1428
16.6516 1904
16.6516 1428
16.6763 1904
16.6763 1428
16.701 1904
16.701 1428
16.7257 1904
16.7257 1428
16.7504 1904
16.7504 1428
16.7751 1904
16.7751 1428
16.7998 1904
16.7998 1428
16.8245 1904
16.8245 1428
16.8492 1904
16.8492 1428
16.8739 1904
16.8739 1428
16.8986 1904
16.8986 1428
16.9233 1904
16.9233 1428
16.948 1904
16.948 1428
16.9727 1904
16.9727 1428
16.9974 1904
16.9974 1428
17.0221 1904
17.0221 1428
17.0468 1904
17.0468 1428
17.0715 1904
17.0715 1428
17.0962 1904
17.0962 1428
17.1209 1904
17.1209 1428
17.1456 1904
17.1456 1428
17.1703 1904
17.1703 1428
17.195 1904
17.195 1428
17.2197 1904
17.2197 1428
17.2444 1904
17.2444 1428
17.2691 1904
17.2691 1428
17.2939 1904
17.2939 1428
17.3186 1904
17.3186 1428
17.3433 1904
17.3433 1428
17.368 1904
17.368 1428
17.3927 1904
17.3927 1428
17.4174 1904
17.4174 1428
17.4421 1904
17.4421 1428
17.4668 1904
17.4668 1428
17.4915 1904
17.4915 1428
17.5162 1904
17.5162 1428
17.5409 1904
17.5409 1428
17.5656 1904
17.5656 1428
17.5903 1904
17.5903 1428
17.615 1904
17.615 1428
17.6397 1904
17.6397 1428
17.6644 1904
17.6644 1428
17.6891 1904
17.6891 1428
17.7138 1904
17.7138 1428
17.7385 1904
17.7385 1428
17.7632 1904
17.7632 1428
17.7879 1904
17.7879 1428
17.8126 1904
17.8126 1428
17.8373 1904
17.8373 1428
17.862 1904
17.862 1428
17.8867 1904
17.8867 1428
17.9114 1904
17.9114 1428
17.9361 1904
17.9361 1428
17.9608 1904
17.9608 1428
17.9855 1904
17.9855 1428
18.0102 1904
18.0102 1428
18.0349 1904
18.0349 1428
18.0596 1904
18.0596 1428
18.0843 1904
18.0843 1428
18.109 1904
18.109 1428
18.1337 1904
18.1337 1428
18.1584 1904
18.1584 1428
18.1831 1904
18.1831 1428
18.2078 1904
18.2078 1428
18.2325 1904
18.2325 1428
18.2572 1904
18.2572 1428
18.2819 1904
18.2819 1428
18.3066 1904
18.3066 1428
18.3313 1904
18.3313 1428
18.356 1904
18.356 1428
18.3807 1904
18.3807 1428
18.4054 1904
18.4054 1428
18.4301 1904
18.4301 1428
18.4548 1904
18.4548 1428
18.4795 1904
18.4795 1428
18.5042 1904
18.5042 1428
18.5289 1904
18.5289 1428
18.5536 1904
18.5536 1428
18.5783 1904
18.5783 1428
18.603 1904
18.603 1428
18.6277 1904
18.6277 1428
18.6524 1904
18.6524 1428
18.6771 1904
18.6771 1428
18.7018 1904
18.7018 1428
18.7265 1904
18.7265 1428
18.7512 1904
18.7512 1428
18.7759 1904
18.7759 1428
18.8006 1904
18.8006 1428
18.8253 1904
18.8253 1428
18.85 1904
18.85 1428
18.8747 1904
18.8747 1428
18.8994 1904
18.8994 1428
18.9241 1904
18.9241 1428
18.9488 1904
18.9488 1428
18.9735 1904
18.9735 1428
18.9982 1904
18.9982 1428
19.0229 1904
19.0229 1428
19.0476 1904
19.0476 1428
19.0723 1904
19.0723 1428
19.097 1904
19.097 1428
19.1217 1904
19.1217 1428
19.1464 1904
19.1464 1428
19.1711 1904
19.1711 1428
19.1958 1904
19.1958 1428
19.2205 1904
19.2205 1428
19.2452 1904
19.2452 1428
19.2699 1904
19.2699 1428
19.2946 1904
19.2946 1428
19.3193 1904
19.3193 1428
19.344 1904
19.344 1428
19.3687 1904
19.3687 1428
19.3934 1904
19.3934 1428
19.4181 1904
19.4181 1428
19.4428 1904
19.4428 1428
19.4675 1904
19.4675 1428
19.4922 1904
19.4922 1428
19.5169 1904
19.5169 1428
19.5416 1904
19.5416 1428
19.5663 1904
19.5663 1428
19.591 1904
19.591 1428
19.6157 1904
19.6157 1428
19.6404 1904
19.6404 1428
19.6651 1904
19.6651 1428
19.6898 1904
19.6898 1428
19.7145 1904
19.7145 1428
19.7392 1904
19.7392 1428
19.7639 1904
19.7639 1428
19.7886 1904
19.7886 1428
19.8133 1904
19.8133 1428
19.838 1904
19.838 1428
19.8627 1904
19.8627 1428
19.8874 1904
19.8874 1428
19.9121 1904
19.9121 1428
19.9368 1904
19.9368 1428
19.9615 1904
19.9615 1428
19.9862 1904
19.9862 1428
20.0109 1904
20.0109 1428
20.0356 1904
20.0356 1428
20.0603 1904
20.0603 1428
20.085 1904
20.085 1428
20.1097 1904
20.1097 1428
20.1346 1904
20.1346 1428
20.1595 1904
20.1595 1428
20.1845 1904
20.1845 1428
20.2094 1904
20.2094 1428
20.2343 1904
20.2343 1428
20.2592 1904
20.2592 1428
20.2841 1904
20.2841 1428
20.309 1904
20.309 1428
20.3339 1904
20.3339 1428
20.3589 1904
20.3589 1428
20.3838 1904
20.3838 1428
20.4087 1904
20.4087 1428
20.4336 1904
20.4336 1428
20.4585 1904
20.4585 1428
20.4834 1904
20.4834 1428
20.5083 1904
20.5083 1428
20.5332 1904
20.5332 1428
20.5582 1904
20.5582 1428
20.5831 1904
20.5831 1428
20.608 1904
20.608 1428
20.6329 1904
20.6329 1428
20.6578 1904
20.6578 1428
20.6827 1904
20.6827 1428
20.7076 1904
20.7076 1428
20.7326 1904
20.7326 1428
20.7575 1904
20.7575 1428
20.7824 1904
20.7824 1428
20.8073 1904
20.8073 1428
20.8322 1904
20.8322 1428
20.8571 1904
20.8571 1428
20.882 1904
20.882 1428
20.907 1904
20.907 1428
20.9319 1904
20.9319 1428
20.9568 1904
20.9568 1428
20.9817 1904
20.9817 1428
21.0066 1904
21.0066 1428
21.0315 1904
21.0315 1428
21.0564 1904
21.0564 1428
21.0813 1904
21.0813 1428
21.1063 1904
21.1063 1428
21.1312 1904
21.1312 1428
21.1561 1904
21.1561 1428
21.181 1904
21.181 1428
21.2059 1904
21.2059 1428
21.2308 1904
21.2308 1428
21.2557 1904
21.2557 1428
21.2807 1904
21.2807 1428
21.3056 1904
21.3056 1428
21.3305 1904
21.3305 1428
21.3554 1904
21.3554 1428
21.3803 1904
21.3803 1428
21.4052 1904
21.4052 1428
21.4301 1904
21.4301 1428
21.455 1904
21.455 1428
21.48 1904
21.48 1428
21.5049 1904
21.5049 1428
21.5298 1904
21.5298 1428
21.5547 1904
21.5547 1428
21.5796 1904
21.5796 1428
21.6045 1904
21.6045 1428
21.6294 1904
21.6294 1428
21.6544 1904
21.6544 1428
21.6793 1904
21.6793 1428
21.7042 1904
21.7042 1428
21.7291 1904
21.7291 1428
21.754 1904
21.754 1428
21.7789 1904
21.7789 1428
21.8038 1904
21.8038 1428
21.8288 1904
21.8288 1428
21.8537 1904
21.8537 1428
21.8786 1904
21.8786 1428
21.9035 1904
21.9035 1428
21.9284 1904
21.9284 1428
21.9533 1904
21.9533 1428
21.9782 1904
21.9782 1428
22.0031 1904
22.0031 1428
22.0281 1904
22.0281 1428
22.053 1904
22.053 1428
22.0779 1904
22.0779 1428
22.1028 1904
22.1028 1428
22.1277 1904
22.1277 1428
22.1526 1904
22.1526 1428
22.1775 1904
22.1775 1428
22.2025 1904
22.2025 1428
22.2274 1904
22.2274 1428
22.2523 1904
22.2523 1428
22.2772 1904
22.2772 1428
22.3021 1904
22.3021 1428
22.327 1904
22.327 1428
22.3519 1904
22.3519 1428
22.3768 1904
22.3768 1428
22.4018 1904
22.4018 1428
22.4267 1904
22.4267 1428
22.4516 1904
22.4516 1428
22.4765 1904
22.4765 1428
22.5014 1904
22.5014 1428
22.5263 1904
22.5263 1428
22.5512 1904
22.5512 1428
22.5762 1904
22.5762 1428
22.6011 1904
22.6011 1428
22.626 1904
22.626 1428
22.6509 1904
22.6509 1428
22.6758 1904
22.6758 1428
22.7007 1904
22.7007 1428
22.7256 1904
22.7256 1428
22.7506 1904
22.7506 1428
22.7755 1904
22.7755 1428
22.8004 1904
22.8004 1428
22.8253 1904
22.8253 1428
22.8502 1904
22.8502 1428
22.8751 1904
22.8751 1428
22.9 1904
22.9 1428
22.9249 1904
22.9249 1428
22.9499 1904
22.9499 1428
22.9748 1904
22.9748 1428
22.9997 1904
22.9997 1428
23.0246 1904
23.0246 1428
23.0495 1904
23.0495 1428
23.0744 1904
23.0744 1428
23.0993 1904
23.0993 1428
23.1243 1904
23.1243 1428
23.1492 1904
23.1492 1428
23.1741 1904
23.1741 1428
23.199 1904
23.199 1428
23.2239 1904
23.2239 1428
23.2488 1904
23.2488 1428
23.2737 1904
23.2737 1428
23.2986 1904
23.2986 1428
23.3236 1904
23.3236 1428
23.3485 1904
23.3485 1428
23.3734 1904
23.3734 1428
23.3983 1904
23.3983 1428
23.4232 1904
23.4232 1428
23.4481 1904
23.4481 1428
23.473 1904
23.473 1428
23.498 1904
23.498 1428
23.5229 1904
23.5229 1428
23.5478 1904
23.5478 1428
23.5727 1904
23.5727 1428
23.5976 1904
23.5976 1428
23.6225 1904
23.6225 1428
23.6474 1904
23.6474 1428
23.6724 1904
23.6724 1428
23.6973 1904
23.6973 1428
23.7222 1904
23.7222 1428
23.7471 1904
23.7471 1428
23.772 1904
23.772 1428
23.7969 1904
23.7969 1428
23.8218 1904
23.8218 1428
23.8467 1904
23.8467 1428
23.8717 1904
23.8717 1428
23.8966 1904
23.8966 1428
23.9215 1904
23.9215 1428
23.9464 1904
23.9464 1428
23.9713 1904
23.9713 1428
23.9962 1904
23.9962 1428
24.0211 1904
24.0211 1428
24.0461 1904
24.0461 1428
24.071 1904
24.071 1428
24.0959 1904
24.0959 1428
24.1208 1904
24.1208 1428
24.1457 1904
24.1457 1428
24.1706 1904
24.1706 1428
24.1955 1904
24.1955 1428
24.2204 1904
24.2204 1428
24.2454 1904
24.2454 1428
24.2703 1904
24.2703 1428
24.2952 1904
24.2952 1428
24.3201 1904
24.3201 1428
24.345 1904
24.345 1428
24.3699 1904
24.3699 1428
24.3948 1904
24.3948 1428
24.4198 1904
24.4198 1428
24.4447 1904
24.4447 1428
24.4696 1904
24.4696 1428
24.4945 1904
24.4945 1428
24.5194 1904
24.5194 1428
24.5443 1904
24.5443 1428
24.5692 1904
24.5692 1428
24.5941 1904
24.5941 1428
24.6191 1904
24.6191 1428
24.644 1904
24.644 1428
24.6689 1904
24.6689 1428
24.6938 1904
24.6938 1428
24.7187 1904
24.7187 1428
24.7436 1904
24.7436 1428
24.7685 1904
24.7685 1428
24.7935 1904
24.7935 1428
24.8184 1904
24.8184 1428
24.8433 1904
24.8433 1428
24.8682 1904
24.8682 1428
24.8931 1904
24.8931 1428
24.918 1904
24.918 1428
24.9429 1904
24.9429 1428
24.9679 1904
24.9679 1428
24.9928 1904
24.9928 1428
25.0177 1904
25.0177 1428
25.0426 1904
25.0426 1428
25.0675 1904
25.0675 1428
25.0924 1904
25.0924 1428
25.1173 1904
25.1173 1428
25.1422 1904
25.1422 1428
25.1672 1904
25.1672 1428
25.1921 1904
25.1921 1428
25.217 1904
25.217 1428
25.2419 1904
25.2419 1428
25.2668 1904
25.2668 1428
25.2917 1904
25.2917 1428
25.3166 1904
25.3166 1428
25.3416 1904
25.3416 1428
25.3665 1904
25.3665 1428
25.3914 1904
25.3914 1428
25.4163 1904
25.4163 1428
25.4412 1904
25.4412 1428
25.4661 1904
25.4661 1428
25.491 1904
25.491 1428
25.5159 1904
25.5159 1428
25.5409 1904
25.5409 1428
25.5658 1904
25.5658 1428
25.5907 1904
25.5907 1428
25.6156 1904
25.6156 1428
25.6405 1904
25.6405 1428
25.6654 1904
25.6654 1428
25.6903 1904
25.6903 1428
25.7153 1904
25.7153 1428
25.7402 1904
25.7402 1428
25.7651 1904
25.7651 1428
25.79 1904
25.79 1428
25.8149 1904
25.8149 1428
25.8398 1904
25.8398 1428
25.8647 1904
25.8647 1428
25.8897 1904
25.8897 1428
25.9146 1904
25.9146 1428
25.9395 1904
25.9395 1428
25.9644 1904
25.9644 1428
25.9893 1904
25.9893 1428
26.0142 1904
26.0142 1428
26.0391 1904
26.0391 1428
26.064 1904
26.064 1428
26.089 1904
26.089 1428
26.1139 1904
26.1139 1428
26.1388 1904
26.1388 1428
26.1637 1904
26.1637 1428
26.1886 1904
26.1886 1428
26.2135 1904
26.2135 1428
26.2384 1904
26.2384 1428
26.2634 1904
26.2634 1428
26.2883 1904
26.2883 1428
26.3132 1904
26.3132 1428
26.3381 1904
26.3381 1428
26.363 1904
26.363 1428
26.3879 1904
26.3879 1428
26.4128 1904
26.4128 1428
26.4377 1904
26.4377 1428
26.4627 1904
26.4627 1428
26.4876 1904
26.4876 1428
26.5125 1904
26.5125 1428
26.5374 1904
26.5374 1428
26.5623 1904
26.5623 1428
26.5872 1904
26.5872 1428
26.6121 1904
26.6121 1428
26.6371 1904
26.6371 1428
26.662 1904
26.662 1428
26.6869 1904
26.6869 1428
26.7118 1904
26.7118 1428
26.7367 1904
26.7367 1428
26.7616 1904
26.7616 1428
26.7865 1904
26.7865 1428
26.8115 1904
26.8115 1428
26.8364 1904
26.8364 1428
26.8613 1904
26.8613 1428
26.8862 1904
26.8862 1428
26.9111 1904
26.9111 1428
26.936 1904
26.936 1428
26.9609 1904
26.9609 1428
26.9858 1904
26.9858 1428
27.0108 1904
27.0108 1428
27.0357 1904
27.0357 1428
27.0606 1904
27.0606 1428
27.0855 1904
27.0855 1428
27.1104 1904
27.1104 1428
27.1353 1904
27.1353 1428
27.1602 1904
27.1602 1428
27.1852 1904
27.1852 1428
27.2101 1904
27.2101 1428
27.235 1904
27.235 1428
27.2599 1904
27.2599 1428
27.2848 1904
27.2848 1428
27.3097 1904
27.3097 1428
27.3346 1904
27.3346 1428
27.3595 1904
27.3595 1428
27.3845 1904
27.3845 1428
27.4094 1904
27.4094 1428
27.4343 1904
27.4343 1428
27.4592 1904
27.4592 1428
27.4841 1904
27.4841 1428
27.509 1904
27.509 1428
27.5339 1904
27.5339 1428
27.5589 1904
27.5589 1428
27.5838 1904
27.5838 1428
27.6087 1904
27.6087 1428
27.6336 1904
27.6336 1428
27.6585 1904
27.6585 1428
27.6834 1904
27.6834 1428
27.7083 1904
27.7083 1428
27.7333 1904
27.7333 1428
27.7582 1904
27.7582 1428
27.7831 1904
27.7831 1428
27.808 1904
27.808 1428
27.8329 1904
27.8329 1428
27.8578 1904
27.8578 1428
27.8827 1904
27.8827 1428
27.9076 1904
27.9076 1428
27.9326 1904
27.9326 1428
27.9575 1904
27.9575 1428
27.9824 1904
27.9824 1428
28.0073 1904
28.0073 1428
28.0322 1904
28.0322 1428
28.0571 1904
28.0571 1428
28.082 1904
28.082 1428
28.107 1904
28.107 1428
28.1319 1904
28.1319 1428
28.1568 1904
28.1568 1428
28.1817 1904
28.1817 1428
28.2066 1904
28.2066 1428
28.2315 1904
28.2315 1428
28.2564 1904
28.2564 1428
28.2813 1904
28.2813 1428
28.3063 1904
28.3063 1428
28.3312 1904
28.3312 1428
28.3561 1904
28.3561 1428
28.381 1904
28.381 1428
28.4059 1904
28.4059 1428
28.4308 1904
28.4308 1428
28.4557 1904
28.4557 1428
28.4807 1904
28.4807 1428
28.5056 1904
28.5056 1428
28.5305 1904
28.5305 1428
28.5554 1904
28.5554 1428
28.5803 1904
28.5803 1428
28.6052 1904
28.6052 1428
28.6301 1904
28.6301 1428
28.6551 1904
28.6551 1428
28.68 1904
28.68 1428
28.7049 1904
28.7049 1428
28.7298 1904
28.7298 1428
28.7547 1904
28.7547 1428
28.7796 1904
28.7796 1428
28.8045 1904
28.8045 1428
28.8294 1904
28.8294 1428
28.8544 1904
28.8544 1428
28.8793 1904
28.8793 1428
28.9042 1904
28.9042 1428
28.9291 1904
28.9291 1428
28.954 1904
28.954 1428
28.9789 1904
28.9789 1428
29.0038 1904
29.0038 1428
29.0288 1904
29.0288 1428
29.0537 1904
29.0537 1428
29.0786 1904
29.0786 1428
29.1035 1904
29.1035 1428
29.1284 1904
29.1284 1428
29.1533 1904
29.1533 1428
29.1782 1904
29.1782 1428
29.2031 1904
29.2031 1428
29.2281 1904
29.2281 1428
29.253 1904
29.253 1428
29.2779 1904
29.2779 1428
29.3028 1904
29.3028 1428
29.3277 1904
29.3277 1428
29.3526 1904
29.3526 1428
29.3775 1904
29.3775 1428
29.4025 1904
29.4025 1428
29.4274 1904
29.4274 1428
29.4523 1904
29.4523 1428
29.4772 1904
29.4772 1428
29.5021 1904
29.5021 1428
29.527 1904
29.527 1428
29.5519 1904
29.5519 1428
29.5768 1904
29.5768 1428
29.6018 1904
29.6018 1428
29.6267 1904
29.6267 1428
29.6516 1904
29.6516 1428
29.6765 1904
29.6765 1428
29.7014 1904
29.7014 1428
29.7263 1904
29.7263 1428
29.7512 1904
29.7512 1428
29.7762 1904
29.7762 1428
29.8011 1904
29.8011 1428
29.826 1904
29.826 1428
29.8509 1904
29.8509 1428
29.8758 1904
29.8758 1428
29.9007 1904
29.9007 1428
29.9256 1904
29.9256 1428
29.9506 1904
29.9506 1428
29.9755 1904
29.9755 1428
30.0004 1904
30.0004 1428
30.0253 1904
30.0253 1428
30.0502 1904
30.0502 1428
30.0751 1904
30.0751 1428
30.0998 1904
30.0998 1428
30.1245 1904
30.1245 1428
30.1492 1904
30.1492 1428
30.1739 1904
30.1739 1428
30.1986 1904
30.1986 1428
30.2233 1904
30.2233 1428
30.248 1904
30.248 1428
30.2727 1904
30.2727 1428
30.2974 1904
30.2974 1428
30.3221 1904
30.3221 1428
30.3468 1904
30.3468 1428
30.3715 1904
30.3715 1428
30.3962 1904
30.3962 1428
30.4209 1904
30.4209 1428
30.4456 1904
30.4456 1428
30.4703 1904
30.4703 1428
30.495 1904
30.495 1428
30.5197 1904
30.5197 1428
30.5444 1904
30.5444 1428
30.5691 1904
30.5691 1428
30.5938 1904
30.5938 1428
30.6185 1904
30.6185 1428
30.6432 1904
30.6432 1428
30.6679 1904
30.6679 1428
30.6926 1904
30.6926 1428
30.7173 1904
30.7173 1428
30.742 1904
30.742 1428
30.7667 1904
30.7667 1428
30.7914 1904
30.7914 1428
30.8161 1904
30.8161 1428
30.8408 1904
30.8408 1428
30.8655 1904
30.8655 1428
30.8902 1904
30.8902 1428
30.9149 1904
30.9149 1428
30.9396 1904
30.9396 1428
30.9643 1904
30.9643 1428
30.989 1904
30.989 1428
31.0137 1904
31.0137 1428
31.0385 1904
31.0385 1428
31.0632 1904
31.0632 1428
31.0879 1904
31.0879 1428
31.1126 1904
31.1126 1428
31.1373 1904
31.1373 1428
31.162 1904
31.162 1428
31.1867 1904
31.1867 1428
31.2114 1904
31.2114 1428
31.2361 1904
31.2361 1428
31.2608 1904
31.2608 1428
31.2855 1904
31.2855 1428
31.3102 1904
31.3102 1428
31.3349 1904
31.3349 1428
31.3596 1904
31.3596 1428
31.3843 1904
31.3843 1428
31.409 1904
31.409 1428
31.4337 1904
31.4337 1428
31.4584 1904
31.4584 1428
31.4831 1904
31.4831 1428
31.5078 1904
31.5078 1428
31.5325 1904
31.5325 1428
31.5572 1904
31.5572 1428
31.5819 1904
31.5819 1428
31.6066 1904
31.6066 1428
31.6313 1904
31.6313 1428
31.656 1904
31.656 1428
31.6807 1904
31.6807 1428
31.7054 1904
31.7054 1428
31.7301 1904
31.7301 1428
31.7548 1904
31.7548 1428
31.7795 1904
31.7795 1428
31.8042 1904
31.8042 1428
31.8289 1904
31.8289 1428
31.8536 1904
31.8536 1428
31.8783 1904
31.8783 1428
31.903 1904
31.903 1428
31.9277 1904
31.9277 1428
31.9524 1904
31.9524 1428
31.9771 1904
31.9771 1428
32.0018 1904
32.0018 1428
32.0265 1904
32.0265 1428
32.0512 1904
32.0512 1428
32.0759 1904
32.0759 1428
32.1006 1904
32.1006 1428
32.1253 1904
32.1253 1428
32.15 1904
32.15 1428
32.1747 1904
32.1747 1428
32.1994 1904
32.1994 1428
32.2241 1904
32.2241 1428
32.2488 1904
32.2488 1428
32.2735 1904
32.2735 1428
32.2982 1904
32.2982 1428
32.3229 1904
32.3229 1428
32.3476 1904
32.3476 1428
32.3723 1904
32.3723 1428
32.397 1904
32.397 1428
32.4217 1904
32.4217 1428
32.4464 1904
32.4464 1428
32.4711 1904
32.4711 1428
32.4958 1904
32.4958 1428
32.5205 1904
32.5205 1428
32.5452 1904
32.5452 1428
32.5699 1904
32.5699 1428
32.5946 1904
32.5946 1428
32.6193 1904
32.6193 1428
32.644 1904
32.644 1428
32.6687 1904
32.6687 1428
32.6934 1904
32.6934 1428
32.7181 1904
32.7181 1428
32.7428 1904
32.7428 1428
32.7675 1904
32.7675 1428
32.7922 1904
32.7922 1428
32.8169 1904
32.8169 1428
32.8416 1904
32.8416 1428
32.8663 1904
32.8663 1428
32.891 1904
32.891 1428
32.9157 1904
32.9157 1428
32.9404 1904
32.9404 1428
32.9651 1904
32.9651 1428
32.9898 1904
32.9898 1428
33.0145 1904
33.0145 1428
33.0392 1904
33.0392 1428
33.0639 1904
33.0639 1428
33.0886 1904
33.0886 1428
33.1133 1904
33.1133 1428
33.138 1904
33.138 1428
33.1627 1904
33.1627 1428
33.1874 1904
33.1874 1428
33.2121 1904
33.2121 1428
33.2368 1904
33.2368 1428
33.2615 1904
33.2615 1428
33.2862 1904
33.2862 1428
33.3109 1904
33.3109 1428
33.3356 1904
33.3356 1428
33.3603 1904
33.3603 1428
33.385 1904
33.385 1428
33.4097 1904
33.4097 1428
33.4344 1904
33.4344 1428
33.4591 1904
33.4591 1428
33.4838 1904
33.4838 1428
33.5085 1904
33.5085 1428
33.5332 1904
33.5332 1428
33.5579 1904
33.5579 1428
33.5826 1904
33.5826 1428
33.6073 1904
33.6073 1428
33.632 1904
33.632 1428
33.6567 1904
33.6567 1428
33.6814 1904
33.6814 1428
33.7061 1904
33.7061 1428
33.7308 1904
33.7308 1428
33.7555 1904
33.7555 1428
33.7802 1904
33.7802 1428
33.8049 1904
33.8049 1428
33.8296 1904
33.8296 1428
33.8543 1904
33.8543 1428
33.879 1904
33.879 1428
33.9037 1904
33.9037 1428
33.9284 1904
33.9284 1428
33.9531 1904
33.9531 1428
33.9778 1904
33.9778 1428
34.0025 1904
34.0025 1428
34.0272 1904
34.0272 1428
34.0519 1904
34.0519 1428
34.0766 1904
34.0766 1428
34.1013 1904
34.1013 1428
34.1261 1904
34.1261 1428
34.1508 1904
34.1508 1428
34.1755 1904
34.1755 1428
34.2002 1904
34.2002 1428
34.2249 1904
34.2249 1428
34.2496 1904
34.2496 1428
34.2743 1904
34.2743 1428
34.299 1904
34.299 1428
34.3237 1904
34.3237 1428
34.3484 1904
34.3484 1428
34.3731 1904
34.3731 1428
34.3978 1904
34.3978 1428
34.4225 1904
34.4225 1428
34.4472 1904
34.4472 1428
34.4719 1904
34.4719 1428
34.4966 1904
34.4966 1428
34.5213 1904
34.5213 1428
34.546 1904
34.546 1428
34.5707 1904
34.5707 1428
34.5954 1904
34.5954 1428
34.6201 1904
34.6201 1428
34.6448 1904
34.6448 1428
34.6695 1904
34.6695 1428
34.6942 1904
34.6942 1428
34.7189 1904
34.7189 1428
34.7436 1904
34.7436 1428
34.7683 1904
34.7683 1428
34.793 1904
34.793 1428
34.8177 1904
34.8177 1428
34.8424 1904
34.8424 1428
34.8671 1904
34.8671 1428
34.8918 1904
34.8918 1428
34.9165 1904
34.9165 1428
34.9412 1904
34.9412 1428
34.9659 1904
34.9659 1428
34.9906 1904
34.9906 1428
35.0153 1904
35.0153 1428
35.04 1904
35.04 1428
35.0647 1904
35.0647 1428
35.0894 1904
35.0894 1428
35.1141 1904
35.1141 1428
35.1388 1904
35.1388 1428
35.1635 1904
35.1635 1428
35.1882 1904
35.1882 1428
35.2129 1904
35.2129 1428
35.2376 1904
35.2376 1428
35.2623 1904
35.2623 1428
35.287 1904
35.287 1428
35.3117 1904
35.3117 1428
35.3364 1904
35.3364 1428
35.3611 1904
35.3611 1428
35.3858 1904
35.3858 1428
35.4105 1904
35.4105 1428
35.4352 1904
35.4352 1428
35.4599 1904
35.4599 1428
35.4846 1904
35.4846 1428
35.5093 1904
35.5093 1428
35.534 1904
35.534 1428
35.5587 1904
35.5587 1428
35.5834 1904
35.5834 1428
35.6081 1904
35.6081 1428
35.6328 1904
35.6328 1428
35.6575 1904
35.6575 1428
35.6822 1904
35.6822 1428
35.7069 1904
35.7069 1428
35.7316 1904
35.7316 1428
35.7563 1904
35.7563 1428
35.781 1904
35.781 1428
35.8057 1904
35.8057 1428
35.8304 1904
35.8304 1428
35.8551 1904
35.8551 1428
35.8798 1904
35.8798 1428
35.9045 1904
35.9045 1428
35.9292 1904
35.9292 1428
35.9539 1904
35.9539 1428
35.9786 1904
35.9786 1428
36.0033 1904
36.0033 1428
36.028 1904
36.028 1428
36.0527 1904
36.0527 1428
36.0774 1904
36.0774 1428
36.1021 1904
36.1021 1428
36.1268 1904
36.1268 1428
36.1515 1904
36.1515 1428
36.1762 1904
36.1762 1428
36.2009 1904
36.2009 1428
36.2256 1904
36.2256 1428
36.2503 1904
36.2503 1428
36.275 1904
36.275 1428
36.2997 1904
36.2997 1428
36.3244 1904
36.3244 1428
36.3491 1904
36.3491 1428
36.3738 1904
36.3738 1428
36.3985 1904
36.3985 1428
36.4232 1904
36.4232 1428
36.4479 1904
36.4479 1428
36.4726 1904
36.4726 1428
36.4973 1904
36.4973 1428
36.522 1904
36.522 1428
36.5467 1904
36.5467 1428
36.5714 1904
36.5714 1428
36.5961 1904
36.5961 1428
36.6208 1904
36.6208 1428
36.6455 1904
36.6455 1428
36.6702 1904
36.6702 1428
36.6949 1904
36.6949 1428
36.7196 1904
36.7196 1428
36.7443 1904
36.7443 1428
36.769 1904
36.769 1428
36.7937 1904
36.7937 1428
36.8184 1904
36.8184 1428
36.8431 1904
36.8431 1428
36.8678 1904
36.8678 1428
36.8925 1904
36.8925 1428
36.9172 1904
36.9172 1428
36.9419 1904
36.9419 1428
36.9666 1904
36.9666 1428
36.9913 1904
36.9913 1428
37.016 1904
37.016 1428
37.0407 1904
37.0407 1428
37.0654 1904
37.0654 1428
37.0901 1904
37.0901 1428
37.1148 1904
37.1148 1428
37.1395 1904
37.1395 1428
37.1642 1904
37.1642 1428
37.1889 1904
37.1889 1428
37.2137 1904
37.2137 1428
37.2384 1904
37.2384 1428
37.2631 1904
37.2631 1428
37.2878 1904
37.2878 1428
37.3125 1904
37.3125 1428
37.3372 1904
37.3372 1428
37.3619 1904
37.3619 1428
37.3866 1904
37.3866 1428
37.4113 1904
37.4113 1428
37.436 1904
37.436 1428
37.4607 1904
37.4607 1428
37.4854 1904
37.4854 1428
37.5101 1904
37.5101 1428
37.5348 1904
37.5348 1428
37.5595 1904
37.5595 1428
37.5842 1904
37.5842 1428
37.6089 1904
37.6089 1428
37.6336 1904
37.6336 1428
37.6583 1904
37.6583 1428
37.683 1904
37.683 1428
37.7077 1904
37.7077 1428
37.7324 1904
37.7324 1428
37.7571 1904
37.7571 1428
37.7818 1904
37.7818 1428
37.8065 1904
37.8065 1428
37.8312 1904
37.8312 1428
37.8559 1904
37.8559 1428
37.8806 1904
37.8806 1428
37.9053 1904
37.9053 1428
37.93 1904
37.93 1428
37.9547 1904
37.9547 1428
37.9794 1904
37.9794 1428
38.0041 1904
38.0041 1428
38.0288 1904
38.0288 1428
38.0535 1904
38.0535 1428
38.0782 1904
38.0782 1428
38.1029 1904
38.1029 1428
38.1276 1904
38.1276 1428
38.1523 1904
38.1523 1428
38.177 1904
38.177 1428
38.2017 1904
38.2017 1428
38.2264 1904
38.2264 1428
38.2511 1904
38.2511 1428
38.2758 1904
38.2758 1428
38.3005 1904
38.3005 1428
38.3252 1904
38.3252 1428
38.3499 1904
38.3499 1428
38.3746 1904
38.3746 1428
38.3993 1904
38.3993 1428
38.424 1904
38.424 1428
38.4487 1904
38.4487 1428
38.4734 1904
38.4734 1428
38.4981 1904
38.4981 1428
38.5228 1904
38.5228 1428
38.5475 1904
38.5475 1428
38.5722 1904
38.5722 1428
38.5969 1904
38.5969 1428
38.6216 1904
38.6216 1428
38.6463 1904
38.6463 1428
38.671 1904
38.671 1428
38.6957 1904
38.6957 1428
38.7204 1904
38.7204 1428
38.7451 1904
38.7451 1428
38.7698 1904
38.7698 1428
38.7945 1904
38.7945 1428
38.8192 1904
38.8192 1428
38.8439 1904
38.8439 1428
38.8686 1904
38.8686 1428
38.8933 1904
38.8933 1428
38.918 1904
38.918 1428
38.9427 1904
38.9427 1428
38.9674 1904
38.9674 1428
38.9921 1904
38.9921 1428
39.0168 1904
39.0168 1428
39.0415 1904
39.0415 1428
39.0662 1904
39.0662 1428
39.0909 1904
39.0909 1428
39.1156 1904
39.1156 1428
39.1403 1904
39.1403 1428
39.165 1904
39.165 1428
39.1897 1904
39.1897 1428
39.2144 1904
39.2144 1428
39.2391 1904
39.2391 1428
39.2638 1904
39.2638 1428
39.2885 1904
39.2885 1428
39.3132 1904
39.3132 1428
39.3379 1904
39.3379 1428
39.3626 1904
39.3626 1428
39.3873 1904
39.3873 1428
39.412 1904
39.412 1428
39.4367 1904
39.4367 1428
39.4614 1904
39.4614 1428
39.4861 1904
39.4861 1428
39.5108 1904
39.5108 1428
39.5355 1904
39.5355 1428
39.5602 1904
39.5602 1428
39.5849 1904
39.5849 1428
39.6096 1904
39.6096 1428
39.6343 1904
39.6343 1428
39.659 1904
39.659 1428
39.6837 1904
39.6837 1428
39.7084 1904
39.7084 1428
39.7331 1904
39.7331 1428
39.7578 1904
39.7578 1428
39.7825 1904
39.7825 1428
39.8072 1904
39.8072 1428
39.8319 1904
39.8319 1428
39.8566 1904
39.8566 1428
39.8813 1904
39.8813 1428
39.906 1904
39.906 1428
39.9307 1904
39.9307 1428
39.9554 1904
39.9554 1428
39.9801 1904
39.9801 1428
40.0048 1904
40.0048 1428
40.0295 1904
40.0295 1428
40.0542 1904
40.0542 1428
40.0789 1904
40.0789 1428
40.1036 1904
40.1036 1428
40.1283 1904
40.1283 1428
40.153 1904
40.153 1428
40.1793 1904
40.1793 1428
40.2142 1904
40.2142 1428
40.2616 1904
40.2616 1428
40.332 1904
40.332 1428
40.4308 1904
40.4308 1428
40.53 1904
40.53 1428
40.6203 1904
40.6203 1428
40.6463 1904
40.6463 1428
40.6719 1904
40.6719 1428
40.697 1904
40.697 1428
40.7218 1904
40.7218 1428
40.7465 1904
40.7465 1428
40.7712 1904
40.7712 1428
40.7959 1904
40.7959 1428
40.8206 1904
40.8206 1428
40.8454 1904
40.8454 1428
40.871 1904
40.871 1428
40.8974 1904
40.8974 1428
40.9242 1904
40.9242 1428
40.9511 1904
40.9511 1428
40.9792 1904
40.9792 1428
41.0408 1904
41.0408 1428
41.0925 1904
41.0925 1428
41.1253 1904
41.1253 1428
41.1504 1904
41.1504 1428
41.1751 1904
41.1751 1428
41.2002 1904
41.2002 1428
41.2253 1904
41.2253 1428
41.2509 1904
41.2509 1428
41.276 1904
41.276 1428
41.3007 1904
41.3007 1428
41.3254 1904
41.3254 1428
41.3501 1904
41.3501 1428
41.3752 1904
41.3752 1428
41.4004 1904
41.4004 1428
41.4255 1904
41.4255 1428
41.451 1904
41.451 1428
41.4761 1904
41.4761 1428
41.5009 1904
41.5009 1428
41.5256 1904
41.5256 1428
41.5503 1904
41.5503 1428
41.5754 1904
41.5754 1428
41.6005 1904
41.6005 1428
41.6256 1904
41.6256 1428
41.6508 1904
41.6508 1428
41.6759 1904
41.6759 1428
41.701 1904
41.701 1428
41.7261 1904
41.7261 1428
41.7508 1904
41.7508 1428
41.7755 1904
41.7755 1428
41.8002 1904
41.8002 1428
41.8249 1904
41.8249 1428
41.8501 1904
41.8501 1428
41.8752 1904
41.8752 1428
41.9003 1904
41.9003 1428
41.9254 1904
41.9254 1428
41.951 1904
41.951 1428
41.9761 1904
41.9761 1428
42.0008 1904
42.0008 1428
42.0255 1904
42.0255 1428
42.0502 1904
42.0502 1428
42.0749 1904
42.0749 1428
42.0996 1904
42.0996 1428
42.1243 1904
42.1243 1428
42.149 1904
42.149 1428
42.1741 1904
42.1741 1428
42.1993 1904
42.1993 1428
42.2244 1904
42.2244 1428
42.2495 1904
42.2495 1428
42.2746 1904
42.2746 1428
42.3002 1904
42.3002 1428
42.3253 1904
42.3253 1428
42.35 1904
42.35 1428
42.3747 1904
42.3747 1428
42.3994 1904
42.3994 1428
42.4241 1904
42.4241 1428
42.4488 1904
42.4488 1428
42.4735 1904
42.4735 1428
42.4982 1904
42.4982 1428
42.5229 1904
42.5229 1428
42.5476 1904
42.5476 1428
42.5723 1904
42.5723 1428
42.5975 1904
42.5975 1428
42.6226 1904
42.6226 1428
42.6477 1904
42.6477 1428
42.6728 1904
42.6728 1428
42.698 1904
42.698 1428
42.7231 1904
42.7231 1428
42.7482 1904
42.7482 1428
42.7733 1904
42.7733 1428
42.7985 1904
42.7985 1428
42.8236 1904
42.8236 1428
42.8487 1904
42.8487 1428
42.8738 1904
42.8738 1428
42.899 1904
42.899 1428
42.9245 1904
42.9245 1428
42.9496 1904
42.9496 1428
42.9743 1904
42.9743 1428
42.9993 1904
42.9993 1428
43.0244 1904
43.0244 1428
43.0491 1904
43.0491 1428
43.0745 1904
43.0745 1428
43.1 1904
43.1 1428
43.1254 1904
43.1254 1428
43.1509 1904
43.1509 1428
43.1763 1904
43.1763 1428
43.2022 1904
43.2022 1428
43.2276 1904
43.2276 1428
43.253 1904
43.253 1428
43.2785 1904
43.2785 1428
43.3039 1904
43.3039 1428
43.3294 1904
43.3294 1428
43.3548 1904
43.3548 1428
43.3807 1904
43.3807 1428
43.407 1904
43.407 1428
43.4332 1904
43.4332 1428
43.4595 1904
43.4595 1428
43.4858 1904
43.4858 1428
43.5121 1904
43.5121 1428
43.5388 1904
43.5388 1428
43.5651 1904
43.5651 1428
43.5914 1904
43.5914 1428
43.6177 1904
43.6177 1428
43.644 1904
43.644 1428
43.6703 1904
43.6703 1428
43.697 1904
43.697 1428
43.7241 1904
43.7241 1428
43.7512 1904
43.7512 1428
43.7784 1904
43.7784 1428
43.8055 1904
43.8055 1428
43.8331 1904
43.8331 1428
43.8602 1904
43.8602 1428
43.8873 1904
43.8873 1428
43.9145 1904
43.9145 1428
43.9416 1904
43.9416 1428
43.9688 1904
43.9688 1428
43.9963 1904
43.9963 1428
44.0243 1904
44.0243 1428
44.0523 1904
44.0523 1428
44.0803 1904
44.0803 1428
44.1083 1904
44.1083 1428
44.1362 1904
44.1362 1428
44.1646 1904
44.1646 1428
44.1926 1904
44.1926 1428
44.2206 1904
44.2206 1428
44.2486 1904
44.2486 1428
44.2766 1904
44.2766 1428
44.305 1904
44.305 1428
44.3338 1904
44.3338 1428
44.3627 1904
44.3627 1428
44.3915 1904
44.3915 1428
44.4203 1904
44.4203 1428
44.4491 1904
44.4491 1428
44.4784 1904
44.4784 1428
44.5072 1904
44.5072 1428
44.5361 1904
44.5361 1428
44.5649 1904
44.5649 1428
44.5937 1904
44.5937 1428
44.6226 1904
44.6226 1428
44.6514 1904
44.6514 1428
44.6807 1904
44.6807 1428
44.7103 1904
44.7103 1428
44.74 1904
44.74 1428
44.7697 1904
44.7697 1428
44.7994 1904
44.7994 1428
44.8295 1904
44.8295 1428
44.8592 1904
44.8592 1428
44.8888 1904
44.8888 1428
44.9185 1904
44.9185 1428
44.9482 1904
44.9482 1428
44.9783 1904
44.9783 1428
45.0088 1904
45.0088 1428
45.0394 1904
45.0394 1428
45.0699 1904
45.0699 1428
45.1004 1904
45.1004 1428
45.1309 1904
45.1309 1428
45.1615 1904
45.1615 1428
45.1924 1904
45.1924 1428
45.2229 1904
45.2229 1428
45.2535 1904
45.2535 1428
45.284 1904
45.284 1428
45.3145 1904
45.3145 1428
45.3455 1904
45.3455 1428
45.3769 1904
45.3769 1428
45.4082 1904
45.4082 1428
45.4396 1904
45.4396 1428
45.471 1904
45.471 1428
45.5024 1904
45.5024 1428
45.5342 1904
45.5342 1428
45.5655 1904
45.5655 1428
45.5969 1904
45.5969 1428
45.6283 1904
45.6283 1428
45.6597 1904
45.6597 1428
45.6915 1904
45.6915 1428
45.7237 1904
45.7237 1428
45.7559 1904
45.7559 1428
45.7881 1904
45.7881 1428
45.8204 1904
45.8204 1428
45.8526 1904
45.8526 1428
45.8852 1904
45.8852 1428
45.9175 1904
45.9175 1428
45.9497 1904
45.9497 1428
45.9819 1904
45.9819 1428
46.0141 1904
46.0141 1428
46.0464 1904
46.0464 1428
46.079 1904
46.079 1428
46.1121 1904
46.1121 1428
46.1451 1904
46.1451 1428
46.1782 1904
46.1782 1428
46.2113 1904
46.2113 1428
46.2444 1904
46.2444 1428
46.2779 1904
46.2779 1428
46.3109 1904
46.3109 1428
46.344 1904
46.344 1428
46.3771 1904
46.3771 1428
46.4101 1904
46.4101 1428
46.4432 1904
46.4432 1428
46.4767 1904
46.4767 1428
46.5106 1904
46.5106 1428
46.5446 1904
46.5446 1428
46.5785 1904
46.5785 1428
46.6124 1904
46.6124 1428
46.6463 1904
46.6463 1428
46.6807 1904
46.6807 1428
46.7146 1904
46.7146 1428
46.7485 1904
46.7485 1428
46.7824 1904
46.7824 1428
46.8163 1904
46.8163 1428
46.8503 1904
46.8503 1428
46.8846 1904
46.8846 1428
46.9194 1904
46.9194 1428
46.9541 1904
46.9541 1428
46.9889 1904
46.9889 1428
47.0237 1904
47.0237 1428
47.0589 1904
47.0589 1428
47.0936 1904
47.0936 1428
47.1284 1904
47.1284 1428
47.1632 1904
47.1632 1428
47.1979 1904
47.1979 1428
47.2327 1904
47.2327 1428
47.2679 1904
47.2679 1428
47.3035 1904
47.3035 1428
47.3391 1904
47.3391 1428
47.3747 1904
47.3747 1428
47.4104 1904
47.4104 1428
47.446 1904
47.446 1428
47.482 1904
47.482 1428
47.5176 1904
47.5176 1428
47.5533 1904
47.5533 1428
47.5889 1904
47.5889 1428
47.6245 1904
47.6245 1428
47.6605 1904
47.6605 1428
47.697 1904
47.697 1428
47.7335 1904
47.7335 1428
47.7699 1904
47.7699 1428
47.8064 1904
47.8064 1428
47.8428 1904
47.8428 1428
47.8793 1904
47.8793 1428
47.9162 1904
47.9162 1428
47.9527 1904
47.9527 1428
47.9891 1904
47.9891 1428
48.0256 1904
48.0256 1428
48.0621 1904
48.0621 1428
48.0989 1904
48.0989 1428
48.1363 1904
48.1363 1428
48.1736 1904
48.1736 1428
48.2109 1904
48.2109 1428
48.2482 1904
48.2482 1428
48.2855 1904
48.2855 1428
48.3232 1904
48.3232 1428
48.3605 1904
48.3605 1428
48.3979 1904
48.3979 1428
48.4352 1904
48.4352 1428
48.4725 1904
48.4725 1428
48.5098 1904
48.5098 1428
48.5475 1904
48.5475 1428
48.5861 1904
48.5861 1428
48.6247 1904
48.6247 1428
48.6641 1904
48.6641 1428
48.7031 1904
48.7031 1428
48.7426 1904
48.7426 1428
48.7829 1904
48.7829 1428
48.8231 1904
48.8231 1428
48.8643 1904
48.8643 1428
48.9054 1904
48.9054 1428
48.9474 1904
48.9474 1428
48.9893 1904
48.9893 1428
49.0322 1904
49.0322 1428
49.075 1904
49.075 1428
49.1187 1904
49.1187 1428
49.1628 1904
49.1628 1428
49.2073 1904
49.2073 1428
49.2526 1904
49.2526 1428
49.2984 1904
49.2984 1428
49.3447 1904
49.3447 1428
49.3921 1904
49.3921 1428
49.4401 1904
49.4401 1428
49.4884 1904
49.4884 1428
49.5371 1904
49.5371 1428
49.5868 1904
49.5868 1428
49.6368 1904
49.6368 1428
49.6872 1904
49.6872 1428
49.739 1904
49.739 1428
49.7915 1904
49.7915 1428
49.845 1904
49.845 1428
49.8992 1904
49.8992 1428
49.9544 1904
49.9544 1428
50.0103 1904
50.0103 1428
50.0671 1904
50.0671 1428
50.1248 1904
50.1248 1428
50.1833 1904
50.1833 1428
50.2431 1904
50.2431 1428
50.3033 1904
50.3033 1428
50.3648 1904
50.3648 1428
50.428 1904
50.428 1428
50.492 1904
50.492 1428
50.5577 1904
50.5577 1428
50.6243 1904
50.6243 1428
50.6925 1904
50.6925 1428
50.7617 1904
50.7617 1428
50.8325 1904
50.8325 1428
50.9045 1904
50.9045 1428
50.9783 1904
50.9783 1428
51.0534 1904
51.0534 1428
51.1305 1904
51.1305 1428
51.2094 1904
51.2094 1428
51.29 1904
51.29 1428
51.3722 1904
51.3722 1428
51.4562 1904
51.4562 1428
51.5418 1904
51.5418 1428
51.6292 1904
51.6292 1428
51.7178 1904
51.7178 1428
51.8077 1904
51.8077 1428
51.8993 1904
51.8993 1428
51.9925 1904
51.9925 1428
52.0875 1904
52.0875 1428
52.1842 1904
52.1842 1428
52.2825 1904
52.2825 1428
52.3813 1904
52.3813 1428
52.4615 1904
52.4615 1428
52.5437 1904
52.5437 1428
52.6239 1904
52.6239 1428
52.6892 1904
52.6892 1428
52.7803 1904
52.7803 1428
52.8465 1904
52.8465 1428
52.9135 1904
52.9135 1428
52.9809 1904
52.9809 1428
53.0496 1904
53.0496 1428
53.1187 1904
53.1187 1428
53.1878 1904
53.1878 1428
53.2582 1904
53.2582 1428
53.329 1904
53.329 1428
53.3998 1904
53.3998 1428
53.4714 1904
53.4714 1428
53.5435 1904
53.5435 1428
53.616 1904
53.616 1428
53.6894 1904
53.6894 1428
53.7627 1904
53.7627 1428
53.8369 1904
53.8369 1428
53.9111 1904
53.9111 1428
53.9862 1904
53.9862 1428
54.0612 1904
54.0612 1428
54.1371 1904
54.1371 1428
54.213 1904
54.213 1428
54.2898 1904
54.2898 1428
54.3665 1904
54.3665 1428
54.4441 1904
54.4441 1428
54.5217 1904
54.5217 1428
54.6001 1904
54.6001 1428
54.6781 1904
54.6781 1428
54.7566 1904
54.7566 1428
54.8359 1904
54.8359 1428
54.9147 1904
54.9147 1428
54.994 1904
54.994 1428
55.0737 1904
55.0737 1428
55.1539 1904
55.1539 1428
55.2336 1904
55.2336 1428
55.3133 1904
55.3133 1428
55.3934 1904
55.3934 1428
55.474 1904
55.474 1428
55.5546 1904
55.5546 1428
55.6355 1904
55.6355 1428
55.7161 1904
55.7161 1428
55.7967 1904
55.7967 1428
55.8772 1904
55.8772 1428
55.9582 1904
55.9582 1428
56.0396 1904
56.0396 1428
56.121 1904
56.121 1428
56.2024 1904
56.2024 1428
56.2838 1904
56.2838 1428
56.3652 1904
56.3652 1428
56.4467 1904
56.4467 1428
56.5281 1904
56.5281 1428
56.6095 1904
56.6095 1428
56.6909 1904
56.6909 1428
56.7723 1904
56.7723 1428
56.8537 1904
56.8537 1428
56.9351 1904
56.9351 1428
57.0165 1904
57.0165 1428
57.0979 1904
57.0979 1428
57.1793 1904
57.1793 1428
57.2607 1904
57.2607 1428
57.3421 1904
57.3421 1428
57.4235 1904
57.4235 1428
57.505 1904
57.505 1428
57.5864 1904
57.5864 1428
57.6678 1904
57.6678 1428
57.7492 1904
57.7492 1428
57.8306 1904
57.8306 1428
57.912 1904
57.912 1428
57.9934 1904
57.9934 1428
58.0748 1904
58.0748 1428
58.1562 1904
58.1562 1428
58.2376 1904
58.2376 1428
58.319 1904
58.319 1428
58.4004 1904
58.4004 1428
58.4819 1904
58.4819 1428
58.5633 1904
58.5633 1428
58.6451 1904
58.6451 1428
58.7265 1904
58.7265 1428
58.8079 1904
58.8079 1428
58.8893 1904
58.8893 1428
58.9707 1904
58.9707 1428
59.0526 1904
59.0526 1428
59.1348 1904
59.1348 1428
59.2171 1904
59.2171 1428
59.2997 1904
59.2997 1428
59.382 1904
59.382 1428
59.4647 1904
59.4647 1428
59.5478 1904
59.5478 1428
59.6313 1904
59.6313 1428
59.7144 1904
59.7144 1428
59.7979 1904
59.7979 1428
59.8819 1904
59.8819 1428
59.9663 1904
59.9663 1428
60.0507 1904
60.0507 1428
60.1359 1904
60.1359 1428
60.2211 1904
60.2211 1428
60.3067 1904
60.3067 1428
60.3928 1904
60.3928 1428
60.4789 1904
60.4789 1428
60.5658 1904
60.5658 1428
60.6527 1904
60.6527 1428
60.7405 1904
60.7405 1428
60.8283 1904
60.8283 1428
60.9173 1904
60.9173 1428
61.0068 1904
61.0068 1428
61.0962 1904
61.0962 1428
61.187 1904
61.187 1428
61.2786 1904
61.2786 1428
61.3706 1904
61.3706 1428
61.463 1904
61.463 1428
61.5563 1904
61.5563 1428
61.6504 1904
61.6504 1428
61.7454 1904
61.7454 1428
61.8412 1904
61.8412 1428
61.9383 1904
61.9383 1428
62.0367 1904
62.0367 1428
62.1359 1904
62.1359 1428
62.2237 1904
62.2237 1428
62.3046 1904
62.3046 1428
62.3784 1904
62.3784 1428
62.4429 1904
62.4429 1428
62.5137 1904
62.5137 1428
62.579 1904
62.579 1428
62.6447 1904
62.6447 1428
62.7113 1904
62.7113 1428
62.7782 1904
62.7782 1428
62.8457 1904
62.8457 1428
62.9143 1904
62.9143 1428
62.9835 1904
62.9835 1428
63.0526 1904
63.0526 1428
63.123 1904
63.123 1428
63.1938 1904
63.1938 1428
63.265 1904
63.265 1428
63.3367 1904
63.3367 1428
63.4092 1904
63.4092 1428
63.4817 1904
63.4817 1428
63.555 1904
63.555 1428
63.6284 1904
63.6284 1428
63.7026 1904
63.7026 1428
63.7768 1904
63.7768 1428
63.8518 1904
63.8518 1428
63.9269 1904
63.9269 1428
64.0028 1904
64.0028 1428
64.0787 1904
64.0787 1428
64.1554 1904
64.1554 1428
64.2321 1904
64.2321 1428
64.3097 1904
64.3097 1428
64.3873 1904
64.3873 1428
64.4653 1904
64.4653 1428
64.5438 1904
64.5438 1428
64.6222 1904
64.6222 1428
64.7011 1904
64.7011 1428
64.7804 1904
64.7804 1428
64.8592 1904
64.8592 1428
64.9385 1904
64.9385 1428
65.0182 1904
65.0182 1428
65.0979 1904
65.0979 1428
65.1781 1904
65.1781 1428
65.2578 1904
65.2578 1428
65.3375 1904
65.3375 1428
65.4176 1904
65.4176 1428
65.4982 1904
65.4982 1428
65.5788 1904
65.5788 1428
65.6593 1904
65.6593 1428
65.7403 1904
65.7403 1428
65.8209 1904
65.8209 1428
65.9014 1904
65.9014 1428
65.982 1904
65.982 1428
66.0625 1904
66.0625 1428
66.1431 1904
66.1431 1428
66.2237 1904
66.2237 1428
66.3042 1904
66.3042 1428
66.3848 1904
66.3848 1428
66.4653 1904
66.4653 1428
66.5459 1904
66.5459 1428
66.6265 1904
66.6265 1428
66.707 1904
66.707 1428
66.7876 1904
66.7876 1428
66.8681 1904
66.8681 1428
66.9487 1904
66.9487 1428
67.0293 1904
67.0293 1428
67.1098 1904
67.1098 1428
67.1904 1904
67.1904 1428
67.2709 1904
67.2709 1428
67.3515 1904
67.3515 1428
67.4321 1904
67.4321 1428
67.5126 1904
67.5126 1428
67.5932 1904
67.5932 1428
67.6737 1904
67.6737 1428
67.7543 1904
67.7543 1428
67.8349 1904
67.8349 1428
67.9154 1904
67.9154 1428
67.996 1904
67.996 1428
68.0765 1904
68.0765 1428
68.1571 1904
68.1571 1428
68.2377 1904
68.2377 1428
68.3182 1904
68.3182 1428
68.3988 1904
68.3988 1428
68.4798 1904
68.4798 1428
68.5612 1904
68.5612 1428
68.6426 1904
68.6426 1428
68.724 1904
68.724 1428
68.8058 1904
68.8058 1428
68.8872 1904
68.8872 1428
68.9686 1904
68.9686 1428
69.0505 1904
69.0505 1428
69.1327 1904
69.1327 1428
69.215 1904
69.215 1428
69.2977 1904
69.2977 1428
69.3799 1904
69.3799 1428
69.4626 1904
69.4626 1428
69.5461 1904
69.5461 1428
69.6292 1904
69.6292 1428
69.7128 1904
69.7128 1428
69.7971 1904
69.7971 1428
69.8811 1904
69.8811 1428
69.9655 1904
69.9655 1428
70.0507 1904
70.0507 1428
70.1359 1904
70.1359 1428
70.222 1904
70.222 1428
70.3081 1904
70.3081 1428
70.395 1904
70.395 1428
70.4819 1904
70.4819 1428
70.5697 1904
70.5697 1428
70.6574 1904
70.6574 1428
70.7461 1904
70.7461 1428
70.8351 1904
70.8351 1428
70.9246 1904
70.9246 1428
71.0153 1904
71.0153 1428
71.1069 1904
71.1069 1428
71.1989 1904
71.1989 1428
71.2913 1904
71.2913 1428
71.3846 1904
71.3846 1428
71.4787 1904
71.4787 1428
71.5737 1904
71.5737 1428
71.6695 1904
71.6695 1428
71.7666 1904
71.7666 1428
71.865 1904
71.865 1428
71.9642 1904
71.9642 1428
72.0537 1904
72.0537 1428
72.1347 1904
72.1347 1428
72.2084 1904
72.2084 1428
72.2729 1904
72.2729 1428
72.3437 1904
72.3437 1428
72.409 1904
72.409 1428
72.4747 1904
72.4747 1428
72.5413 1904
72.5413 1428
72.6083 1904
72.6083 1428
72.6757 1904
72.6757 1428
72.7444 1904
72.7444 1428
72.8135 1904
72.8135 1428
72.8826 1904
72.8826 1428
72.953 1904
72.953 1428
73.0238 1904
73.0238 1428
73.095 1904
73.095 1428
73.1667 1904
73.1667 1428
73.2392 1904
73.2392 1428
73.3117 1904
73.3117 1428
73.385 1904
73.385 1428
73.4584 1904
73.4584 1428
73.5326 1904
73.5326 1428
73.6068 1904
73.6068 1428
73.6818 1904
73.6818 1428
73.7569 1904
73.7569 1428
73.8328 1904
73.8328 1428
73.9087 1904
73.9087 1428
73.9854 1904
73.9854 1428
74.0622 1904
74.0622 1428
74.1397 1904
74.1397 1428
74.2173 1904
74.2173 1428
74.2954 1904
74.2954 1428
74.3738 1904
74.3738 1428
74.4522 1904
74.4522 1428
74.5311 1904
74.5311 1428
74.6104 1904
74.6104 1428
74.6893 1904
74.6893 1428
74.7685 1904
74.7685 1428
74.8483 1904
74.8483 1428
74.928 1904
74.928 1428
75.0081 1904
75.0081 1428
75.0878 1904
75.0878 1428
75.1675 1904
75.1675 1428
75.2477 1904
75.2477 1428
75.3282 1904
75.3282 1428
75.4088 1904
75.4088 1428
75.4893 1904
75.4893 1428
75.5703 1904
75.5703 1428
75.6509 1904
75.6509 1428
75.7314 1904
75.7314 1428
75.812 1904
75.812 1428
75.8926 1904
75.8926 1428
75.9731 1904
75.9731 1428
76.0537 1904
76.0537 1428
76.1342 1904
76.1342 1428
76.2148 1904
76.2148 1428
76.2954 1904
76.2954 1428
76.3759 1904
76.3759 1428
76.4565 1904
76.4565 1428
76.537 1904
76.537 1428
76.6176 1904
76.6176 1428
76.6982 1904
76.6982 1428
76.7787 1904
76.7787 1428
76.8593 1904
76.8593 1428
76.9398 1904
76.9398 1428
77.0204 1904
77.0204 1428
77.101 1904
77.101 1428
77.1815 1904
77.1815 1428
77.2621 1904
77.2621 1428
77.3426 1904
77.3426 1428
77.4232 1904
77.4232 1428
77.5038 1904
77.5038 1428
77.5843 1904
77.5843 1428
77.6649 1904
77.6649 1428
77.7454 1904
77.7454 1428
77.826 1904
77.826 1428
77.9066 1904
77.9066 1428
77.9871 1904
77.9871 1428
78.0677 1904
78.0677 1428
78.1482 1904
78.1482 1428
78.2288 1904
78.2288 1428
78.3098 1904
78.3098 1428
78.3912 1904
78.3912 1428
78.4726 1904
78.4726 1428
78.554 1904
78.554 1428
78.6358 1904
78.6358 1428
78.7173 1904
78.7173 1428
78.7987 1904
78.7987 1428
78.8805 1904
78.8805 1428
78.9627 1904
78.9627 1428
79.045 1904
79.045 1428
79.1277 1904
79.1277 1428
79.2099 1904
79.2099 1428
79.2926 1904
79.2926 1428
79.3761 1904
79.3761 1428
79.4593 1904
79.4593 1428
79.5428 1904
79.5428 1428
79.6272 1904
79.6272 1428
79.7111 1904
79.7111 1428
79.7955 1904
79.7955 1428
79.8807 1904
79.8807 1428
79.9659 1904
79.9659 1428
80.052 1904
80.052 1428
80.1381 1904
80.1381 1428
80.225 1904
80.225 1428
80.3119 1904
80.3119 1428
80.3997 1904
80.3997 1428
80.4875 1904
80.4875 1428
80.5761 1904
80.5761 1428
80.6651 1904
80.6651 1428
80.7546 1904
80.7546 1428
80.8453 1904
80.8453 1428
80.9369 1904
80.9369 1428
81.0289 1904
81.0289 1428
81.1213 1904
81.1213 1428
81.2146 1904
81.2146 1428
81.3087 1904
81.3087 1428
81.4037 1904
81.4037 1428
81.4995 1904
81.4995 1428
81.5966 1904
81.5966 1428
81.695 1904
81.695 1428
81.7942 1904
81.7942 1428
81.8837 1904
81.8837 1428
81.9647 1904
81.9647 1428
82.0384 1904
82.0384 1428
82.1029 1904
82.1029 1428
82.1737 1904
82.1737 1428
82.239 1904
82.239 1428
82.3047 1904
82.3047 1428
82.3713 1904
82.3713 1428
82.4383 1904
82.4383 1428
82.5057 1904
82.5057 1428
82.5744 1904
82.5744 1428
82.6435 1904
82.6435 1428
82.7126 1904
82.7126 1428
82.783 1904
82.783 1428
82.8538 1904
82.8538 1428
82.925 1904
82.925 1428
82.9967 1904
82.9967 1428
83.0692 1904
83.0692 1428
83.1417 1904
83.1417 1428
83.215 1904
83.215 1428
83.2884 1904
83.2884 1428
83.3626 1904
83.3626 1428
83.4368 1904
83.4368 1428
83.5118 1904
83.5118 1428
83.5869 1904
83.5869 1428
83.6628 1904
83.6628 1428
83.7387 1904
83.7387 1428
83.8154 1904
83.8154 1428
83.8922 1904
83.8922 1428
83.9698 1904
83.9698 1428
84.0474 1904
84.0474 1428
84.1254 1904
84.1254 1428
84.2038 1904
84.2038 1428
84.2823 1904
84.2823 1428
84.3611 1904
84.3611 1428
84.4404 1904
84.4404 1428
84.5193 1904
84.5193 1428
84.5986 1904
84.5986 1428
84.6783 1904
84.6783 1428
84.758 1904
84.758 1428
84.8381 1904
84.8381 1428
84.9178 1904
84.9178 1428
84.9975 1904
84.9975 1428
85.0777 1904
85.0777 1428
85.1582 1904
85.1582 1428
85.2388 1904
85.2388 1428
85.3194 1904
85.3194 1428
85.4003 1904
85.4003 1428
85.4809 1904
85.4809 1428
85.5615 1904
85.5615 1428
85.642 1904
85.642 1428
85.7226 1904
85.7226 1428
85.8031 1904
85.8031 1428
85.8837 1904
85.8837 1428
85.9643 1904
85.9643 1428
86.0448 1904
86.0448 1428
86.1254 1904
86.1254 1428
86.2059 1904
86.2059 1428
86.2865 1904
86.2865 1428
86.3671 1904
86.3671 1428
86.4476 1904
86.4476 1428
86.5282 1904
86.5282 1428
86.6087 1904
86.6087 1428
86.6893 1904
86.6893 1428
86.7699 1904
86.7699 1428
86.8504 1904
86.8504 1428
86.931 1904
86.931 1428
87.0115 1904
87.0115 1428
87.0921 1904
87.0921 1428
87.1727 1904
87.1727 1428
87.2532 1904
87.2532 1428
87.3338 1904
87.3338 1428
87.4143 1904
87.4143 1428
87.4949 1904
87.4949 1428
87.5755 1904
87.5755 1428
87.656 1904
87.656 1428
87.7366 1904
87.7366 1428
87.8171 1904
87.8171 1428
87.8977 1904
87.8977 1428
87.9783 1904
87.9783 1428
88.0588 1904
88.0588 1428
88.1398 1904
88.1398 1428
88.2212 1904
88.2212 1428
88.3026 1904
88.3026 1428
88.384 1904
88.384 1428
88.4659 1904
88.4659 1428
88.5473 1904
88.5473 1428
88.6287 1904
88.6287 1428
88.7105 1904
88.7105 1428
88.7928 1904
88.7928 1428
88.875 1904
88.875 1428
88.9577 1904
88.9577 1428
89.04 1904
89.04 1428
89.1226 1904
89.1226 1428
89.2062 1904
89.2062 1428
89.2893 1904
89.2893 1428
89.3728 1904
89.3728 1428
89.4572 1904
89.4572 1428
89.5411 1904
89.5411 1428
89.6255 1904
89.6255 1428
89.7107 1904
89.7107 1428
89.7959 1904
89.7959 1428
89.882 1904
89.882 1428
89.9681 1904
89.9681 1428
90.055 1904
90.055 1428
90.1419 1904
90.1419 1428
90.2297 1904
90.2297 1428
90.3175 1904
90.3175 1428
90.4061 1904
90.4061 1428
90.4951 1904
90.4951 1428
90.5846 1904
90.5846 1428
90.6753 1904
90.6753 1428
90.7669 1904
90.7669 1428
90.8589 1904
90.8589 1428
90.9513 1904
90.9513 1428
91.0446 1904
91.0446 1428
91.1388 1904
91.1388 1428
91.2337 1904
91.2337 1428
91.3296 1904
91.3296 1428
91.4267 1904
91.4267 1428
91.525 1904
91.525 1428
91.6242 1904
91.6242 1428
91.7137 1904
91.7137 1428
91.7947 1904
91.7947 1428
91.8685 1904
91.8685 1428
91.9329 1904
91.9329 1428
92.0037 1904
92.0037 1428
92.069 1904
92.069 1428
92.1347 1904
92.1347 1428
92.2013 1904
92.2013 1428
92.2683 1904
92.2683 1428
92.3357 1904
92.3357 1428
92.4044 1904
92.4044 1428
92.4735 1904
92.4735 1428
92.5426 1904
92.5426 1428
92.613 1904
92.613 1428
92.6838 1904
92.6838 1428
92.755 1904
92.755 1428
92.8267 1904
92.8267 1428
92.8992 1904
92.8992 1428
92.9717 1904
92.9717 1428
93.0451 1904
93.0451 1428
93.1184 1904
93.1184 1428
93.1926 1904
93.1926 1428
93.2668 1904
93.2668 1428
93.3419 1904
93.3419 1428
93.4169 1904
93.4169 1428
93.4928 1904
93.4928 1428
93.5687 1904
93.5687 1428
93.6454 1904
93.6454 1428
93.7222 1904
93.7222 1428
93.7998 1904
93.7998 1428
93.8774 1904
93.8774 1428
93.9554 1904
93.9554 1428
94.0338 1904
94.0338 1428
94.1123 1904
94.1123 1428
94.1911 1904
94.1911 1428
94.2704 1904
94.2704 1428
94.3493 1904
94.3493 1428
94.4286 1904
94.4286 1428
94.5083 1904
94.5083 1428
94.588 1904
94.588 1428
94.6681 1904
94.6681 1428
94.7478 1904
94.7478 1428
94.8276 1904
94.8276 1428
94.9077 1904
94.9077 1428
94.9883 1904
94.9883 1428
95.0688 1904
95.0688 1428
95.1494 1904
95.1494 1428
95.2304 1904
95.2304 1428
95.3109 1904
95.3109 1428
95.3915 1904
95.3915 1428
95.472 1904
95.472 1428
95.5526 1904
95.5526 1428
95.6332 1904
95.6332 1428
95.7137 1904
95.7137 1428
95.7943 1904
95.7943 1428
95.8748 1904
95.8748 1428
95.9554 1904
95.9554 1428
96.036 1904
96.036 1428
96.1165 1904
96.1165 1428
96.1971 1904
96.1971 1428
96.2776 1904
96.2776 1428
96.3582 1904
96.3582 1428
96.4388 1904
96.4388 1428
96.5193 1904
96.5193 1428
96.5999 1904
96.5999 1428
96.6804 1904
96.6804 1428
96.761 1904
96.761 1428
96.8416 1904
96.8416 1428
96.9221 1904
96.9221 1428
97.0027 1904
97.0027 1428
97.0832 1904
97.0832 1428
97.1638 1904
97.1638 1428
97.2444 1904
97.2444 1428
97.3249 1904
97.3249 1428
97.4055 1904
97.4055 1428
97.486 1904
97.486 1428
97.5666 1904
97.5666 1428
97.6472 1904
97.6472 1428
97.7277 1904
97.7277 1428
97.8083 1904
97.8083 1428
97.8888 1904
97.8888 1428
97.9698 1904
97.9698 1428
98.0512 1904
98.0512 1428
98.1326 1904
98.1326 1428
98.214 1904
98.214 1428
98.2959 1904
98.2959 1428
98.3773 1904
98.3773 1428
98.4587 1904
98.4587 1428
98.5405 1904
98.5405 1428
98.6228 1904
98.6228 1428
98.705 1904
98.705 1428
98.7877 1904
98.7877 1428
98.87 1904
98.87 1428
98.9527 1904
98.9527 1428
99.0362 1904
99.0362 1428
99.1193 1904
99.1193 1428
99.2028 1904
99.2028 1428
99.2872 1904
99.2872 1428
99.3711 1904
99.3711 1428
99.4555 1904
99.4555 1428
99.5407 1904
99.5407 1428
99.626 1904
99.626 1428
99.712 1904
99.712 1428
99.7981 1904
99.7981 1428
99.885 1904
99.885 1428
99.9719 1904
99.9719 1428
100.06 1904
100.06 1428
100.147 1904
100.147 1428
100.236 1904
100.236 1428
100.325 1904
100.325 1428
100.415 1904
100.415 1428
100.505 1904
100.505 1428
100.597 1904
100.597 1428
100.689 1904
100.689 1428
100.781 1904
100.781 1428
100.875 1904
100.875 1428
100.969 1904
100.969 1428
101.064 1904
101.064 1428
101.16 1904
101.16 1428
101.257 1904
101.257 1428
101.355 1904
101.355 1428
101.454 1904
101.454 1428
101.54 1904
101.54 1428
101.621 1904
101.621 1428
101.695 1904
101.695 1428
101.76 1904
101.76 1428
101.83 1904
101.83 1428
101.896 1904
101.896 1428
101.961 1904
101.961 1428
102.028 1904
102.028 1428
102.095 1904
102.095 1428
102.162 1904
102.162 1428
102.231 1904
102.231 1428
102.3 1904
102.3 1428
102.369 1904
102.369 1428
102.44 1904
102.44 1428
102.51 1904
102.51 1428
102.582 1904
102.582 1428
102.653 1904
102.653 1428
102.726 1904
102.726 1428
102.798 1904
102.798 1428
102.872 1904
102.872 1428
102.945 1904
102.945 1428
103.019 1904
103.019 1428
103.093 1904
103.093 1428
103.168 1904
103.168 1428
103.244 1904
103.244 1428
103.319 1904
103.319 1428
103.395 1904
103.395 1428
103.472 1904
103.472 1428
103.549 1904
103.549 1428
103.626 1904
103.626 1428
103.704 1904
103.704 1428
103.782 1904
103.782 1428
103.86 1904
103.86 1428
103.939 1904
103.939 1428
104.018 1904
104.018 1428
104.097 1904
104.097 1428
104.176 1904
104.176 1428
104.255 1904
104.255 1428
104.335 1904
104.335 1428
104.415 1904
104.415 1428
104.495 1904
104.495 1428
104.574 1904
104.574 1428
104.654 1904
104.654 1428
104.734 1904
104.734 1428
104.815 1904
104.815 1428
104.895 1904
104.895 1428
104.976 1904
104.976 1428
105.057 1904
105.057 1428
105.138 1904
105.138 1428
105.218 1904
105.218 1428
105.299 1904
105.299 1428
105.379 1904
105.379 1428
105.46 1904
105.46 1428
105.54 1904
105.54 1428
105.621 1904
105.621 1428
105.701 1904
105.701 1428
105.782 1904
105.782 1428
105.863 1904
105.863 1428
105.943 1904
105.943 1428
106.024 1904
106.024 1428
106.104 1904
106.104 1428
106.185 1904
106.185 1428
106.265 1904
106.265 1428
106.346 1904
106.346 1428
106.426 1904
106.426 1428
106.507 1904
106.507 1428
106.588 1904
106.588 1428
106.668 1904
106.668 1428
106.749 1904
106.749 1428
106.829 1904
106.829 1428
106.91 1904
106.91 1428
106.99 1904
106.99 1428
107.071 1904
107.071 1428
107.152 1904
107.152 1428
107.232 1904
107.232 1428
107.313 1904
107.313 1428
107.393 1904
107.393 1428
107.474 1904
107.474 1428
107.554 1904
107.554 1428
107.635 1904
107.635 1428
107.715 1904
107.715 1428
107.796 1904
107.796 1428
107.878 1904
107.878 1428
107.959 1904
107.959 1428
108.041 1904
108.041 1428
108.122 1904
108.122 1428
108.204 1904
108.204 1428
108.285 1904
108.285 1428
108.367 1904
108.367 1428
108.449 1904
108.449 1428
108.532 1904
108.532 1428
108.614 1904
108.614 1428
108.697 1904
108.697 1428
108.779 1904
108.779 1428
108.862 1904
108.862 1428
108.946 1904
108.946 1428
109.029 1904
109.029 1428
109.114 1904
109.114 1428
109.198 1904
109.198 1428
109.282 1904
109.282 1428
109.367 1904
109.367 1428
109.453 1904
109.453 1428
109.539 1904
109.539 1428
109.625 1904
109.625 1428
109.712 1904
109.712 1428
109.799 1904
109.799 1428
109.886 1904
109.886 1428
109.974 1904
109.974 1428
110.063 1904
110.063 1428
110.152 1904
110.152 1428
110.241 1904
110.241 1428
110.332 1904
110.332 1428
110.423 1904
110.423 1428
110.515 1904
110.515 1428
110.607 1904
110.607 1428
110.7 1904
110.7 1428
110.795 1904
110.795 1428
110.89 1904
110.89 1428
110.985 1904
110.985 1428
111.082 1904
111.082 1428
111.181 1904
111.181 1428
111.28 1904
111.28 1428
111.363 1904
111.363 1428
111.444 1904
111.444 1428
111.517 1904
111.517 1428
111.582 1904
111.582 1428
111.653 1904
111.653 1428
111.718 1904
111.718 1428
111.784 1904
111.784 1428
111.85 1904
111.85 1428
111.917 1904
111.917 1428
111.985 1904
111.985 1428
112.053 1904
112.053 1428
112.123 1904
112.123 1428
112.192 1904
112.192 1428
112.262 1904
112.262 1428
112.333 1904
112.333 1428
112.404 1904
112.404 1428
112.476 1904
112.476 1428
112.548 1904
112.548 1428
112.621 1904
112.621 1428
112.694 1904
112.694 1428
112.767 1904
112.767 1428
112.842 1904
112.842 1428
112.916 1904
112.916 1428
112.991 1904
112.991 1428
113.066 1904
113.066 1428
113.142 1904
113.142 1428
113.218 1904
113.218 1428
113.294 1904
113.294 1428
113.371 1904
113.371 1428
113.449 1904
113.449 1428
113.526 1904
113.526 1428
113.604 1904
113.604 1428
113.683 1904
113.683 1428
113.761 1904
113.761 1428
113.84 1904
113.84 1428
113.919 1904
113.919 1428
113.998 1904
113.998 1428
114.078 1904
114.078 1428
114.157 1904
114.157 1428
114.237 1904
114.237 1428
114.317 1904
114.317 1428
114.397 1904
114.397 1428
114.477 1904
114.477 1428
114.557 1904
114.557 1428
114.637 1904
114.637 1428
114.718 1904
114.718 1428
114.798 1904
114.798 1428
114.879 1904
114.879 1428
114.96 1904
114.96 1428
115.04 1904
115.04 1428
115.121 1904
115.121 1428
115.202 1904
115.202 1428
115.282 1904
115.282 1428
115.363 1904
115.363 1428
115.443 1904
115.443 1428
115.524 1904
115.524 1428
115.604 1904
115.604 1428
115.685 1904
115.685 1428
115.766 1904
115.766 1428
115.846 1904
115.846 1428
115.927 1904
115.927 1428
116.007 1904
116.007 1428
116.088 1904
116.088 1428
116.168 1904
116.168 1428
116.249 1904
116.249 1428
116.329 1904
116.329 1428
116.41 1904
116.41 1428
116.491 1904
116.491 1428
116.571 1904
116.571 1428
116.652 1904
116.652 1428
116.732 1904
116.732 1428
116.813 1904
116.813 1428
116.893 1904
116.893 1428
116.974 1904
116.974 1428
117.054 1904
117.054 1428
117.135 1904
117.135 1428
117.216 1904
117.216 1428
117.296 1904
117.296 1428
117.377 1904
117.377 1428
117.457 1904
117.457 1428
117.538 1904
117.538 1428
117.619 1904
117.619 1428
117.7 1904
117.7 1428
117.782 1904
117.782 1428
117.863 1904
117.863 1428
117.945 1904
117.945 1428
118.026 1904
118.026 1428
118.108 1904
118.108 1428
118.19 1904
118.19 1428
118.272 1904
118.272 1428
118.354 1904
118.354 1428
118.437 1904
118.437 1428
118.519 1904
118.519 1428
118.602 1904
118.602 1428
118.685 1904
118.685 1428
118.768 1904
118.768 1428
118.852 1904
118.852 1428
118.936 1904
118.936 1428
119.02 1904
119.02 1428
119.105 1904
119.105 1428
119.19 1904
119.19 1428
119.275 1904
119.275 1428
119.361 1904
119.361 1428
119.447 1904
119.447 1428
119.534 1904
119.534 1428
119.621 1904
119.621 1428
119.709 1904
119.709 1428
119.796 1904
119.796 1428
119.885 1904
119.885 1428
119.974 1904
119.974 1428
120.064 1904
120.064 1428
120.154 1904
120.154 1428
120.246 1904
120.246 1428
120.338 1904
120.338 1428
120.43 1904
120.43 1428
120.524 1904
120.524 1428
120.618 1904
120.618 1428
120.713 1904
120.713 1428
120.809 1904
120.809 1428
120.906 1904
120.906 1428
121.004 1904
121.004 1428
121.103 1904
121.103 1428
121.189 1904
121.189 1428
121.27 1904
121.27 1428
121.344 1904
121.344 1428
121.409 1904
121.409 1428
121.479 1904
121.479 1428
121.545 1904
121.545 1428
121.61 1904
121.61 1428
121.677 1904
121.677 1428
121.744 1904
121.744 1428
121.811 1904
121.811 1428
121.88 1904
121.88 1428
121.949 1904
121.949 1428
122.018 1904
122.018 1428
122.089 1904
122.089 1428
122.159 1904
122.159 1428
122.231 1904
122.231 1428
122.302 1904
122.302 1428
122.375 1904
122.375 1428
122.447 1904
122.447 1428
122.521 1904
122.521 1428
122.594 1904
122.594 1428
122.668 1904
122.668 1428
122.742 1904
122.742 1428
122.817 1904
122.817 1428
122.893 1904
122.893 1428
122.968 1904
122.968 1428
123.044 1904
123.044 1428
123.121 1904
123.121 1428
123.198 1904
123.198 1428
123.275 1904
123.275 1428
123.353 1904
123.353 1428
123.431 1904
123.431 1428
123.509 1904
123.509 1428
123.588 1904
123.588 1428
123.667 1904
123.667 1428
123.746 1904
123.746 1428
123.825 1904
123.825 1428
123.904 1904
123.904 1428
123.984 1904
123.984 1428
124.064 1904
124.064 1428
124.144 1904
124.144 1428
124.223 1904
124.223 1428
124.303 1904
124.303 1428
124.383 1904
124.383 1428
124.464 1904
124.464 1428
124.544 1904
124.544 1428
124.625 1904
124.625 1428
124.706 1904
124.706 1428
124.787 1904
124.787 1428
124.867 1904
124.867 1428
124.948 1904
124.948 1428
125.028 1904
125.028 1428
125.109 1904
125.109 1428
125.189 1904
125.189 1428
125.27 1904
125.27 1428
125.35 1904
125.35 1428
125.431 1904
125.431 1428
125.512 1904
125.512 1428
125.592 1904
125.592 1428
125.673 1904
125.673 1428
125.753 1904
125.753 1428
125.834 1904
125.834 1428
125.914 1904
125.914 1428
125.995 1904
125.995 1428
126.076 1904
126.076 1428
126.156 1904
126.156 1428
126.237 1904
126.237 1428
126.317 1904
126.317 1428
126.398 1904
126.398 1428
126.478 1904
126.478 1428
126.559 1904
126.559 1428
126.639 1904
126.639 1428
126.72 1904
126.72 1428
126.801 1904
126.801 1428
126.881 1904
126.881 1428
126.962 1904
126.962 1428
127.042 1904
127.042 1428
127.123 1904
127.123 1428
127.203 1904
127.203 1428
127.284 1904
127.284 1428
127.364 1904
127.364 1428
127.445 1904
127.445 1428
127.527 1904
127.527 1428
127.608 1904
127.608 1428
127.69 1904
127.69 1428
127.772 1904
127.772 1428
127.853 1904
127.853 1428
127.934 1904
127.934 1428
128.016 1904
128.016 1428
128.098 1904
128.098 1428
128.181 1904
128.181 1428
128.263 1904
128.263 1428
128.346 1904
128.346 1428
128.428 1904
128.428 1428
128.511 1904
128.511 1428
128.595 1904
128.595 1428
128.678 1904
128.678 1428
128.763 1904
128.763 1428
128.847 1904
128.847 1428
128.931 1904
128.931 1428
129.016 1904
129.016 1428
129.102 1904
129.102 1428
129.188 1904
129.188 1428
129.274 1904
129.274 1428
129.361 1904
129.361 1428
129.448 1904
129.448 1428
129.535 1904
129.535 1428
129.623 1904
129.623 1428
129.712 1904
129.712 1428
129.801 1904
129.801 1428
129.89 1904
129.89 1428
129.981 1904
129.981 1428
130.072 1904
130.072 1428
130.164 1904
130.164 1428
130.256 1904
130.256 1428
130.349 1904
130.349 1428
130.444 1904
130.444 1428
130.539 1904
130.539 1428
130.634 1904
130.634 1428
130.731 1904
130.731 1428
130.83 1904
130.83 1428
130.929 1904
130.929 1428
131.012 1904
131.012 1428
131.093 1904
131.093 1428
131.166 1904
131.166 1428
131.231 1904
131.231 1428
131.302 1904
131.302 1428
131.367 1904
131.367 1428
131.433 1904
131.433 1428
131.499 1904
131.499 1428
131.566 1904
131.566 1428
131.634 1904
131.634 1428
131.702 1904
131.702 1428
131.772 1904
131.772 1428
131.841 1904
131.841 1428
131.911 1904
131.911 1428
131.982 1904
131.982 1428
132.053 1904
132.053 1428
132.125 1904
132.125 1428
132.197 1904
132.197 1428
132.27 1904
132.27 1428
132.343 1904
132.343 1428
132.416 1904
132.416 1428
132.491 1904
132.491 1428
132.565 1904
132.565 1428
132.64 1904
132.64 1428
132.715 1904
132.715 1428
132.791 1904
132.791 1428
132.867 1904
132.867 1428
132.943 1904
132.943 1428
133.02 1904
133.02 1428
133.098 1904
133.098 1428
133.175 1904
133.175 1428
133.253 1904
133.253 1428
133.332 1904
133.332 1428
133.41 1904
133.41 1428
133.489 1904
133.489 1428
133.568 1904
133.568 1428
133.647 1904
133.647 1428
133.727 1904
133.727 1428
133.806 1904
133.806 1428
133.886 1904
133.886 1428
133.966 1904
133.966 1428
134.046 1904
134.046 1428
134.126 1904
134.126 1428
134.206 1904
134.206 1428
134.286 1904
134.286 1428
134.367 1904
134.367 1428
134.447 1904
134.447 1428
134.528 1904
134.528 1428
134.609 1904
134.609 1428
134.689 1904
134.689 1428
134.77 1904
134.77 1428
134.851 1904
134.851 1428
134.931 1904
134.931 1428
135.012 1904
135.012 1428
135.092 1904
135.092 1428
135.173 1904
135.173 1428
135.253 1904
135.253 1428
135.334 1904
135.334 1428
135.415 1904
135.415 1428
135.495 1904
135.495 1428
135.576 1904
135.576 1428
135.656 1904
135.656 1428
135.737 1904
135.737 1428
135.817 1904
135.817 1428
135.898 1904
135.898 1428
135.978 1904
135.978 1428
136.059 1904
136.059 1428
136.14 1904
136.14 1428
136.22 1904
136.22 1428
136.301 1904
136.301 1428
136.381 1904
136.381 1428
136.462 1904
136.462 1428
136.542 1904
136.542 1428
136.623 1904
136.623 1428
136.703 1904
136.703 1428
136.784 1904
136.784 1428
136.865 1904
136.865 1428
136.945 1904
136.945 1428
137.026 1904
137.026 1428
137.106 1904
137.106 1428
137.187 1904
137.187 1428
137.268 1904
137.268 1428
137.349 1904
137.349 1428
137.431 1904
137.431 1428
137.512 1904
137.512 1428
137.594 1904
137.594 1428
137.675 1904
137.675 1428
137.757 1904
137.757 1428
137.839 1904
137.839 1428
137.921 1904
137.921 1428
138.003 1904
138.003 1428
138.086 1904
138.086 1428
138.168 1904
138.168 1428
138.251 1904
138.251 1428
138.334 1904
138.334 1428
138.417 1904
138.417 1428
138.501 1904
138.501 1428
138.585 1904
138.585 1428
138.669 1904
138.669 1428
138.754 1904
138.754 1428
138.839 1904
138.839 1428
138.924 1904
138.924 1428
139.01 1904
139.01 1428
139.096 1904
139.096 1428
139.183 1904
139.183 1428
139.27 1904
139.27 1428
139.358 1904
139.358 1428
139.445 1904
139.445 1428
139.534 1904
139.534 1428
139.623 1904
139.623 1428
139.713 1904
139.713 1428
139.803 1904
139.803 1428
139.895 1904
139.895 1428
139.987 1904
139.987 1428
140.079 1904
140.079 1428
140.173 1904
140.173 1428
140.267 1904
140.267 1428
140.362 1904
140.362 1428
140.458 1904
140.458 1428
140.555 1904
140.555 1428
140.653 1904
140.653 1428
140.752 1904
140.752 1428
140.838 1904
140.838 1428
140.919 1904
140.919 1428
140.993 1904
140.993 1428
141.058 1904
141.058 1428
141.128 1904
141.128 1428
141.194 1904
141.194 1428
141.259 1904
141.259 1428
141.326 1904
141.326 1428
141.393 1904
141.393 1428
141.46 1904
141.46 1428
141.529 1904
141.529 1428
141.598 1904
141.598 1428
141.667 1904
141.667 1428
141.738 1904
141.738 1428
141.808 1904
141.808 1428
141.88 1904
141.88 1428
141.951 1904
141.951 1428
142.024 1904
142.024 1428
142.096 1904
142.096 1428
142.17 1904
142.17 1428
142.243 1904
142.243 1428
142.317 1904
142.317 1428
142.391 1904
142.391 1428
142.466 1904
142.466 1428
142.542 1904
142.542 1428
142.617 1904
142.617 1428
142.693 1904
142.693 1428
142.77 1904
142.77 1428
142.847 1904
142.847 1428
142.924 1904
142.924 1428
143.002 1904
143.002 1428
143.08 1904
143.08 1428
143.158 1904
143.158 1428
143.237 1904
143.237 1428
143.316 1904
143.316 1428
143.395 1904
143.395 1428
143.474 1904
143.474 1428
143.553 1904
143.553 1428
143.633 1904
143.633 1428
143.713 1904
143.713 1428
143.793 1904
143.793 1428
143.872 1904
143.872 1428
143.952 1904
143.952 1428
144.032 1904
144.032 1428
144.113 1904
144.113 1428
144.193 1904
144.193 1428
144.274 1904
144.274 1428
144.355 1904
144.355 1428
144.436 1904
144.436 1428
144.516 1904
144.516 1428
144.597 1904
144.597 1428
144.677 1904
144.677 1428
144.758 1904
144.758 1428
144.838 1904
144.838 1428
144.919 1904
144.919 1428
144.999 1904
144.999 1428
145.08 1904
145.08 1428
145.161 1904
145.161 1428
145.241 1904
145.241 1428
145.322 1904
145.322 1428
145.402 1904
145.402 1428
145.483 1904
145.483 1428
145.563 1904
145.563 1428
145.644 1904
145.644 1428
145.725 1904
145.725 1428
145.805 1904
145.805 1428
145.886 1904
145.886 1428
145.966 1904
145.966 1428
146.047 1904
146.047 1428
146.127 1904
146.127 1428
146.208 1904
146.208 1428
146.288 1904
146.288 1428
146.369 1904
146.369 1428
146.45 1904
146.45 1428
146.53 1904
146.53 1428
146.611 1904
146.611 1428
146.691 1904
146.691 1428
146.772 1904
146.772 1428
146.852 1904
146.852 1428
146.933 1904
146.933 1428
147.013 1904
147.013 1428
147.094 1904
147.094 1428
147.176 1904
147.176 1428
147.257 1904
147.257 1428
147.339 1904
147.339 1428
147.421 1904
147.421 1428
147.502 1904
147.502 1428
147.583 1904
147.583 1428
147.665 1904
147.665 1428
147.747 1904
147.747 1428
147.83 1904
147.83 1428
147.912 1904
147.912 1428
147.995 1904
147.995 1428
148.077 1904
148.077 1428
148.16 1904
148.16 1428
148.244 1904
148.244 1428
148.327 1904
148.327 1428
148.412 1904
148.412 1428
148.496 1904
148.496 1428
148.58 1904
148.58 1428
148.665 1904
148.665 1428
148.751 1904
148.751 1428
148.837 1904
148.837 1428
148.923 1904
148.923 1428
149.01 1904
149.01 1428
149.097 1904
149.097 1428
149.184 1904
149.184 1428
149.272 1904
149.272 1428
149.361 1904
149.361 1428
149.45 1904
149.45 1428
149.539 1904
149.539 1428
149.63 1904
149.63 1428
149.722 1904
149.722 1428
149.814 1904
149.814 1428
149.906 1904
149.906 1428
149.999 1904
149.999 1428
150.093 1904
150.093 1428
150.188 1904
150.188 1428
150.284 1904
150.284 1428
150.381 1904
150.381 1428
150.48 1904
150.48 1428
150.579 1904
150.579 1428
150.666 1904
150.666 1428
150.747 1904
150.747 1428
150.821 1904
150.821 1428
150.885 1904
150.885 1428
150.956 1904
150.956 1428
151.021 1904
151.021 1428
151.087 1904
151.087 1428
151.153 1904
151.153 1428
151.22 1904
151.22 1428
151.288 1904
151.288 1428
151.357 1904
151.357 1428
151.426 1904
151.426 1428
151.495 1904
151.495 1428
151.565 1904
151.565 1428
151.636 1904
151.636 1428
151.707 1904
151.707 1428
151.779 1904
151.779 1428
151.851 1904
151.851 1428
151.924 1904
151.924 1428
151.997 1904
151.997 1428
152.071 1904
152.071 1428
152.145 1904
152.145 1428
152.219 1904
152.219 1428
152.294 1904
152.294 1428
152.369 1904
152.369 1428
152.445 1904
152.445 1428
152.521 1904
152.521 1428
152.598 1904
152.598 1428
152.674 1904
152.674 1428
152.752 1904
152.752 1428
152.829 1904
152.829 1428
152.907 1904
152.907 1428
152.986 1904
152.986 1428
153.064 1904
153.064 1428
153.143 1904
153.143 1428
153.223 1904
153.223 1428
153.301 1904
153.301 1428
153.381 1904
153.381 1428
153.46 1904
153.46 1428
153.54 1904
153.54 1428
153.62 1904
153.62 1428
153.7 1904
153.7 1428
153.78 1904
153.78 1428
153.86 1904
153.86 1428
153.94 1904
153.94 1428
154.021 1904
154.021 1428
154.101 1904
154.101 1428
154.182 1904
154.182 1428
154.263 1904
154.263 1428
154.344 1904
154.344 1428
154.424 1904
154.424 1428
154.505 1904
154.505 1428
154.585 1904
154.585 1428
154.666 1904
154.666 1428
154.746 1904
154.746 1428
154.827 1904
154.827 1428
154.908 1904
154.908 1428
154.988 1904
154.988 1428
155.069 1904
155.069 1428
155.149 1904
155.149 1428
155.23 1904
155.23 1428
155.31 1904
155.31 1428
155.391 1904
155.391 1428
155.471 1904
155.471 1428
155.552 1904
155.552 1428
155.633 1904
155.633 1428
155.713 1904
155.713 1428
155.794 1904
155.794 1428
155.874 1904
155.874 1428
155.955 1904
155.955 1428
156.035 1904
156.035 1428
156.116 1904
156.116 1428
156.196 1904
156.196 1428
156.277 1904
156.277 1428
156.358 1904
156.358 1428
156.438 1904
156.438 1428
156.519 1904
156.519 1428
156.599 1904
156.599 1428
156.68 1904
156.68 1428
156.76 1904
156.76 1428
156.841 1904
156.841 1428
156.922 1904
156.922 1428
157.003 1904
157.003 1428
157.085 1904
157.085 1428
157.166 1904
157.166 1428
157.248 1904
157.248 1428
157.329 1904
157.329 1428
157.411 1904
157.411 1428
157.493 1904
157.493 1428
157.575 1904
157.575 1428
157.657 1904
157.657 1428
157.74 1904
157.74 1428
157.822 1904
157.822 1428
157.905 1904
157.905 1428
157.988 1904
157.988 1428
158.071 1904
158.071 1428
158.155 1904
158.155 1428
158.239 1904
158.239 1428
158.323 1904
158.323 1428
158.408 1904
158.408 1428
158.493 1904
158.493 1428
158.578 1904
158.578 1428
158.664 1904
158.664 1428
158.75 1904
158.75 1428
158.837 1904
158.837 1428
158.924 1904
158.924 1428
159.012 1904
159.012 1428
159.1 1904
159.1 1428
159.188 1904
159.188 1428
159.277 1904
159.277 1428
159.367 1904
159.367 1428
159.457 1904
159.457 1428
159.549 1904
159.549 1428
159.641 1904
159.641 1428
159.733 1904
159.733 1428
159.827 1904
159.827 1428
159.921 1904
159.921 1428
160.016 1904
160.016 1428
160.112 1904
160.112 1428
160.208 1904
160.208 1428
160.306 1904
160.306 1428
160.406 1904
160.406 1428
160.497 1904
160.497 1428
160.578 1904
160.578 1428
160.651 1904
160.651 1428
160.716 1904
160.716 1428
160.787 1904
160.787 1428
160.852 1904
160.852 1428
160.918 1904
160.918 1428
160.984 1904
160.984 1428
161.051 1904
161.051 1428
161.119 1904
161.119 1428
161.187 1904
161.187 1428
161.256 1904
161.256 1428
161.326 1904
161.326 1428
161.396 1904
161.396 1428
161.467 1904
161.467 1428
161.538 1904
161.538 1428
161.61 1904
161.61 1428
161.682 1904
161.682 1428
161.755 1904
161.755 1428
161.828 1904
161.828 1428
161.901 1904
161.901 1428
161.976 1904
161.976 1428
162.05 1904
162.05 1428
162.125 1904
162.125 1428
162.2 1904
162.2 1428
162.276 1904
162.276 1428
162.352 1904
162.352 1428
162.428 1904
162.428 1428
162.505 1904
162.505 1428
162.583 1904
162.583 1428
162.66 1904
162.66 1428
162.738 1904
162.738 1428
162.817 1904
162.817 1428
162.895 1904
162.895 1428
162.974 1904
162.974 1428
163.053 1904
163.053 1428
163.132 1904
163.132 1428
163.212 1904
163.212 1428
163.291 1904
163.291 1428
163.371 1904
163.371 1428
163.451 1904
163.451 1428
163.531 1904
163.531 1428
163.611 1904
163.611 1428
163.691 1904
163.691 1428
163.771 1904
163.771 1428
163.852 1904
163.852 1428
163.932 1904
163.932 1428
164.013 1904
164.013 1428
164.094 1904
164.094 1428
164.174 1904
164.174 1428
164.255 1904
164.255 1428
164.336 1904
164.336 1428
164.416 1904
164.416 1428
164.497 1904
164.497 1428
164.577 1904
164.577 1428
164.658 1904
164.658 1428
164.738 1904
164.738 1428
164.819 1904
164.819 1428
164.899 1904
164.899 1428
164.98 1904
164.98 1428
165.061 1904
165.061 1428
165.141 1904
165.141 1428
165.222 1904
165.222 1428
165.302 1904
165.302 1428
165.383 1904
165.383 1428
165.463 1904
165.463 1428
165.544 1904
165.544 1428
165.625 1904
165.625 1428
165.705 1904
165.705 1428
165.786 1904
165.786 1428
165.866 1904
165.866 1428
165.947 1904
165.947 1428
166.027 1904
166.027 1428
166.108 1904
166.108 1428
166.188 1904
166.188 1428
166.269 1904
166.269 1428
166.35 1904
166.35 1428
166.43 1904
166.43 1428
166.511 1904
166.511 1428
166.591 1904
166.591 1428
166.672 1904
166.672 1428
166.753 1904
166.753 1428
166.834 1904
166.834 1428
166.916 1904
166.916 1428
166.997 1904
166.997 1428
167.079 1904
167.079 1428
167.16 1904
167.16 1428
167.242 1904
167.242 1428
167.323 1904
167.323 1428
167.406 1904
167.406 1428
167.488 1904
167.488 1428
167.571 1904
167.571 1428
167.653 1904
167.653 1428
167.736 1904
167.736 1428
167.819 1904
167.819 1428
167.902 1904
167.902 1428
167.986 1904
167.986 1428
168.07 1904
168.07 1428
168.154 1904
168.154 1428
168.238 1904
168.238 1428
168.324 1904
168.324 1428
168.409 1904
168.409 1428
168.495 1904
168.495 1428
168.581 1904
168.581 1428
168.668 1904
168.668 1428
168.755 1904
168.755 1428
168.843 1904
168.843 1428
168.93 1904
168.93 1428
169.019 1904
169.019 1428
169.108 1904
169.108 1428
169.198 1904
169.198 1428
169.288 1904
169.288 1428
169.38 1904
169.38 1428
169.472 1904
169.472 1428
169.564 1904
169.564 1428
169.658 1904
169.658 1428
169.752 1904
169.752 1428
169.847 1904
169.847 1428
169.943 1904
169.943 1428
170.04 1904
170.04 1428
170.138 1904
170.138 1428
170.237 1904
170.237 1428
170.327 1904
170.327 1428
170.408 1904
170.408 1428
170.481 1904
170.481 1428
170.546 1904
170.546 1428
170.617 1904
170.617 1428
170.682 1904
170.682 1428
170.748 1904
170.748 1428
170.814 1904
170.814 1428
170.881 1904
170.881 1428
170.949 1904
170.949 1428
171.017 1904
171.017 1428
171.086 1904
171.086 1428
171.156 1904
171.156 1428
171.226 1904
171.226 1428
171.297 1904
171.297 1428
171.368 1904
171.368 1428
171.44 1904
171.44 1428
171.512 1904
171.512 1428
171.585 1904
171.585 1428
171.658 1904
171.658 1428
171.731 1904
171.731 1428
171.806 1904
171.806 1428
171.88 1904
171.88 1428
171.955 1904
171.955 1428
172.03 1904
172.03 1428
172.106 1904
172.106 1428
172.182 1904
172.182 1428
172.258 1904
172.258 1428
172.335 1904
172.335 1428
172.413 1904
172.413 1428
172.49 1904
172.49 1428
172.568 1904
172.568 1428
172.647 1904
172.647 1428
172.725 1904
172.725 1428
172.804 1904
172.804 1428
172.883 1904
172.883 1428
172.962 1904
172.962 1428
173.042 1904
173.042 1428
173.121 1904
173.121 1428
173.201 1904
173.201 1428
173.281 1904
173.281 1428
173.361 1904
173.361 1428
173.441 1904
173.441 1428
173.521 1904
173.521 1428
173.601 1904
173.601 1428
173.682 1904
173.682 1428
173.762 1904
173.762 1428
173.843 1904
173.843 1428
173.924 1904
173.924 1428
174.004 1904
174.004 1428
174.085 1904
174.085 1428
174.166 1904
174.166 1428
174.246 1904
174.246 1428
174.327 1904
174.327 1428
174.407 1904
174.407 1428
174.488 1904
174.488 1428
174.568 1904
174.568 1428
174.649 1904
174.649 1428
174.73 1904
174.73 1428
174.81 1904
174.81 1428
174.891 1904
174.891 1428
174.971 1904
174.971 1428
175.052 1904
175.052 1428
175.132 1904
175.132 1428
175.213 1904
175.213 1428
175.293 1904
175.293 1428
175.374 1904
175.374 1428
175.455 1904
175.455 1428
175.535 1904
175.535 1428
175.616 1904
175.616 1428
175.696 1904
175.696 1428
175.777 1904
175.777 1428
175.857 1904
175.857 1428
175.938 1904
175.938 1428
176.018 1904
176.018 1428
176.099 1904
176.099 1428
176.18 1904
176.18 1428
176.26 1904
176.26 1428
176.341 1904
176.341 1428
176.421 1904
176.421 1428
176.502 1904
176.502 1428
176.583 1904
176.583 1428
176.664 1904
176.664 1428
176.746 1904
176.746 1428
176.827 1904
176.827 1428
176.909 1904
176.909 1428
176.99 1904
176.99 1428
177.072 1904
177.072 1428
177.154 1904
177.154 1428
177.236 1904
177.236 1428
177.318 1904
177.318 1428
177.401 1904
177.401 1428
177.483 1904
177.483 1428
177.566 1904
177.566 1428
177.649 1904
177.649 1428
177.732 1904
177.732 1428
177.816 1904
177.816 1428
177.9 1904
177.9 1428
177.984 1904
177.984 1428
178.069 1904
178.069 1428
178.154 1904
178.154 1428
178.239 1904
178.239 1428
178.325 1904
178.325 1428
178.411 1904
178.411 1428
178.498 1904
178.498 1428
178.585 1904
178.585 1428
178.673 1904
178.673 1428
178.76 1904
178.76 1428
178.849 1904
178.849 1428
178.938 1904
178.938 1428
179.028 1904
179.028 1428
179.118 1904
179.118 1428
179.21 1904
179.21 1428
179.302 1904
179.302 1428
179.394 1904
179.394 1428
179.488 1904
179.488 1428
179.582 1904
179.582 1428
179.677 1904
179.677 1428
179.773 1904
179.773 1428
179.87 1904
179.87 1428
179.968 1904
179.968 1428
180.067 1904
180.067 1428
180.157 1904
180.157 1428
180.238 1904
180.238 1428
180.311 1904
180.311 1428
180.376 1904
180.376 1428
180.447 1904
180.447 1428
180.512 1904
180.512 1428
180.578 1904
180.578 1428
180.644 1904
180.644 1428
180.711 1904
180.711 1428
180.779 1904
180.779 1428
180.847 1904
180.847 1428
180.917 1904
180.917 1428
180.986 1904
180.986 1428
181.056 1904
181.056 1428
181.127 1904
181.127 1428
181.198 1904
181.198 1428
181.27 1904
181.27 1428
181.342 1904
181.342 1428
181.415 1904
181.415 1428
181.488 1904
181.488 1428
181.561 1904
181.561 1428
181.636 1904
181.636 1428
181.71 1904
181.71 1428
181.785 1904
181.785 1428
181.86 1904
181.86 1428
181.936 1904
181.936 1428
182.012 1904
182.012 1428
182.088 1904
182.088 1428
182.165 1904
182.165 1428
182.243 1904
182.243 1428
182.32 1904
182.32 1428
182.398 1904
182.398 1428
182.477 1904
182.477 1428
182.555 1904
182.555 1428
182.634 1904
182.634 1428
182.713 1904
182.713 1428
182.792 1904
182.792 1428
182.872 1904
182.872 1428
182.951 1904
182.951 1428
183.031 1904
183.031 1428
183.111 1904
183.111 1428
183.191 1904
183.191 1428
183.271 1904
183.271 1428
183.351 1904
183.351 1428
183.431 1904
183.431 1428
183.512 1904
183.512 1428
183.592 1904
183.592 1428
183.673 1904
183.673 1428
183.754 1904
183.754 1428
183.834 1904
183.834 1428
183.915 1904
183.915 1428
183.996 1904
183.996 1428
184.076 1904
184.076 1428
184.157 1904
184.157 1428
184.237 1904
184.237 1428
184.318 1904
184.318 1428
184.398 1904
184.398 1428
184.479 1904
184.479 1428
184.56 1904
184.56 1428
184.64 1904
184.64 1428
184.721 1904
184.721 1428
184.801 1904
184.801 1428
184.882 1904
184.882 1428
184.962 1904
184.962 1428
185.043 1904
185.043 1428
185.123 1904
185.123 1428
185.204 1904
185.204 1428
185.285 1904
185.285 1428
185.365 1904
185.365 1428
185.446 1904
185.446 1428
185.526 1904
185.526 1428
185.607 1904
185.607 1428
185.687 1904
185.687 1428
185.768 1904
185.768 1428
185.848 1904
185.848 1428
185.929 1904
185.929 1428
186.01 1904
186.01 1428
186.09 1904
186.09 1428
186.171 1904
186.171 1428
186.251 1904
186.251 1428
186.332 1904
186.332 1428
186.413 1904
186.413 1428
186.494 1904
186.494 1428
186.576 1904
186.576 1428
186.657 1904
186.657 1428
186.739 1904
186.739 1428
186.82 1904
186.82 1428
186.902 1904
186.902 1428
186.984 1904
186.984 1428
187.066 1904
187.066 1428
187.148 1904
187.148 1428
187.231 1904
187.231 1428
187.313 1904
187.313 1428
187.396 1904
187.396 1428
187.479 1904
187.479 1428
187.562 1904
187.562 1428
187.646 1904
187.646 1428
187.73 1904
187.73 1428
187.814 1904
187.814 1428
187.899 1904
187.899 1428
187.984 1904
187.984 1428
188.069 1904
188.069 1428
188.155 1904
188.155 1428
188.241 1904
188.241 1428
188.328 1904
188.328 1428
188.415 1904
188.415 1428
188.503 1904
188.503 1428
188.59 1904
188.59 1428
188.679 1904
188.679 1428
188.768 1904
188.768 1428
188.858 1904
188.858 1428
188.948 1904
188.948 1428
189.04 1904
189.04 1428
189.132 1904
189.132 1428
189.224 1904
189.224 1428
189.318 1904
189.318 1428
189.412 1904
189.412 1428
189.507 1904
189.507 1428
189.603 1904
189.603 1428
189.7 1904
189.7 1428
189.798 1904
189.798 1428
189.897 1904
189.897 1428
189.983 1904
189.983 1428
190.064 1904
190.064 1428
190.138 1904
190.138 1428
190.203 1904
190.203 1428
190.273 1904
190.273 1428
190.339 1904
190.339 1428
190.404 1904
190.404 1428
190.471 1904
190.471 1428
190.538 1904
190.538 1428
190.605 1904
190.605 1428
190.674 1904
190.674 1428
190.743 1904
190.743 1428
190.812 1904
190.812 1428
190.883 1904
190.883 1428
190.953 1904
190.953 1428
191.025 1904
191.025 1428
191.096 1904
191.096 1428
191.169 1904
191.169 1428
191.241 1904
191.241 1428
191.315 1904
191.315 1428
191.388 1904
191.388 1428
191.462 1904
191.462 1428
191.536 1904
191.536 1428
191.611 1904
191.611 1428
191.687 1904
191.687 1428
191.762 1904
191.762 1428
191.838 1904
191.838 1428
191.915 1904
191.915 1428
191.992 1904
191.992 1428
192.069 1904
192.069 1428
192.147 1904
192.147 1428
192.225 1904
192.225 1428
192.303 1904
192.303 1428
192.382 1904
192.382 1428
192.461 1904
192.461 1428
192.54 1904
192.54 1428
192.619 1904
192.619 1428
192.698 1904
192.698 1428
192.778 1904
192.778 1428
192.858 1904
192.858 1428
192.938 1904
192.938 1428
193.017 1904
193.017 1428
193.097 1904
193.097 1428
193.177 1904
193.177 1428
193.258 1904
193.258 1428
193.338 1904
193.338 1428
193.419 1904
193.419 1428
193.5 1904
193.5 1428
193.581 1904
193.581 1428
193.661 1904
193.661 1428
193.742 1904
193.742 1428
193.822 1904
193.822 1428
193.903 1904
193.903 1428
193.983 1904
193.983 1428
194.064 1904
194.064 1428
194.144 1904
194.144 1428
194.225 1904
194.225 1428
194.306 1904
194.306 1428
194.386 1904
194.386 1428
194.467 1904
194.467 1428
194.547 1904
194.547 1428
194.628 1904
194.628 1428
194.708 1904
194.708 1428
194.789 1904
194.789 1428
194.87 1904
194.87 1428
194.95 1904
194.95 1428
195.031 1904
195.031 1428
195.111 1904
195.111 1428
195.192 1904
195.192 1428
195.272 1904
195.272 1428
195.353 1904
195.353 1428
195.433 1904
195.433 1428
195.514 1904
195.514 1428
195.595 1904
195.595 1428
195.675 1904
195.675 1428
195.756 1904
195.756 1428
195.836 1904
195.836 1428
195.917 1904
195.917 1428
195.997 1904
195.997 1428
196.078 1904
196.078 1428
196.158 1904
196.158 1428
196.239 1904
196.239 1428
196.321 1904
196.321 1428
196.402 1904
196.402 1428
196.484 1904
196.484 1428
196.566 1904
196.566 1428
196.647 1904
196.647 1428
196.728 1904
196.728 1428
196.81 1904
196.81 1428
196.892 1904
196.892 1428
196.975 1904
196.975 1428
197.057 1904
197.057 1428
197.14 1904
197.14 1428
197.222 1904
197.222 1428
197.305 1904
197.305 1428
197.389 1904
197.389 1428
197.472 1904
197.472 1428
197.557 1904
197.557 1428
197.641 1904
197.641 1428
197.725 1904
197.725 1428
197.81 1904
197.81 1428
197.896 1904
197.896 1428
197.982 1904
197.982 1428
198.068 1904
198.068 1428
198.155 1904
198.155 1428
198.242 1904
198.242 1428
198.329 1904
198.329 1428
198.417 1904
198.417 1428
198.506 1904
198.506 1428
198.595 1904
198.595 1428
198.684 1904
198.684 1428
198.775 1904
198.775 1428
198.866 1904
198.866 1428
198.958 1904
198.958 1428
199.05 1904
199.05 1428
199.119 1904
199.119 1428
199.144 1904
199.144 1428
199.169 1904
199.169 1428
199.193 1904
199.193 1428
199.218 1904
199.218 1428
199.243 1904
199.243 1428
199.267 1904
199.267 1428
199.292 1904
199.292 1428
199.317 1904
199.317 1428
199.342 1904
199.342 1428
199.366 1904
199.366 1428
199.391 1904
199.391 1428
199.416 1904
199.416 1428
199.44 1904
199.44 1428
199.465 1904
199.465 1428
199.49 1904
199.49 1428
199.514 1904
199.514 1428
199.539 1904
199.539 1428
199.564 1904
199.564 1428
199.589 1904
199.589 1428
199.613 1904
199.613 1428
199.638 1904
199.638 1428
199.663 1904
199.663 1428
199.687 1904
199.687 1428
199.712 1904
199.712 1428
199.737 1904
199.737 1428
199.761 1904
199.761 1428
199.786 1904
199.786 1428
199.811 1904
199.811 1428
199.836 1904
199.836 1428
199.86 1904
199.86 1428
199.885 1904
199.885 1428
199.91 1904
199.91 1428
199.934 1904
199.934 1428
199.959 1904
199.959 1428
199.984 1904
199.984 1428
200.008 1904
200.008 1428
200.034 1904
200.034 1428
200.06 1904
200.06 1428
200.084 1904
200.084 1428
200.109 1904
200.109 1428
200.134 1904
200.134 1428
200.158 1904
200.158 1428
200.183 1904
200.183 1428
200.208 1904
200.208 1428
200.232 1904
200.232 1428
200.257 1904
200.257 1428
200.282 1904
200.282 1428
200.307 1904
200.307 1428
200.331 1904
200.331 1428
200.356 1904
200.356 1428
200.381 1904
200.381 1428
200.405 1904
200.405 1428
200.43 1904
200.43 1428
200.455 1904
200.455 1428
200.479 1904
200.479 1428
200.504 1904
200.504 1428
200.529 1904
200.529 1428
200.554 1904
200.554 1428
200.578 1904
200.578 1428
200.603 1904
200.603 1428
200.628 1904
200.628 1428
200.652 1904
200.652 1428
200.677 1904
200.677 1428
200.702 1904
200.702 1428
200.726 1904
200.726 1428
200.751 1904
200.751 1428
200.776 1904
200.776 1428
200.801 1904
200.801 1428
200.825 1904
200.825 1428
200.85 1904
200.85 1428
200.875 1904
200.875 1428
200.899 1904
200.899 1428
200.924 1904
200.924 1428
200.949 1904
200.949 1428
200.973 1904
200.973 1428
200.998 1904
200.998 1428
