0.010001 1 -0
0.110001 1 -0
0.210001 1 0.00418393
0.210001 2 -0
0.310001 1 0.00418393
0.310001 2 0.00418393
0.410001 1 0.110854
0.410001 2 0.00418393
0.510001 1 0.110854
0.510001 2 0.00662778
0.610001 1 0.156529
0.610001 2 0.00662778
0.710001 1 0.17964
0.710001 2 0.00868764
0.810001 1 0.203646
0.810001 2 0.00956412
0.910001 1 0.222204
0.910001 2 0.0106085
1.01 1 0.23197
1.01 2 0.0115005
1.11 1 0.248019
1.11 2 0.0120118
1.21 1 0.252759
1.21 2 0.0126697
1.31 1 0.265347
1.31 2 0.0127539
1.41 1 0.265939
1.41 2 0.0134523
1.51 1 0.277781
1.51 2 0.0134403
1.61 1 0.275844
1.61 2 0.0140129
1.71 1 0.287139
1.71 2 0.0139501
1.81 1 0.284686
1.81 2 0.0144341
1.91 1 0.294436
1.91 2 0.014235
2.01 1 0.290733
2.01 2 0.0147622
2.11 1 0.300286
2.11 2 0.0145614
2.21 1 0.295689
2.21 2 0.015025
2.31 1 0.30508
2.31 2 0.0148269
2.41 1 0.299825
2.41 2 0.0152403
2.51 1 0.30908
2.51 2 0.0149698
2.61 1 0.304055
2.61 2 0.0154198
2.71 1 0.312469
2.71 2 0.0151624
2.81 1 0.307003
2.81 2 0.0155718
2.91 1 0.315377
2.91 2 0.0153267
3.01 1 0.30956
3.01 2 0.0157022
3.11 1 0.317899
3.11 2 0.0154089
3.21 1 0.3118
3.21 2 0.0158152
3.31 1 0.320107
3.31 2 0.015537
3.41 1 0.314312
3.41 2 0.0159141
3.51 1 0.321555
3.51 2 0.0155977
3.61 1 0.31604
3.61 2 0.0160015
3.71 1 0.322848
3.71 2 0.0157009
3.81 1 0.317587
3.81 2 0.0160331
3.91 1 0.32401
3.91 2 0.0157929
4.01 1 0.325344
4.01 2 0.0161053
4.11 1 0.325482
4.11 2 0.0161486
4.21 1 0.326742
4.21 2 0.016129
4.31 1 0.326413
4.31 2 0.0162112
4.41 1 0.328007
4.41 2 0.0161899
4.51 1 0.327261
4.51 2 0.0162678
4.61 1 0.329158
4.61 2 0.0162453
4.71 1 0.328039
4.71 2 0.0163193
4.81 1 0.330209
4.81 2 0.0162603
4.91 1 0.329102
4.91 2 0.0163663
5.01 1 0.331172
5.01 2 0.0163082
5.11 1 0.329746
5.11 2 0.0164095
5.21 1 0.332059
5.21 2 0.0163523
5.31 1 0.330342
5.31 2 0.0164491
5.41 1 0.332878
5.41 2 0.0163617
5.51 1 0.330895
5.51 2 0.0164857
5.61 1 0.333636
5.61 2 0.0164006
5.71 1 0.331706
5.71 2 0.0165197
5.81 1 0.334341
5.81 2 0.0164077
5.91 1 0.332175
5.91 2 0.0165512
6.01 1 0.334997
6.01 2 0.0164424
6.11 1 0.332614
6.11 2 0.0165805
6.21 1 0.335609
6.21 2 0.0164747
6.31 1 0.333291
6.31 2 0.0166079
6.41 1 0.336182
6.41 2 0.0164789
6.51 1 0.333669
6.51 2 0.0166335
6.61 1 0.336719
6.61 2 0.0165081
6.71 1 0.334024
6.71 2 0.0166575
6.81 1 0.337224
6.81 2 0.0165356
6.91 1 0.334359
6.91 2 0.01668
7.01 1 0.337699
7.01 2 0.0165377
7.11 1 0.33491
7.11 2 0.0167013
7.21 1 0.338147
7.21 2 0.0165627
7.31 1 0.335202
7.31 2 0.0167213
7.41 1 0.338349
7.41 2 0.0165864
7.51 1 0.335479
7.51 2 0.0167402
7.61 1 0.33854
7.61 2 0.016587
7.71 1 0.335742
7.71 2 0.016737
7.81 1 0.338931
7.81 2 0.0166088
7.91 1 0.336201
7.91 2 0.0167545
8.01 1 0.339098
8.01 2 0.0167751
8.11 1 0.33971
8.11 2 0.0167712
8.21 1 0.339257
8.21 2 0.0167911
8.31 1 0.340052
8.31 2 0.0167675
8.41 1 0.339409
8.41 2 0.0168064
8.51 1 0.340377
8.51 2 0.016783
8.61 1 0.339743
8.61 2 0.016821
8.71 1 0.340687
8.71 2 0.0167792
8.81 1 0.339876
8.81 2 0.0168348
8.91 1 0.340982
8.91 2 0.0167938
9.01 1 0.340004
9.01 2 0.016848
9.11 1 0.341264
9.11 2 0.0168077
9.21 1 0.340126
9.21 2 0.0168606
9.31 1 0.341534
9.31 2 0.0168036
9.41 1 0.340416
9.41 2 0.0168727
9.51 1 0.341792
9.51 2 0.0168167
9.61 1 0.340525
9.61 2 0.0168842
9.71 1 0.342039
9.71 2 0.0168293
9.81 1 0.340629
9.81 2 0.0168952
9.91 1 0.342275
9.91 2 0.016825
10.01 1 0.340892
10.01 2 0.0169058
10.11 1 0.342502
10.11 2 0.0168369
10.21 1 0.340985
10.21 2 0.0169159
10.31 1 0.34272
10.31 2 0.0168483
10.41 1 0.34272
10.41 2 0.0169256
10.51 1 0.337164
10.51 2 0.0169256
10.61 1 0.337164
10.61 2 0.0166586
10.71 1 0.331979
10.71 2 0.0166586
10.81 1 0.331979
10.81 2 0.0164022
10.91 1 0.326838
10.91 2 0.0164022
11.01 1 0.326996
11.01 2 0.0161507
11.11 1 0.322092
11.11 2 0.0161557
11.21 1 0.322203
11.21 2 0.0159133
11.31 1 0.322203
11.31 2 0.0159187
11.41 1 0.31759
11.41 2 0.0159187
11.51 1 0.31759
11.51 2 0.0156905
11.61 1 0.313146
11.61 2 0.0156905
11.71 1 0.313146
11.71 2 0.0154708
11.81 1 0.308863
11.81 2 0.0154708
11.91 1 0.308863
11.91 2 0.0152589
12.01 1 0.304731
12.01 2 0.0152589
12.11 1 0.304731
12.11 2 0.0150546
12.21 1 0.300744
12.21 2 0.0150546
12.31 1 0.300744
12.31 2 0.0148574
12.41 1 0.296893
12.41 2 0.0148574
12.51 1 0.296893
12.51 2 0.014667
12.61 1 0.293017
12.61 2 0.014667
12.71 1 0.293172
12.71 2 0.0144758
12.81 1 0.289424
12.81 2 0.0144829
12.91 1 0.289575
12.91 2 0.0142977
13.01 1 0.285786
13.01 2 0.014305
13.11 1 0.286094
13.11 2 0.014305
13.21 1 0.286094
13.21 2 0.0141329
13.31 1 0.282725
13.31 2 0.0141329
13.41 1 0.282725
13.41 2 0.0139663
13.51 1 0.279462
13.51 2 0.0139663
13.61 1 0.279462
13.61 2 0.0138049
13.71 1 0.276301
13.71 2 0.0138049
13.81 1 0.276301
13.81 2 0.0136486
13.91 1 0.273236
13.91 2 0.0136486
14.01 1 0.273236
14.01 2 0.013497
14.11 1 0.270264
14.11 2 0.013497
14.21 1 0.270264
14.21 2 0.01335
14.31 1 0.26723
14.31 2 0.01335
14.41 1 0.26738
14.41 2 0.0131992
14.51 1 0.264411
14.51 2 0.0132074
14.61 1 0.26458
14.61 2 0.0130606
14.71 1 0.261542
14.71 2 0.0130689
14.81 1 0.261861
14.81 2 0.0130689
14.91 1 0.261861
14.91 2 0.0129344
15.01 1 0.25922
15.01 2 0.0129344
15.11 1 0.25922
15.11 2 0.0128038
15.21 1 0.256652
15.21 2 0.0128038
15.31 1 0.256652
15.31 2 0.0126768
15.41 1 0.254155
15.41 2 0.0126768
15.51 1 0.254155
15.51 2 0.0125533
15.61 1 0.251726
15.61 2 0.0125533
15.71 1 0.251726
15.71 2 0.0124332
15.81 1 0.249363
15.81 2 0.0124332
15.91 1 0.249363
15.91 2 0.0123163
16.01 1 0.247062
16.01 2 0.0123163
16.11 1 0.247062
16.11 2 0.0121939
16.21 1 0.244644
16.21 2 0.0122025
16.31 1 0.244822
16.31 2 0.012083
16.41 1 0.24232
16.41 2 0.0120917
16.51 1 0.242639
16.51 2 0.0120917
16.61 1 0.242639
16.61 2 0.0119838
16.71 1 0.240512
16.71 2 0.0119838
16.81 1 0.240512
16.81 2 0.0118786
16.91 1 0.238439
16.91 2 0.0118786
17.01 1 0.238439
17.01 2 0.011776
17.11 1 0.236417
17.11 2 0.011776
17.21 1 0.236417
17.21 2 0.011676
17.31 1 0.234445
17.31 2 0.011676
17.41 1 0.234445
17.41 2 0.0115785
17.51 1 0.232521
17.51 2 0.0115785
17.61 1 0.232521
17.61 2 0.0114834
17.71 1 0.230643
17.71 2 0.0114834
17.81 1 0.230643
17.81 2 0.0113905
17.91 1 0.22863
17.91 2 0.0113905
18.01 1 0.228809
18.01 2 0.011291
18.11 1 0.226839
18.11 2 0.0112998
18.21 1 0.227019
18.21 2 0.0112998
18.31 1 0.227019
18.31 2 0.0112112
18.41 1 0.22527
18.41 2 0.0112112
18.51 1 0.22527
18.51 2 0.0111247
18.61 1 0.223561
18.61 2 0.0111247
18.71 1 0.223561
18.71 2 0.0110402
18.81 1 0.22189
18.81 2 0.0110402
18.91 1 0.22189
18.91 2 0.0109576
19.01 1 0.220257
19.01 2 0.0109576
19.11 1 0.220257
19.11 2 0.0108768
19.21 1 0.21866
19.21 2 0.0108768
19.31 1 0.21866
19.31 2 0.0107979
19.41 1 0.217098
19.41 2 0.0107979
19.51 1 0.217098
19.51 2 0.0107206
19.61 1 0.215442
19.61 2 0.0107206
19.71 1 0.21557
19.71 2 0.0106363
19.81 1 0.213897
19.81 2 0.010645
19.91 1 0.214075
19.91 2 0.0105624
20.01 1 0.214075
20.01 2 0.0105711
20.01 3 -0
20.11 1 0.212611
20.11 2 0.0105711
20.11 3 -0
20.21 1 0.212611
20.21 2 0.0104987
20.21 3 0.00418393
20.21 4 -0
20.31 1 0.211178
20.31 2 0.0104987
20.31 3 0.00418393
20.31 4 0.00418393
20.41 1 0.211178
20.41 2 0.0104278
20.41 3 0.110854
20.41 4 0.00418393
20.51 1 0.209775
20.51 2 0.0104278
20.51 3 0.110854
20.51 4 0.00662778
20.61 1 0.209775
20.61 2 0.0103584
20.61 3 0.156529
20.61 4 0.00662778
20.71 1 0.2084
20.71 2 0.0103584
20.71 3 0.215333
20.71 4 0.00868764
20.81 1 0.2084
20.81 2 0.0102904
20.81 3 0.259514
20.81 4 0.0114442
20.91 1 0.207054
20.91 2 0.0102904
20.91 3 0.32775
20.91 4 0.0135153
21.01 1 0.207054
21.01 2 0.0102239
21.01 3 0.448128
21.01 4 0.0164762
21.11 1 0.205734
21.11 2 0.0102239
21.11 3 0.557499
21.11 4 0.0223648
21.21 1 0.205734
21.21 2 0.0101586
21.21 3 0.709459
21.21 4 0.0278663
21.31 1 0.204318
21.31 2 0.0101586
21.31 3 0.95828
21.31 4 0.0351658
21.41 1 0.204434
21.41 2 0.0100853
21.41 3 1.22647
21.41 4 0.0471819
21.51 1 0.204434
21.51 2 0.0100943
21.51 3 1.46155
21.51 4 0.0604972
21.61 1 0.202881
21.61 2 0.0100943
21.61 3 1.65717
21.61 4 0.0720864
21.71 1 0.202881
21.71 2 0.0100175
21.71 3 1.83778
21.71 4 0.081727
21.81 1 0.201708
21.81 2 0.0100175
21.81 3 1.98632
21.81 4 0.0906984
21.91 1 0.203147
21.91 2 0.00998153
21.91 3 2.10437
21.91 4 0.0980089
22.01 1 0.203486
22.01 2 0.0100573
22.01 3 2.23075
22.01 4 0.103759
22.11 1 0.204192
22.11 2 0.0100684
22.11 3 2.32684
22.11 4 0.110036
22.21 1 0.205179
22.21 2 0.0102016
22.21 3 2.41971
22.21 4 0.11481
22.31 1 0.204493
22.31 2 0.0103124
22.31 3 2.51938
22.31 4 0.119331
22.41 1 0.203457
22.41 2 0.0102831
22.41 3 2.61073
22.41 4 0.124194
22.51 1 0.202895
22.51 2 0.0102831
22.51 3 2.69316
22.51 4 0.1287
22.61 1 0.203005
22.61 2 0.0102362
22.61 3 2.76935
22.61 4 0.132829
22.71 1 0.202357
22.71 2 0.0102076
22.71 3 2.83968
22.71 4 0.13647
22.81 1 0.201805
22.81 2 0.0101746
22.81 3 2.90509
22.81 4 0.139932
22.91 1 0.201161
22.91 2 0.0101465
22.91 3 2.96598
22.91 4 0.143153
23.01 1 0.200612
23.01 2 0.0101137
23.01 3 3.02232
23.01 4 0.146152
23.11 1 0.199833
23.11 2 0.0100858
23.11 3 3.07552
23.11 4 0.14895
23.21 1 0.199208
23.21 2 0.0100462
23.21 3 3.12538
23.21 4 0.151567
23.31 1 0.199208
23.31 2 0.0100145
23.31 3 3.17467
23.31 4 0.154021
23.41 1 0.198445
23.41 2 0.0100145
23.41 3 3.21868
23.41 4 0.156446
23.51 1 0.197834
23.51 2 0.00997575
23.51 3 3.26017
23.51 4 0.158612
23.61 1 0.197086
23.61 2 0.00994465
23.61 3 3.29936
23.61 4 0.160653
23.71 1 0.196487
23.71 2 0.00990671
23.71 3 3.33643
23.71 4 0.162581
23.81 1 0.195754
23.81 2 0.00987626
23.81 3 3.37154
23.81 4 0.164404
23.91 1 0.195054
23.91 2 0.00983908
23.91 3 3.40589
23.91 4 0.166132
24.01 1 0.195168
24.01 2 0.00983908
24.01 3 3.43852
24.01 4 0.167872
24.11 1 0.194449
24.11 2 0.00980925
24.11 3 3.46857
24.11 4 0.169427
24.21 1 0.193875
24.21 2 0.00977281
24.21 3 3.49719
24.21 4 0.170905
24.31 1 0.19317
24.31 2 0.00974359
24.31 3 3.52424
24.31 4 0.172312
24.41 1 0.192608
24.41 2 0.00970786
24.41 3 3.5503
24.41 4 0.173655
24.51 1 0.192608
24.51 2 0.00967924
24.51 3 3.57699
24.51 4 0.174936
24.61 1 0.191917
24.61 2 0.00967924
24.61 3 3.60076
24.61 4 0.176248
24.71 1 0.191365
24.71 2 0.0096442
24.71 3 3.62353
24.71 4 0.177417
24.81 1 0.190688
24.81 2 0.00961615
24.81 3 3.64534
24.81 4 0.178536
24.91 1 0.190147
24.91 2 0.00958179
24.91 3 3.66627
24.91 4 0.179608
25.01 1 0.18938
25.01 2 0.0095543
25.01 3 3.68716
25.01 4 0.180637
25.11 1 0.189483
25.11 2 0.0095543
25.11 3 3.70723
25.11 4 0.181686
25.21 1 0.188953
25.21 2 0.00952059
25.21 3 3.72575
25.21 4 0.182634
25.31 1 0.188301
25.31 2 0.00949363
25.31 3 3.74358
25.31 4 0.183545
25.41 1 0.187781
25.41 2 0.00946056
25.41 3 3.76074
25.41 4 0.184422
25.51 1 0.187142
25.51 2 0.00943413
25.51 3 3.77728
25.51 4 0.185266
25.61 1 0.186524
25.61 2 0.00940168
25.61 3 3.79381
25.61 4 0.18608
25.71 1 0.186632
25.71 2 0.00940168
25.71 3 3.8099
25.71 4 0.186907
25.81 1 0.186004
25.81 2 0.00937576
25.81 3 3.82473
25.81 4 0.187691
25.91 1 0.185504
25.91 2 0.0093439
25.91 3 3.83907
25.91 4 0.18842
26.01 1 0.184888
26.01 2 0.00931848
26.01 3 3.85293
26.01 4 0.189125
26.11 1 0.184397
26.11 2 0.00928721
26.11 3 3.86633
26.11 4 0.189806
26.21 1 0.184397
26.21 2 0.00926227
26.21 3 3.8806
26.21 4 0.190465
26.31 1 0.183792
26.31 2 0.00926227
26.31 3 3.89313
26.31 4 0.191167
26.41 1 0.183311
26.41 2 0.00923156
26.41 3 3.90528
26.41 4 0.191783
26.51 1 0.182716
26.51 2 0.00920709
26.51 3 3.91705
26.51 4 0.192381
26.61 1 0.182244
26.61 2 0.00917694
26.61 3 3.92846
26.61 4 0.192959
26.71 1 0.181561
26.71 2 0.00915292
26.71 3 3.94014
26.71 4 0.19352
26.81 1 0.18166
26.81 2 0.00915292
26.81 3 3.95147
26.81 4 0.194089
26.91 1 0.181197
26.91 2 0.0091233
26.91 3 3.96189
26.91 4 0.194651
27.01 1 0.180623
27.01 2 0.00909972
27.01 3 3.97191
27.01 4 0.195164
27.11 1 0.180168
27.11 2 0.00907063
27.11 3 3.98175
27.11 4 0.195661
27.21 1 0.179605
27.21 2 0.00904749
27.21 3 3.99131
27.21 4 0.196145
27.31 1 0.179055
27.31 2 0.0090189
27.31 3 4.00117
27.31 4 0.196615
27.41 1 0.179158
27.41 2 0.0090189
27.41 3 4.01076
27.41 4 0.197095
27.51 1 0.178604
27.51 2 0.00899618
27.51 3 4.01955
27.51 4 0.19757
27.61 1 0.178165
27.61 2 0.00896809
27.61 3 4.02811
27.61 4 0.198002
27.71 1 0.177621
27.71 2 0.00894577
27.71 3 4.03645
27.71 4 0.198415
27.81 1 0.17719
27.81 2 0.00891817
27.81 3 4.04458
27.81 4 0.198825
27.91 1 0.17719
27.91 2 0.00889624
27.91 3 4.05352
27.91 4 0.199225
28.01 1 0.176655
28.01 2 0.00889624
28.01 3 4.06123
28.01 4 0.199665
28.11 1 0.176232
28.11 2 0.00886911
28.11 3 4.06875
28.11 4 0.200044
28.21 1 0.175706
28.21 2 0.00884758
28.21 3 4.07608
28.21 4 0.200413
28.31 1 0.17529
28.31 2 0.0088209
28.31 3 4.08317
28.31 4 0.200774
28.41 1 0.174678
28.41 2 0.00879974
28.41 3 4.09064
28.41 4 0.201126
28.51 1 0.174773
28.51 2 0.00879974
28.51 3 4.09793
28.51 4 0.201496
28.61 1 0.174364
28.61 2 0.00877351
28.61 3 4.10459
28.61 4 0.201852
28.71 1 0.173856
28.71 2 0.00875272
28.71 3 4.11109
28.71 4 0.202179
28.81 1 0.173454
28.81 2 0.00872693
28.81 3 4.11745
28.81 4 0.202498
28.91 1 0.172954
28.91 2 0.00870649
28.91 3 4.12366
28.91 4 0.202811
29.01 1 0.172559
29.01 2 0.00868112
29.01 3 4.12973
29.01 4 0.203116
29.11 1 0.172559
29.11 2 0.00868112
29.11 3 4.13656
29.11 4 0.203434
29.21 1 0.172067
29.21 2 0.00866104
29.21 3 4.14236
29.21 4 0.20375
29.31 1 0.171679
29.31 2 0.00863608
29.31 3 4.14803
29.31 4 0.204035
29.41 1 0.171195
29.41 2 0.00861634
29.41 3 4.15359
29.41 4 0.204314
29.51 1 0.170813
29.51 2 0.00859179
29.51 3 4.15902
29.51 4 0.204587
29.61 1 0.170813
29.61 2 0.00857238
29.61 3 4.16514
29.61 4 0.204854
29.71 1 0.170337
29.71 2 0.00857238
29.71 3 4.17034
29.71 4 0.205157
29.81 1 0.169961
29.81 2 0.00854821
29.81 3 4.17544
29.81 4 0.205413
29.91 1 0.169493
29.91 2 0.00852913
29.91 3 4.18044
29.91 4 0.205664
30.01 1 0.169124
30.01 2 0.00850535
30.01 3 4.18534
30.01 4 0.20591
30.11 1 0.168662
30.11 2 0.00848658
30.11 3 4.19014
30.11 4 0.20615
30.21 1 0.168662
30.21 2 0.00848658
30.21 3 4.19564
30.21 4 0.206403
30.31 1 0.168299
30.31 2 0.00846318
30.31 3 4.20024
30.31 4 0.206656
30.41 1 0.167864
30.41 2 0.00844472
30.41 3 4.20184
30.41 4 0.206878
30.51 1 0.167655
30.51 2 0.00842262
30.51 3 4.20184
30.51 4 0.206963
30.61 1 0.167225
30.61 2 0.00841189
30.61 3 4.12121
30.61 4 0.206963
30.71 1 0.167019
30.71 2 0.00839008
30.71 3 4.12121
30.71 4 0.20301
30.81 1 0.166589
30.81 2 0.00837952
30.81 3 4.04632
30.81 4 0.20301
30.91 1 0.166383
30.91 2 0.00835766
30.91 3 4.05199
30.91 4 0.199312
31.01 1 0.165955
31.01 2 0.00834709
31.01 3 4.05761
31.01 4 0.199594
31.11 1 0.165748
31.11 2 0.00832539
31.11 3 4.06313
31.11 4 0.19987
31.21 1 0.165321
31.21 2 0.00831475
31.21 3 4.06855
31.21 4 0.200141
31.31 1 0.165117
31.31 2 0.00829311
31.31 3 4.07388
31.31 4 0.200408
31.41 1 0.165117
31.41 2 0.00828264
31.41 3 4.07982
31.41 4 0.20067
31.51 1 0.164486
31.51 2 0.00828264
31.51 3 4.08455
31.51 4 0.200962
31.61 1 0.164486
31.61 2 0.00826084
31.61 3 4.09
31.61 4 0.201199
31.71 1 0.164062
31.71 2 0.00825052
31.71 3 4.09496
31.71 4 0.201462
31.81 1 0.163864
31.81 2 0.008229
31.81 3 4.09983
31.81 4 0.201706
31.91 1 0.163445
31.91 2 0.00821885
31.91 3 4.10462
31.91 4 0.201945
32.01 1 0.16325
32.01 2 0.00819761
32.01 3 4.10934
32.01 4 0.202181
32.11 1 0.16318
32.11 2 0.00818761
32.11 3 4.11264
32.11 4 0.202412
32.21 1 0.164295
32.21 2 0.00818337
32.21 3 4.11358
32.21 4 0.202589
32.31 1 0.164044
32.31 2 0.00823361
32.31 3 4.11806
32.31 4 0.202637
32.41 1 0.165141
32.41 2 0.00822081
32.41 3 4.11922
32.41 4 0.202855
32.51 1 0.165401
32.51 2 0.00827064
32.51 3 4.12303
32.51 4 0.2029
32.61 1 0.165985
32.61 2 0.00828689
32.61 3 4.12417
32.61 4 0.203084
32.71 1 0.166492
32.71 2 0.00831465
32.71 3 4.12721
32.71 4 0.203158
32.81 1 0.166734
32.81 2 0.00833945
32.81 3 4.12956
32.81 4 0.203289
32.91 1 0.167564
32.91 2 0.00835075
32.91 3 4.13125
32.91 4 0.203405
33.01 1 0.167634
33.01 2 0.00839129
33.01 3 4.13416
33.01 4 0.203488
33.11 1 0.168622
33.11 2 0.00839415
33.11 3 4.13518
33.11 4 0.203644
33.21 1 0.168365
33.21 2 0.00844243
33.21 3 4.13923
33.21 4 0.20368
33.31 1 0.16941
33.31 2 0.00842936
33.31 3 4.13989
33.31 4 0.203879
33.41 1 0.169665
33.41 2 0.00848486
33.41 3 4.14355
33.41 4 0.20391
33.51 1 0.170206
33.51 2 0.00849288
33.51 3 4.14446
33.51 4 0.204091
33.61 1 0.170695
33.61 2 0.0085188
33.61 3 4.14711
33.61 4 0.204136
33.71 1 0.170976
33.71 2 0.00854266
33.71 3 4.14887
33.71 4 0.204268
33.81 1 0.17171
33.81 2 0.00856025
33.81 3 4.1506
33.81 4 0.204365
33.91 1 0.17177
33.91 2 0.00859177
33.91 3 4.15318
33.91 4 0.204439
34.01 1 0.172721
34.01 2 0.00859422
34.01 3 4.154
34.01 4 0.204566
34.11 1 0.172618
34.11 2 0.00864068
34.11 3 4.15734
34.11 4 0.204605
34.21 1 0.173561
34.21 2 0.00863515
34.21 3 4.15786
34.21 4 0.204769
34.31 1 0.173377
34.31 2 0.00868122
34.31 3 4.16116
34.31 4 0.204795
34.41 1 0.174391
34.41 2 0.00868894
34.41 3 4.16187
34.41 4 0.204968
34.51 1 0.174704
34.51 2 0.0087217
34.51 3 4.16457
34.51 4 0.204991
34.61 1 0.175055
34.61 2 0.00873659
34.61 3 4.16583
34.61 4 0.205121
34.71 1 0.175677
34.71 2 0.00875324
34.71 3 4.16762
34.71 4 0.205183
34.81 1 0.175995
34.81 2 0.00878362
34.81 3 4.16911
34.81 4 0.20527
34.91 1 0.176697
34.91 2 0.00880295
34.91 3 4.17054
34.91 4 0.205345
35.01 1 0.17695
35.01 2 0.00883306
35.01 3 4.17226
35.01 4 0.205415
35.11 1 0.177705
35.11 2 0.00884502
35.11 3 4.17343
35.11 4 0.2055
35.21 1 0.177868
35.21 2 0.0088819
35.21 3 4.1756
35.21 4 0.205557
35.31 1 0.1787
35.31 2 0.00888619
35.31 3 4.17623
35.31 4 0.205665
35.41 1 0.178709
35.41 2 0.00893017
35.41 3 4.17866
35.41 4 0.205694
35.51 1 0.179685
35.51 2 0.00893427
35.51 3 4.17897
35.51 4 0.205815
35.61 1 0.179624
35.61 2 0.00897786
35.61 3 4.1816
35.61 4 0.205829
35.71 1 0.180574
35.71 2 0.00897449
35.71 3 4.18189
35.71 4 0.205958
35.81 1 0.180511
35.81 2 0.00901774
35.81 3 4.1847
35.81 4 0.205985
35.91 1 0.181471
35.91 2 0.00901469
35.91 3 4.18474
35.91 4 0.206111
36.01 1 0.181414
36.01 2 0.00906438
36.01 3 4.18727
36.01 4 0.206123
36.11 1 0.182276
36.11 2 0.00906122
36.11 3 4.18777
36.11 4 0.206247
36.21 1 0.182568
36.21 2 0.00910376
36.21 3 4.19022
36.21 4 0.20626
36.31 1 0.183145
36.31 2 0.00911761
36.31 3 4.19044
36.31 4 0.206382
36.41 1 0.183507
36.41 2 0.00914939
36.41 3 4.19263
36.41 4 0.206402
36.51 1 0.184004
36.51 2 0.00916311
36.51 3 4.1933
36.51 4 0.2065
36.61 1 0.184435
36.61 2 0.00918703
36.61 3 4.19499
36.61 4 0.206533
36.71 1 0.184783
36.71 2 0.00920809
36.71 3 4.1959
36.71 4 0.206616
36.81 1 0.185352
36.81 2 0.0092247
36.81 3 4.19729
36.81 4 0.206661
36.91 1 0.185615
36.91 2 0.00925256
36.91 3 4.19842
36.91 4 0.206729
37.01 1 0.18626
37.01 2 0.0092624
37.01 3 4.19953
37.01 4 0.206793
37.11 1 0.186468
37.11 2 0.00929651
37.11 3 4.20087
37.11 4 0.206836
37.21 1 0.187161
37.21 2 0.00930635
37.21 3 4.20173
37.21 4 0.206912
37.31 1 0.187291
37.31 2 0.00934019
37.31 3 4.20348
37.31 4 0.206944
37.41 1 0.188052
37.41 2 0.00934322
37.41 3 4.20387
37.41 4 0.207031
37.51 1 0.188044
37.51 2 0.00938359
37.51 3 4.20585
37.51 4 0.207049
37.61 1 0.188933
37.61 2 0.00938647
37.61 3 4.20594
37.61 4 0.207147
37.71 1 0.188858
37.71 2 0.0094265
37.71 3 4.20811
37.71 4 0.207151
37.81 1 0.18974
37.81 2 0.00942253
37.81 3 4.20821
37.81 4 0.207258
37.91 1 0.189664
37.91 2 0.00946895
37.91 3 4.21034
37.91 4 0.207264
38.01 1 0.190539
38.01 2 0.00946488
38.01 3 4.21044
38.01 4 0.207369
38.11 1 0.190469
38.11 2 0.0095043
38.11 3 4.21253
38.11 4 0.207372
38.21 1 0.191329
38.21 2 0.00950059
38.21 3 4.21261
38.21 4 0.207475
38.31 1 0.191258
38.31 2 0.00954587
38.31 3 4.21467
38.31 4 0.207487
38.41 1 0.192119
38.41 2 0.00954207
38.41 3 4.21474
38.41 4 0.207579
38.51 1 0.192378
38.51 2 0.00958089
38.51 3 4.21676
38.51 4 0.207583
38.61 1 0.192893
38.61 2 0.00959351
38.61 3 4.21682
38.61 4 0.207683
38.71 1 0.193216
38.71 2 0.00962162
38.71 3 4.2186
38.71 4 0.207693
38.81 1 0.193651
38.81 2 0.00963413
38.81 3 4.21905
38.81 4 0.207772
38.91 1 0.194045
38.91 2 0.00965506
38.91 3 4.22037
38.91 4 0.207794
39.01 1 0.194343
39.01 2 0.00967432
39.01 3 4.22104
39.01 4 0.20786
39.11 1 0.194865
39.11 2 0.00968858
39.11 3 4.22213
39.11 4 0.207893
39.21 1 0.195094
39.21 2 0.00971408
39.21 3 4.22299
39.21 4 0.207947
39.31 1 0.195676
39.31 2 0.00972812
39.31 3 4.22385
39.31 4 0.207988
39.41 1 0.195846
39.41 2 0.00975341
39.41 3 4.2249
39.41 4 0.208031
39.51 1 0.196479
39.51 2 0.00976136
39.51 3 4.22553
39.51 4 0.208083
39.61 1 0.196581
39.61 2 0.00979233
39.61 3 4.22677
39.61 4 0.208113
39.71 1 0.197273
39.71 2 0.00980011
39.71 3 4.22718
39.71 4 0.208173
39.81 1 0.197309
39.81 2 0.00983084
39.81 3 4.22861
39.81 4 0.208192
39.91 1 0.19806
39.91 2 0.00983226
39.91 3 4.2288
39.91 4 0.208262
40.01 1 0.19803
40.01 2 0.00986895
40.01 3 4.2304
40.01 4 0.208271
40.11 1 0.198837
40.11 2 0.00987025
40.11 3 4.23039
40.11 4 0.208351
40.21 1 0.198743
40.21 2 0.00990666
40.21 3 4.23214
40.21 4 0.208358
40.31 1 0.199545
40.31 2 0.00990174
40.31 3 4.23212
40.31 4 0.208445
40.41 1 0.19945
40.41 2 0.0099379
40.41 3 4.23387
40.41 4 0.208445
40.51 1 0.200246
40.51 2 0.00993334
40.51 3 4.23401
40.51 4 0.208531
40.61 1 0.200158
40.61 2 0.00997488
40.61 3 4.23556
40.61 4 0.20853
40.71 1 0.200887
40.71 2 0.00997025
40.71 3 4.23572
40.71 4 0.208613
40.81 1 0.20085
40.81 2 0.0100059
40.81 3 4.23722
40.81 4 0.208612
40.91 1 0.201635
40.91 2 0.0100175
40.91 3 4.23735
40.91 4 0.208695
41.01 1 0.20187
41.01 2 0.0100422
41.01 3 4.23885
41.01 4 0.208692
41.11 1 0.202329
41.11 2 0.0100537
41.11 3 4.2389
41.11 4 0.208766
41.21 1 0.202629
41.21 2 0.0100788
41.21 3 4.2389
41.21 4 0.20877
41.31 1 0.203017
41.31 2 0.0100903
41.31 3 4.19854
41.31 4 0.20877
41.41 1 0.203377
41.41 2 0.010109
41.41 3 4.19854
41.41 4 0.206792
41.51 1 0.203688
41.51 2 0.0101266
41.51 3 4.15906
41.51 4 0.206792
41.61 1 0.204096
41.61 2 0.0101446
41.61 3 4.16049
41.61 4 0.204846
41.71 1 0.204357
41.71 2 0.0101616
41.71 3 4.16118
41.71 4 0.204915
41.81 1 0.204805
41.81 2 0.0101741
41.81 3 4.16241
41.81 4 0.20495
41.91 1 0.205011
41.91 2 0.010196
41.91 3 4.16344
41.91 4 0.20501
42.01 1 0.205515
42.01 2 0.0102086
42.01 3 4.16446
42.01 4 0.20506
42.11 1 0.205659
42.11 2 0.0102304
42.11 3 4.16566
42.11 4 0.205109
42.21 1 0.206217
42.21 2 0.0102372
42.21 3 4.16648
42.21 4 0.205175
42.31 1 0.206301
42.31 2 0.0102644
42.31 3 4.16783
42.31 4 0.205207
42.41 1 0.206913
42.41 2 0.0102658
42.41 3 4.16846
42.41 4 0.205283
42.51 1 0.206945
42.51 2 0.0102982
42.51 3 4.16995
42.51 4 0.205305
42.61 1 0.207602
42.61 2 0.0102995
42.61 3 4.17038
42.61 4 0.205387
42.71 1 0.207575
42.71 2 0.0103316
42.71 3 4.17205
42.71 4 0.2054
42.81 1 0.208227
42.81 2 0.0103272
42.81 3 4.17247
42.81 4 0.205491
42.91 1 0.208199
42.91 2 0.0103646
42.91 3 4.17427
42.91 4 0.205504
43.01 1 0.208847
43.01 2 0.0103602
43.01 3 4.17452
43.01 4 0.205593
43.11 1 0.208777
43.11 2 0.0103918
43.11 3 4.17632
43.11 4 0.205611
43.21 1 0.20946
43.21 2 0.0103882
43.21 3 4.17654
43.21 4 0.205691
43.31 1 0.209446
43.31 2 0.0104196
43.31 3 4.17814
43.31 4 0.205711
43.41 1 0.210085
43.41 2 0.0104206
43.41 3 4.17852
43.41 4 0.205788
43.51 1 0.210052
43.51 2 0.0104518
43.51 3 4.18009
43.51 4 0.205799
43.61 1 0.210691
43.61 2 0.0104619
43.61 3 4.18046
43.61 4 0.205885
43.71 1 0.210952
43.71 2 0.0104839
43.71 3 4.18202
43.71 4 0.205901
43.81 1 0.211292
43.81 2 0.010494
43.81 3 4.18238
43.81 4 0.205971
43.91 1 0.211606
43.91 2 0.0105101
43.91 3 4.18373
43.91 4 0.205989
44.01 1 0.211879
44.01 2 0.0105255
44.01 3 4.18424
44.01 4 0.206056
44.11 1 0.212254
44.11 2 0.0105365
44.11 3 4.18542
44.11 4 0.20609
44.21 1 0.212482
44.21 2 0.0105567
44.21 3 4.18609
44.21 4 0.206139
44.31 1 0.212892
44.31 2 0.0105675
44.31 3 4.18709
44.31 4 0.206172
44.41 1 0.213054
44.41 2 0.0105876
44.41 3 4.18792
44.41 4 0.206221
44.51 1 0.213524
44.51 2 0.010593
44.51 3 4.18873
44.51 4 0.20627
44.61 1 0.213638
44.61 2 0.0106182
44.61 3 4.18971
44.61 4 0.2063
44.71 1 0.21415
44.71 2 0.0106235
44.71 3 4.19035
44.71 4 0.206357
44.81 1 0.214162
44.81 2 0.0106486
44.81 3 4.19163
44.81 4 0.206379
44.91 1 0.21477
44.91 2 0.0106489
44.91 3 4.19194
44.91 4 0.206442
45.01 1 0.214781
45.01 2 0.0106786
45.01 3 4.19321
45.01 4 0.206457
45.11 1 0.215384
45.11 2 0.0106789
45.11 3 4.1935
45.11 4 0.206528
45.21 1 0.215288
45.21 2 0.0107084
45.21 3 4.19505
45.21 4 0.206541
45.31 1 0.215933
45.31 2 0.0107035
45.31 3 4.19532
45.31 4 0.206611
45.41 1 0.215836
45.41 2 0.0107328
45.41 3 4.19673
45.41 4 0.206625
45.51 1 0.216492
45.51 2 0.0107329
45.51 3 4.19685
45.51 4 0.206694
45.61 1 0.21641
45.61 2 0.010762
45.61 3 4.19839
45.61 4 0.206708
45.71 1 0.217003
45.71 2 0.0107578
45.71 3 4.19866
45.71 4 0.206774
45.81 1 0.217008
45.81 2 0.0107868
45.81 3 4.19986
45.81 4 0.206788
45.91 1 0.217596
45.91 2 0.0107868
45.91 3 4.20012
45.91 4 0.206855
46.01 1 0.217786
46.01 2 0.0108155
46.01 3 4.20162
46.01 4 0.206866
46.11 1 0.218125
46.11 2 0.0108248
46.11 3 4.20185
46.11 4 0.206933
46.21 1 0.218373
46.21 2 0.010839
46.21 3 4.20304
46.21 4 0.206945
46.31 1 0.218665
46.31 2 0.0108533
46.31 3 4.20329
46.31 4 0.207003
46.41 1 0.218955
46.41 2 0.0108673
46.41 3 4.20444
46.41 4 0.207021
46.51 1 0.21915
46.51 2 0.0108815
46.51 3 4.20497
46.51 4 0.207072
46.61 1 0.219531
46.61 2 0.0108908
46.61 3 4.20581
46.61 4 0.207098
46.71 1 0.219724
46.71 2 0.0109094
46.71 3 4.20647
46.71 4 0.207139
46.81 1 0.220102
46.81 2 0.0109186
46.81 3 4.20717
46.81 4 0.207172
46.91 1 0.220192
46.91 2 0.0109371
46.91 3 4.20799
46.91 4 0.207206
47.01 1 0.220668
47.01 2 0.0109413
47.01 3 4.20851
47.01 4 0.207247
47.11 1 0.220699
47.11 2 0.0109645
47.11 3 4.20947
47.11 4 0.207272
47.21 1 0.22123
47.21 2 0.0109686
47.21 3 4.20983
47.21 4 0.207318
47.31 1 0.221225
47.31 2 0.0109917
47.31 3 4.21093
47.31 4 0.207335
47.41 1 0.221786
47.41 2 0.0109913
47.41 3 4.21113
47.41 4 0.207389
47.51 1 0.221723
47.51 2 0.0110187
47.51 3 4.21236
47.51 4 0.207399
47.61 1 0.222337
47.61 2 0.0110182
47.61 3 4.21254
47.61 4 0.20746
47.71 1 0.222232
47.71 2 0.0110454
47.71 3 4.21378
47.71 4 0.20747
47.81 1 0.222786
47.81 2 0.0110401
47.81 3 4.21395
47.81 4 0.207529
47.91 1 0.222722
47.91 2 0.0110672
47.91 3 4.21516
47.91 4 0.207538
48.01 1 0.223272
48.01 2 0.0110665
48.01 3 4.21534
48.01 4 0.207604
48.11 1 0.223238
48.11 2 0.0110935
48.11 3 4.21653
48.11 4 0.207607
48.21 1 0.223786
48.21 2 0.0110888
48.21 3 4.21671
48.21 4 0.207665
48.31 1 0.22372
48.31 2 0.0111156
48.31 3 4.21789
48.31 4 0.207674
48.41 1 0.224264
48.41 2 0.0111149
48.41 3 4.21806
48.41 4 0.207732
48.51 1 0.224495
48.51 2 0.0111415
48.51 3 4.21922
48.51 4 0.207741
48.61 1 0.224753
48.61 2 0.01115
48.61 3 4.21939
48.61 4 0.207797
48.71 1 0.225023
48.71 2 0.0111624
48.71 3 4.2204
48.71 4 0.207805
48.81 1 0.225223
48.81 2 0.0111756
48.81 3 4.2207
48.81 4 0.207855
48.91 1 0.225546
48.91 2 0.0111879
48.91 3 4.22156
48.91 4 0.207875
49.01 1 0.225713
49.01 2 0.011201
49.01 3 4.222
49.01 4 0.207912
49.11 1 0.226065
49.11 2 0.0112089
49.11 3 4.22271
49.11 4 0.207933
49.21 1 0.226175
49.21 2 0.0112261
49.21 3 4.22326
49.21 4 0.207968
49.31 1 0.22658
49.31 2 0.011234
49.31 3 4.22382
49.31 4 0.208001
49.41 1 0.226649
49.41 2 0.0112511
49.41 3 4.22452
49.41 4 0.208023
49.51 1 0.22709
49.51 2 0.0112542
49.51 3 4.22493
49.51 4 0.208057
49.61 1 0.227103
49.61 2 0.0112758
49.61 3 4.22576
49.61 4 0.208078
49.71 1 0.227596
49.71 2 0.0112748
49.71 3 4.22603
49.71 4 0.208125
49.81 1 0.227577
49.81 2 0.0113003
49.81 3 4.22698
49.81 4 0.208132
49.91 1 0.228098
49.91 2 0.0112992
49.91 3 4.22712
49.91 4 0.208183
50.01 1 0.228025
50.01 2 0.0113247
50.01 3 4.22819
50.01 4 0.208183
50.11 1 0.228542
50.11 2 0.011319
50.11 3 4.22832
50.11 4 0.208243
50.21 1 0.228484
50.21 2 0.0113488
50.21 3 4.22938
50.21 4 0.208249
50.31 1 0.228998
50.31 2 0.0113431
50.31 3 4.22951
50.31 4 0.208302
50.41 1 0.228901
50.41 2 0.0113683
50.41 3 4.23069
50.41 4 0.208307
50.51 1 0.229435
50.51 2 0.0113633
50.51 3 4.23078
50.51 4 0.208359
50.61 1 0.229391
50.61 2 0.0113884
50.61 3 4.23171
50.61 4 0.208365
50.71 1 0.229899
50.71 2 0.0113871
50.71 3 4.23182
50.71 4 0.208415
50.81 1 0.229824
50.81 2 0.0114119
50.81 3 4.23297
50.81 4 0.208415
50.91 1 0.230329
50.91 2 0.0114199
50.91 3 4.23297
50.91 4 0.208472
51.01 1 0.230544
51.01 2 0.0114353
51.01 3 4.23399
51.01 4 0.208478
51.11 1 0.230771
51.11 2 0.0114433
51.11 3 4.23409
51.11 4 0.208521
51.21 1 0.231022
51.21 2 0.0114542
51.21 3 4.23498
51.21 4 0.208532
51.31 1 0.231194
51.31 2 0.0114664
51.31 3 4.23532
51.31 4 0.20857
51.41 1 0.231495
51.41 2 0.0114732
51.41 3 4.23595
51.41 4 0.208588
51.51 1 0.231637
51.51 2 0.0114894
51.51 3 4.23631
51.51 4 0.208618
51.61 1 0.231877
51.61 2 0.0114961
51.61 3 4.23717
51.61 4 0.208641
51.71 1 0.231877
51.71 2 0.0115078
51.71 3 4.23778
51.71 4 0.208678
51.81 1 0.231187
51.81 2 0.0115078
51.81 3 4.23846
51.81 4 0.208713
51.91 1 0.231187
51.91 2 0.011476
51.91 3 4.23896
51.91 4 0.208741
52.01 1 0.230737
52.01 2 0.011476
52.01 3 4.23896
52.01 4 0.208768
52.11 1 0.231244
52.11 2 0.0114534
52.11 3 4.21218
52.11 4 0.208768
52.21 1 0.231173
52.21 2 0.011476
52.21 3 4.21218
52.21 4 0.207449
52.31 1 0.231712
52.31 2 0.0114723
52.31 3 4.18601
52.31 4 0.207449
52.41 1 0.231647
52.41 2 0.0114986
52.41 3 4.1868
52.41 4 0.206158
52.51 1 0.232163
52.51 2 0.0114952
52.51 3 4.18694
52.51 4 0.206197
52.61 1 0.232067
52.61 2 0.0115205
52.61 3 4.18816
52.61 4 0.206204
52.71 1 0.23257
52.71 2 0.0115137
52.71 3 4.18829
52.71 4 0.206265
52.81 1 0.232434
52.81 2 0.0115425
52.81 3 4.18952
52.81 4 0.20627
52.91 1 0.232981
52.91 2 0.0115356
52.91 3 4.18963
52.91 4 0.20633
53.01 1 0.232882
53.01 2 0.0115599
53.01 3 4.19084
53.01 4 0.206335
53.11 1 0.233374
53.11 2 0.0115549
53.11 3 4.19095
53.11 4 0.206394
53.21 1 0.233325
53.21 2 0.0115776
53.21 3 4.19203
53.21 4 0.206406
53.31 1 0.233786
53.31 2 0.0115763
53.31 3 4.19224
53.31 4 0.206458
53.41 1 0.233947
53.41 2 0.0115989
53.41 3 4.19343
53.41 4 0.20647
53.51 1 0.234139
53.51 2 0.0116068
53.51 3 4.19365
53.51 4 0.206522
53.61 1 0.234383
53.61 2 0.0116163
53.61 3 4.19459
53.61 4 0.206533
53.71 1 0.23453
53.71 2 0.0116279
53.71 3 4.19493
53.71 4 0.206579
53.81 1 0.234815
53.81 2 0.0116373
53.81 3 4.19574
53.81 4 0.206596
53.91 1 0.234919
53.91 2 0.0116488
53.91 3 4.19619
53.91 4 0.206635
54.01 1 0.235243
54.01 2 0.0116537
54.01 3 4.19687
54.01 4 0.206664
54.11 1 0.235271
54.11 2 0.0116696
54.11 3 4.19755
54.11 4 0.206691
54.21 1 0.235668
54.21 2 0.0116708
54.21 3 4.19799
54.21 4 0.206724
54.31 1 0.235647
54.31 2 0.0116902
54.31 3 4.19878
54.31 4 0.206746
54.41 1 0.23609
54.41 2 0.0116913
54.41 3 4.19909
54.41 4 0.206789
54.51 1 0.236034
54.51 2 0.0117107
54.51 3 4.19999
54.51 4 0.2068
54.61 1 0.236509
54.61 2 0.0117077
54.61 3 4.20017
54.61 4 0.206849
54.71 1 0.236371
54.71 2 0.0117309
54.71 3 4.2013
54.71 4 0.206854
54.81 1 0.236884
54.81 2 0.011724
54.81 3 4.20137
54.81 4 0.206909
54.91 1 0.236746
54.91 2 0.0117514
54.91 3 4.20248
54.91 4 0.206912
55.01 1 0.237271
55.01 2 0.0117445
55.01 3 4.20255
55.01 4 0.206967
55.11 1 0.237169
55.11 2 0.0117678
55.11 3 4.20366
55.11 4 0.206971
55.21 1 0.23764
55.21 2 0.0117627
55.21 3 4.20372
55.21 4 0.207025
55.31 1 0.237586
55.31 2 0.0117881
55.31 3 4.2047
55.31 4 0.207032
55.41 1 0.238029
55.41 2 0.0117829
55.41 3 4.20488
55.41 4 0.207075
55.51 1 0.237952
55.51 2 0.0118046
55.51 3 4.20585
55.51 4 0.207084
55.61 1 0.238393
55.61 2 0.0118029
55.61 3 4.20602
55.61 4 0.207137
55.71 1 0.238592
55.71 2 0.0118245
55.71 3 4.20698
55.71 4 0.207145
55.81 1 0.238762
55.81 2 0.0118319
55.81 3 4.20715
55.81 4 0.207187
55.91 1 0.238999
55.91 2 0.0118404
55.91 3 4.20799
55.91 4 0.207201
56.01 1 0.239128
56.01 2 0.0118517
56.01 3 4.20836
56.01 4 0.207237
56.11 1 0.239403
56.11 2 0.0118559
56.11 3 4.20898
56.11 4 0.207256
56.21 1 0.239445
56.21 2 0.0118713
56.21 3 4.20947
56.21 4 0.207286
56.31 1 0.239804
56.31 2 0.0118754
56.31 3 4.20997
56.31 4 0.207311
56.41 1 0.23982
56.41 2 0.0118907
56.41 3 4.21057
56.41 4 0.207334
56.51 1 0.240202
56.51 2 0.0118913
56.51 3 4.21094
56.51 4 0.207364
56.61 1 0.240171
56.61 2 0.01191
56.61 3 4.21165
56.61 4 0.207382
56.71 1 0.240597
56.71 2 0.0119106
56.71 3 4.21191
56.71 4 0.207417
56.81 1 0.240534
56.81 2 0.0119292
56.81 3 4.21271
56.81 4 0.207429
56.91 1 0.24099
56.91 2 0.0119259
56.91 3 4.21286
56.91 4 0.207469
57.01 1 0.240881
57.01 2 0.0119482
57.01 3 4.21377
57.01 4 0.207476
57.11 1 0.241379
57.11 2 0.0119449
57.11 3 4.21381
57.11 4 0.207525
57.21 1 0.241239
57.21 2 0.0119671
57.21 3 4.21482
57.21 4 0.207523
57.31 1 0.241721
57.31 2 0.01196
57.31 3 4.21484
57.31 4 0.207572
57.41 1 0.24158
57.41 2 0.0119821
57.41 3 4.21584
57.41 4 0.207579
57.51 1 0.242074
57.51 2 0.0119768
57.51 3 4.21587
57.51 4 0.207629
57.61 1 0.241969
57.61 2 0.0120007
57.61 3 4.21686
57.61 4 0.207629
57.71 1 0.242387
57.71 2 0.0119954
57.71 3 4.217
57.71 4 0.207674
57.81 1 0.24235
57.81 2 0.0120159
57.81 3 4.21777
57.81 4 0.20768
57.91 1 0.242766
57.91 2 0.0120139
57.91 3 4.2179
57.91 4 0.207723
58.01 1 0.242909
58.01 2 0.0120342
58.01 3 4.21888
58.01 4 0.207729
58.11 1 0.24306
58.11 2 0.0120413
58.11 3 4.21901
58.11 4 0.207771
58.21 1 0.243285
58.21 2 0.0120488
58.21 3 4.21977
58.21 4 0.207778
58.31 1 0.243397
58.31 2 0.0120595
58.31 3 4.22
58.31 4 0.207815
58.41 1 0.243658
58.41 2 0.012067
58.41 3 4.22064
58.41 4 0.207827
58.51 1 0.243732
58.51 2 0.0120775
58.51 3 4.22097
58.51 4 0.207858
58.61 1 0.244028
58.61 2 0.012081
58.61 3 4.2215
58.61 4 0.207874
58.71 1 0.244057
58.71 2 0.0120955
58.71 3 4.22193
58.71 4 0.207901
58.81 1 0.244395
58.81 2 0.0120989
58.81 3 4.22236
58.81 4 0.207927
58.91 1 0.244401
58.91 2 0.0121133
58.91 3 4.22289
58.91 4 0.207943
59.01 1 0.244761
59.01 2 0.0121134
59.01 3 4.22321
59.01 4 0.207969
59.11 1 0.244721
59.11 2 0.012131
59.11 3 4.22384
59.11 4 0.207985
59.21 1 0.245123
59.21 2 0.0121311
59.21 3 4.22405
59.21 4 0.208021
59.31 1 0.245054
59.31 2 0.0121486
59.31 3 4.22478
59.31 4 0.208026
59.41 1 0.245483
59.41 2 0.012145
59.41 3 4.22488
59.41 4 0.208066
59.51 1 0.24537
59.51 2 0.012166
59.51 3 4.2258
59.51 4 0.208067
59.61 1 0.24584
59.61 2 0.0121589
59.61 3 4.22571
59.61 4 0.208112
59.71 1 0.245698
59.71 2 0.0121834
59.71 3 4.22662
59.71 4 0.208112
59.81 1 0.246123
59.81 2 0.0121762
59.81 3 4.22673
59.81 4 0.208157
59.91 1 0.246016
59.91 2 0.0121971
59.91 3 4.22763
59.91 4 0.208157
60.01 1 0.246433
60.01 2 0.0121917
60.01 3 4.22762
60.01 4 0.208202
60.11 1 0.246369
60.11 2 0.0122142
60.11 3 4.22843
60.11 4 0.208201
60.21 1 0.246762
60.21 2 0.0122087
60.21 3 4.22852
60.21 4 0.208241
60.31 1 0.246676
60.31 2 0.012228
60.31 3 4.22932
60.31 4 0.208246
60.41 1 0.247068
60.41 2 0.0122257
60.41 3 4.22941
60.41 4 0.208285
60.51 1 0.247245
60.51 2 0.0122449
60.51 3 4.2302
60.51 4 0.208289
60.61 1 0.247379
60.61 2 0.0122515
60.61 3 4.23029
60.61 4 0.208329
60.71 1 0.24759
60.71 2 0.0122582
60.71 3 4.23098
60.71 4 0.208336
60.81 1 0.247687
60.81 2 0.0122682
60.81 3 4.23117
60.81 4 0.208366
60.91 1 0.247933
60.91 2 0.0122749
60.91 3 4.23175
60.91 4 0.20838
61.01 1 0.247994
61.01 2 0.0122848
61.01 3 4.23203
61.01 4 0.208403
61.11 1 0.248274
61.11 2 0.0122876
61.11 3 4.23251
61.11 4 0.208423
61.21 1 0.24827
61.21 2 0.0123013
61.21 3 4.23298
61.21 4 0.208441
61.31 1 0.248612
61.31 2 0.012301
61.31 3 4.23325
61.31 4 0.208464
61.41 1 0.248608
61.41 2 0.0123177
61.41 3 4.23372
61.41 4 0.208478
61.51 1 0.248948
61.51 2 0.0123174
61.51 3 4.234
61.51 4 0.208506
61.61 1 0.248874
61.61 2 0.012334
61.61 3 4.23466
61.61 4 0.208514
61.71 1 0.249281
61.71 2 0.0123303
61.71 3 4.23474
61.71 4 0.208547
61.81 1 0.249166
61.81 2 0.0123502
61.81 3 4.23549
61.81 4 0.208551
61.91 1 0.249613
61.91 2 0.0123464
61.91 3 4.23547
61.91 4 0.208588
62.01 1 0.24947
62.01 2 0.0123663
62.01 3 4.23631
62.01 4 0.208587
62.11 1 0.249901
62.11 2 0.0123591
62.11 3 4.23629
62.11 4 0.208628
62.21 1 0.249758
62.21 2 0.0123822
62.21 3 4.23713
62.21 4 0.208631
62.31 1 0.25021
62.31 2 0.0123751
62.31 3 4.23718
62.31 4 0.208672
62.41 1 0.250101
62.41 2 0.0123954
62.41 3 4.23718
62.41 4 0.208672
62.51 1 0.250476
62.51 2 0.0123899
62.51 3 4.21689
62.51 4 0.208672
62.61 1 0.250476
62.61 2 0.0124083
62.61 3 4.21689
62.61 4 0.207673
62.71 1 0.249846
62.71 2 0.0124083
62.71 3 4.19715
62.71 4 0.207673
62.81 1 0.249846
62.81 2 0.0123788
62.81 3 4.19767
62.81 4 0.206699
62.91 1 0.249221
62.91 2 0.0123788
62.91 3 4.19807
62.91 4 0.206726
63.01 1 0.249707
63.01 2 0.0123475
63.01 3 4.19813
63.01 4 0.206745
63.11 1 0.249576
63.11 2 0.0123699
63.11 3 4.19895
63.11 4 0.206748
63.21 1 0.249963
63.21 2 0.0123632
63.21 3 4.19911
63.21 4 0.206788
63.31 1 0.249863
63.31 2 0.0123823
63.31 3 4.19992
63.31 4 0.206795
63.41 1 0.250251
63.41 2 0.0123889
63.41 3 4.20008
63.41 4 0.206839
63.51 1 0.250424
63.51 2 0.0123979
63.51 3 4.20088
63.51 4 0.206843
63.61 1 0.250537
63.61 2 0.0124044
63.61 3 4.20103
63.61 4 0.206882
63.71 1 0.250743
63.71 2 0.0124101
63.71 3 4.20174
63.71 4 0.206889
63.81 1 0.250821
63.81 2 0.0124199
63.81 3 4.20197
63.81 4 0.206924
63.91 1 0.251059
63.91 2 0.0124255
63.91 3 4.20258
63.91 4 0.206936
64.01 1 0.251103
64.01 2 0.0124352
64.01 3 4.20291
64.01 4 0.206966
64.11 1 0.251374
64.11 2 0.0124372
64.11 3 4.20342
64.11 4 0.206986
64.21 1 0.251377
64.21 2 0.0124505
64.21 3 4.20392
64.21 4 0.207007
64.31 1 0.251686
64.31 2 0.0124492
64.31 3 4.20425
64.31 4 0.207032
64.41 1 0.251663
64.41 2 0.0124656
64.41 3 4.20476
64.41 4 0.207048
64.51 1 0.251996
64.51 2 0.0124643
64.51 3 4.20508
64.51 4 0.207078
64.61 1 0.251901
64.61 2 0.0124807
64.61 3 4.20576
64.61 4 0.207089
64.71 1 0.252305
64.71 2 0.0124762
64.71 3 4.2059
64.71 4 0.207122
64.81 1 0.252176
64.81 2 0.0124956
64.81 3 4.20666
64.81 4 0.207129
64.91 1 0.252611
64.91 2 0.0124911
64.91 3 4.20671
64.91 4 0.207166
65.01 1 0.25245
65.01 2 0.0125105
65.01 3 4.20756
65.01 4 0.207169
65.11 1 0.252915
65.11 2 0.0125024
65.11 3 4.20751
65.11 4 0.207211
65.21 1 0.252716
65.21 2 0.0125252
65.21 3 4.20844
65.21 4 0.207212
65.31 1 0.253153
65.31 2 0.0125154
65.31 3 4.20848
65.31 4 0.207259
65.41 1 0.253019
65.41 2 0.0125368
65.41 3 4.20932
65.41 4 0.207256
65.51 1 0.253416
65.51 2 0.01253
65.51 3 4.20936
65.51 4 0.207298
65.61 1 0.25332
65.61 2 0.0125513
65.61 3 4.21018
65.61 4 0.207299
65.71 1 0.253689
65.71 2 0.0125446
65.71 3 4.21023
65.71 4 0.20734
65.81 1 0.253817
65.81 2 0.0125627
65.81 3 4.21106
65.81 4 0.207342
65.91 1 0.253948
65.91 2 0.012569
65.91 3 4.21109
65.91 4 0.207382
66.01 1 0.254113
66.01 2 0.0125771
66.01 3 4.21183
66.01 4 0.207388
66.11 1 0.254212
66.11 2 0.0125833
66.11 3 4.21195
66.11 4 0.20742
66.21 1 0.254408
66.21 2 0.0125884
66.21 3 4.21259
66.21 4 0.207431
66.31 1 0.254475
66.31 2 0.0125976
66.31 3 4.2128
66.31 4 0.207458
66.41 1 0.254701
66.41 2 0.0125992
66.41 3 4.21335
66.41 4 0.207472
66.51 1 0.254697
66.51 2 0.0126118
66.51 3 4.21371
66.51 4 0.207495
66.61 1 0.254992
66.61 2 0.0126134
66.61 3 4.21409
66.61 4 0.207514
66.71 1 0.254963
66.71 2 0.012626
66.71 3 4.21455
66.71 4 0.207532
66.81 1 0.255282
66.81 2 0.0126244
66.81 3 4.21483
66.81 4 0.207554
66.91 1 0.255215
66.91 2 0.01264
66.91 3 4.21537
66.91 4 0.207568
67.01 1 0.255569
67.01 2 0.0126384
67.01 3 4.21557
67.01 4 0.207595
67.11 1 0.255471
67.11 2 0.0126539
67.11 3 4.21619
67.11 4 0.207604
67.21 1 0.255855
67.21 2 0.0126493
67.21 3 4.2163
67.21 4 0.207639
67.31 1 0.255725
67.31 2 0.0126678
67.31 3 4.217
67.31 4 0.20764
67.41 1 0.256139
67.41 2 0.0126598
67.41 3 4.21703
67.41 4 0.207679
67.51 1 0.255978
67.51 2 0.0126816
67.51 3 4.21781
67.51 4 0.207676
67.61 1 0.256384
67.61 2 0.0126736
67.61 3 4.21783
67.61 4 0.207718
67.71 1 0.256225
67.71 2 0.0126952
67.71 3 4.21869
67.71 4 0.207719
67.81 1 0.25664
67.81 2 0.0126855
67.81 3 4.21862
67.81 4 0.207758
67.91 1 0.256506
67.91 2 0.0127059
67.91 3 4.21939
67.91 4 0.207755
68.01 1 0.256883
68.01 2 0.0126991
68.01 3 4.21941
68.01 4 0.207793
68.11 1 0.256748
68.11 2 0.0127164
68.11 3 4.22018
68.11 4 0.207798
68.21 1 0.257136
68.21 2 0.0127127
68.21 3 4.22019
68.21 4 0.207834
68.31 1 0.257257
68.31 2 0.0127299
68.31 3 4.22096
68.31 4 0.207836
68.41 1 0.257345
68.41 2 0.0127358
68.41 3 4.22105
68.41 4 0.20787
68.51 1 0.257533
68.51 2 0.0127403
68.51 3 4.22165
68.51 4 0.207874
68.61 1 0.25759
68.61 2 0.0127492
68.61 3 4.22182
68.61 4 0.207903
68.71 1 0.257806
68.71 2 0.0127536
68.71 3 4.22233
68.71 4 0.207912
68.81 1 0.257832
68.81 2 0.0127624
68.81 3 4.22259
68.81 4 0.207936
68.91 1 0.258078
68.91 2 0.0127636
68.91 3 4.22301
68.91 4 0.207949
69.01 1 0.258068
69.01 2 0.0127756
69.01 3 4.22334
69.01 4 0.207969
69.11 1 0.258349
69.11 2 0.0127767
69.11 3 4.22367
69.11 4 0.20799
69.21 1 0.258314
69.21 2 0.0127887
69.21 3 4.22409
69.21 4 0.208003
69.31 1 0.258617
69.31 2 0.0127869
69.31 3 4.22434
69.31 4 0.208027
69.41 1 0.258547
69.41 2 0.0128018
69.41 3 4.22491
69.41 4 0.208035
69.51 1 0.258885
69.51 2 0.012797
69.51 3 4.225
69.51 4 0.208064
69.61 1 0.258754
69.61 2 0.0128147
69.61 3 4.22565
69.61 4 0.208068
69.71 1 0.25915
69.71 2 0.01281
69.71 3 4.22566
69.71 4 0.2081
69.81 1 0.25899
69.81 2 0.0128276
69.81 3 4.22639
69.81 4 0.2081
69.91 1 0.259414
69.91 2 0.0128196
69.91 3 4.22631
69.91 4 0.208136
70.01 1 0.259219
70.01 2 0.0128404
70.01 3 4.22712
70.01 4 0.208136
70.11 1 0.259641
70.11 2 0.0128324
70.11 3 4.22711
70.11 4 0.208175
70.21 1 0.259484
70.21 2 0.0128503
70.21 3 4.22784
70.21 4 0.208172
70.31 1 0.259879
70.31 2 0.0128436
70.31 3 4.22776
70.31 4 0.208207
70.41 1 0.259745
70.41 2 0.0128629
70.41 3 4.22847
70.41 4 0.208207
70.51 1 0.260081
70.51 2 0.0128562
70.51 3 4.22854
70.51 4 0.208242
70.61 1 0.260196
70.61 2 0.0128727
70.61 3 4.22926
70.61 4 0.208242
70.71 1 0.260304
70.71 2 0.0128783
70.71 3 4.22925
70.71 4 0.208277
70.81 1 0.260454
70.81 2 0.0128852
70.81 3 4.22988
70.81 4 0.208277
70.91 1 0.260532
70.91 2 0.0128908
70.91 3 4.22995
70.91 4 0.208308
71.01 1 0.26071
71.01 2 0.0128948
71.01 3 4.2305
71.01 4 0.208312
71.11 1 0.260758
71.11 2 0.0129033
71.11 3 4.23065
71.11 4 0.208339
71.21 1 0.260965
71.21 2 0.0129072
71.21 3 4.23112
71.21 4 0.208349
71.31 1 0.260984
71.31 2 0.0129156
71.31 3 4.23135
71.31 4 0.208368
71.41 1 0.261218
71.41 2 0.0129164
71.41 3 4.23173
71.41 4 0.208383
71.51 1 0.26118
71.51 2 0.0129279
71.51 3 4.23211
71.51 4 0.208398
71.61 1 0.26147
71.61 2 0.0129259
71.61 3 4.23234
71.61 4 0.208417
71.71 1 0.261431
71.71 2 0.0129401
71.71 3 4.23278
71.71 4 0.208428
71.81 1 0.26172
71.81 2 0.0129381
71.81 3 4.23293
71.81 4 0.208451
71.91 1 0.261618
71.91 2 0.0129522
71.91 3 4.23346
71.91 4 0.208457
72.01 1 0.261969
72.01 2 0.0129474
72.01 3 4.23353
72.01 4 0.208484
72.11 1 0.261839
72.11 2 0.0129643
72.11 3 4.23413
72.11 4 0.208487
72.21 1 0.262217
72.21 2 0.0129595
72.21 3 4.23412
72.21 4 0.208517
72.31 1 0.262058
72.31 2 0.0129763
72.31 3 4.2348
72.31 4 0.208516
72.41 1 0.262429
72.41 2 0.0129684
72.41 3 4.23478
72.41 4 0.208553
72.51 1 0.26227
72.51 2 0.0129882
72.51 3 4.23553
72.51 4 0.208549
72.61 1 0.262652
72.61 2 0.0129788
72.61 3 4.23544
72.61 4 0.208586
72.71 1 0.262518
72.71 2 0.0129974
72.71 3 4.23611
72.71 4 0.208581
72.81 1 0.262861
72.81 2 0.0129907
72.81 3 4.2361
72.81 4 0.208614
72.91 1 0.262727
72.91 2 0.0130092
72.91 3 4.23677
72.91 4 0.208616
73.01 1 0.262761
73.01 2 0.0130025
73.01 3 4.23698
73.01 4 0.208646
73.11 1 0.262155
73.11 2 0.0130025
73.11 3 4.23722
73.11 4 0.208656
73.21 1 0.262185
73.21 2 0.012986
73.21 3 4.23722
73.21 4 0.208669
73.31 1 0.261855
73.31 2 0.0129756
73.31 3 4.22111
73.31 4 0.208669
73.41 1 0.261973
73.41 2 0.0129592
73.41 3 4.22111
73.41 4 0.207876
73.51 1 0.26214
73.51 2 0.0129634
73.51 3 4.20526
73.51 4 0.207876
73.61 1 0.262185
73.61 2 0.0129717
73.61 3 4.20529
73.61 4 0.207095
73.71 1 0.262375
73.71 2 0.0129723
73.71 3 4.20578
73.71 4 0.2071
73.81 1 0.262402
73.81 2 0.012983
73.81 3 4.20605
73.81 4 0.20712
73.91 1 0.262619
73.91 2 0.0129842
73.91 3 4.20646
73.91 4 0.207137
74.01 1 0.262591
74.01 2 0.0129948
74.01 3 4.20687
74.01 4 0.207153
74.11 1 0.262858
74.11 2 0.0129932
74.11 3 4.20713
74.11 4 0.207173
74.21 1 0.26283
74.21 2 0.0130066
74.21 3 4.20761
74.21 4 0.207186
74.31 1 0.263099
74.31 2 0.0130048
74.31 3 4.2078
74.31 4 0.20721
74.41 1 0.263013
74.41 2 0.0130181
74.41 3 4.20835
74.41 4 0.207219
74.51 1 0.263339
74.51 2 0.0130136
74.51 3 4.20845
74.51 4 0.207246
74.61 1 0.263216
74.61 2 0.0130296
74.61 3 4.20908
74.61 4 0.207251
74.71 1 0.263574
74.71 2 0.0130251
74.71 3 4.20911
74.71 4 0.207282
74.81 1 0.263431
74.81 2 0.013041
74.81 3 4.2098
74.81 4 0.207283
74.91 1 0.263775
74.91 2 0.0130342
74.91 3 4.20984
74.91 4 0.207318
75.01 1 0.263638
75.01 2 0.0130524
75.01 3 4.21053
75.01 4 0.20732
75.11 1 0.263993
75.11 2 0.0130455
75.11 3 4.21056
75.11 4 0.207354
75.21 1 0.263844
75.21 2 0.0130613
75.21 3 4.21124
75.21 4 0.207355
75.31 1 0.264192
75.31 2 0.0130539
75.31 3 4.21127
75.31 4 0.207392
75.41 1 0.264043
75.41 2 0.0130725
75.41 3 4.21202
75.41 4 0.207393
75.51 1 0.264402
75.51 2 0.0130749
75.51 3 4.21198
75.51 4 0.207427
75.61 1 0.264502
75.61 2 0.0130811
75.61 3 4.21266
75.61 4 0.207425
75.71 1 0.264598
75.71 2 0.013086
75.71 3 4.21269
75.71 4 0.207458
75.81 1 0.264731
75.81 2 0.0130896
75.81 3 4.21328
75.81 4 0.207463
75.91 1 0.2648
75.91 2 0.0130971
75.91 3 4.21344
75.91 4 0.207489
76.01 1 0.264959
76.01 2 0.0131007
76.01 3 4.21391
76.01 4 0.207497
76.11 1 0.264974
76.11 2 0.0131082
76.11 3 4.21414
76.11 4 0.20752
76.21 1 0.265185
76.21 2 0.0131088
76.21 3 4.21453
76.21 4 0.207531
76.31 1 0.265168
76.31 2 0.0131191
76.31 3 4.21483
76.31 4 0.20755
76.41 1 0.26541
76.41 2 0.0131198
76.41 3 4.21514
76.41 4 0.207565
76.51 1 0.265372
76.51 2 0.0131301
76.51 3 4.21552
76.51 4 0.20758
76.61 1 0.265634
76.61 2 0.0131281
76.61 3 4.21575
76.61 4 0.207598
76.71 1 0.265564
76.71 2 0.0131409
76.71 3 4.2162
76.71 4 0.20761
76.81 1 0.265857
76.81 2 0.013139
76.81 3 4.21636
76.81 4 0.207635
76.91 1 0.265766
76.91 2 0.0131517
76.91 3 4.21687
76.91 4 0.20764
77.01 1 0.266078
77.01 2 0.0131472
77.01 3 4.21696
77.01 4 0.207668
77.11 1 0.265956
77.11 2 0.0131625
77.11 3 4.2176
77.11 4 0.207669
77.21 1 0.266298
77.21 2 0.0131557
77.21 3 4.21755
77.21 4 0.207701
77.31 1 0.266156
77.31 2 0.0131732
77.31 3 4.2182
77.31 4 0.207702
77.41 1 0.266486
77.41 2 0.0131664
77.41 3 4.21828
77.41 4 0.207734
77.51 1 0.26635
77.51 2 0.0131815
77.51 3 4.21893
77.51 4 0.207735
77.61 1 0.26669
77.61 2 0.0131742
77.61 3 4.21888
77.61 4 0.207766
77.71 1 0.266511
77.71 2 0.0131921
77.71 3 4.21959
77.71 4 0.207767
77.81 1 0.266875
77.81 2 0.0131848
77.81 3 4.2196
77.81 4 0.207799
77.91 1 0.266952
77.91 2 0.0132001
77.91 3 4.22024
77.91 4 0.207799
78.01 1 0.267071
78.01 2 0.0132049
78.01 3 4.22018
78.01 4 0.207831
78.11 1 0.267168
78.11 2 0.0132106
78.11 3 4.22082
78.11 4 0.207831
78.21 1 0.267229
78.21 2 0.0132153
78.21 3 4.2209
78.21 4 0.207859
78.31 1 0.267382
78.31 2 0.0132185
78.31 3 4.22139
78.31 4 0.207863
78.41 1 0.267418
78.41 2 0.0132257
78.41 3 4.22154
78.41 4 0.207887
78.51 1 0.267595
78.51 2 0.0132289
78.51 3 4.22196
78.51 4 0.207894
78.61 1 0.267605
78.61 2 0.0132361
78.61 3 4.22217
78.61 4 0.207915
78.71 1 0.267807
78.71 2 0.0132365
78.71 3 4.22252
78.71 4 0.207926
78.81 1 0.267786
78.81 2 0.0132464
78.81 3 4.22281
78.81 4 0.207943
78.91 1 0.268018
78.91 2 0.0132443
78.91 3 4.22309
78.91 4 0.207961
79.01 1 0.267978
79.01 2 0.0132566
79.01 3 4.22343
79.01 4 0.207971
79.11 1 0.268228
79.11 2 0.0132545
79.11 3 4.22364
79.11 4 0.207991
79.21 1 0.268137
79.21 2 0.0132668
79.21 3 4.22413
79.21 4 0.207998
79.31 1 0.268437
79.31 2 0.0132622
79.31 3 4.2242
79.31 4 0.208021
79.41 1 0.268346
79.41 2 0.0132769
79.41 3 4.22474
79.41 4 0.208025
79.51 1 0.268645
79.51 2 0.0132723
79.51 3 4.22475
79.51 4 0.208052
79.61 1 0.268504
79.61 2 0.013287
79.61 3 4.22536
79.61 4 0.208052
79.71 1 0.268851
79.71 2 0.0132803
79.71 3 4.22536
79.71 4 0.208082
79.81 1 0.268686
79.81 2 0.013297
79.81 3 4.22597
79.81 4 0.208083
79.91 1 0.269013
79.91 2 0.0132903
79.91 3 4.22597
79.91 4 0.208113
80.01 1 0.268867
80.01 2 0.0133048
80.01 3 4.22657
80.01 4 0.208112
80.11 1 0.269188
80.11 2 0.0132976
80.11 3 4.22658
80.11 4 0.208142
80.21 1 0.269041
80.21 2 0.0133148
80.21 3 4.22718
80.21 4 0.208142
80.31 1 0.269372
80.31 2 0.0133075
80.31 3 4.22718
80.31 4 0.208175
80.41 1 0.269465
80.41 2 0.0133222
80.41 3 4.22778
80.41 4 0.208172
80.51 1 0.269545
80.51 2 0.0133268
80.51 3 4.22778
80.51 4 0.208201
80.61 1 0.269667
80.61 2 0.0133321
80.61 3 4.22831
80.61 4 0.208204
80.71 1 0.269722
80.71 2 0.0133366
80.71 3 4.22837
80.71 4 0.208227
80.81 1 0.269869
80.81 2 0.0133395
80.81 3 4.22883
80.81 4 0.208233
80.91 1 0.269899
80.91 2 0.0133463
80.91 3 4.22896
80.91 4 0.208253
81.01 1 0.270069
81.01 2 0.0133465
81.01 3 4.22936
81.01 4 0.208263
81.11 1 0.270074
81.11 2 0.0133561
81.11 3 4.2296
81.11 4 0.208279
81.21 1 0.270268
81.21 2 0.0133562
81.21 3 4.22987
81.21 4 0.208291
81.31 1 0.270225
81.31 2 0.0133657
81.31 3 4.23019
81.31 4 0.208304
81.41 1 0.270466
81.41 2 0.0133635
81.41 3 4.23038
81.41 4 0.20832
81.51 1 0.270393
81.51 2 0.0133753
81.51 3 4.23077
81.51 4 0.20833
81.61 1 0.270664
81.61 2 0.0133731
81.61 3 4.2309
81.61 4 0.208348
81.71 1 0.270572
81.71 2 0.0133849
81.71 3 4.23135
81.71 4 0.208355
81.81 1 0.27086
81.81 2 0.0133803
81.81 3 4.2314
81.81 4 0.208377
81.91 1 0.270738
81.91 2 0.0133944
81.91 3 4.23192
81.91 4 0.208379
82.01 1 0.271055
82.01 2 0.0133898
82.01 3 4.23191
82.01 4 0.208408
82.11 1 0.270915
82.11 2 0.0134039
82.11 3 4.23249
82.11 4 0.208404
82.21 1 0.27122
82.21 2 0.0133972
82.21 3 4.23248
82.21 4 0.208435
82.31 1 0.271086
82.31 2 0.0134133
82.31 3 4.23305
82.31 4 0.208435
82.41 1 0.271401
82.41 2 0.0134067
82.41 3 4.23303
82.41 4 0.208463
82.51 1 0.271256
82.51 2 0.0134206
82.51 3 4.2336
82.51 4 0.20846
82.61 1 0.271564
82.61 2 0.0134134
82.61 3 4.23359
82.61 4 0.208491
82.71 1 0.271635
82.71 2 0.01343
82.71 3 4.23423
82.71 4 0.20849
82.81 1 0.271737
82.81 2 0.013432
82.81 3 4.23415
82.81 4 0.208518
82.91 1 0.271826
82.91 2 0.0134369
82.91 3 4.23472
82.91 4 0.208517
83.01 1 0.271899
83.01 2 0.0134413
83.01 3 4.23476
83.01 4 0.208542
83.11 1 0.272016
83.11 2 0.0134439
83.11 3 4.2352
83.11 4 0.208545
83.21 1 0.272042
83.21 2 0.0134505
83.21 3 4.23532
83.21 4 0.208566
83.31 1 0.272206
83.31 2 0.0134531
83.31 3 4.23568
83.31 4 0.208571
83.41 1 0.272207
83.41 2 0.0134597
83.41 3 4.23586
83.41 4 0.20859
83.51 1 0.272394
83.51 2 0.0134597
83.51 3 4.23617
83.51 4 0.208599
83.61 1 0.272366
83.61 2 0.0134689
83.61 3 4.2364
83.61 4 0.208614
83.71 1 0.272541
83.71 2 0.0134688
83.71 3 4.23677
83.71 4 0.208628
83.81 1 0.272541
83.81 2 0.0134759
83.81 3 4.23683
83.81 4 0.208643
83.91 1 0.272014
83.91 2 0.0134759
83.91 3 4.23683
83.91 4 0.208647
84.01 1 0.272014
84.01 2 0.0134513
84.01 3 4.22341
84.01 4 0.208647
84.11 1 0.27162
84.11 2 0.0134513
84.11 3 4.22341
84.11 4 0.207986
84.21 1 0.271888
84.21 2 0.0134317
84.21 3 4.21025
84.21 4 0.207986
84.31 1 0.271789
84.31 2 0.0134436
84.31 3 4.21054
84.31 4 0.207337
84.41 1 0.27207
84.41 2 0.0134388
84.41 3 4.21062
84.41 4 0.207351
84.51 1 0.271983
84.51 2 0.0134524
84.51 3 4.21112
84.51 4 0.207356
84.61 1 0.272252
84.61 2 0.0134482
84.61 3 4.21115
84.61 4 0.20738
84.71 1 0.272123
84.71 2 0.0134614
84.71 3 4.21173
84.71 4 0.207382
84.81 1 0.272414
84.81 2 0.0134548
84.81 3 4.21176
84.81 4 0.20741
84.91 1 0.272283
84.91 2 0.0134704
84.91 3 4.21234
84.91 4 0.207411
85.01 1 0.272576
85.01 2 0.0134638
85.01 3 4.21236
85.01 4 0.20744
85.11 1 0.272472
85.11 2 0.0134771
85.11 3 4.21294
85.11 4 0.207441
85.21 1 0.272737
85.21 2 0.0134719
85.21 3 4.21296
85.21 4 0.207469
85.31 1 0.272656
85.31 2 0.013486
85.31 3 4.21348
85.31 4 0.207471
85.41 1 0.272897
85.41 2 0.0134808
85.41 3 4.21356
85.41 4 0.207496
85.51 1 0.272816
85.51 2 0.0134926
85.51 3 4.21407
85.51 4 0.207502
85.61 1 0.273056
85.61 2 0.0134897
85.61 3 4.21415
85.61 4 0.207525
85.71 1 0.27317
85.71 2 0.0134995
85.71 3 4.21466
85.71 4 0.207532
85.81 1 0.27322
85.81 2 0.0135059
85.81 3 4.21474
85.81 4 0.207554
85.91 1 0.273351
85.91 2 0.0135083
85.91 3 4.21518
85.91 4 0.20756
86.01 1 0.273378
86.01 2 0.0135147
86.01 3 4.21532
86.01 4 0.20758
86.11 1 0.27353
86.11 2 0.0135148
86.11 3 4.21571
86.11 4 0.20759
86.21 1 0.273535
86.21 2 0.0135234
86.21 3 4.21596
86.21 4 0.207605
86.31 1 0.27371
86.31 2 0.0135235
86.31 3 4.21623
86.31 4 0.207619
86.41 1 0.273669
86.41 2 0.0135321
86.41 3 4.21655
86.41 4 0.207631
86.51 1 0.273888
86.51 2 0.01353
86.51 3 4.21674
86.51 4 0.207647
86.61 1 0.273825
86.61 2 0.0135407
86.61 3 4.21712
86.61 4 0.207656
86.71 1 0.274068
86.71 2 0.0135386
86.71 3 4.21726
86.71 4 0.207675
86.81 1 0.273982
86.81 2 0.0135495
86.81 3 4.21769
86.81 4 0.207682
86.91 1 0.274247
86.91 2 0.0135452
86.91 3 4.21777
86.91 4 0.207703
87.01 1 0.274136
87.01 2 0.013558
87.01 3 4.21826
87.01 4 0.207707
87.11 1 0.274425
87.11 2 0.0135538
87.11 3 4.21827
87.11 4 0.207731
87.21 1 0.274295
87.21 2 0.0135666
87.21 3 4.21882
87.21 4 0.207732
87.31 1 0.274573
87.31 2 0.0135601
87.31 3 4.21883
87.31 4 0.207759
87.41 1 0.274443
87.41 2 0.013575
87.41 3 4.21938
87.41 4 0.207762
87.51 1 0.27473
87.51 2 0.0135686
87.51 3 4.2194
87.51 4 0.207789
87.61 1 0.274627
87.61 2 0.0135813
87.61 3 4.21994
87.61 4 0.207787
87.71 1 0.274876
87.71 2 0.0135762
87.71 3 4.21995
87.71 4 0.207814
87.81 1 0.2748
87.81 2 0.0135876
87.81 3 4.22044
87.81 4 0.207817
87.91 1 0.275032
87.91 2 0.0135846
87.91 3 4.22051
87.91 4 0.20784
88.01 1 0.274945
88.01 2 0.013596
88.01 3 4.22099
88.01 4 0.207845
88.11 1 0.275165
88.11 2 0.0136003
88.11 3 4.22112
88.11 4 0.207868
88.21 1 0.275291
88.21 2 0.0136024
88.21 3 4.22154
88.21 4 0.207871
88.31 1 0.275336
88.31 2 0.0136086
88.31 3 4.2216
88.31 4 0.207892
88.41 1 0.275462
88.41 2 0.0136107
88.41 3 4.22202
88.41 4 0.207899
88.51 1 0.275463
88.51 2 0.0136169
88.51 3 4.22221
88.51 4 0.207916
88.61 1 0.275632
88.61 2 0.0136168
88.61 3 4.22251
88.61 4 0.207925
88.71 1 0.275606
88.71 2 0.0136251
88.71 3 4.22275
88.71 4 0.20794
88.81 1 0.275801
88.81 2 0.0136251
88.81 3 4.22299
88.81 4 0.207952
88.91 1 0.275758
88.91 2 0.0136333
88.91 3 4.22329
88.91 4 0.207964
89.01 1 0.275969
89.01 2 0.0136311
89.01 3 4.22347
89.01 4 0.207978
89.11 1 0.2759
89.11 2 0.0136415
89.11 3 4.22382
89.11 4 0.207987
89.21 1 0.276137
89.21 2 0.0136393
89.21 3 4.22394
89.21 4 0.208007
89.31 1 0.276051
89.31 2 0.0136496
89.31 3 4.22435
89.31 4 0.20801
89.41 1 0.276304
89.41 2 0.0136453
89.41 3 4.22442
89.41 4 0.208031
89.51 1 0.276191
89.51 2 0.0136577
89.51 3 4.22488
89.51 4 0.208034
89.61 1 0.27647
89.61 2 0.0136513
89.61 3 4.22489
89.61 4 0.20806
89.71 1 0.276341
89.71 2 0.0136657
89.71 3 4.2254
89.71 4 0.208059
89.81 1 0.276592
89.81 2 0.0136593
89.81 3 4.22546
89.81 4 0.208085
89.91 1 0.276489
89.91 2 0.0136717
89.91 3 4.22598
89.91 4 0.208086
90.01 1 0.276757
90.01 2 0.0136666
90.01 3 4.22598
90.01 4 0.208111
90.11 1 0.276654
90.11 2 0.0136797
90.11 3 4.22645
90.11 4 0.208111
90.21 1 0.276878
90.21 2 0.0136746
90.21 3 4.22651
90.21 4 0.208134
90.31 1 0.276818
90.31 2 0.0136855
90.31 3 4.22696
90.31 4 0.208137
90.41 1 0.277015
90.41 2 0.0136825
90.41 3 4.22702
90.41 4 0.208159
90.51 1 0.277126
90.51 2 0.0136934
90.51 3 4.22748
90.51 4 0.208162
90.61 1 0.277166
90.61 2 0.0136976
90.61 3 4.22754
90.61 4 0.208184
90.71 1 0.277288
90.71 2 0.0136995
90.71 3 4.22793
90.71 4 0.208187
90.81 1 0.277302
90.81 2 0.0137055
90.81 3 4.22805
90.81 4 0.208206
90.91 1 0.277449
90.91 2 0.0137073
90.91 3 4.22839
90.91 4 0.208212
91.01 1 0.277447
91.01 2 0.0137133
91.01 3 4.22855
91.01 4 0.208229
91.11 1 0.27761
91.11 2 0.0137131
91.11 3 4.22883
91.11 4 0.208237
91.21 1 0.277582
91.21 2 0.0137211
91.21 3 4.22905
91.21 4 0.208251
91.31 1 0.27777
91.31 2 0.0137209
91.31 3 4.22928
91.31 4 0.208264
91.41 1 0.277726
91.41 2 0.0137288
91.41 3 4.22955
91.41 4 0.208273
91.51 1 0.277929
91.51 2 0.0137266
91.51 3 4.22972
91.51 4 0.208289
91.61 1 0.277859
91.61 2 0.0137366
91.61 3 4.2301
91.61 4 0.208295
91.71 1 0.278088
91.71 2 0.0137323
91.71 3 4.23016
91.71 4 0.208314
91.81 1 0.278002
91.81 2 0.0137443
91.81 3 4.23055
91.81 4 0.208316
91.91 1 0.278245
91.91 2 0.01374
91.91 3 4.2306
91.91 4 0.208338
92.01 1 0.278118
92.01 2 0.0137519
92.01 3 4.2311
92.01 4 0.208338
92.11 1 0.278377
92.11 2 0.0137456
92.11 3 4.23109
92.11 4 0.208362
92.21 1 0.278249
92.21 2 0.0137595
92.21 3 4.23159
92.21 4 0.208362
92.31 1 0.278518
92.31 2 0.0137532
92.31 3 4.23158
92.31 4 0.208386
92.41 1 0.278416
92.41 2 0.0137651
92.41 3 4.23207
92.41 4 0.208386
92.51 1 0.278648
92.51 2 0.01376
92.51 3 4.23207
92.51 4 0.208411
92.61 1 0.278572
92.61 2 0.0137727
92.61 3 4.2325
92.61 4 0.208412
92.71 1 0.278788
92.71 2 0.0137676
92.71 3 4.23255
92.71 4 0.208432
92.81 1 0.278701
92.81 2 0.0137782
92.81 3 4.23299
92.81 4 0.208434
92.91 1 0.278916
92.91 2 0.0137751
92.91 3 4.23303
92.91 4 0.208458
93.01 1 0.279024
93.01 2 0.0137839
93.01 3 4.23347
93.01 4 0.20846
93.11 1 0.27906
93.11 2 0.0137897
93.11 3 4.23351
93.11 4 0.208478
93.21 1 0.279177
93.21 2 0.0137914
93.21 3 4.23389
93.21 4 0.208483
93.31 1 0.279188
93.31 2 0.0137971
93.31 3 4.23399
93.31 4 0.208499
93.41 1 0.27933
93.41 2 0.0137968
93.41 3 4.23431
93.41 4 0.208507
93.51 1 0.279325
93.51 2 0.0138045
93.51 3 4.23446
93.51 4 0.20852
93.61 1 0.279482
93.61 2 0.0138042
93.61 3 4.23472
93.61 4 0.20853
93.71 1 0.279437
93.71 2 0.0138119
93.71 3 4.23498
93.71 4 0.20854
93.81 1 0.279634
93.81 2 0.0138096
93.81 3 4.23514
93.81 4 0.208553
93.91 1 0.279563
93.91 2 0.0138193
93.91 3 4.23545
93.91 4 0.208561
94.01 1 0.279785
94.01 2 0.013817
94.01 3 4.23555
94.01 4 0.208577
94.11 1 0.279699
94.11 2 0.0138266
94.11 3 4.23592
94.11 4 0.208581
94.21 1 0.279935
94.21 2 0.0138223
94.21 3 4.23596
94.21 4 0.208599
94.31 1 0.279824
94.31 2 0.0138339
94.31 3 4.23638
94.31 4 0.208601
94.41 1 0.280084
94.41 2 0.0138296
94.41 3 4.23637
94.41 4 0.208624
94.51 1 0.279965
94.51 2 0.0138411
94.51 3 4.23676
94.51 4 0.208622
94.61 1 0.2802
94.61 2 0.0138354
94.61 3 4.23676
94.61 4 0.208642
94.71 1 0.2802
94.71 2 0.0138469
94.71 3 4.22528
94.71 4 0.208642
94.81 1 0.279721
94.81 2 0.0138469
94.81 3 4.22528
94.81 4 0.208076
94.91 1 0.279721
94.91 2 0.0138243
94.91 3 4.21394
94.91 4 0.208076
95.01 1 0.279244
95.01 2 0.0138243
95.01 3 4.21415
95.01 4 0.207517
95.11 1 0.279511
95.11 2 0.0138007
95.11 3 4.21417
95.11 4 0.207527
95.21 1 0.279421
95.21 2 0.0138137
95.21 3 4.21461
95.21 4 0.207528
95.31 1 0.279642
95.31 2 0.0138083
95.31 3 4.21468
95.31 4 0.20755
95.41 1 0.27955
95.41 2 0.0138192
95.41 3 4.21513
95.41 4 0.207553
95.51 1 0.279774
95.51 2 0.0138155
95.51 3 4.21519
95.51 4 0.207577
95.61 1 0.279873
95.61 2 0.0138265
95.61 3 4.21564
95.61 4 0.207579
95.71 1 0.279902
95.71 2 0.0138304
95.71 3 4.2157
95.71 4 0.2076
95.81 1 0.28002
95.81 2 0.0138315
95.81 3 4.21609
95.81 4 0.207603
95.91 1 0.280024
95.91 2 0.0138375
95.91 3 4.21621
95.91 4 0.207622
96.01 1 0.280167
96.01 2 0.0138386
96.01 3 4.21654
96.01 4 0.207631
96.11 1 0.280156
96.11 2 0.0138447
96.11 3 4.21671
96.11 4 0.207645
96.21 1 0.280313
96.21 2 0.0138438
96.21 3 4.21699
96.21 4 0.207655
96.31 1 0.280278
96.31 2 0.0138517
96.31 3 4.21726
96.31 4 0.207667
96.41 1 0.280459
96.41 2 0.013849
96.41 3 4.21744
96.41 4 0.20768
96.51 1 0.280408
96.51 2 0.0138588
96.51 3 4.21771
96.51 4 0.207689
96.61 1 0.280604
96.61 2 0.013856
96.61 3 4.21788
96.61 4 0.207705
96.71 1 0.280514
96.71 2 0.0138659
96.71 3 4.21826
96.71 4 0.207711
96.81 1 0.280748
96.81 2 0.0138611
96.81 3 4.21833
96.81 4 0.207729
96.91 1 0.280634
96.91 2 0.0138729
96.91 3 4.21876
96.91 4 0.207733
97.01 1 0.280892
97.01 2 0.0138681
97.01 3 4.21877
97.01 4 0.207753
97.11 1 0.280764
97.11 2 0.0138798
97.11 3 4.21925
97.11 4 0.207754
97.21 1 0.281016
97.21 2 0.0138732
97.21 3 4.21925
97.21 4 0.207778
97.31 1 0.280883
97.31 2 0.0138868
97.31 3 4.21973
97.31 4 0.207778
97.41 1 0.281139
97.41 2 0.0138802
97.41 3 4.21974
97.41 4 0.207804
97.51 1 0.28103
97.51 2 0.0138916
97.51 3 4.22022
97.51 4 0.207802
97.61 1 0.281257
97.61 2 0.0138862
97.61 3 4.22023
97.61 4 0.207826
97.71 1 0.281173
97.71 2 0.0138985
97.71 3 4.22065
97.71 4 0.207828
97.81 1 0.281384
97.81 2 0.0138931
97.81 3 4.22071
97.81 4 0.207849
97.91 1 0.281461
97.91 2 0.0139037
97.91 3 4.22118
97.91 4 0.20785
98.01 1 0.281506
98.01 2 0.0139074
98.01 3 4.22119
98.01 4 0.207873
98.11 1 0.281602
98.11 2 0.0139105
98.11 3 4.22161
98.11 4 0.207876
98.21 1 0.281627
98.21 2 0.0139143
98.21 3 4.22167
98.21 4 0.207894
98.31 1 0.281742
98.31 2 0.0139152
98.31 3 4.22204
98.31 4 0.2079
98.41 1 0.281729
98.41 2 0.0139211
98.41 3 4.2222
98.41 4 0.207915
98.51 1 0.281881
98.51 2 0.0139201
98.51 3 4.22246
98.51 4 0.207923
98.61 1 0.281844
98.61 2 0.0139278
98.61 3 4.22267
98.61 4 0.207936
98.71 1 0.28202
98.71 2 0.0139269
98.71 3 4.22288
98.71 4 0.207946
98.81 1 0.281969
98.81 2 0.0139346
98.81 3 4.22314
98.81 4 0.207956
98.91 1 0.282159
98.91 2 0.0139317
98.91 3 4.22329
98.91 4 0.207969
99.01 1 0.282083
99.01 2 0.0139413
99.01 3 4.22361
99.01 4 0.207977
99.11 1 0.282296
99.11 2 0.0139385
99.11 3 4.22371
99.11 4 0.207992
99.21 1 0.282214
99.21 2 0.013948
99.21 3 4.22395
99.21 4 0.207997
99.31 1 0.282443
99.31 2 0.0139438
99.31 3 4.22395
99.31 4 0.208017
99.41 1 0.282361
99.41 2 0.013955
99.41 3 4.21308
99.41 4 0.208017
99.51 1 0.28259
99.51 2 0.0139509
99.51 3 4.21308
99.51 4 0.208017
99.61 1 0.282486
99.61 2 0.0139622
99.61 3 4.21308
99.61 4 0.208017
99.71 1 0.282736
99.71 2 0.013958
99.71 3 4.21308
99.71 4 0.208017
99.81 1 0.282615
99.81 2 0.0139692
99.81 3 4.21308
99.81 4 0.208017
99.91 1 0.282881
99.91 2 0.0139633
99.91 3 4.21308
99.91 4 0.208017
100.01 1 0.28276
100.01 2 0.0139763
100.01 3 4.21308
100.01 4 0.208017
100.11 1 0.283005
100.11 2 0.0139705
100.11 3 4.21308
100.11 4 0.208017
100.21 1 0.282855
100.21 2 0.0139843
100.21 3 4.21308
100.21 4 0.208017
100.31 1 0.283132
100.31 2 0.0139794
100.31 3 4.21308
100.31 4 0.208017
100.41 1 0.283055
100.41 2 0.0139913
100.41 3 4.21308
100.41 4 0.208017
100.51 1 0.283255
100.51 2 0.0139864
100.51 3 4.21308
100.51 4 0.208017
100.61 1 0.283199
100.61 2 0.0139963
100.61 3 4.21308
100.61 4 0.208017
100.71 1 0.283398
100.71 2 0.0139934
100.71 3 4.21308
100.71 4 0.208017
100.81 1 0.283322
100.81 2 0.0140032
100.81 3 4.21308
100.81 4 0.208017
100.91 1 0.283521
100.91 2 0.0140003
100.91 3 4.21308
100.91 4 0.208017
