0.010001 1 -0
0.110001 1 1.74897
0.110001 2 0.0727846
0.210001 1 2.30794
0.210001 2 0.114677
0.310001 1 2.49387
0.310001 2 0.124546
0.410001 1 2.59135
0.410001 2 0.129159
0.510001 1 2.64605
0.510001 2 0.131832
0.610001 1 2.68254
0.610001 2 0.133576
0.710001 1 2.7086
0.710001 2 0.134803
0.810001 1 2.7303
0.810001 2 0.135715
0.910001 1 2.74526
0.910001 2 0.136417
1.01 1 2.75724
1.01 2 0.136976
1.11 1 2.76703
1.11 2 0.137431
1.21 1 2.7752
1.21 2 0.137809
1.31 1 2.7834
1.31 2 0.138127
1.41 1 2.78923
1.41 2 0.138399
1.51 1 2.79428
1.51 2 0.138634
1.61 1 2.7987
1.61 2 0.13884
1.71 1 2.80261
1.71 2 0.13902
1.81 1 2.80699
1.81 2 0.139181
1.91 1 2.81005
1.91 2 0.139239
2.01 1 2.8268
2.01 2 0.139372
2.11 1 2.82941
2.11 2 0.139493
2.21 1 2.83179
2.21 2 0.139529
2.31 1 2.83395
2.31 2 0.139632
2.41 1 2.83593
2.41 2 0.139659
2.51 1 2.83775
2.51 2 0.139749
2.61 1 2.83943
2.61 2 0.139831
2.71 1 2.84099
2.71 2 0.139848
2.81 1 2.84243
2.81 2 0.139921
2.91 1 2.84377
2.91 2 0.139934
3.01 1 2.84502
3.01 2 0.139999
3.11 1 2.84619
3.11 2 0.14006
3.21 1 2.84729
3.21 2 0.140067
3.31 1 2.84832
3.31 2 0.140122
3.41 1 2.84929
3.41 2 0.140127
3.51 1 2.8502
3.51 2 0.140178
3.61 1 2.85062
3.61 2 0.140225
3.71 1 2.85101
3.71 2 0.140227
3.81 1 2.85138
3.81 2 0.14027
3.91 1 2.85214
3.91 2 0.140629
4.01 1 2.85247
4.01 2 0.140661
4.11 1 2.85278
4.11 2 0.140691
4.21 1 2.85307
4.21 2 0.140719
4.31 1 2.85335
4.31 2 0.140746
4.41 1 2.85399
4.41 2 0.140772
4.51 1 2.85423
4.51 2 0.140796
4.61 1 2.85447
4.61 2 0.14082
4.71 1 2.8547
4.71 2 0.140843
4.81 1 2.85525
4.81 2 0.140864
4.91 1 2.85545
4.91 2 0.140885
5.01 1 2.85564
5.01 2 0.140905
5.11 1 2.85583
5.11 2 0.140924
5.21 1 2.85601
5.21 2 0.140942
5.31 1 2.85649
5.31 2 0.14096
5.41 1 2.85665
5.41 2 0.140977
5.51 1 2.8568
5.51 2 0.140993
5.61 1 2.85695
5.61 2 0.141009
5.71 1 2.86207
5.71 2 0.140997
5.81 1 2.8624
5.81 2 0.141012
5.91 1 2.86271
5.91 2 0.141
6.01 1 2.86302
6.01 2 0.141014
6.11 1 2.86332
6.11 2 0.141028
6.21 1 2.86361
6.21 2 0.141017
6.31 1 2.86389
6.31 2 0.14103
6.41 1 2.86416
6.41 2 0.141019
6.51 1 2.86442
6.51 2 0.141032
6.61 1 2.86467
6.61 2 0.141045
6.71 1 2.86492
6.71 2 0.141034
6.81 1 2.86516
6.81 2 0.141046
6.91 1 2.86539
6.91 2 0.141035
7.01 1 2.86561
7.01 2 0.141047
7.11 1 2.86583
7.11 2 0.141059
7.21 1 2.86604
7.21 2 0.141048
7.31 1 2.86603
7.31 2 0.14106
7.41 1 2.86624
7.41 2 0.141049
7.51 1 2.86622
7.51 2 0.14106
7.61 1 2.86621
7.61 2 0.141071
7.71 1 2.86619
7.71 2 0.141243
7.81 1 2.86618
7.81 2 0.141251
7.91 1 2.86637
7.91 2 0.141259
8.01 1 2.86635
8.01 2 0.141267
8.11 1 2.86634
8.11 2 0.141274
8.21 1 2.86632
8.21 2 0.141282
8.31 1 2.86631
8.31 2 0.141289
8.41 1 2.86649
8.41 2 0.141296
8.51 1 2.86647
8.51 2 0.141302
8.61 1 2.86646
8.61 2 0.141309
8.71 1 2.86644
8.71 2 0.141316
8.81 1 2.86643
8.81 2 0.141322
8.91 1 2.86659
8.91 2 0.141328
9.01 1 2.86658
9.01 2 0.141334
9.11 1 2.86656
9.11 2 0.14134
9.21 1 2.86654
9.21 2 0.141346
9.31 1 2.8667
9.31 2 0.141352
9.41 1 2.86668
9.41 2 0.14134
9.51 1 2.86966
9.51 2 0.141346
9.61 1 2.86978
9.61 2 0.141351
9.71 1 2.8699
9.71 2 0.141341
9.81 1 2.87001
9.81 2 0.141346
9.91 1 2.87012
9.91 2 0.141336
10.01 1 2.87023
10.01 2 0.141341
10.11 1 2.85725
10.11 2 0.140756
10.21 1 2.83441
10.21 2 0.13991
10.31 1 2.81202
10.31 2 0.138801
10.41 1 2.78992
10.41 2 0.137715
10.51 1 2.77391
10.51 2 0.13665
10.61 1 2.75272
10.61 2 0.135606
10.71 1 2.73195
10.71 2 0.134582
10.81 1 2.71157
10.81 2 0.133573
10.91 1 2.69159
10.91 2 0.132838
11.01 1 2.67198
11.01 2 0.131868
11.11 1 2.65262
11.11 2 0.130915
11.21 1 2.63854
11.21 2 0.129981
11.31 1 2.61992
11.31 2 0.129063
11.41 1 2.60164
11.41 2 0.128157
11.51 1 2.58369
11.51 2 0.127498
11.61 1 2.56607
11.61 2 0.126626
11.71 1 2.54859
11.71 2 0.125769
11.81 1 2.53597
11.81 2 0.124927
11.91 1 2.51919
11.91 2 0.1241
12.01 1 2.50269
12.01 2 0.123288
12.11 1 2.48648
12.11 2 0.122687
12.21 1 2.47055
12.21 2 0.121899
12.31 1 2.45489
12.31 2 0.121124
12.41 1 2.43918
12.41 2 0.120362
12.51 1 2.42811
12.51 2 0.119613
12.61 1 2.41315
12.61 2 0.118876
12.71 1 2.39844
12.71 2 0.118144
12.81 1 2.38397
12.81 2 0.117615
12.91 1 2.36973
12.91 2 0.116911
13.01 1 2.35556
13.01 2 0.116218
13.11 1 2.34536
13.11 2 0.115536
13.21 1 2.33174
13.21 2 0.114865
13.31 1 2.31832
13.31 2 0.114204
13.41 1 2.30512
13.41 2 0.113715
13.51 1 2.29212
13.51 2 0.113072
13.61 1 2.27932
13.61 2 0.112439
13.71 1 2.26985
13.71 2 0.111816
13.81 1 2.25739
13.81 2 0.111202
13.91 1 2.24511
13.91 2 0.110597
14.01 1 2.23302
14.01 2 0.109993
14.11 1 2.22111
14.11 2 0.10956
14.21 1 2.20937
14.21 2 0.10898
14.31 1 2.19763
14.31 2 0.108408
14.41 1 2.18923
14.41 2 0.107844
14.51 1 2.17795
14.51 2 0.107288
14.61 1 2.16684
14.61 2 0.106732
14.71 1 2.15588
14.71 2 0.106335
14.81 1 2.14507
14.81 2 0.1058
14.91 1 2.13426
14.91 2 0.105274
15.01 1 2.12652
15.01 2 0.104754
15.11 1 2.11612
15.11 2 0.104242
15.21 1 2.10586
15.21 2 0.103736
15.31 1 2.09575
15.31 2 0.103362
15.41 1 2.08577
15.41 2 0.102869
15.51 1 2.07592
15.51 2 0.102382
15.61 1 2.06588
15.61 2 0.101902
15.71 1 2.05901
15.71 2 0.101428
15.81 1 2.04952
15.81 2 0.10096
15.91 1 2.04015
15.91 2 0.10049
16.01 1 2.03091
16.01 2 0.100157
16.11 1 2.02178
16.11 2 0.0997056
16.21 1 2.01259
16.21 2 0.0992604
16.31 1 2.00609
16.31 2 0.0988208
16.41 1 1.99728
16.41 2 0.0983869
16.51 1 1.98859
16.51 2 0.0979584
16.61 1 1.98
16.61 2 0.0976405
16.71 1 1.97152
16.71 2 0.0972214
16.81 1 1.96314
16.81 2 0.0968075
16.91 1 1.95693
16.91 2 0.0963986
17.01 1 1.94873
17.01 2 0.0959948
17.11 1 1.94064
17.11 2 0.0955959
17.21 1 1.93264
17.21 2 0.0951928
17.31 1 1.92473
17.31 2 0.0949094
17.41 1 1.91693
17.41 2 0.0945235
17.51 1 1.90903
17.51 2 0.0941423
17.61 1 1.90349
17.61 2 0.0937656
17.71 1 1.89593
17.71 2 0.0933933
17.81 1 1.88846
17.81 2 0.0930163
17.91 1 1.88108
17.91 2 0.0927522
18.01 1 1.87378
18.01 2 0.0923917
18.11 1 1.86644
18.11 2 0.0920354
18.21 1 1.86122
18.21 2 0.0916831
18.31 1 1.85415
18.31 2 0.0913348
18.41 1 1.84716
18.41 2 0.0909905
18.51 1 1.84025
18.51 2 0.0907348
18.61 1 1.83342
18.61 2 0.0903973
18.71 1 1.82666
18.71 2 0.0900635
18.81 1 1.81967
18.81 2 0.0897334
18.91 1 1.81502
18.91 2 0.0894069
19.01 1 1.80846
19.01 2 0.089084
19.11 1 1.80198
19.11 2 0.0887557
19.21 1 1.79557
19.21 2 0.0885274
19.31 1 1.78923
19.31 2 0.088214
19.41 1 1.78277
19.41 2 0.087904
19.51 1 1.77829
19.51 2 0.0875974
19.61 1 1.77213
19.61 2 0.087294
19.71 1 1.76604
19.71 2 0.0869937
19.81 1 1.76001
19.81 2 0.0867707
19.91 1 1.75404
19.91 2 0.086476
20.01 1 1.74814
20.01 2 0.0861843
20.01 3 -0
20.11 1 1.74355
20.11 2 0.0858858
20.11 3 1.74897
20.11 4 0.0727846
20.21 1 1.73784
20.21 2 0.0856044
20.21 3 3.09236
20.21 4 0.150235
20.31 1 1.73223
20.31 2 0.085328
20.31 3 3.59228
20.31 4 0.176578
20.41 1 1.72113
20.41 2 0.084797
20.41 3 3.80158
20.41 4 0.188104
20.51 1 1.71466
20.51 2 0.0844745
20.51 3 3.89482
20.51 4 0.192974
20.61 1 1.7093
20.61 2 0.0841984
20.61 3 3.98382
20.61 4 0.1963
20.71 1 1.70286
20.71 2 0.0838814
20.71 3 4.04737
20.71 4 0.199473
20.81 1 1.69531
20.81 2 0.0835095
20.81 3 4.09502
20.81 4 0.201838
20.91 1 1.68876
20.91 2 0.0831866
20.91 3 4.14045
20.91 4 0.204117
21.01 1 1.68247
21.01 2 0.0828767
21.01 3 4.17734
21.01 4 0.205933
21.11 1 1.67461
21.11 2 0.0824898
21.11 3 4.20752
21.11 4 0.207415
21.21 1 1.66798
21.21 2 0.082163
21.21 3 4.23266
21.21 4 0.208647
21.31 1 1.65983
21.31 2 0.0819249
21.31 3 4.2598
21.31 4 0.209996
21.41 1 1.65338
21.41 2 0.081532
21.41 3 4.27474
21.41 4 0.210864
21.51 1 1.64865
21.51 2 0.0812107
21.51 3 4.29332
21.51 4 0.211615
21.61 1 1.6409
21.61 2 0.0808288
21.61 3 4.3068
21.61 4 0.212385
21.71 1 1.63444
21.71 2 0.0805107
21.71 3 4.31869
21.71 4 0.213065
21.81 1 1.6297
21.81 2 0.0802774
21.81 3 4.33374
21.81 4 0.213586
21.91 1 1.62203
21.91 2 0.0798992
21.91 3 4.34296
21.91 4 0.214034
22.01 1 1.6158
22.01 2 0.0795927
22.01 3 4.35126
22.01 4 0.214436
22.11 1 1.60846
22.11 2 0.0793715
22.11 3 4.35877
22.11 4 0.21499
22.21 1 1.60242
22.21 2 0.0790122
22.21 3 4.36545
22.21 4 0.215312
22.31 1 1.59783
22.31 2 0.0787076
22.31 3 4.37519
22.31 4 0.215606
22.41 1 1.59104
22.41 2 0.078373
22.41 3 4.38077
22.41 4 0.215875
22.51 1 1.58503
22.51 2 0.078077
22.51 3 4.38589
22.51 4 0.216122
22.61 1 1.57831
22.61 2 0.0777457
22.61 3 4.39062
22.61 4 0.216351
22.71 1 1.57253
22.71 2 0.077461
22.71 3 4.39501
22.71 4 0.216562
22.81 1 1.56616
22.81 2 0.0772534
22.81 3 4.39908
22.81 4 0.2169
22.91 1 1.56014
22.91 2 0.076933
22.91 3 4.40286
22.91 4 0.217078
23.01 1 1.55583
23.01 2 0.0766383
23.01 3 4.40908
23.01 4 0.217244
23.11 1 1.54939
23.11 2 0.076321
23.11 3 4.4123
23.11 4 0.217399
23.21 1 1.54335
23.21 2 0.0760234
23.21 3 4.41532
23.21 4 0.217593
23.31 1 1.53708
23.31 2 0.0758302
23.31 3 4.41816
23.31 4 0.217793
23.41 1 1.53115
23.41 2 0.0755234
23.41 3 4.42311
23.41 4 0.217918
23.51 1 1.52714
23.51 2 0.0752249
23.51 3 4.42564
23.51 4 0.218036
23.61 1 1.52102
23.61 2 0.0749237
23.61 3 4.42788
23.61 4 0.218147
23.71 1 1.51518
23.71 2 0.0747316
23.71 3 4.43007
23.71 4 0.21836
23.81 1 1.50934
23.81 2 0.0744457
23.81 3 4.43313
23.81 4 0.218457
23.91 1 1.50551
23.91 2 0.0741597
23.91 3 4.43618
23.91 4 0.218549
24.01 1 1.49981
24.01 2 0.0738789
24.01 3 4.438
24.01 4 0.218636
24.11 1 1.49427
24.11 2 0.0736057
24.11 3 4.43973
24.11 4 0.218719
24.21 1 1.48867
24.21 2 0.0734266
24.21 3 4.44137
24.21 4 0.218893
24.31 1 1.48327
24.31 2 0.0731523
24.31 3 4.44294
24.31 4 0.218966
24.41 1 1.47802
24.41 2 0.072893
24.41 3 4.44444
24.41 4 0.219036
24.51 1 1.47265
24.51 2 0.0726334
24.51 3 4.44677
24.51 4 0.219102
24.61 1 1.46926
24.61 2 0.0723735
24.61 3 4.44899
24.61 4 0.219166
24.71 1 1.46387
24.71 2 0.0721084
24.71 3 4.45027
24.71 4 0.219227
24.81 1 1.45849
24.81 2 0.0718431
24.81 3 4.45149
24.81 4 0.219286
24.91 1 1.45325
24.91 2 0.0716715
24.91 3 4.45261
24.91 4 0.219423
25.01 1 1.44815
25.01 2 0.0714173
25.01 3 4.45373
25.01 4 0.219475
25.11 1 1.44288
25.11 2 0.0711676
25.11 3 4.45635
25.11 4 0.219525
25.21 1 1.43955
25.21 2 0.0709103
25.21 3 4.4574
25.21 4 0.219573
25.31 1 1.43433
25.31 2 0.070653
25.31 3 4.45838
25.31 4 0.21962
25.41 1 1.42915
25.41 2 0.0704787
25.41 3 4.45931
25.41 4 0.219734
25.51 1 1.42387
25.51 2 0.0702273
25.51 3 4.4609
25.51 4 0.21978
25.61 1 1.42049
25.61 2 0.0699711
25.61 3 4.46252
25.61 4 0.21982
25.71 1 1.41556
25.71 2 0.0697286
25.71 3 4.46333
25.71 4 0.219859
25.81 1 1.41054
25.81 2 0.0694812
25.81 3 4.46412
25.81 4 0.219925
25.91 1 1.40566
25.91 2 0.0693114
25.91 3 4.46488
25.91 4 0.219996
26.01 1 1.40224
26.01 2 0.0690721
26.01 3 4.46695
26.01 4 0.22003
26.11 1 1.39724
26.11 2 0.0688257
26.11 3 4.46764
26.11 4 0.220063
26.21 1 1.39255
26.21 2 0.0685948
26.21 3 4.46826
26.21 4 0.220094
26.31 1 1.38749
26.31 2 0.0684389
26.31 3 4.46891
26.31 4 0.220188
26.41 1 1.38286
26.41 2 0.0681957
26.41 3 4.47016
26.41 4 0.220217
26.51 1 1.37986
26.51 2 0.0679697
26.51 3 4.47138
26.51 4 0.220245
26.61 1 1.37491
26.61 2 0.0677261
26.61 3 4.47195
26.61 4 0.220272
26.71 1 1.37045
26.71 2 0.067506
26.71 3 4.4725
26.71 4 0.220354
26.81 1 1.36575
26.81 2 0.0673602
26.81 3 4.47303
26.81 4 0.220382
26.91 1 1.36149
26.91 2 0.0671303
26.91 3 4.47355
26.91 4 0.220406
27.01 1 1.35857
27.01 2 0.0669211
27.01 3 4.47521
27.01 4 0.220429
27.11 1 1.35393
27.11 2 0.0666926
27.11 3 4.47568
27.11 4 0.220452
27.21 1 1.34963
27.21 2 0.0664805
27.21 3 4.47614
27.21 4 0.220474
27.31 1 1.34506
27.31 2 0.0663358
27.31 3 4.47659
27.31 4 0.22055
27.41 1 1.34095
27.41 2 0.0661162
27.41 3 4.47703
27.41 4 0.22057
27.51 1 1.33814
27.51 2 0.0659146
27.51 3 4.47849
27.51 4 0.220589
27.61 1 1.33379
27.61 2 0.0657003
27.61 3 4.47889
27.61 4 0.220608
27.71 1 1.32968
27.71 2 0.0654977
27.71 3 4.47928
27.71 4 0.220626
27.81 1 1.32527
27.81 2 0.0652806
27.81 3 4.47966
27.81 4 0.220644
27.91 1 1.32118
27.91 2 0.0651422
27.91 3 4.48003
27.91 4 0.220712
28.01 1 1.31692
28.01 2 0.0649457
28.01 3 4.48039
28.01 4 0.220729
28.11 1 1.31309
28.11 2 0.064737
28.11 3 4.48074
28.11 4 0.220745
28.21 1 1.31042
28.21 2 0.0645492
28.21 3 4.48207
28.21 4 0.22076
28.31 1 1.30613
28.31 2 0.0643378
28.31 3 4.48239
28.31 4 0.220776
28.41 1 1.30226
28.41 2 0.0641471
28.41 3 4.48271
28.41 4 0.220791
28.51 1 1.29792
28.51 2 0.0640144
28.51 3 4.48301
28.51 4 0.220849
28.61 1 1.29422
28.61 2 0.0638014
28.61 3 4.48331
28.61 4 0.220863
28.71 1 1.29164
28.71 2 0.063624
28.71 3 4.48453
28.71 4 0.220876
28.81 1 1.2875
28.81 2 0.0634197
28.81 3 4.48481
28.81 4 0.220889
28.91 1 1.28376
28.91 2 0.0632356
28.91 3 4.48505
28.91 4 0.220902
29.01 1 1.27956
29.01 2 0.0631019
29.01 3 4.48532
29.01 4 0.220959
29.11 1 1.2758
29.11 2 0.0628961
29.11 3 4.48558
29.11 4 0.220971
29.21 1 1.27317
29.21 2 0.0627139
29.21 3 4.48671
29.21 4 0.220982
29.31 1 1.26901
29.31 2 0.0625094
29.31 3 4.48694
29.31 4 0.220993
29.41 1 1.26548
29.41 2 0.0623352
29.41 3 4.48718
29.41 4 0.221004
29.51 1 1.26142
29.51 2 0.0622078
29.51 3 4.4874
29.51 4 0.221057
29.61 1 1.25879
29.61 2 0.0620055
29.61 3 4.48847
29.61 4 0.221067
29.71 1 1.25521
29.71 2 0.0618294
29.71 3 4.48868
29.71 4 0.221077
29.81 1 1.25124
29.81 2 0.061708
29.81 3 4.48888
29.81 4 0.221127
29.91 1 1.24775
29.91 2 0.0615131
29.91 3 4.48908
29.91 4 0.221136
30.01 1 1.24532
30.01 2 0.0613421
30.01 3 4.49009
30.01 4 0.221145
30.11 1 1.24148
30.11 2 0.0611528
30.11 3 4.48979
30.11 4 0.221145
30.21 1 1.23933
30.21 2 0.0610471
30.21 3 4.44985
30.21 4 0.219179
30.31 1 1.2372
30.31 2 0.0609393
30.31 3 4.41111
30.31 4 0.217268
30.41 1 1.23514
30.41 2 0.0608408
30.41 3 4.40049
30.41 4 0.216726
30.51 1 1.23285
30.51 2 0.0607276
30.51 3 4.39922
30.51 4 0.216663
30.61 1 1.22977
30.61 2 0.0606134
30.61 3 4.39722
30.61 4 0.216602
30.71 1 1.22747
30.71 2 0.0605
30.71 3 4.396
30.71 4 0.216541
30.81 1 1.22538
30.81 2 0.0603602
30.81 3 4.39406
30.81 4 0.216479
30.91 1 1.22331
30.91 2 0.0602579
30.91 3 4.3929
30.91 4 0.21635
31.01 1 1.22049
31.01 2 0.0601566
31.01 3 4.39173
31.01 4 0.216294
31.11 1 1.21853
31.11 2 0.0600559
31.11 3 4.38918
31.11 4 0.216238
31.21 1 1.21651
31.21 2 0.0599228
31.21 3 4.38809
31.21 4 0.216148
31.31 1 1.21449
31.31 2 0.0598232
31.31 3 4.38702
31.31 4 0.21606
31.41 1 1.21183
31.41 2 0.0597244
31.41 3 4.38524
31.41 4 0.216007
31.51 1 1.20983
31.51 2 0.0596262
31.51 3 4.38351
31.51 4 0.215956
31.61 1 1.20785
31.61 2 0.0594962
31.61 3 4.38251
31.61 4 0.215869
31.71 1 1.20589
31.71 2 0.0593993
31.71 3 4.38152
31.71 4 0.215789
31.81 1 1.20329
31.81 2 0.059303
31.81 3 4.37987
31.81 4 0.215741
31.91 1 1.20134
31.91 2 0.0591756
31.91 3 4.37825
31.91 4 0.21566
32.01 1 1.19942
32.01 2 0.0590805
32.01 3 4.37732
32.01 4 0.215581
32.11 1 1.19686
32.11 2 0.058986
32.11 3 4.37636
32.11 4 0.215536
32.21 1 1.19496
32.21 2 0.058892
32.21 3 4.3742
32.21 4 0.215491
32.31 1 1.19307
32.31 2 0.0587677
32.31 3 4.37333
32.31 4 0.215413
32.41 1 1.19119
32.41 2 0.0586749
32.41 3 4.37247
32.41 4 0.215338
32.51 1 1.18869
32.51 2 0.0585827
32.51 3 4.37099
32.51 4 0.215296
32.61 1 1.18684
32.61 2 0.0584911
32.61 3 4.36952
32.61 4 0.215255
32.71 1 1.18499
32.71 2 0.0583697
32.71 3 4.36869
32.71 4 0.215181
32.81 1 1.18315
32.81 2 0.0582792
32.81 3 4.3679
32.81 4 0.215113
32.91 1 1.18063
32.91 2 0.0581892
32.91 3 4.36647
32.91 4 0.215074
33.01 1 1.17891
33.01 2 0.05807
33.01 3 4.36511
33.01 4 0.215006
33.11 1 1.17711
33.11 2 0.0579813
33.11 3 4.36436
33.11 4 0.214938
33.21 1 1.17472
33.21 2 0.0578929
33.21 3 4.36302
33.21 4 0.214902
33.31 1 1.17294
33.31 2 0.0578051
33.31 3 4.36169
33.31 4 0.214866
33.41 1 1.17117
33.41 2 0.0576886
33.41 3 4.36099
33.41 4 0.214801
33.51 1 1.16941
33.51 2 0.0576021
33.51 3 4.36029
33.51 4 0.214737
33.61 1 1.16707
33.61 2 0.0575158
33.61 3 4.35901
33.61 4 0.214703
33.71 1 1.16534
33.71 2 0.0574014
33.71 3 4.35776
33.71 4 0.214667
33.81 1 1.16361
33.81 2 0.0573164
33.81 3 4.3571
33.81 4 0.214579
33.91 1 1.16123
33.91 2 0.0572317
33.91 3 4.35643
33.91 4 0.214547
34.01 1 1.15962
34.01 2 0.0571475
34.01 3 4.35517
34.01 4 0.214515
34.11 1 1.15792
34.11 2 0.0570356
34.11 3 4.35402
34.11 4 0.214456
34.21 1 1.15623
34.21 2 0.0569527
34.21 3 4.35341
34.21 4 0.214398
34.31 1 1.15399
34.31 2 0.05687
34.31 3 4.35224
34.31 4 0.214368
34.41 1 1.15233
34.41 2 0.0567877
34.41 3 4.35109
34.41 4 0.214338
34.51 1 1.15067
34.51 2 0.0566787
34.51 3 4.35052
34.51 4 0.214279
34.61 1 1.14902
34.61 2 0.0565974
34.61 3 4.34995
34.61 4 0.214226
34.71 1 1.14682
34.71 2 0.0565165
34.71 3 4.34884
34.71 4 0.214198
34.81 1 1.1452
34.81 2 0.056409
34.81 3 4.34774
34.81 4 0.214144
34.91 1 1.14358
34.91 2 0.0563295
34.91 3 4.3472
34.91 4 0.21409
35.01 1 1.14143
35.01 2 0.0562501
35.01 3 4.34662
35.01 4 0.214062
35.11 1 1.13983
35.11 2 0.0561711
35.11 3 4.34507
35.11 4 0.214035
35.21 1 1.13824
35.21 2 0.0560659
35.21 3 4.34456
35.21 4 0.213984
35.31 1 1.13666
35.31 2 0.0559883
35.31 3 4.34403
35.31 4 0.213932
35.41 1 1.13455
35.41 2 0.0559106
35.41 3 4.34301
35.41 4 0.213908
35.51 1 1.13299
35.51 2 0.0558334
35.51 3 4.342
35.51 4 0.213883
35.61 1 1.13143
35.61 2 0.055731
35.61 3 4.34152
35.61 4 0.213832
35.71 1 1.12988
35.71 2 0.0556546
35.71 3 4.34105
35.71 4 0.213785
35.81 1 1.12774
35.81 2 0.0555787
35.81 3 4.34005
35.81 4 0.213762
35.91 1 1.1263
35.91 2 0.0554774
35.91 3 4.33911
35.91 4 0.213714
36.01 1 1.12478
36.01 2 0.0554029
36.01 3 4.33866
36.01 4 0.213667
36.11 1 1.12274
36.11 2 0.0553283
36.11 3 4.33772
36.11 4 0.213645
36.21 1 1.12125
36.21 2 0.055254
36.21 3 4.33678
36.21 4 0.213623
36.31 1 1.11975
36.31 2 0.0551549
36.31 3 4.33636
36.31 4 0.213577
36.41 1 1.11826
36.41 2 0.0550821
36.41 3 4.33593
36.41 4 0.213532
36.51 1 1.11628
36.51 2 0.0550091
36.51 3 4.33503
36.51 4 0.213511
36.61 1 1.11482
36.61 2 0.0549116
36.61 3 4.33414
36.61 4 0.213489
36.71 1 1.11335
36.71 2 0.05484
36.71 3 4.33371
36.71 4 0.213423
36.81 1 1.11189
36.81 2 0.0547682
36.81 3 4.33332
36.81 4 0.213404
36.91 1 1.10996
36.91 2 0.0546967
36.91 3 4.33241
36.91 4 0.213384
37.01 1 1.10852
37.01 2 0.0546012
37.01 3 4.33159
37.01 4 0.213342
37.11 1 1.10708
37.11 2 0.0545313
37.11 3 4.33122
37.11 4 0.2133
37.21 1 1.10517
37.21 2 0.054461
37.21 3 4.33038
37.21 4 0.213281
37.31 1 1.10376
37.31 2 0.054391
37.31 3 4.32955
37.31 4 0.213263
37.41 1 1.10235
37.41 2 0.0542982
37.41 3 4.32919
37.41 4 0.21322
37.51 1 1.10095
37.51 2 0.0542291
37.51 3 4.32883
37.51 4 0.213182
37.61 1 1.09907
37.61 2 0.0541602
37.61 3 4.32803
37.61 4 0.213162
37.71 1 1.0977
37.71 2 0.0540682
37.71 3 4.32723
37.71 4 0.213143
37.81 1 1.09632
37.81 2 0.0540009
37.81 3 4.32689
37.81 4 0.213084
37.91 1 1.09447
37.91 2 0.0539332
37.91 3 4.32652
37.91 4 0.213067
38.01 1 1.09312
38.01 2 0.0538658
38.01 3 4.32531
38.01 4 0.213051
38.11 1 1.09176
38.11 2 0.0537756
38.11 3 4.32499
38.11 4 0.213013
38.21 1 1.09041
38.21 2 0.0537098
38.21 3 4.32468
38.21 4 0.212975
38.31 1 1.0886
38.31 2 0.0536435
38.31 3 4.32392
38.31 4 0.21296
38.41 1 1.08728
38.41 2 0.0535774
38.41 3 4.32318
38.41 4 0.212944
38.51 1 1.08595
38.51 2 0.0534899
38.51 3 4.32287
38.51 4 0.212906
38.61 1 1.08462
38.61 2 0.0534246
38.61 3 4.32257
38.61 4 0.212871
38.71 1 1.08279
38.71 2 0.0533597
38.71 3 4.32183
38.71 4 0.212857
38.81 1 1.08156
38.81 2 0.0532726
38.81 3 4.32113
38.81 4 0.212821
38.91 1 1.08025
38.91 2 0.0532093
38.91 3 4.32084
38.91 4 0.212786
39.01 1 1.0785
39.01 2 0.0531453
39.01 3 4.32014
39.01 4 0.212772
39.11 1 1.07723
39.11 2 0.0530816
39.11 3 4.31944
39.11 4 0.212758
39.21 1 1.07595
39.21 2 0.0529963
39.21 3 4.31917
39.21 4 0.212723
39.31 1 1.07467
39.31 2 0.0529343
39.31 3 4.31888
39.31 4 0.212689
39.41 1 1.07296
39.41 2 0.0528716
39.41 3 4.3182
39.41 4 0.212676
39.51 1 1.07171
39.51 2 0.0527875
39.51 3 4.31752
39.51 4 0.212661
39.61 1 1.07045
39.61 2 0.0527265
39.61 3 4.31727
39.61 4 0.21261
39.71 1 1.0692
39.71 2 0.0526648
39.71 3 4.31701
39.71 4 0.212597
39.81 1 1.06754
39.81 2 0.0526033
39.81 3 4.31632
39.81 4 0.212585
39.91 1 1.0663
39.91 2 0.0525209
39.91 3 4.3157
39.91 4 0.212552
40.01 1 1.06507
40.01 2 0.0524611
40.01 3 4.31546
40.01 4 0.21252
40.11 1 1.06341
40.11 2 0.0524006
40.11 3 4.31482
40.11 4 0.212508
40.21 1 1.06221
40.21 2 0.0523404
40.21 3 4.31419
40.21 4 0.212497
40.31 1 1.061
40.31 2 0.0522595
40.31 3 4.31395
40.31 4 0.212464
40.41 1 1.05956
40.41 2 0.0522068
40.41 3 4.30905
40.41 4 0.212452
40.51 1 1.05834
40.51 2 0.052151
40.51 3 4.29023
40.51 4 0.211521
40.61 1 1.05765
40.61 2 0.0520955
40.61 3 4.27624
40.61 4 0.210601
40.71 1 1.0562
40.71 2 0.0520428
40.71 3 4.27107
40.71 4 0.210354
40.81 1 1.05502
40.81 2 0.051967
40.81 3 4.2707
40.81 4 0.210334
40.91 1 1.05383
40.91 2 0.0519077
40.91 3 4.27069
40.91 4 0.210314
41.01 1 1.05229
41.01 2 0.0518498
41.01 3 4.27029
41.01 4 0.210311
41.11 1 1.05119
41.11 2 0.0517782
41.11 3 4.26989
41.11 4 0.210291
41.21 1 1.04983
41.21 2 0.0517262
41.21 3 4.26984
41.21 4 0.210272
41.31 1 1.04878
41.31 2 0.0516596
41.31 3 4.26909
41.31 4 0.210269
41.41 1 1.04776
41.41 2 0.0516082
41.41 3 4.26908
41.41 4 0.210233
41.51 1 1.0464
41.51 2 0.0515579
41.51 3 4.26832
41.51 4 0.210233
41.61 1 1.04538
41.61 2 0.0514913
41.61 3 4.26832
41.61 4 0.210196
41.71 1 1.04404
41.71 2 0.0514415
41.71 3 4.26757
41.71 4 0.210195
41.81 1 1.04303
41.81 2 0.0513755
41.81 3 4.26757
41.81 4 0.210159
41.91 1 1.04163
41.91 2 0.0513262
41.91 3 4.26718
41.91 4 0.210158
42.01 1 1.04071
42.01 2 0.0512608
42.01 3 4.26683
42.01 4 0.210138
42.11 1 1.0394
42.11 2 0.051212
42.11 3 4.26647
42.11 4 0.210122
42.21 1 1.0384
42.21 2 0.0511481
42.21 3 4.26611
42.21 4 0.210104
42.31 1 1.03711
42.31 2 0.0510989
42.31 3 4.26576
42.31 4 0.210087
42.41 1 1.03612
42.41 2 0.0510356
42.41 3 4.2654
42.41 4 0.210069
42.51 1 1.03484
42.51 2 0.0509869
42.51 3 4.26505
42.51 4 0.210052
42.61 1 1.03386
42.61 2 0.0509242
42.61 3 4.26469
42.61 4 0.210035
42.71 1 1.03259
42.71 2 0.0508759
42.71 3 4.26466
42.71 4 0.210018
42.81 1 1.03162
42.81 2 0.0508138
42.81 3 4.26401
42.81 4 0.210001
42.91 1 1.03066
42.91 2 0.050766
42.91 3 4.26402
42.91 4 0.209984
43.01 1 1.0294
43.01 2 0.0507044
43.01 3 4.26333
43.01 4 0.209983
43.11 1 1.02845
43.11 2 0.0506571
43.11 3 4.26335
43.11 4 0.209951
43.21 1 1.0272
43.21 2 0.0506107
43.21 3 4.26267
43.21 4 0.209952
43.31 1 1.02626
43.31 2 0.0505492
43.31 3 4.26269
43.31 4 0.209918
43.41 1 1.02502
43.41 2 0.0505033
43.41 3 4.26233
43.41 4 0.209919
43.51 1 1.02409
43.51 2 0.0504423
43.51 3 4.26205
43.51 4 0.209886
43.61 1 1.02288
43.61 2 0.0503968
43.61 3 4.26173
43.61 4 0.209886
43.71 1 1.02194
43.71 2 0.0503371
43.71 3 4.26141
43.71 4 0.20987
43.81 1 1.02074
43.81 2 0.0502913
43.81 3 4.2611
43.81 4 0.209854
43.91 1 1.01982
43.91 2 0.0502322
43.91 3 4.26079
43.91 4 0.209839
44.01 1 1.01862
44.01 2 0.0501868
44.01 3 4.26046
44.01 4 0.209824
44.11 1 1.01771
44.11 2 0.0501282
44.11 3 4.26015
44.11 4 0.209808
44.21 1 1.01652
44.21 2 0.0500833
44.21 3 4.25985
44.21 4 0.209793
44.31 1 1.01561
44.31 2 0.0500252
44.31 3 4.25955
44.31 4 0.209778
44.41 1 1.01437
44.41 2 0.0499807
44.41 3 4.25956
44.41 4 0.209764
44.51 1 1.01354
44.51 2 0.0499231
44.51 3 4.25896
44.51 4 0.209763
44.61 1 1.01266
44.61 2 0.049879
44.61 3 4.25899
44.61 4 0.209734
44.71 1 1.01149
44.71 2 0.0498357
44.71 3 4.25837
44.71 4 0.209736
44.81 1 1.01062
44.81 2 0.0497782
44.81 3 4.25841
44.81 4 0.209705
44.91 1 1.00946
44.91 2 0.0497353
44.91 3 4.25779
44.91 4 0.209707
45.01 1 1.00859
45.01 2 0.0496784
45.01 3 4.25783
45.01 4 0.209677
45.11 1 1.00737
45.11 2 0.0496358
45.11 3 4.25753
45.11 4 0.209679
45.21 1 1.00658
45.21 2 0.0495794
45.21 3 4.25727
45.21 4 0.209663
45.31 1 1.00545
45.31 2 0.0495373
45.31 3 4.25697
45.31 4 0.209651
45.41 1 1.00459
45.41 2 0.0494818
45.41 3 4.2567
45.41 4 0.209637
45.51 1 1.00347
45.51 2 0.0494395
45.51 3 4.25642
45.51 4 0.209624
45.61 1 1.00262
45.61 2 0.0493846
45.61 3 4.25615
45.61 4 0.20961
45.71 1 1.00151
45.71 2 0.0493427
45.71 3 4.25588
45.71 4 0.209597
45.81 1 1.00066
45.81 2 0.0492882
45.81 3 4.25561
45.81 4 0.209584
45.91 1 0.99956
45.91 2 0.0492467
45.91 3 4.25562
45.91 4 0.20957
46.01 1 0.998722
46.01 2 0.0491927
46.01 3 4.25508
46.01 4 0.209557
46.11 1 0.997896
46.11 2 0.0491515
46.11 3 4.25513
46.11 4 0.209544
46.21 1 0.9968
46.21 2 0.049098
46.21 3 4.25456
46.21 4 0.209545
46.31 1 0.995982
46.31 2 0.0490572
46.31 3 4.25461
46.31 4 0.209517
46.41 1 0.994895
46.41 2 0.049017
46.41 3 4.25405
46.41 4 0.209519
46.51 1 0.994084
46.51 2 0.0489637
46.51 3 4.2541
46.51 4 0.209492
46.61 1 0.992938
46.61 2 0.0489239
46.61 3 4.25381
46.61 4 0.209494
46.71 1 0.992203
46.71 2 0.048871
46.71 3 4.25358
46.71 4 0.20948
46.81 1 0.991142
46.81 2 0.0488315
46.81 3 4.25333
46.81 4 0.209469
46.91 1 0.990337
46.91 2 0.0487795
46.91 3 4.25308
46.91 4 0.209457
47.01 1 0.989286
47.01 2 0.0487399
47.01 3 4.25283
47.01 4 0.209445
47.11 1 0.988488
47.11 2 0.0486883
47.11 3 4.25259
47.11 4 0.209433
47.21 1 0.987445
47.21 2 0.0486492
47.21 3 4.25235
47.21 4 0.209421
47.31 1 0.986655
47.31 2 0.048598
47.31 3 4.25211
47.31 4 0.209409
47.41 1 0.98562
47.41 2 0.0485592
47.41 3 4.25187
47.41 4 0.209397
47.51 1 0.984837
47.51 2 0.0485084
47.51 3 4.25163
47.51 4 0.209385
47.61 1 0.983744
47.61 2 0.0484699
47.61 3 4.25167
47.61 4 0.209373
47.71 1 0.983034
47.71 2 0.0484196
47.71 3 4.25116
47.71 4 0.209375
47.81 1 0.982266
47.81 2 0.0483814
47.81 3 4.25122
47.81 4 0.20935
47.91 1 0.981247
47.91 2 0.0483437
47.91 3 4.25069
47.91 4 0.209353
48.01 1 0.980486
48.01 2 0.0482937
48.01 3 4.25075
48.01 4 0.209328
48.11 1 0.979475
48.11 2 0.0482563
48.11 3 4.25049
48.11 4 0.20933
48.21 1 0.97872
48.21 2 0.0482067
48.21 3 4.25029
48.21 4 0.209305
48.31 1 0.977722
48.31 2 0.0481696
48.31 3 4.25007
48.31 4 0.209308
48.41 1 0.976968
48.41 2 0.0481204
48.41 3 4.24984
48.41 4 0.209295
48.51 1 0.975979
48.51 2 0.0480836
48.51 3 4.24962
48.51 4 0.209286
48.61 1 0.975232
48.61 2 0.048035
48.61 3 4.2494
48.61 4 0.209275
48.71 1 0.97425
48.71 2 0.0479984
48.71 3 4.24918
48.71 4 0.209264
48.81 1 0.97351
48.81 2 0.0479502
48.81 3 4.24897
48.81 4 0.209253
48.91 1 0.972536
48.91 2 0.0479138
48.91 3 4.24875
48.91 4 0.209241
49.01 1 0.971801
49.01 2 0.047866
49.01 3 4.24854
49.01 4 0.209231
49.11 1 0.970835
49.11 2 0.04783
49.11 3 4.24857
49.11 4 0.20922
49.21 1 0.970107
49.21 2 0.0477825
49.21 3 4.24811
49.21 4 0.209222
49.31 1 0.969386
49.31 2 0.0477468
49.31 3 4.24817
49.31 4 0.209199
49.41 1 0.968427
49.41 2 0.0477113
49.41 3 4.24768
49.41 4 0.209202
49.51 1 0.967711
49.51 2 0.0476643
49.51 3 4.24775
49.51 4 0.209179
49.61 1 0.966761
49.61 2 0.0476291
49.61 3 4.24727
49.61 4 0.209182
49.71 1 0.96605
49.71 2 0.0475824
49.71 3 4.24734
49.71 4 0.209158
49.81 1 0.965043
49.81 2 0.0475476
49.81 3 4.24712
49.81 4 0.209162
49.91 1 0.964403
49.91 2 0.0475013
49.91 3 4.24693
49.91 4 0.20915
50.01 1 0.96347
50.01 2 0.0474667
50.01 3 4.24673
50.01 4 0.209142
50.11 1 0.962769
50.11 2 0.0474209
50.11 3 4.24653
50.11 4 0.209132
50.21 1 0.961843
50.21 2 0.0473865
50.21 3 4.24633
50.21 4 0.209122
50.31 1 0.961148
50.31 2 0.047341
50.31 3 4.24614
50.31 4 0.209112
50.41 1 0.960229
50.41 2 0.0473069
50.41 3 4.24594
50.41 4 0.209102
50.51 1 0.95954
50.51 2 0.0472618
50.51 3 4.24575
50.51 4 0.209093
50.61 1 0.958629
50.61 2 0.0472279
50.61 3 4.24578
50.61 4 0.209083
50.71 1 0.958105
50.71 2 0.0471909
50.71 3 4.23934
50.71 4 0.208774
50.81 1 0.957411
50.81 2 0.0471536
50.81 3 4.22704
50.81 4 0.208169
50.91 1 0.956642
50.91 2 0.0471292
50.91 3 4.21769
50.91 4 0.207723
51.01 1 0.95592
51.01 2 0.0470833
51.01 3 4.21785
51.01 4 0.207717
51.11 1 0.954929
51.11 2 0.0470455
51.11 3 4.21775
51.11 4 0.207713
51.21 1 0.95407
51.21 2 0.0470078
51.21 3 4.21789
51.21 4 0.207721
51.31 1 0.953372
51.31 2 0.0469593
51.31 3 4.21781
51.31 4 0.207716
51.41 1 0.952487
51.41 2 0.046925
51.41 3 4.21771
51.41 4 0.207711
51.51 1 0.951826
51.51 2 0.0468816
51.51 3 4.2176
51.51 4 0.207706
51.61 1 0.951167
51.61 2 0.0468491
51.61 3 4.21775
51.61 4 0.207701
51.71 1 0.950291
51.71 2 0.046806
51.71 3 4.2174
51.71 4 0.207707
51.81 1 0.949638
51.81 2 0.0467738
51.81 3 4.21756
51.81 4 0.207691
51.91 1 0.948769
51.91 2 0.0467417
51.91 3 4.21721
51.91 4 0.207699
52.01 1 0.948121
52.01 2 0.046699
52.01 3 4.21737
52.01 4 0.207682
52.11 1 0.947259
52.11 2 0.0466672
52.11 3 4.21724
52.11 4 0.20769
52.21 1 0.946615
52.21 2 0.0466248
52.21 3 4.21717
52.21 4 0.207672
52.31 1 0.945759
52.31 2 0.0465932
52.31 3 4.21708
52.31 4 0.20768
52.41 1 0.945121
52.41 2 0.0465512
52.41 3 4.21699
52.41 4 0.207674
52.51 1 0.944272
52.51 2 0.0465199
52.51 3 4.21689
52.51 4 0.207669
52.61 1 0.943639
52.61 2 0.0464782
52.61 3 4.2168
52.61 4 0.207665
52.71 1 0.942796
52.71 2 0.0464471
52.71 3 4.21671
52.71 4 0.20766
52.81 1 0.942168
52.81 2 0.0464057
52.81 3 4.2166
52.81 4 0.207656
52.91 1 0.941331
52.91 2 0.0463748
52.91 3 4.21651
52.91 4 0.207651
53.01 1 0.940708
53.01 2 0.0463337
53.01 3 4.21642
53.01 4 0.207647
53.11 1 0.939817
53.11 2 0.0463031
53.11 3 4.21656
53.11 4 0.207642
53.21 1 0.93926
53.21 2 0.0462623
53.21 3 4.21624
53.21 4 0.207648
53.31 1 0.938642
53.31 2 0.046232
53.31 3 4.2164
53.31 4 0.207633
53.41 1 0.937822
53.41 2 0.0462017
53.41 3 4.21607
53.41 4 0.207641
53.51 1 0.937209
53.51 2 0.0461614
53.51 3 4.21622
53.51 4 0.207624
53.61 1 0.936395
53.61 2 0.0461313
53.61 3 4.21589
53.61 4 0.207632
53.71 1 0.935787
53.71 2 0.0460913
53.71 3 4.21605
53.71 4 0.207616
53.81 1 0.934918
53.81 2 0.0460614
53.81 3 4.21595
53.81 4 0.207623
53.91 1 0.934375
53.91 2 0.0460217
53.91 3 4.21587
53.91 4 0.207618
54.01 1 0.93357
54.01 2 0.0459921
54.01 3 4.21579
54.01 4 0.207615
54.11 1 0.932974
54.11 2 0.0459526
54.11 3 4.2157
54.11 4 0.20761
54.21 1 0.932175
54.21 2 0.0459233
54.21 3 4.21561
54.21 4 0.207606
54.31 1 0.931583
54.31 2 0.045884
54.31 3 4.21552
54.31 4 0.207602
54.41 1 0.93079
54.41 2 0.045855
54.41 3 4.21544
54.41 4 0.207598
54.51 1 0.930203
54.51 2 0.045816
54.51 3 4.21535
54.51 4 0.207594
54.61 1 0.929415
54.61 2 0.0457872
54.61 3 4.21548
54.61 4 0.20759
54.71 1 0.928832
54.71 2 0.0457485
54.71 3 4.21519
54.71 4 0.207585
54.81 1 0.928248
54.81 2 0.0457199
54.81 3 4.21534
54.81 4 0.207581
54.91 1 0.927472
54.91 2 0.0456815
54.91 3 4.21503
54.91 4 0.207587
55.01 1 0.926892
55.01 2 0.0456531
55.01 3 4.21518
55.01 4 0.207573
55.11 1 0.926122
55.11 2 0.0456246
55.11 3 4.21487
55.11 4 0.207579
55.21 1 0.925546
55.21 2 0.0455868
55.21 3 4.21501
55.21 4 0.207564
55.31 1 0.924782
55.31 2 0.0455585
55.31 3 4.21491
55.31 4 0.207571
55.41 1 0.92421
55.41 2 0.0455209
55.41 3 4.21485
55.41 4 0.207566
55.51 1 0.923447
55.51 2 0.0454929
55.51 3 4.21476
55.51 4 0.207563
55.61 1 0.922884
55.61 2 0.0454554
55.61 3 4.21468
55.61 4 0.207559
55.71 1 0.922126
55.71 2 0.0454277
55.71 3 4.21461
55.71 4 0.207556
55.81 1 0.921567
55.81 2 0.0453905
55.81 3 4.21453
55.81 4 0.207552
55.91 1 0.920814
55.91 2 0.045363
55.91 3 4.21445
55.91 4 0.207548
56.01 1 0.92026
56.01 2 0.045326
56.01 3 4.21437
56.01 4 0.207544
56.11 1 0.919512
56.11 2 0.0452988
56.11 3 4.2143
56.11 4 0.20754
56.21 1 0.918962
56.21 2 0.0452621
56.21 3 4.21422
56.21 4 0.207536
56.31 1 0.918162
56.31 2 0.045235
56.31 3 4.21435
56.31 4 0.207533
56.41 1 0.917673
56.41 2 0.0451986
56.41 3 4.21407
56.41 4 0.207539
56.51 1 0.917123
56.51 2 0.0451717
56.51 3 4.21422
56.51 4 0.207525
56.61 1 0.916393
56.61 2 0.0451448
56.61 3 4.21392
56.61 4 0.207532
56.71 1 0.915848
56.71 2 0.0451089
56.71 3 4.21407
56.71 4 0.207518
56.81 1 0.915123
56.81 2 0.0450821
56.81 3 4.21396
56.81 4 0.207525
56.91 1 0.914581
56.91 2 0.0450465
56.91 3 4.21391
56.91 4 0.20751
57.01 1 0.913856
57.01 2 0.0450199
57.01 3 4.21383
57.01 4 0.207517
57.11 1 0.913324
57.11 2 0.0449845
57.11 3 4.21376
57.11 4 0.207513
57.21 1 0.912604
57.21 2 0.0449581
57.21 3 4.21369
57.21 4 0.20751
57.31 1 0.912075
57.31 2 0.0449227
57.31 3 4.21361
57.31 4 0.207507
57.41 1 0.91136
57.41 2 0.0448968
57.41 3 4.21354
57.41 4 0.207503
57.51 1 0.910835
57.51 2 0.0448616
57.51 3 4.21347
57.51 4 0.207499
57.61 1 0.910125
57.61 2 0.0448359
57.61 3 4.2134
57.61 4 0.207496
57.71 1 0.909604
57.71 2 0.044801
57.71 3 4.21333
57.71 4 0.207492
57.81 1 0.908898
57.81 2 0.0447754
57.81 3 4.21345
57.81 4 0.207488
57.91 1 0.908381
57.91 2 0.0447407
57.91 3 4.21319
57.91 4 0.207493
58.01 1 0.90786
58.01 2 0.0447153
58.01 3 4.21333
58.01 4 0.207481
58.11 1 0.907167
58.11 2 0.0446897
58.11 3 4.21304
58.11 4 0.207488
58.21 1 0.906649
58.21 2 0.0446557
58.21 3 4.21318
58.21 4 0.207474
58.31 1 0.905961
58.31 2 0.0446302
58.31 3 4.2129
58.31 4 0.207481
58.41 1 0.905447
58.41 2 0.0445964
58.41 3 4.21304
58.41 4 0.207467
58.51 1 0.904708
58.51 2 0.0445712
58.51 3 4.21296
58.51 4 0.207474
58.61 1 0.904253
58.61 2 0.0445376
58.61 3 4.21291
58.61 4 0.207469
58.71 1 0.903568
58.71 2 0.0445125
58.71 3 4.21284
58.71 4 0.207467
58.81 1 0.903067
58.81 2 0.0444789
58.81 3 4.21277
58.81 4 0.207464
58.91 1 0.902387
58.91 2 0.0444543
58.91 3 4.21271
58.91 4 0.20746
59.01 1 0.90189
59.01 2 0.0444208
59.01 3 4.21264
59.01 4 0.207457
59.11 1 0.901213
59.11 2 0.0443964
59.11 3 4.21257
59.11 4 0.207454
59.21 1 0.90072
59.21 2 0.0443632
59.21 3 4.21251
59.21 4 0.207451
59.31 1 0.900048
59.31 2 0.044339
59.31 3 4.21244
59.31 4 0.207447
59.41 1 0.899559
59.41 2 0.0443059
59.41 3 4.21238
59.41 4 0.207444
59.51 1 0.899063
59.51 2 0.0442819
59.51 3 4.2125
59.51 4 0.207441
59.61 1 0.898405
59.61 2 0.0442491
59.61 3 4.21224
59.61 4 0.207446
59.71 1 0.897913
59.71 2 0.0442252
59.71 3 4.21237
59.71 4 0.207434
59.81 1 0.897259
59.81 2 0.044201
59.81 3 4.21211
59.81 4 0.207441
59.91 1 0.89677
59.91 2 0.0441689
59.91 3 4.21225
59.91 4 0.207428
60.01 1 0.896121
60.01 2 0.0441449
60.01 3 4.21216
60.01 4 0.207435
60.11 1 0.895635
60.11 2 0.044113
60.11 3 4.21212
60.11 4 0.207422
60.21 1 0.894982
60.21 2 0.0440891
60.21 3 4.21206
60.21 4 0.207428
60.31 1 0.894508
60.31 2 0.0440574
60.31 3 4.21199
60.31 4 0.207424
60.41 1 0.893859
60.41 2 0.0440337
60.41 3 4.21193
60.41 4 0.207421
60.51 1 0.893388
60.51 2 0.0440019
60.51 3 4.21187
60.51 4 0.207418
60.61 1 0.892743
60.61 2 0.0439787
60.61 3 4.21181
60.61 4 0.207415
60.71 1 0.892275
60.71 2 0.0439471
60.71 3 4.21174
60.71 4 0.207412
60.81 1 0.891635
60.81 2 0.0439241
60.81 3 4.21167
60.81 4 0.207409
60.91 1 0.891195
60.91 2 0.0438926
60.91 3 4.21169
60.91 4 0.207406
61.01 1 0.890721
61.01 2 0.0438767
61.01 3 4.2025
61.01 4 0.207068
61.11 1 0.890236
61.11 2 0.0438536
61.11 3 4.19338
61.11 4 0.206618
61.21 1 0.889829
61.21 2 0.0438269
61.21 3 4.19108
61.21 4 0.206385
61.31 1 0.889161
61.31 2 0.0438009
61.31 3 4.19107
61.31 4 0.206394
61.41 1 0.888582
61.41 2 0.0437674
61.41 3 4.19106
61.41 4 0.206393
61.51 1 0.888044
61.51 2 0.043741
61.51 3 4.19125
61.51 4 0.206402
61.61 1 0.887395
61.61 2 0.0437138
61.61 3 4.19124
61.61 4 0.206402
61.71 1 0.886919
61.71 2 0.0436843
61.71 3 4.19122
61.71 4 0.206401
61.81 1 0.886322
61.81 2 0.0436609
61.81 3 4.19121
61.81 4 0.206401
61.91 1 0.885849
61.91 2 0.0436316
61.91 3 4.1912
61.91 4 0.2064
62.01 1 0.885393
62.01 2 0.0436083
62.01 3 4.19137
62.01 4 0.2064
62.11 1 0.884786
62.11 2 0.0435792
62.11 3 4.19117
62.11 4 0.206407
62.21 1 0.884333
62.21 2 0.0435561
62.21 3 4.19135
62.21 4 0.206398
62.31 1 0.88373
62.31 2 0.0435338
62.31 3 4.19132
62.31 4 0.206407
62.41 1 0.88328
62.41 2 0.0435042
62.41 3 4.19133
62.41 4 0.206397
62.51 1 0.882696
62.51 2 0.0434821
62.51 3 4.19132
62.51 4 0.206406
62.61 1 0.882234
62.61 2 0.0434527
62.61 3 4.19131
62.61 4 0.206405
62.71 1 0.881654
62.71 2 0.0434307
62.71 3 4.1913
62.71 4 0.206405
62.81 1 0.881194
62.81 2 0.0434022
62.81 3 4.19129
62.81 4 0.206404
62.91 1 0.880618
62.91 2 0.0433796
62.91 3 4.19128
62.91 4 0.206403
63.01 1 0.880162
63.01 2 0.0433513
63.01 3 4.19127
63.01 4 0.206402
63.11 1 0.879589
63.11 2 0.0433289
63.11 3 4.19126
63.11 4 0.206402
63.21 1 0.879136
63.21 2 0.0433007
63.21 3 4.19125
63.21 4 0.206401
63.31 1 0.878566
63.31 2 0.0432785
63.31 3 4.19122
63.31 4 0.206401
63.41 1 0.878116
63.41 2 0.0432505
63.41 3 4.19121
63.41 4 0.2064
63.51 1 0.877498
63.51 2 0.0432284
63.51 3 4.19138
63.51 4 0.2064
63.61 1 0.877103
63.61 2 0.0432005
63.61 3 4.19119
63.61 4 0.206407
63.71 1 0.876671
63.71 2 0.0431786
63.71 3 4.19137
63.71 4 0.206399
63.81 1 0.876096
63.81 2 0.0431573
63.81 3 4.19117
63.81 4 0.206407
63.91 1 0.875667
63.91 2 0.0431291
63.91 3 4.19135
63.91 4 0.206397
64.01 1 0.875044
64.01 2 0.043108
64.01 3 4.19133
64.01 4 0.206406
64.11 1 0.874669
64.11 2 0.04308
64.11 3 4.19133
64.11 4 0.206404
64.21 1 0.874115
64.21 2 0.043059
64.21 3 4.19132
64.21 4 0.206405
64.31 1 0.873678
64.31 2 0.0430317
64.31 3 4.19131
64.31 4 0.206404
64.41 1 0.873127
64.41 2 0.0430103
64.41 3 4.1913
64.41 4 0.206404
64.51 1 0.872692
64.51 2 0.0429832
64.51 3 4.19129
64.51 4 0.206403
64.61 1 0.872145
64.61 2 0.0429619
64.61 3 4.19126
64.61 4 0.206403
64.71 1 0.871713
64.71 2 0.0429349
64.71 3 4.19125
64.71 4 0.206402
64.81 1 0.871169
64.81 2 0.0429137
64.81 3 4.19124
64.81 4 0.206402
64.91 1 0.87074
64.91 2 0.042887
64.91 3 4.19123
64.91 4 0.206401
65.01 1 0.870199
65.01 2 0.0428659
65.01 3 4.19138
65.01 4 0.206401
65.11 1 0.869773
65.11 2 0.0428393
65.11 3 4.19121
65.11 4 0.2064
65.21 1 0.869361
65.21 2 0.0428184
65.21 3 4.19138
65.21 4 0.2064
65.31 1 0.868812
65.31 2 0.042792
65.31 3 4.1912
65.31 4 0.206407
65.41 1 0.868402
65.41 2 0.0427712
65.41 3 4.19136
65.41 4 0.206399
65.51 1 0.867857
65.51 2 0.042751
65.51 3 4.19133
65.51 4 0.206407
65.61 1 0.86745
65.61 2 0.0427243
65.61 3 4.19134
65.61 4 0.206404
65.71 1 0.86692
65.71 2 0.0427042
65.71 3 4.19133
65.71 4 0.206405
65.81 1 0.866503
65.81 2 0.0426782
65.81 3 4.19132
65.81 4 0.206404
65.91 1 0.865976
65.91 2 0.0426577
65.91 3 4.1913
65.91 4 0.206404
66.01 1 0.865562
66.01 2 0.0426318
66.01 3 4.19129
66.01 4 0.206403
66.11 1 0.865039
66.11 2 0.0426115
66.11 3 4.19128
66.11 4 0.206403
66.21 1 0.864627
66.21 2 0.0425857
66.21 3 4.19127
66.21 4 0.206402
66.31 1 0.864107
66.31 2 0.0425655
66.31 3 4.19126
66.31 4 0.206402
66.41 1 0.863698
66.41 2 0.0425399
66.41 3 4.19125
66.41 4 0.206401
66.51 1 0.86318
66.51 2 0.0425198
66.51 3 4.19124
66.51 4 0.206401
66.61 1 0.862774
66.61 2 0.0424944
66.61 3 4.19123
66.61 4 0.2064
66.71 1 0.86221
66.71 2 0.0424744
66.71 3 4.19139
66.71 4 0.2064
66.81 1 0.861856
66.81 2 0.0424492
66.81 3 4.19122
66.81 4 0.206407
66.91 1 0.861464
66.91 2 0.0424293
66.91 3 4.19138
66.91 4 0.206399
67.01 1 0.860943
67.01 2 0.0424101
67.01 3 4.1912
67.01 4 0.206407
67.11 1 0.860554
67.11 2 0.0423845
67.11 3 4.19136
67.11 4 0.206398
67.21 1 0.859987
67.21 2 0.0423653
67.21 3 4.19134
67.21 4 0.206406
67.31 1 0.859649
67.31 2 0.0423399
67.31 3 4.19133
67.31 4 0.206404
67.41 1 0.859144
67.41 2 0.0423209
67.41 3 4.19132
67.41 4 0.206405
67.51 1 0.858749
67.51 2 0.0422961
67.51 3 4.19131
67.51 4 0.206404
67.61 1 0.858248
67.61 2 0.0422767
67.61 3 4.1913
67.61 4 0.206404
67.71 1 0.857855
67.71 2 0.042252
67.71 3 4.19129
67.71 4 0.206403
67.81 1 0.857356
67.81 2 0.0422327
67.81 3 4.19128
67.81 4 0.206403
67.91 1 0.856966
67.91 2 0.0422082
67.91 3 4.19127
67.91 4 0.206402
68.01 1 0.85647
68.01 2 0.042189
68.01 3 4.19126
68.01 4 0.206402
68.11 1 0.856083
68.11 2 0.0421647
68.11 3 4.19125
68.11 4 0.206401
68.21 1 0.85559
68.21 2 0.0421456
68.21 3 4.19139
68.21 4 0.2064
68.31 1 0.855204
68.31 2 0.0421214
68.31 3 4.19123
68.31 4 0.206406
68.41 1 0.85483
68.41 2 0.0421024
68.41 3 4.19139
68.41 4 0.206399
68.51 1 0.854331
68.51 2 0.042084
68.51 3 4.19122
68.51 4 0.206406
68.61 1 0.853959
68.61 2 0.0420595
68.61 3 4.19136
68.61 4 0.206398
68.71 1 0.853415
68.71 2 0.0420412
68.71 3 4.19134
68.71 4 0.206405
68.81 1 0.853093
68.81 2 0.0420169
68.81 3 4.19134
68.81 4 0.206404
68.91 1 0.852609
68.91 2 0.0419987
68.91 3 4.19133
68.91 4 0.206404
69.01 1 0.852232
69.01 2 0.0419749
69.01 3 4.19133
69.01 4 0.206404
69.11 1 0.851751
69.11 2 0.0419564
69.11 3 4.19132
69.11 4 0.206403
69.21 1 0.851376
69.21 2 0.0419327
69.21 3 4.19131
69.21 4 0.206403
69.31 1 0.850898
69.31 2 0.0419143
69.31 3 4.1913
69.31 4 0.206402
69.41 1 0.850526
69.41 2 0.0418908
69.41 3 4.19129
69.41 4 0.206402
69.51 1 0.85005
69.51 2 0.0418725
69.51 3 4.19128
69.51 4 0.206402
69.61 1 0.84968
69.61 2 0.0418491
69.61 3 4.19127
69.61 4 0.206401
69.71 1 0.849207
69.71 2 0.0418309
69.71 3 4.19126
69.71 4 0.206401
69.81 1 0.848839
69.81 2 0.0418077
69.81 3 4.19125
69.81 4 0.2064
69.91 1 0.84848
69.91 2 0.0417896
69.91 3 4.1914
69.91 4 0.2064
70.01 1 0.848003
70.01 2 0.0417665
70.01 3 4.19122
70.01 4 0.206406
70.11 1 0.847646
70.11 2 0.0417485
70.11 3 4.19138
70.11 4 0.206399
70.21 1 0.847172
70.21 2 0.041731
70.21 3 4.19135
70.21 4 0.206406
70.31 1 0.846817
70.31 2 0.0417076
70.31 3 4.19136
70.31 4 0.206398
70.41 1 0.846353
70.41 2 0.0416902
70.41 3 4.19135
70.41 4 0.206405
70.51 1 0.845992
70.51 2 0.041667
70.51 3 4.19134
70.51 4 0.206404
70.61 1 0.845531
70.61 2 0.0416497
70.61 3 4.19133
70.61 4 0.206404
70.71 1 0.845173
70.71 2 0.041627
70.71 3 4.19132
70.71 4 0.206404
70.81 1 0.844714
70.81 2 0.0416094
70.81 3 4.19131
70.81 4 0.206403
70.91 1 0.844357
70.91 2 0.0415868
70.91 3 4.1913
70.91 4 0.206402
71.01 1 0.843901
71.01 2 0.0415693
71.01 3 4.1913
71.01 4 0.206402
71.11 1 0.843547
71.11 2 0.0415469
71.11 3 4.19129
71.11 4 0.206401
71.21 1 0.84316
71.21 2 0.0415311
71.21 3 4.18941
71.21 4 0.206308
71.31 1 0.842833
71.31 2 0.0415147
71.31 3 4.18212
71.31 4 0.205949
71.41 1 0.84256
71.41 2 0.0414979
71.41 3 4.175
71.41 4 0.205592
71.51 1 0.842158
71.51 2 0.0414781
71.51 3 4.17502
71.51 4 0.2056
71.61 1 0.841709
71.61 2 0.0414583
71.61 3 4.17504
71.61 4 0.205601
71.71 1 0.841308
71.71 2 0.0414362
71.71 3 4.17522
71.71 4 0.205602
71.81 1 0.840841
71.81 2 0.0414165
71.81 3 4.17524
71.81 4 0.205611
71.91 1 0.840455
71.91 2 0.0413965
71.91 3 4.17527
71.91 4 0.205612
72.01 1 0.840051
72.01 2 0.0413775
72.01 3 4.17528
72.01 4 0.205613
72.11 1 0.839667
72.11 2 0.0413576
72.11 3 4.1753
72.11 4 0.205614
72.21 1 0.839265
72.21 2 0.0413388
72.21 3 4.17532
72.21 4 0.205615
72.31 1 0.838883
72.31 2 0.041319
72.31 3 4.17534
72.31 4 0.205616
72.41 1 0.838483
72.41 2 0.0413002
72.41 3 4.17537
72.41 4 0.205617
72.51 1 0.838104
72.51 2 0.0412806
72.51 3 4.17539
72.51 4 0.205618
72.61 1 0.837706
72.61 2 0.0412619
72.61 3 4.17541
72.61 4 0.205619
72.71 1 0.837328
72.71 2 0.0412424
72.71 3 4.17543
72.71 4 0.20562
72.81 1 0.836887
72.81 2 0.0412238
72.81 3 4.1756
72.81 4 0.205621
72.91 1 0.836512
72.91 2 0.0412044
72.91 3 4.17562
72.91 4 0.205629
73.01 1 0.836228
73.01 2 0.0411859
73.01 3 4.17565
73.01 4 0.20563
73.11 1 0.835836
73.11 2 0.0411698
73.11 3 4.17567
73.11 4 0.205632
73.21 1 0.835463
73.21 2 0.0411505
73.21 3 4.17569
73.21 4 0.205633
73.31 1 0.835073
73.31 2 0.0411322
73.31 3 4.1757
73.31 4 0.205634
73.41 1 0.834703
73.41 2 0.041113
73.41 3 4.17572
73.41 4 0.205635
73.51 1 0.834314
73.51 2 0.0410948
73.51 3 4.17574
73.51 4 0.205636
73.61 1 0.833946
73.61 2 0.0410757
73.61 3 4.17576
73.61 4 0.205637
73.71 1 0.83356
73.71 2 0.0410576
73.71 3 4.17578
73.71 4 0.205638
73.81 1 0.833194
73.81 2 0.0410386
73.81 3 4.1758
73.81 4 0.205639
73.91 1 0.83281
73.91 2 0.0410206
73.91 3 4.17582
73.91 4 0.20564
74.01 1 0.832446
74.01 2 0.0410017
74.01 3 4.17584
74.01 4 0.205641
74.11 1 0.832064
74.11 2 0.0409838
74.11 3 4.17586
74.11 4 0.205642
74.21 1 0.831702
74.21 2 0.040965
74.21 3 4.17588
74.21 4 0.205642
74.31 1 0.831322
74.31 2 0.0409472
74.31 3 4.17604
74.31 4 0.205643
74.41 1 0.830962
74.41 2 0.0409286
74.41 3 4.17606
74.41 4 0.20565
74.51 1 0.830646
74.51 2 0.0409109
74.51 3 4.17609
74.51 4 0.205651
74.61 1 0.830268
74.61 2 0.0408953
74.61 3 4.1761
74.61 4 0.205653
74.71 1 0.829911
74.71 2 0.0408768
74.71 3 4.17612
74.71 4 0.205654
74.81 1 0.829536
74.81 2 0.0408592
74.81 3 4.17614
74.81 4 0.205655
74.91 1 0.829181
74.91 2 0.0408408
74.91 3 4.17616
74.91 4 0.205656
75.01 1 0.828808
75.01 2 0.0408233
75.01 3 4.17618
75.01 4 0.205657
75.11 1 0.828454
75.11 2 0.040805
75.11 3 4.1762
75.11 4 0.205658
75.21 1 0.828083
75.21 2 0.0407876
75.21 3 4.17622
75.21 4 0.205658
75.31 1 0.827732
75.31 2 0.0407694
75.31 3 4.17624
75.31 4 0.205659
75.41 1 0.827362
75.41 2 0.0407521
75.41 3 4.17626
75.41 4 0.20566
75.51 1 0.827013
75.51 2 0.0407339
75.51 3 4.17628
75.51 4 0.205661
75.61 1 0.826646
75.61 2 0.0407168
75.61 3 4.1763
75.61 4 0.205662
75.71 1 0.826298
75.71 2 0.0406987
75.71 3 4.17631
75.71 4 0.205663
75.81 1 0.825933
75.81 2 0.0406816
75.81 3 4.17633
75.81 4 0.205664
75.91 1 0.825587
75.91 2 0.0406637
75.91 3 4.17647
75.91 4 0.205665
76.01 1 0.825283
76.01 2 0.0406466
76.01 3 4.17651
76.01 4 0.205666
76.11 1 0.824921
76.11 2 0.0406288
76.11 3 4.17652
76.11 4 0.205673
76.21 1 0.824577
76.21 2 0.0406119
76.21 3 4.17654
76.21 4 0.205674
76.31 1 0.824217
76.31 2 0.040597
76.31 3 4.17656
76.31 4 0.205675
76.41 1 0.823875
76.41 2 0.0405793
76.41 3 4.17658
76.41 4 0.205676
76.51 1 0.823517
76.51 2 0.0405625
76.51 3 4.1766
76.51 4 0.205677
76.61 1 0.823177
76.61 2 0.0405449
76.61 3 4.17661
76.61 4 0.205678
76.71 1 0.82282
76.71 2 0.0405282
76.71 3 4.17663
76.71 4 0.205679
76.81 1 0.822482
76.81 2 0.0405106
76.81 3 4.17665
76.81 4 0.20568
76.91 1 0.822127
76.91 2 0.040494
76.91 3 4.17667
76.91 4 0.20568
77.01 1 0.821791
77.01 2 0.0404766
77.01 3 4.17669
77.01 4 0.205681
77.11 1 0.821438
77.11 2 0.0404601
77.11 3 4.1767
77.11 4 0.205682
77.21 1 0.821104
77.21 2 0.0404427
77.21 3 4.17672
77.21 4 0.205682
77.31 1 0.820753
77.31 2 0.0404263
77.31 3 4.17673
77.31 4 0.205683
77.41 1 0.82042
77.41 2 0.040409
77.41 3 4.17675
77.41 4 0.205684
77.51 1 0.820028
77.51 2 0.0403927
77.51 3 4.1769
77.51 4 0.205685
77.61 1 0.819697
77.61 2 0.0403755
77.61 3 4.17691
77.61 4 0.205692
77.71 1 0.81945
77.71 2 0.0403592
77.71 3 4.17694
77.71 4 0.205693
77.81 1 0.819103
77.81 2 0.0403449
77.81 3 4.17696
77.81 4 0.205694
77.91 1 0.818774
77.91 2 0.0403279
77.91 3 4.17697
77.91 4 0.205695
78.01 1 0.818429
78.01 2 0.0403117
78.01 3 4.17699
78.01 4 0.205696
78.11 1 0.818103
78.11 2 0.0402948
78.11 3 4.17701
78.11 4 0.205697
78.21 1 0.817759
78.21 2 0.0402787
78.21 3 4.17702
78.21 4 0.205698
78.31 1 0.817434
78.31 2 0.0402618
78.31 3 4.17704
78.31 4 0.205698
78.41 1 0.817093
78.41 2 0.0402459
78.41 3 4.17706
78.41 4 0.205699
78.51 1 0.81677
78.51 2 0.0402291
78.51 3 4.17707
78.51 4 0.2057
78.61 1 0.81643
78.61 2 0.0402132
78.61 3 4.17708
78.61 4 0.205701
78.71 1 0.816108
78.71 2 0.0401965
78.71 3 4.1771
78.71 4 0.205702
78.81 1 0.81577
78.81 2 0.0401807
78.81 3 4.17712
78.81 4 0.205702
78.91 1 0.81545
78.91 2 0.040164
78.91 3 4.17713
78.91 4 0.205703
79.01 1 0.815114
79.01 2 0.0401483
79.01 3 4.17727
79.01 4 0.205704
79.11 1 0.814795
79.11 2 0.0401318
79.11 3 4.17728
79.11 4 0.205705
79.21 1 0.814516
79.21 2 0.0401161
79.21 3 4.17732
79.21 4 0.205705
79.31 1 0.814182
79.31 2 0.0400997
79.31 3 4.17733
79.31 4 0.205712
79.41 1 0.813866
79.41 2 0.0400841
79.41 3 4.17735
79.41 4 0.205713
79.51 1 0.813534
79.51 2 0.0400704
79.51 3 4.17736
79.51 4 0.205714
79.61 1 0.813219
79.61 2 0.0400541
79.61 3 4.17738
79.61 4 0.205714
79.71 1 0.812889
79.71 2 0.0400386
79.71 3 4.1774
79.71 4 0.205715
79.81 1 0.812576
79.81 2 0.0400224
79.81 3 4.17741
79.81 4 0.205716
79.91 1 0.812247
79.91 2 0.040007
79.91 3 4.17742
79.91 4 0.205717
80.01 1 0.811936
80.01 2 0.0399908
80.01 3 4.17743
80.01 4 0.205717
80.11 1 0.811608
80.11 2 0.0399755
80.11 3 4.17745
80.11 4 0.205718
80.21 1 0.811299
80.21 2 0.0399594
80.21 3 4.17747
80.21 4 0.205719
80.31 1 0.810973
80.31 2 0.0399442
80.31 3 4.17748
80.31 4 0.20572
80.41 1 0.810665
80.41 2 0.0399282
80.41 3 4.1775
80.41 4 0.20572
80.51 1 0.810341
80.51 2 0.0399131
80.51 3 4.17751
80.51 4 0.205721
80.61 1 0.810035
80.61 2 0.0398971
80.61 3 4.17753
80.61 4 0.205722
80.71 1 0.809671
80.71 2 0.0398821
80.71 3 4.17767
80.71 4 0.205723
80.81 1 0.809366
80.81 2 0.0398662
80.81 3 4.17768
80.81 4 0.205729
80.91 1 0.809139
80.91 2 0.0398512
80.91 3 4.17771
80.91 4 0.20573
81.01 1 0.808819
81.01 2 0.0398381
81.01 3 4.17772
81.01 4 0.205731
81.11 1 0.808517
81.11 2 0.0398223
81.11 3 4.17773
81.11 4 0.205732
81.21 1 0.808198
81.21 2 0.0398074
81.21 3 4.17774
81.21 4 0.205733
81.31 1 0.807897
81.31 2 0.0397918
81.31 3 4.17776
81.31 4 0.205733
81.41 1 0.80758
81.41 2 0.039777
81.41 3 4.17777
81.41 4 0.205734
81.51 1 0.807339
81.51 2 0.0397637
81.51 3 4.17321
81.51 4 0.205583
81.61 1 0.807059
81.61 2 0.0397537
81.61 3 4.16718
81.61 4 0.205286
81.71 1 0.806864
81.71 2 0.0397408
81.71 3 4.16411
81.71 4 0.205061
81.81 1 0.806568
81.81 2 0.0397245
81.81 3 4.16427
81.81 4 0.205063
81.91 1 0.806188
81.91 2 0.0397092
81.91 3 4.16431
81.91 4 0.205071
82.01 1 0.805842
82.01 2 0.0396905
82.01 3 4.16435
82.01 4 0.205073
82.11 1 0.805531
82.11 2 0.0396752
82.11 3 4.16451
82.11 4 0.205081
82.21 1 0.80522
82.21 2 0.0396607
82.21 3 4.16455
82.21 4 0.205082
82.31 1 0.804926
82.31 2 0.0396454
82.31 3 4.16458
82.31 4 0.205084
82.41 1 0.804617
82.41 2 0.0396309
82.41 3 4.16462
82.41 4 0.205085
82.51 1 0.804324
82.51 2 0.0396157
82.51 3 4.16465
82.51 4 0.205087
82.61 1 0.804016
82.61 2 0.0396013
82.61 3 4.16468
82.61 4 0.205089
82.71 1 0.803725
82.71 2 0.0395862
82.71 3 4.16472
82.71 4 0.205091
82.81 1 0.803419
82.81 2 0.0395719
82.81 3 4.16475
82.81 4 0.205092
82.91 1 0.803129
82.91 2 0.0395568
82.91 3 4.16479
82.91 4 0.205094
83.01 1 0.802824
83.01 2 0.0395425
83.01 3 4.16482
83.01 4 0.205096
83.11 1 0.802536
83.11 2 0.0395275
83.11 3 4.16486
83.11 4 0.205097
83.21 1 0.802192
83.21 2 0.0395134
83.21 3 4.16501
83.21 4 0.205099
83.31 1 0.801905
83.31 2 0.0394984
83.31 3 4.16504
83.31 4 0.205106
83.41 1 0.801693
83.41 2 0.0394843
83.41 3 4.16509
83.41 4 0.205108
83.51 1 0.801392
83.51 2 0.039472
83.51 3 4.16512
83.51 4 0.20511
83.61 1 0.801107
83.61 2 0.0394571
83.61 3 4.16516
83.61 4 0.205112
83.71 1 0.800807
83.71 2 0.0394431
83.71 3 4.16519
83.71 4 0.205114
83.81 1 0.800524
83.81 2 0.0394284
83.81 3 4.16522
83.81 4 0.205115
83.91 1 0.800225
83.91 2 0.0394144
83.91 3 4.16525
83.91 4 0.205117
84.01 1 0.799943
84.01 2 0.0393997
84.01 3 4.16528
84.01 4 0.205119
84.11 1 0.799646
84.11 2 0.0393859
84.11 3 4.16532
84.11 4 0.20512
84.21 1 0.799365
84.21 2 0.0393713
84.21 3 4.16535
84.21 4 0.205122
84.31 1 0.799069
84.31 2 0.0393575
84.31 3 4.16538
84.31 4 0.205124
84.41 1 0.79879
84.41 2 0.0393429
84.41 3 4.16542
84.41 4 0.205125
84.51 1 0.798495
84.51 2 0.0393292
84.51 3 4.16545
84.51 4 0.205127
84.61 1 0.798218
84.61 2 0.0393147
84.61 3 4.16548
84.61 4 0.205128
84.71 1 0.797924
84.71 2 0.039301
84.71 3 4.16562
84.71 4 0.20513
84.81 1 0.797648
84.81 2 0.0392866
84.81 3 4.16566
84.81 4 0.205132
84.91 1 0.797405
84.91 2 0.039273
84.91 3 4.1657
84.91 4 0.205138
85.01 1 0.797113
85.01 2 0.0392611
85.01 3 4.16574
85.01 4 0.20514
85.11 1 0.796839
85.11 2 0.0392468
85.11 3 4.16577
85.11 4 0.205142
85.21 1 0.796549
85.21 2 0.0392333
85.21 3 4.16579
85.21 4 0.205143
85.31 1 0.796276
85.31 2 0.039219
85.31 3 4.16583
85.31 4 0.205145
85.41 1 0.795987
85.41 2 0.0392056
85.41 3 4.16586
85.41 4 0.205146
85.51 1 0.795715
85.51 2 0.0391914
85.51 3 4.16589
85.51 4 0.205148
85.61 1 0.795428
85.61 2 0.039178
85.61 3 4.16592
85.61 4 0.20515
85.71 1 0.795157
85.71 2 0.0391639
85.71 3 4.16595
85.71 4 0.205151
85.81 1 0.794872
85.81 2 0.0391506
85.81 3 4.16599
85.81 4 0.205153
85.91 1 0.794602
85.91 2 0.0391365
85.91 3 4.16602
85.91 4 0.205154
86.01 1 0.794318
86.01 2 0.0391233
86.01 3 4.16605
86.01 4 0.205156
86.11 1 0.79405
86.11 2 0.0391093
86.11 3 4.16608
86.11 4 0.205157
86.21 1 0.793767
86.21 2 0.0390961
86.21 3 4.16611
86.21 4 0.205159
86.31 1 0.7935
86.31 2 0.0390822
86.31 3 4.16614
86.31 4 0.20516
86.41 1 0.793179
86.41 2 0.0390691
86.41 3 4.16629
86.41 4 0.205162
86.51 1 0.792913
86.51 2 0.0390552
86.51 3 4.16632
86.51 4 0.205169
86.61 1 0.792718
86.61 2 0.0390421
86.61 3 4.16635
86.61 4 0.20517
86.71 1 0.792438
86.71 2 0.0390306
86.71 3 4.16638
86.71 4 0.205172
86.81 1 0.792175
86.81 2 0.0390169
86.81 3 4.16641
86.81 4 0.205174
86.91 1 0.791896
86.91 2 0.0390039
86.91 3 4.16644
86.91 4 0.205175
87.01 1 0.791633
87.01 2 0.0389902
87.01 3 4.16647
87.01 4 0.205177
87.11 1 0.791356
87.11 2 0.0389773
87.11 3 4.1665
87.11 4 0.205178
87.21 1 0.791095
87.21 2 0.0389636
87.21 3 4.16653
87.21 4 0.20518
87.31 1 0.790818
87.31 2 0.0389508
87.31 3 4.16656
87.31 4 0.205181
87.41 1 0.790558
87.41 2 0.0389372
87.41 3 4.16659
87.41 4 0.205183
87.51 1 0.790283
87.51 2 0.0389244
87.51 3 4.16662
87.51 4 0.205183
87.61 1 0.790024
87.61 2 0.0389109
87.61 3 4.16665
87.61 4 0.205185
87.71 1 0.789751
87.71 2 0.0388982
87.71 3 4.16668
87.71 4 0.205186
87.81 1 0.789493
87.81 2 0.0388847
87.81 3 4.16671
87.81 4 0.205188
87.91 1 0.789182
87.91 2 0.038872
87.91 3 4.16684
87.91 4 0.205189
88.01 1 0.788926
88.01 2 0.0388586
88.01 3 4.16687
88.01 4 0.205196
88.11 1 0.788738
88.11 2 0.038846
88.11 3 4.16691
88.11 4 0.205197
88.21 1 0.788468
88.21 2 0.0388349
88.21 3 4.16694
88.21 4 0.205199
88.31 1 0.788213
88.31 2 0.0388216
88.31 3 4.16697
88.31 4 0.205201
88.41 1 0.787943
88.41 2 0.0388091
88.41 3 4.167
88.41 4 0.205202
88.51 1 0.78769
88.51 2 0.0387958
88.51 3 4.16703
88.51 4 0.205204
88.61 1 0.787421
88.61 2 0.0387834
88.61 3 4.16706
88.61 4 0.205205
88.71 1 0.787169
88.71 2 0.0387702
88.71 3 4.16708
88.71 4 0.205206
88.81 1 0.786902
88.81 2 0.0387577
88.81 3 4.16711
88.81 4 0.205208
88.91 1 0.786651
88.91 2 0.0387446
88.91 3 4.16714
88.91 4 0.205209
89.01 1 0.786385
89.01 2 0.0387323
89.01 3 4.16717
89.01 4 0.20521
89.11 1 0.786135
89.11 2 0.0387192
89.11 3 4.1672
89.11 4 0.205212
89.21 1 0.78587
89.21 2 0.0387069
89.21 3 4.16722
89.21 4 0.205213
89.31 1 0.785621
89.31 2 0.0386939
89.31 3 4.16725
89.31 4 0.205215
89.41 1 0.785358
89.41 2 0.0386816
89.41 3 4.16738
89.41 4 0.205216
89.51 1 0.78511
89.51 2 0.0386687
89.51 3 4.16741
89.51 4 0.205217
89.61 1 0.784891
89.61 2 0.0386565
89.61 3 4.16745
89.61 4 0.205219
89.71 1 0.784629
89.71 2 0.0386436
89.71 3 4.16748
89.71 4 0.205225
89.81 1 0.784383
89.81 2 0.0386314
89.81 3 4.1675
89.81 4 0.205226
89.91 1 0.784123
89.91 2 0.0386208
89.91 3 4.16753
89.91 4 0.205228
90.01 1 0.783877
90.01 2 0.0386079
90.01 3 4.16756
90.01 4 0.20523
90.11 1 0.783618
90.11 2 0.0385959
90.11 3 4.16759
90.11 4 0.205231
90.21 1 0.783374
90.21 2 0.0385831
90.21 3 4.16761
90.21 4 0.205232
90.31 1 0.783116
90.31 2 0.0385711
90.31 3 4.16764
90.31 4 0.205233
90.41 1 0.782873
90.41 2 0.0385584
90.41 3 4.16767
90.41 4 0.205234
90.51 1 0.782615
90.51 2 0.0385465
90.51 3 4.16769
90.51 4 0.205236
90.61 1 0.782374
90.61 2 0.0385338
90.61 3 4.16771
90.61 4 0.205237
90.71 1 0.782118
90.71 2 0.0385219
90.71 3 4.16774
90.71 4 0.205238
90.81 1 0.781877
90.81 2 0.0385093
90.81 3 4.16777
90.81 4 0.20524
90.91 1 0.781622
90.91 2 0.0384975
90.91 3 4.1678
90.91 4 0.205241
91.01 1 0.781382
91.01 2 0.038485
91.01 3 4.16782
91.01 4 0.205242
91.11 1 0.781091
91.11 2 0.0384732
91.11 3 4.16795
91.11 4 0.205244
91.21 1 0.780853
91.21 2 0.0384607
91.21 3 4.16798
91.21 4 0.20525
91.31 1 0.780679
91.31 2 0.038449
91.31 3 4.16801
91.31 4 0.205251
91.41 1 0.780427
91.41 2 0.0384386
91.41 3 4.16804
91.41 4 0.205253
91.51 1 0.78019
91.51 2 0.0384262
91.51 3 4.16807
91.51 4 0.205254
91.61 1 0.779939
91.61 2 0.0384145
91.61 3 4.16809
91.61 4 0.205256
91.71 1 0.779727
91.71 2 0.038402
91.71 3 4.16807
91.71 4 0.205254
91.81 1 0.779545
91.81 2 0.0383932
91.81 3 4.16289
91.81 4 0.204999
91.91 1 0.779364
91.91 2 0.0383843
91.91 3 4.15773
91.91 4 0.204745
92.01 1 0.779134
92.01 2 0.0383749
92.01 3 4.15642
92.01 4 0.204681
92.11 1 0.7789
92.11 2 0.0383626
92.11 3 4.15646
92.11 4 0.204683
92.21 1 0.778652
92.21 2 0.0383511
92.21 3 4.15651
92.21 4 0.204685
92.31 1 0.778419
92.31 2 0.0383389
92.31 3 4.15655
92.31 4 0.204687
92.41 1 0.778179
92.41 2 0.0383278
92.41 3 4.15659
92.41 4 0.204689
92.51 1 0.777947
92.51 2 0.0383157
92.51 3 4.15663
92.51 4 0.204691
92.61 1 0.777701
92.61 2 0.0383042
92.61 3 4.15677
92.61 4 0.204693
92.71 1 0.777434
92.71 2 0.0382921
92.71 3 4.15681
92.71 4 0.2047
92.81 1 0.777266
92.81 2 0.0382808
92.81 3 4.15686
92.81 4 0.204702
92.91 1 0.777022
92.91 2 0.0382708
92.91 3 4.1569
92.91 4 0.204704
93.01 1 0.776792
93.01 2 0.0382587
93.01 3 4.15694
93.01 4 0.204706
93.11 1 0.776549
93.11 2 0.0382474
93.11 3 4.15698
93.11 4 0.204708
93.21 1 0.77632
93.21 2 0.0382355
93.21 3 4.15702
93.21 4 0.20471
93.31 1 0.776078
93.31 2 0.0382242
93.31 3 4.15706
93.31 4 0.204712
93.41 1 0.77585
93.41 2 0.0382123
93.41 3 4.1571
93.41 4 0.204714
93.51 1 0.775609
93.51 2 0.0382011
93.51 3 4.15714
93.51 4 0.204716
93.61 1 0.775382
93.61 2 0.0381893
93.61 3 4.15719
93.61 4 0.204718
93.71 1 0.775142
93.71 2 0.0381781
93.71 3 4.15723
93.71 4 0.20472
93.81 1 0.774917
93.81 2 0.0381663
93.81 3 4.15727
93.81 4 0.204722
93.91 1 0.774677
93.91 2 0.0381552
93.91 3 4.15731
93.91 4 0.204724
94.01 1 0.774453
94.01 2 0.0381434
94.01 3 4.15734
94.01 4 0.204726
94.11 1 0.774214
94.11 2 0.0381324
94.11 3 4.15747
94.11 4 0.204728
94.21 1 0.773991
94.21 2 0.0381207
94.21 3 4.15751
94.21 4 0.20473
94.31 1 0.773793
94.31 2 0.0381097
94.31 3 4.15757
94.31 4 0.204732
94.41 1 0.773557
94.41 2 0.038098
94.41 3 4.1576
94.41 4 0.204738
94.51 1 0.773334
94.51 2 0.0380871
94.51 3 4.15764
94.51 4 0.20474
94.61 1 0.773099
94.61 2 0.0380774
94.61 3 4.15768
94.61 4 0.204743
94.71 1 0.772877
94.71 2 0.0380658
94.71 3 4.15772
94.71 4 0.204745
94.81 1 0.772642
94.81 2 0.0380549
94.81 3 4.15776
94.81 4 0.204747
94.91 1 0.772422
94.91 2 0.0380434
94.91 3 4.1578
94.91 4 0.204749
95.01 1 0.772188
95.01 2 0.0380325
95.01 3 4.15784
95.01 4 0.20475
95.11 1 0.771969
95.11 2 0.038021
95.11 3 4.15788
95.11 4 0.204752
95.21 1 0.771736
95.21 2 0.0380102
95.21 3 4.15792
95.21 4 0.204754
95.31 1 0.771517
95.31 2 0.0379988
95.31 3 4.15795
95.31 4 0.204756
95.41 1 0.771286
95.41 2 0.037988
95.41 3 4.15799
95.41 4 0.204757
95.51 1 0.771068
95.51 2 0.0379766
95.51 3 4.15802
95.51 4 0.204759
95.61 1 0.770837
95.61 2 0.0379659
95.61 3 4.15806
95.61 4 0.204761
95.71 1 0.770621
95.71 2 0.0379546
95.71 3 4.1581
95.71 4 0.204763
95.81 1 0.770355
95.81 2 0.0379439
95.81 3 4.15824
95.81 4 0.204765
95.91 1 0.77014
95.91 2 0.0379326
95.91 3 4.15827
95.91 4 0.204771
96.01 1 0.769984
96.01 2 0.037922
96.01 3 4.15832
96.01 4 0.204773
96.11 1 0.769756
96.11 2 0.0379126
96.11 3 4.15836
96.11 4 0.204776
96.21 1 0.769542
96.21 2 0.0379014
96.21 3 4.15839
96.21 4 0.204777
96.31 1 0.769314
96.31 2 0.0378908
96.31 3 4.15843
96.31 4 0.204779
96.41 1 0.7691
96.41 2 0.0378797
96.41 3 4.15847
96.41 4 0.204781
96.51 1 0.768874
96.51 2 0.0378692
96.51 3 4.1585
96.51 4 0.204783
96.61 1 0.768661
96.61 2 0.037858
96.61 3 4.15854
96.61 4 0.204785
96.71 1 0.768435
96.71 2 0.0378476
96.71 3 4.15857
96.71 4 0.204786
96.81 1 0.768224
96.81 2 0.0378365
96.81 3 4.15861
96.81 4 0.204788
96.91 1 0.767999
96.91 2 0.037826
96.91 3 4.15865
96.91 4 0.20479
97.01 1 0.767788
97.01 2 0.037815
97.01 3 4.15868
97.01 4 0.204792
97.11 1 0.767564
97.11 2 0.0378046
97.11 3 4.15872
97.11 4 0.204794
97.21 1 0.767354
97.21 2 0.0377936
97.21 3 4.15875
97.21 4 0.204795
97.31 1 0.767131
97.31 2 0.0377833
97.31 3 4.15888
97.31 4 0.204797
97.41 1 0.766922
97.41 2 0.0377723
97.41 3 4.15892
97.41 4 0.204799
97.51 1 0.766738
97.51 2 0.037762
97.51 3 4.15897
97.51 4 0.204801
97.61 1 0.766516
97.61 2 0.0377529
97.61 3 4.159
97.61 4 0.204807
97.71 1 0.766308
97.71 2 0.037742
97.71 3 4.15904
97.71 4 0.204809
97.81 1 0.766088
97.81 2 0.0377318
97.81 3 4.15907
97.81 4 0.20481
97.91 1 0.765881
97.91 2 0.037721
97.91 3 4.15911
97.91 4 0.204812
98.01 1 0.765661
98.01 2 0.0377108
98.01 3 4.15914
98.01 4 0.204814
98.11 1 0.765455
98.11 2 0.0377
98.11 3 4.15917
98.11 4 0.204816
98.21 1 0.765236
98.21 2 0.0376898
98.21 3 4.15921
98.21 4 0.204817
98.31 1 0.76503
98.31 2 0.0376791
98.31 3 4.15925
98.31 4 0.204819
98.41 1 0.764812
98.41 2 0.037669
98.41 3 4.15928
98.41 4 0.204821
98.51 1 0.764608
98.51 2 0.0376583
98.51 3 4.15932
98.51 4 0.204823
98.61 1 0.764391
98.61 2 0.0376482
98.61 3 4.15935
98.61 4 0.204824
98.71 1 0.764187
98.71 2 0.0376375
98.71 3 4.15939
98.71 4 0.204826
98.81 1 0.763971
98.81 2 0.0376275
98.81 3 4.15942
98.81 4 0.204828
98.91 1 0.763768
98.91 2 0.0376169
98.91 3 4.15945
98.91 4 0.204829
99.01 1 0.763519
99.01 2 0.0376069
99.01 3 4.15959
99.01 4 0.204831
99.11 1 0.763317
99.11 2 0.0375963
99.11 3 4.15962
99.11 4 0.204837
99.21 1 0.763173
99.21 2 0.0375864
99.21 3 4.15966
99.21 4 0.204839
99.31 1 0.762998
99.31 2 0.037578
99.31 3 4.15839
99.31 4 0.204846
99.41 1 0.762848
99.41 2 0.0375705
99.41 3 4.15839
99.41 4 0.204846
99.51 1 0.762701
99.51 2 0.0375648
99.51 3 4.15839
99.51 4 0.204846
99.61 1 0.762552
99.61 2 0.0375574
99.61 3 4.15839
99.61 4 0.204846
99.71 1 0.762402
99.71 2 0.0375501
99.71 3 4.15839
99.71 4 0.204846
99.81 1 0.762287
99.81 2 0.0375429
99.81 3 4.15839
99.81 4 0.204846
99.91 1 0.762138
99.91 2 0.0375355
99.91 3 4.15839
99.91 4 0.204846
100.01 1 0.761989
100.01 2 0.0375282
100.01 3 4.15839
100.01 4 0.204846
100.11 1 0.761848
100.11 2 0.0375265
100.11 3 4.15839
100.11 4 0.204846
100.21 1 0.7617
100.21 2 0.0375192
100.21 3 4.15839
100.21 4 0.204846
100.31 1 0.761553
100.31 2 0.0375119
100.31 3 4.15839
100.31 4 0.204846
100.41 1 0.761439
100.41 2 0.0375047
100.41 3 4.15839
100.41 4 0.204846
100.51 1 0.761292
100.51 2 0.0374976
100.51 3 4.15839
100.51 4 0.204846
100.61 1 0.761145
100.61 2 0.0374903
100.61 3 4.15839
100.61 4 0.204846
100.71 1 0.760998
100.71 2 0.0374848
100.71 3 4.15839
100.71 4 0.204846
100.81 1 0.760822
100.81 2 0.0374775
100.81 3 4.15839
100.81 4 0.204846
100.91 1 0.760642
100.91 2 0.0374762
100.91 3 4.15839
100.91 4 0.204846
