0.0 0
0.0941392 0.084
0.184653 0.084375
0.190466 0.0848281
0.196279 0.0852246
0.202093 0.0855715
0.263552 0.0927501
0.269365 0.0921563
0.275178 0.0916368
0.280991 0.0910572
0.286804 0.09055
0.292617 0.0901063
0.298431 0.089843
0.304244 0.0896126
0.310057 0.089411
0.348252 0.0932347
0.354066 0.0925803
0.359879 0.0918828
0.365692 0.0912724
0.371505 0.0908634
0.377318 0.0905055
0.383131 0.0901923
0.388944 0.0897932
0.394758 0.0894441
0.432953 0.0932636
0.438766 0.0924806
0.444579 0.0919206
0.450393 0.0914305
0.456206 0.0910017
0.462019 0.0906265
0.467832 0.0901732
0.473645 0.0897765
0.479458 0.0895544
0.517654 0.0933601
0.523467 0.0926901
0.52928 0.0921039
0.535093 0.0915909
0.540907 0.091017
0.54672 0.0905149
0.552533 0.0902005
0.558346 0.0899255
0.564159 0.0896848
0.602355 0.0934742
0.608168 0.0927899
0.613981 0.0920662
0.619794 0.0914329
0.625607 0.0908788
0.631421 0.0905189
0.637234 0.0902041
0.643047 0.0899286
0.64886 0.0895625
0.687056 0.0933672
0.692869 0.0925713
0.698682 0.0918749
0.704495 0.0913905
0.710308 0.0909667
0.716121 0.0905959
0.721935 0.0901464
0.727748 0.0897531
0.733561 0.0895339
0.771756 0.0933422
0.77757 0.0926744
0.783383 0.0920901
0.789196 0.0915789
0.795009 0.0911315
0.800822 0.0906151
0.806635 0.0901632
0.812448 0.0898928
0.818262 0.0896562
0.856457 0.0934492
0.86227 0.092768
0.868083 0.092172
0.873897 0.0915255
0.87971 0.0909598
0.885523 0.0905898
0.891336 0.0902661
0.897149 0.0899828
0.902962 0.08961
0.941158 0.0934087
0.946971 0.0926076
0.952784 0.0919067
0.958597 0.0914184
0.964411 0.0909911
0.970224 0.0906172
0.976037 0.09029
0.98185 0.0898788
0.987663 0.0895189
1.02586 0.0933291
1.03167 0.0925379
1.03749 0.0919707
1.0433 0.0914744
1.04911 0.0910401
1.05492 0.090535
1.06074 0.0900932
1.06655 0.0898315
1.07236 0.0896026
1.11056 0.0934023
1.11637 0.092727
1.12219 0.0921361
1.128 0.0914941
1.13381 0.0909323
1.13963 0.0904408
1.14544 0.0901357
1.15125 0.0898687
1.15706 0.0896351
1.19526 0.0934307
1.20107 0.0927519
1.20689 0.0920329
1.2127 0.0914038
1.21851 0.0909783
1.22433 0.090606
1.23014 0.0902803
1.23595 0.0898702
1.24177 0.0895115
1.27996 0.0933225
1.28577 0.0925322
1.29159 0.0919657
1.2974 0.09147
1.30321 0.0910362
1.30903 0.0906567
1.31484 0.0901996
1.32065 0.0897997
1.32647 0.0895747
1.36466 0.0933779
1.37048 0.0927056
1.37629 0.0921174
1.3821 0.0916027
1.38791 0.0910274
1.39373 0.090524
1.39954 0.0902085
1.40535 0.0899324
1.41117 0.0896909
1.44936 0.0934795
1.45518 0.0927946
1.46099 0.0920702
1.4668 0.0914365
1.47262 0.0908819
1.47843 0.0905217
1.48424 0.0902065
1.49005 0.0899307
1.49587 0.0895643
1.53406 0.0933688
1.53988 0.0925727
1.54569 0.0918761
1.5515 0.0913916
1.55732 0.0909676
1.56313 0.0905967
1.56894 0.0901471
1.57476 0.0897537
1.58057 0.0895345
1.61876 0.0933427
1.62458 0.0926748
1.63039 0.0920905
1.6362 0.0915792
1.64202 0.0911318
1.64783 0.0906153
1.65364 0.0901634
1.65946 0.089893
1.66527 0.0896563
1.70347 0.0934493
1.70928 0.0927681
1.71509 0.0921721
1.7209 0.0915256
1.72672 0.0909599
1.73253 0.0905899
1.73834 0.0902662
1.74416 0.0899829
1.74997 0.08961
1.78817 0.0934088
1.79398 0.0926077
1.79979 0.0919067
1.80561 0.0914184
1.81142 0.0909911
1.81723 0.0906172
1.82304 0.09029
1.82886 0.0898788
1.83467 0.0895189
1.87287 0.0933291
1.87868 0.0925379
1.88449 0.0919707
1.89031 0.0914744
1.89612 0.0910401
1.90193 0.0905351
1.90775 0.0900932
1.91356 0.0898315
1.91937 0.0896026
1.95757 0.0934023
1.96338 0.092727
1.96919 0.0921361
1.97501 0.0916191
1.98082 0.0910417
1.98663 0.0905365
1.99245 0.0902194
1.99826 0.089942
2.00407 0.0896992
2.04227 0.0934868
2.04808 0.092801
2.05389 0.0920759
2.05971 0.0914414
2.06552 0.0910112
2.07133 0.0906348
2.07715 0.0903055
2.08296 0.0898923
2.08877 0.0895307
2.12697 0.0933394
2.13278 0.092547
2.1386 0.0919786
2.14441 0.0914813
2.15022 0.0910461
2.15603 0.0906653
2.16185 0.0902072
2.16766 0.0898063
2.17347 0.0895805
2.21167 0.0933829
2.21748 0.0927101
2.2233 0.0921213
2.22911 0.0916061
2.23492 0.0910304
2.24074 0.0905266
2.24655 0.0902108
2.25236 0.0899344
2.25818 0.0896926
2.29637 0.093481
2.30218 0.0927959
2.308 0.0920714
2.31381 0.0914375
2.31962 0.0908828
2.32544 0.0905225
2.33125 0.0902071
2.33706 0.0899313
2.34288 0.0895648
2.38107 0.0933692
2.38688 0.0925731
2.3927 0.0918764
2.39851 0.0913919
2.40432 0.0909679
2.41014 0.0905969
2.41595 0.0901473
2.42176 0.0897539
2.42758 0.0895347
2.46577 0.0933428
2.47159 0.092675
2.4774 0.0920906
2.48321 0.0915793
2.48902 0.0911319
2.49484 0.0906154
2.50065 0.0901635
2.50646 0.089893
2.51228 0.0896564
2.55047 0.0934493
2.55629 0.0927682
2.5621 0.0921722
2.56791 0.0915256
2.57373 0.0909599
2.57954 0.0905899
2.58535 0.0902662
2.59117 0.0899829
2.59698 0.0896101
2.63517 0.0934088
2.64099 0.0926077
2.6468 0.0919067
2.65261 0.0912934
2.65843 0.0908817
2.66424 0.0905215
2.67005 0.0902063
2.67587 0.0898055
2.68168 0.0894548
2.71987 0.093273
2.72569 0.0924889
2.7315 0.0919277
2.73731 0.0914368
2.74313 0.0910072
2.74894 0.0905063
2.75475 0.090068
2.76057 0.0898095
2.76638 0.0895833
2.80458 0.0933854
2.81039 0.0927122
2.8162 0.0921232
2.82201 0.0916078
2.82783 0.0910318
2.83364 0.0905278
2.83945 0.0902119
2.84527 0.0899354
2.85108 0.0896935
2.88928 0.0934818
2.89509 0.0927966
2.9009 0.092072
2.90672 0.091438
2.91253 0.0910082
2.91834 0.0906322
2.92416 0.0903032
2.92997 0.0898903
2.93578 0.089529
2.97398 0.0933379
2.97979 0.0925456
2.9856 0.0919774
2.99142 0.0914803
2.99723 0.0910452
3.00304 0.0906646
3.00886 0.0902065
3.01467 0.0898057
3.02048 0.08958
3.05868 0.0933825
3.06449 0.0927097
3.0703 0.092121
3.07612 0.0916058
3.08193 0.0910301
3.08774 0.0905263
3.09356 0.0902106
3.09937 0.0899342
3.10518 0.0896925
3.14338 0.0934809
3.14919 0.0927958
3.15501 0.0921963
3.16082 0.0915468
3.16663 0.0909784
3.17244 0.0906061
3.17826 0.0902804
3.18407 0.0899953
3.18988 0.0896209
3.22808 0.0934183
3.23389 0.092616
3.23971 0.091914
3.24552 0.0914247
3.25133 0.0909967
3.25715 0.0906221
3.26296 0.0901693
3.26877 0.0897731
3.27458 0.0895515
3.31278 0.0933576
3.31859 0.0926879
3.32441 0.0921019
3.33022 0.0915891
3.33603 0.0911405
3.34185 0.0906229
3.34766 0.0901701
3.35347 0.0898988
3.35929 0.0896615
3.39748 0.0934538
3.40329 0.0927721
3.40911 0.0921755
3.41492 0.0915286
3.42073 0.0909625
3.42655 0.0905922
3.43236 0.0902682
3.43817 0.0899847
3.44399 0.0896116
3.48218 0.0934101
3.488 0.0926089
3.49381 0.0919078
3.49962 0.0912943
3.50543 0.0908825
3.51125 0.0905222
3.51706 0.0902069
3.52287 0.089806
3.52869 0.0894553
3.56688 0.0932734
3.5727 0.0924892
3.57851 0.0919281
3.58432 0.091437
3.59014 0.0910074
3.59595 0.0905065
3.60176 0.0900682
3.60757 0.0898097
3.61339 0.0895834
3.65158 0.0933855
3.6574 0.0927123
3.66321 0.0921233
3.66902 0.0916079
3.67484 0.0910319
3.68065 0.0905279
3.68646 0.0902119
3.69228 0.0899354
3.69809 0.0896935
3.73628 0.0934818
3.7421 0.0927966
3.74791 0.092072
3.75372 0.091438
3.75954 0.0910083
3.76535 0.0906322
3.77116 0.0903032
3.77698 0.0898903
3.78279 0.089529
3.82099 0.0933379
3.8268 0.0925456
3.83261 0.0918524
3.83842 0.0913709
3.84424 0.0909495
3.85005 0.0905808
3.85586 0.0901332
3.86168 0.0897416
3.86749 0.0895239
3.90569 0.0933334
3.9115 0.0926667
3.91731 0.0920834
3.92313 0.091573
3.92894 0.0910013
3.93475 0.0905012
3.94056 0.0901885
3.94638 0.089915
3.95219 0.0896756
3.99039 0.0934661
3.9962 0.0927829
4.00201 0.092185
4.00783 0.0915369
4.01364 0.0909698
4.01945 0.0905985
4.02527 0.0902737
4.03108 0.0899895
4.03689 0.0896158
4.07509 0.0934138
4.0809 0.0926121
4.08671 0.0919106
4.09253 0.0914218
4.09834 0.0909941
4.10415 0.0906198
4.10997 0.0901673
4.11578 0.0897714
4.12159 0.08955
4.15979 0.0933562
4.1656 0.0926867
4.17141 0.0921009
4.17723 0.0915883
4.18304 0.0911397
4.18885 0.0906223
4.19467 0.0901695
4.20048 0.0898983
4.20629 0.089661
4.24449 0.0934534
4.2503 0.0927717
4.25612 0.0921752
4.26193 0.0915283
4.26774 0.0909623
4.27355 0.090592
4.27937 0.090268
4.28518 0.0899845
4.29099 0.0896114
4.32919 0.09341
4.335 0.0927338
4.34082 0.092017
4.34663 0.0913899
4.35244 0.0909662
4.35826 0.0905954
4.36407 0.090271
4.36988 0.0898621
4.3757 0.0895043
4.41389 0.0933163
4.4197 0.0925268
4.42552 0.0919609
4.43133 0.0914658
4.43714 0.0910326
4.44296 0.0905285
4.44877 0.0900874
4.45458 0.0898265
4.4604 0.0895982
4.49859 0.0933984
4.5044 0.0927236
4.51022 0.0921332
4.51603 0.0916165
4.52184 0.0910395
4.52766 0.0905345
4.53347 0.0902177
4.53928 0.0899405
4.5451 0.0896979
4.58329 0.0934857
4.58911 0.0928
4.59492 0.092075
4.60073 0.0914406
4.60654 0.0910105
4.61236 0.0906342
4.61817 0.0903049
4.62398 0.0898918
4.6298 0.0895303
4.66799 0.093214
4.67381 0.0924373
4.67962 0.0917576
4.68543 0.0912879
4.69125 0.0908769
4.69706 0.0905173
4.70287 0.0900777
4.70869 0.0896929
4.7145 0.0894813
4.75269 0.0932962
4.75851 0.0926341
4.76432 0.0920549
4.77013 0.091548
4.77595 0.0909795
4.78176 0.0904821
4.78757 0.0901718
4.79339 0.0899003
4.7992 0.0896628
4.83739 0.0934549
4.84321 0.0927731
4.84902 0.0921764
4.85483 0.0915294
4.86065 0.0909632
4.86646 0.0905928
4.87227 0.0902687
4.87809 0.0899851
4.8839 0.089612
4.9221 0.0934105
4.92791 0.0926092
4.93372 0.091908
4.93953 0.0914195
4.94535 0.0909921
4.95116 0.0906181
4.95697 0.0901658
4.96279 0.0897701
4.9686 0.0895488
5.0068 0.0933552
5.01261 0.0925608
5.01842 0.0919907
5.02424 0.0914919
5.03005 0.0910554
5.03586 0.0905485
5.04168 0.0901049
5.04749 0.0898418
5.0533 0.0896116
5.0915 0.0934101
5.09731 0.0927339
5.10312 0.0921421
5.10894 0.0914994
5.11475 0.0909369
5.12056 0.0905698
5.12638 0.0902486
5.13219 0.0899675
5.138 0.0897216
5.1762 0.0935064
5.18201 0.0928181
5.18782 0.0920908
5.19364 0.0914545
5.19945 0.0910227
5.20526 0.0906448
5.21108 0.0903142
5.21689 0.0898999
5.2227 0.0895375
5.2609 0.0933453
5.26671 0.0925521
5.27252 0.0919831
5.27834 0.0914852
5.28415 0.0910496
5.28996 0.0905434
5.29578 0.0901004
5.30159 0.0898379
5.3074 0.0896081
5.3456 0.0934071
5.35141 0.0927312
5.35723 0.0921398
5.36304 0.0916224
5.36885 0.0910446
5.37467 0.090539
5.38048 0.0902216
5.38629 0.0899439
5.3921 0.0897009
5.4303 0.0934883
5.43611 0.0928023
5.44193 0.092077
5.44774 0.0914424
5.45355 0.0910121
5.45937 0.0906356
5.46518 0.0903061
5.47099 0.0898928
5.47681 0.0895312
5.515 0.0933398
5.52081 0.0925474
5.52663 0.0918539
5.53244 0.0913722
5.53825 0.0909507
5.54407 0.0905818
5.54988 0.0901341
5.55569 0.0897423
5.56151 0.0895245
5.5997 0.093334
5.60552 0.0926672
5.61133 0.0920838
5.61714 0.0915733
5.62295 0.0910017
5.62877 0.0905015
5.63458 0.0901888
5.64039 0.0899152
5.64621 0.0896758
5.6844 0.0934663
5.69022 0.092783
5.69603 0.0921851
5.70184 0.091537
5.70766 0.0909699
5.71347 0.0905986
5.71928 0.0902738
5.72509 0.0899896
5.73091 0.0896159
5.7691 0.0934139
5.77492 0.0926122
5.78073 0.0919106
5.78654 0.0914218
5.79236 0.0909941
5.79817 0.0906198
5.80398 0.0901673
5.8098 0.0897714
5.81561 0.089425
5.8538 0.0932469
5.85962 0.092466
5.86543 0.0919078
5.87124 0.0914193
5.87706 0.0909919
5.88287 0.0904929
5.88868 0.0900563
5.8945 0.0897992
5.90031 0.0895743
5.93851 0.0933775
5.94432 0.0927054
5.95013 0.0921172
5.95594 0.0914775
5.96176 0.0909178
5.96757 0.0905531
5.97338 0.090234
5.9792 0.0899547
5.98501 0.0897104
6.02321 0.0934966
6.02902 0.0928095
6.03483 0.0920833
6.04065 0.0914479
6.04646 0.0910169
6.05227 0.0906398
6.05808 0.0903098
6.0639 0.0898961
6.06971 0.0895341
6.10791 0.0933423
6.11372 0.0925495
6.11953 0.0919808
6.12535 0.0914832
6.13116 0.0910478
6.13697 0.0905419
6.14279 0.0900991
6.1486 0.0898367
6.15441 0.0896071
6.19261 0.0934062
6.19842 0.0927305
6.20423 0.0921392
6.21005 0.0916218
6.21586 0.091044
6.22167 0.0905385
6.22749 0.0902212
6.2333 0.0899436
6.23911 0.0897006
6.27731 0.093488
6.28312 0.092802
6.28893 0.0920768
6.29475 0.0914422
6.30056 0.0910119
6.30637 0.0906354
6.31219 0.090306
6.318 0.0900177
6.32381 0.0896405
6.36201 0.0934355
6.36782 0.092631
6.37364 0.0919271
6.37945 0.0914363
6.38526 0.0910067
6.39107 0.0906309
6.39689 0.090177
6.4027 0.0897799
6.40851 0.0895574
6.44671 0.0933627
6.45252 0.0926924
6.45834 0.0921058
6.46415 0.0915926
6.46996 0.0910185
6.47578 0.0905162
6.48159 0.0902017
6.4874 0.0899265
6.49322 0.0896857
6.53141 0.093475
6.53722 0.0927906
6.54304 0.0921918
6.54885 0.0915428
6.55466 0.0909749
6.56048 0.0906031
6.56629 0.0902777
6.5721 0.089993
6.57792 0.0896189
6.61611 0.0934165
6.62192 0.0926144
6.62774 0.0919126
6.63355 0.0914236
6.63936 0.0909956
6.64518 0.0906212
6.65099 0.0901685
6.6568 0.0897724
6.66262 0.0894259
6.70081 0.0932477
6.70663 0.0924667
6.71244 0.0919084
6.71825 0.0914198
6.72406 0.0909923
6.72988 0.0904933
6.73569 0.0900566
6.7415 0.0897996
6.74732 0.0895746
6.78551 0.0933778
6.79133 0.0927056
6.79714 0.0921174
6.80295 0.0914777
6.80877 0.090918
6.81458 0.0905532
6.82039 0.0902341
6.82621 0.0899548
6.83202 0.0897105
6.87021 0.0934967
6.87603 0.0928096
6.88184 0.0920834
6.88765 0.091448
6.89347 0.091017
6.89928 0.0906398
6.90509 0.0903099
6.91091 0.0898961
6.91672 0.0895341
6.95491 0.0933423
6.96073 0.0925496
6.96654 0.0919809
6.97235 0.0914833
6.97817 0.0910478
6.98398 0.0905419
6.98979 0.0900991
6.99561 0.0898367
7.00142 0.0896071
7.03962 0.0934063
7.04543 0.0927305
7.05124 0.0921392
7.05705 0.0916218
7.06287 0.091044
7.06868 0.0905385
7.07449 0.0902212
7.08031 0.0899436
7.08612 0.0897006
7.12432 0.093488
7.13013 0.092802
7.13594 0.0920768
7.14176 0.0914422
7.14757 0.0910119
7.15338 0.0906354
7.1592 0.090306
7.16501 0.0900177
7.17082 0.0896405
7.20902 0.0934355
7.21483 0.092631
7.22064 0.0919271
7.22646 0.0914363
7.23227 0.0910067
7.23808 0.0906309
7.2439 0.090177
7.24971 0.0897799
7.25552 0.0895574
7.29372 0.0933627
7.29953 0.0926924
7.30534 0.0921058
7.31116 0.0915926
7.31697 0.0910185
7.32278 0.0905162
7.3286 0.0902017
7.33441 0.0899265
7.34022 0.0896857
7.37842 0.093475
7.38423 0.0927906
7.39004 0.0921918
7.39586 0.0915428
7.40167 0.0909749
7.40748 0.0906031
7.4133 0.0902777
7.41911 0.089993
7.42492 0.0896189
7.46312 0.0934165
7.46893 0.0926144
7.47475 0.0919126
7.48056 0.0914236
7.48637 0.0909956
7.49219 0.0906212
7.498 0.0901685
7.50381 0.0897724
7.50962 0.0894259
7.54782 0.0932477
7.55363 0.0924667
7.55945 0.0919084
7.56526 0.0914198
7.57107 0.0909923
7.57689 0.0904933
7.5827 0.0900566
7.58851 0.0897996
7.59433 0.0895746
7.63252 0.0933778
7.63833 0.0927056
7.64415 0.0921174
7.64996 0.0914777
7.65577 0.090918
7.66159 0.0905532
7.6674 0.0902341
7.67321 0.0899548
7.67903 0.0897105
7.71722 0.0934967
7.72303 0.0928096
7.72885 0.0920834
7.73466 0.091448
7.74047 0.091017
7.74629 0.0906398
7.7521 0.0903099
7.75791 0.0898961
7.76373 0.0895341
7.80192 0.0933423
7.80774 0.0925496
7.81355 0.0919809
7.81936 0.0914833
7.82518 0.0910478
7.83099 0.0905419
7.8368 0.0900991
7.84261 0.0897117
7.84843 0.0894978
7.88662 0.0933105
7.89244 0.0926467
7.89825 0.0920659
7.90406 0.0915577
7.90988 0.0909879
7.91569 0.0904895
7.9215 0.0901783
7.92732 0.089906
7.93313 0.0896677
7.97132 0.0934593
7.97714 0.0927769
7.98295 0.0920548
7.98876 0.0914229
7.99458 0.090995
8.00039 0.0906207
8.0062 0.0902931
8.01202 0.0900064
8.01783 0.0896306
8.05603 0.0934268
8.06184 0.0926235
8.06765 0.0919205
8.07346 0.0914305
8.07928 0.0910017
8.08509 0.0906264
8.0909 0.0901731
8.09672 0.0897765
8.10253 0.0895544
8.14073 0.0933601
8.14654 0.0926901
8.15235 0.0921038
8.15817 0.0915909
8.16398 0.091017
8.16979 0.0905149
8.1756 0.0902005
8.18142 0.0899255
8.18723 0.0896848
8.22543 0.0934742
8.23124 0.0927899
8.23705 0.0921912
8.24287 0.0915423
8.24868 0.0909745
8.25449 0.0906027
8.26031 0.0902773
8.26612 0.0899927
8.27193 0.0896186
8.31013 0.0934163
8.31594 0.0926142
8.32175 0.0919125
8.32757 0.0914234
8.33338 0.0909955
8.33919 0.090621
8.34501 0.0902934
8.35082 0.0898817
8.35663 0.0895215
8.39483 0.0933313
8.40064 0.0925399
8.40645 0.0919724
8.41227 0.0914759
8.41808 0.0910414
8.42389 0.0905362
8.42971 0.0900942
8.43552 0.0898324
8.44133 0.0896034
8.47953 0.0934029
8.48534 0.0927276
8.49116 0.0921366
8.49697 0.0914945
8.50278 0.0909327
8.50859 0.0905661
8.51441 0.0902454
8.52022 0.0899647
8.52603 0.0897191
8.56423 0.0935042
8.57004 0.0928162
8.57586 0.0920892
8.58167 0.091453
8.58748 0.0910214
8.5933 0.0906437
8.59911 0.0903133
8.60492 0.0898991
8.61074 0.0895367
8.64893 0.0933446
8.65474 0.0925515
8.66056 0.0919826
8.66637 0.0914848
8.67218 0.0910492
8.678 0.090543
8.68381 0.0901002
8.68962 0.0897126
8.69544 0.0894986
8.73363 0.0933112
8.73944 0.0926473
8.74526 0.0920664
8.75107 0.0915581
8.75688 0.0909883
8.7627 0.0904898
8.76851 0.0901786
8.77432 0.0899063
8.78014 0.089668
8.81833 0.0934595
8.82415 0.092777
8.82996 0.0920549
8.83577 0.091423
8.84158 0.0909952
8.8474 0.0906208
8.85321 0.0902932
8.85902 0.0900065
8.86484 0.0896307
8.90303 0.0934269
8.90885 0.0926235
8.91466 0.0919206
8.92047 0.0914305
8.92629 0.0910017
8.9321 0.0906265
8.93791 0.0901732
8.94373 0.0897765
8.94954 0.0895545
8.98773 0.0933601
8.99355 0.0926901
8.99936 0.0921039
9.00517 0.0915909
9.01099 0.091017
9.0168 0.0905149
9.02261 0.0900755
9.02843 0.0898161
9.03424 0.0895891
9.07243 0.0933904
9.07825 0.0927166
9.08406 0.0921271
9.08987 0.0914862
9.09569 0.0909254
9.1015 0.0905597
9.10731 0.0902398
9.11313 0.0899598
9.11894 0.0895898
9.15714 0.0933911
9.16295 0.0925922
9.16876 0.0918932
9.17457 0.0914065
9.18039 0.0909807
9.1862 0.0906081
9.19201 0.0902821
9.19783 0.0898718
9.20364 0.0895129
9.24184 0.0933238
9.24765 0.0925333
9.25346 0.0919666
9.25928 0.0914708
9.26509 0.0910369
9.2709 0.0905323
9.27672 0.0900908
9.28253 0.0898294
9.28834 0.0896008
9.32654 0.0934007
9.33235 0.0927256
9.33816 0.0921349
9.34398 0.091493
9.34979 0.0909314
9.3556 0.090565
9.36142 0.0902443
9.36723 0.0899638
9.37304 0.0897183
9.41124 0.0935035
9.41705 0.0928156
9.42286 0.0920886
9.42868 0.0914526
9.43449 0.091021
9.4403 0.0906434
9.44612 0.0903129
9.45193 0.0898988
9.45774 0.0895365
9.49594 0.0933444
9.50175 0.0925514
9.50756 0.0919824
9.51338 0.0914846
9.51919 0.0910491
9.525 0.0906679
9.53082 0.0902094
9.53663 0.0898083
9.54244 0.0895822
9.58064 0.0933844
9.58645 0.0927114
9.59227 0.0921225
9.59808 0.0916072
9.60389 0.0910313
9.60971 0.0905274
9.61552 0.0902114
9.62133 0.089935
9.62714 0.0896931
9.66534 0.0934815
9.67115 0.0927963
9.67697 0.0920718
9.68278 0.0914378
9.68859 0.0910081
9.69441 0.0906321
9.70022 0.090303
9.70603 0.0900152
9.71185 0.0896383
9.75004 0.0934335
9.75585 0.0926293
9.76167 0.0919256
9.76748 0.0914349
9.77329 0.0910056
9.77911 0.0906299
9.78492 0.0901761
9.79073 0.0897791
9.79655 0.0895567
9.83474 0.0933621
9.84055 0.0926919
9.84637 0.0921054
9.85218 0.0915922
9.85799 0.0910182
9.86381 0.0905159
9.86962 0.0900764
9.87543 0.0898169
9.88125 0.0895898
9.91944 0.093391
9.92526 0.0927172
9.93107 0.0921275
9.93688 0.0914866
9.9427 0.0909258
9.94851 0.09056
9.95432 0.09024
9.96013 0.08996
9.96595 0.08959
10.0041 0.0933913
10.01 0.0925924
10.0158 0.0918933
10.0216 0.0914066
10.0274 0.0909808
10.0332 0.0906082
10.039 0.0902822
10.0448 0.0898719
10.0506 0.0895129
10.0888 0.0933238
10.0947 0.0925333
10.1005 0.0919667
10.1063 0.0914708
10.1121 0.091037
10.1179 0.0905324
10.1237 0.0900908
10.1295 0.0898295
10.1353 0.0896008
10.1735 0.0934007
10.1794 0.0927256
10.1852 0.0921349
10.191 0.091493
10.1968 0.0909314
10.2026 0.09044
10.2084 0.090135
10.2142 0.0898681
10.2201 0.0896346
10.2582 0.0934303
10.3048 0.0977515
10.3459 0.0964075
10.3924 0.0953566
10.4335 0.094437
10.48 0.0935074
10.5211 0.092819
10.5676 0.0922166
10.6087 0.0915645
10.6552 0.091119
10.6963 0.0907291
10.7428 0.090263
10.7839 0.0898551
10.8304 0.0896232
10.8715 0.0894203
10.918 0.0892428
10.9591 0.0890874
11.0056 0.0888265
11.0467 0.0885982
11.0932 0.0885234
11.1343 0.088458
11.1808 0.0882757
11.2219 0.0881163
11.2684 0.0881017
11.3095 0.088089
11.356 0.0880779
11.3971 0.0880681
11.4436 0.0879346
11.4847 0.0878178
11.5313 0.0878406
11.5724 0.0878605
11.6189 0.0877529
11.66 0.0876588
11.7065 0.0877015
11.7476 0.0877388
11.7941 0.0877714
11.8352 0.0878
11.8817 0.0877
11.9228 0.0876125
11.9693 0.0876609
12.0104 0.0877033
12.0569 0.0876154
12.098 0.0876635
12.1445 0.0877055
12.1856 0.0876174
12.2321 0.0876652
12.2732 0.087707
12.3197 0.0876187
12.3608 0.0875413
12.4073 0.0875987
12.4484 0.0876488
12.4949 0.0875677
12.536 0.0876218
12.5825 0.087669
12.6236 0.0875854
12.6702 0.0876372
12.7113 0.0876826
12.7578 0.0875973
12.7989 0.0875226
12.8454 0.0875823
12.8865 0.0876345
12.933 0.0875552
12.9741 0.0876108
13.0206 0.0876594
13.0617 0.087577
13.1082 0.0876299
13.1493 0.0876761
13.1958 0.0875916
13.2369 0.0875177
13.2834 0.087578
13.3245 0.0876307
13.371 0.0876769
13.4121 0.0877173
13.4586 0.0876276
13.4997 0.0875492
13.5462 0.0876055
13.5873 0.0876548
13.6338 0.087573
13.6749 0.0875013
13.7214 0.0875637
13.7625 0.0876182
13.809 0.0876659
13.8501 0.0877077
13.8967 0.0876192
13.9378 0.0875418
13.9843 0.0875991
14.0254 0.0876492
14.0719 0.0875681
14.113 0.0874971
14.1595 0.0875599
14.2006 0.0876149
14.2471 0.0876631
14.2882 0.0877052
14.3347 0.087617
14.3758 0.0875399
14.4223 0.0875974
14.4634 0.0876477
14.5099 0.0875668
14.551 0.0876209
14.5975 0.0876683
14.6386 0.0875848
14.6851 0.0876367
14.7262 0.0876821
14.7727 0.0875968
14.8138 0.0875222
14.8603 0.0875819
14.9014 0.0876342
14.9479 0.0875549
14.989 0.0876106
15.0355 0.0876592
15.0767 0.0875768
15.1232 0.0876297
15.1643 0.087676
15.2108 0.0875915
15.2519 0.0875176
15.2984 0.0875779
15.3395 0.0876306
15.386 0.0875518
15.4271 0.0876078
15.4736 0.0876569
15.5147 0.0875747
15.5612 0.0876279
15.6023 0.0876744
15.6488 0.0875901
15.6899 0.0875163
15.7364 0.0875768
15.7775 0.0876297
15.824 0.087676
15.8651 0.0877165
15.9116 0.0876269
15.9527 0.0875486
15.9992 0.087605
16.0403 0.0876544
16.0868 0.0875726
16.1279 0.087501
16.1744 0.0875634
16.2155 0.087618
16.2621 0.0876657
16.3032 0.0877075
16.3497 0.0876191
16.3908 0.0875417
16.4373 0.087599
16.4784 0.0876491
16.5249 0.087568
16.566 0.087497
16.6125 0.0875598
16.6536 0.0876149
16.7001 0.087663
16.7412 0.0877051
16.7877 0.087617
16.8288 0.0875399
16.8753 0.0875974
16.9164 0.0876477
16.9629 0.0875667
17.004 0.0876209
17.0505 0.0876683
17.0916 0.0875847
17.1381 0.0876367
17.1792 0.0876821
17.2257 0.0875968
17.2668 0.0875222
17.3133 0.0875819
17.3544 0.0876342
17.4009 0.0875549
17.4421 0.0876106
17.4886 0.0876592
17.5297 0.0875768
17.5762 0.0876297
17.6173 0.087676
17.6638 0.0875915
17.7049 0.0875176
17.7514 0.0875779
17.7925 0.0876306
17.839 0.0875518
17.8801 0.0876078
17.9266 0.0876569
17.9677 0.0875747
18.0142 0.0876279
18.0553 0.0876744
18.1018 0.0875901
18.1429 0.0875163
18.1894 0.0875768
18.2305 0.0876297
18.277 0.087676
18.3181 0.0877165
18.3646 0.0876269
18.4057 0.0875486
18.4522 0.087605
18.4933 0.0876544
18.5398 0.0875726
18.5809 0.087501
18.6275 0.0875634
18.6686 0.087618
18.7151 0.0876657
18.7562 0.0877075
18.8027 0.0876191
18.8438 0.0875417
18.8903 0.087599
18.9314 0.0876491
18.9779 0.087568
19.019 0.087497
19.0655 0.0875598
19.1066 0.0876149
19.1531 0.087663
19.1942 0.0877051
19.2407 0.087617
19.2818 0.0875399
19.3283 0.0875974
19.3694 0.0876477
19.4159 0.0875667
19.457 0.0876209
19.5035 0.0876683
19.5446 0.0875847
19.5911 0.0876367
19.6322 0.0876821
19.6787 0.0875968
19.7198 0.0875222
19.7663 0.0875819
19.8074 0.0876342
19.854 0.0875549
19.8951 0.0876106
19.9416 0.0876592
19.9827 0.0875768
20.0292 0.0876297
20.0703 0.087676
20.1168 0.0875915
20.1579 0.0875176
20.2044 0.0875779
20.2455 0.0876306
20.292 0.0875518
20.3331 0.0876078
20.3796 0.0876569
20.4207 0.0875747
20.4672 0.0876279
20.5083 0.0876744
20.5548 0.0875901
20.5959 0.0875163
20.6424 0.0875768
20.6835 0.0876297
20.73 0.087676
20.7711 0.0877165
20.8176 0.0876269
20.8587 0.0875486
20.9052 0.087605
20.9463 0.0876544
20.9929 0.0875726
21.034 0.087501
21.0805 0.0875634
21.1216 0.087618
21.1681 0.0876657
21.2092 0.0877075
21.2557 0.0876191
21.2968 0.0875417
21.3433 0.087599
21.3844 0.0876491
21.4309 0.087568
21.472 0.087497
21.5185 0.0875598
21.5596 0.0876149
21.6061 0.087663
21.6472 0.0877051
21.6937 0.087617
21.7348 0.0875399
21.7813 0.0875974
21.8224 0.0876477
21.8689 0.0875667
21.91 0.0876209
21.9565 0.0876683
21.9976 0.0875847
22.0441 0.0876367
22.0852 0.0876821
22.1317 0.0875968
22.1728 0.0875222
22.2194 0.0875819
22.2605 0.0876342
22.307 0.0875549
22.3481 0.0876106
22.3946 0.0876592
22.4357 0.0875768
22.4822 0.0876297
22.5233 0.087676
22.5698 0.0875915
22.6109 0.0875176
22.6574 0.0875779
22.6985 0.0876306
22.745 0.0875518
22.7861 0.0876078
22.8326 0.0876569
22.8737 0.0875747
22.9202 0.0876279
22.9613 0.0876744
23.0078 0.0875901
23.0489 0.0875163
23.0954 0.0875768
23.1365 0.0876297
23.183 0.087676
23.2241 0.0877165
23.2706 0.0876269
23.3117 0.0875486
23.3582 0.087605
23.3994 0.0876544
23.4459 0.0875726
23.487 0.087501
23.5335 0.0875634
23.5746 0.087618
23.6211 0.0876657
23.6622 0.0877075
23.7087 0.0876191
23.7498 0.0875417
23.7963 0.087599
23.8374 0.0876491
23.8839 0.087568
23.925 0.087497
23.9715 0.0875598
24.0126 0.0876149
24.0591 0.087663
24.1002 0.0877051
24.1467 0.087617
24.1878 0.0875399
24.2343 0.0875974
24.2754 0.0876477
24.3219 0.0875667
24.363 0.0876209
24.4095 0.0876683
24.4506 0.0875847
24.4971 0.0876367
24.5382 0.0876821
24.5848 0.0875968
24.6259 0.0875222
24.6724 0.0875819
24.7135 0.0876342
24.76 0.0875549
24.8011 0.0876106
24.8476 0.0876592
24.8887 0.0875768
24.9352 0.0876297
24.9763 0.087676
25.0228 0.0875915
25.0639 0.0875176
25.1104 0.0875779
25.1515 0.0876306
25.198 0.0876768
25.2391 0.0877172
25.2856 0.0876276
25.3267 0.0875491
25.3732 0.0876055
25.4143 0.0876548
25.4608 0.0875729
25.5019 0.0875013
25.5484 0.0875637
25.5895 0.0876182
25.636 0.0876659
25.6771 0.0877077
25.7236 0.0876192
25.7648 0.0875418
25.8113 0.0875991
25.8524 0.0876492
25.8989 0.0875681
25.94 0.087497
25.9865 0.0875599
26.0276 0.0876149
26.0741 0.0876631
26.1152 0.0877052
26.1617 0.087617
26.2028 0.0875399
26.2493 0.0875974
26.2904 0.0876477
26.3369 0.0875668
26.378 0.0876209
26.4245 0.0876683
26.4656 0.0875848
26.5121 0.0876367
26.5532 0.0876821
26.5997 0.0875968
26.6408 0.0875222
26.6873 0.0875819
26.7284 0.0876342
26.7749 0.0875549
26.816 0.0876106
26.8625 0.0876592
26.9036 0.0875768
26.9502 0.0876297
26.9913 0.087676
27.0378 0.0875915
27.0789 0.0875176
27.1254 0.0875779
27.1665 0.0876306
27.213 0.0875518
27.2541 0.0876078
27.3006 0.0876569
27.3417 0.0875747
27.3882 0.0876279
27.4293 0.0876744
27.4758 0.0875901
27.5169 0.0875163
27.5634 0.0875768
27.6045 0.0876297
27.651 0.087676
27.6921 0.0877165
27.7386 0.0876269
27.7797 0.0875486
27.8262 0.087605
27.8673 0.0876544
27.9138 0.0875726
27.9549 0.087501
28.0014 0.0875634
28.0425 0.087618
28.089 0.0876657
28.1302 0.0877075
28.1767 0.0876191
28.2178 0.0875417
28.2643 0.087599
28.3054 0.0876491
28.3519 0.087568
28.393 0.087497
28.4395 0.0875598
28.4806 0.0876149
28.5271 0.087663
28.5682 0.0877051
28.6147 0.087617
28.6558 0.0875399
28.7023 0.0875974
28.7434 0.0876477
28.7899 0.0875667
28.831 0.0876209
28.8775 0.0876683
28.9186 0.0875847
28.9651 0.0876367
29.0062 0.0876821
29.0527 0.0875968
29.0938 0.0875222
29.1403 0.0875819
29.1814 0.0876342
29.2279 0.0875549
29.269 0.0876106
29.3156 0.0876592
29.3567 0.0875768
29.4032 0.0876297
29.4443 0.087676
29.4908 0.0875915
29.5319 0.0875176
29.5784 0.0875779
29.6195 0.0876306
29.666 0.0875518
29.7071 0.0876078
29.7536 0.0876569
29.7947 0.0875747
29.8412 0.0876279
29.8823 0.0876744
29.9288 0.0875901
29.9699 0.0875163
30.0164 0.0875768
30.0575 0.0876297
30.104 0.087676
30.1451 0.0877165
30.1916 0.0876269
30.2327 0.0875486
30.2792 0.087605
30.3203 0.0876544
30.3668 0.0875726
30.4079 0.087501
30.4544 0.0875634
30.4955 0.087618
30.5421 0.0876657
30.5832 0.0877075
30.6297 0.0876191
30.6708 0.0875417
30.7173 0.087599
30.7584 0.0876491
30.8049 0.087568
30.846 0.087497
30.8925 0.0875598
30.9336 0.0876149
30.9801 0.087663
31.0212 0.0877051
31.0677 0.087617
31.1088 0.0875399
31.1553 0.0875974
31.1964 0.0876477
31.2429 0.0875667
31.284 0.0876209
31.3305 0.0876683
31.3716 0.0875847
31.4181 0.0876367
31.4592 0.0876821
31.5057 0.0875968
31.5468 0.0875222
31.5933 0.0875819
31.6344 0.0876342
31.681 0.0875549
31.7221 0.0876106
31.7686 0.0876592
31.8097 0.0875768
31.8562 0.0876297
31.8973 0.087676
31.9438 0.0875915
31.9849 0.0875176
32.0314 0.0875779
32.0725 0.0876306
32.119 0.0875518
32.1601 0.0876078
32.2066 0.0876569
32.2477 0.0875747
32.2942 0.0876279
32.3353 0.0876744
32.3818 0.0875901
32.4229 0.0875163
32.4694 0.0875768
32.5105 0.0876297
32.557 0.087676
32.5981 0.0877165
32.6446 0.0876269
32.6857 0.0875486
32.7322 0.087605
32.7733 0.0876544
32.8198 0.0875726
32.8609 0.087501
32.9075 0.0875634
32.9486 0.087618
32.9951 0.0876657
33.0362 0.0877075
33.0827 0.0876191
33.1238 0.0875417
33.1703 0.087599
33.2114 0.0876491
33.2579 0.087568
33.299 0.087497
33.3455 0.0875598
33.3866 0.0876149
33.4331 0.087663
33.4742 0.0877051
33.5207 0.087617
33.5618 0.0875399
33.6083 0.0875974
33.6494 0.0876477
33.6959 0.0875667
33.737 0.0876209
33.7835 0.0876683
33.8246 0.0875847
33.8711 0.0876367
33.9122 0.0876821
33.9587 0.0875968
33.9998 0.0875222
34.0463 0.0875819
34.0875 0.0876342
34.134 0.0875549
34.1751 0.0876106
34.2216 0.0876592
34.2627 0.0875768
34.3092 0.0876297
34.3503 0.087676
34.3968 0.0875915
34.4379 0.0875176
34.4844 0.0875779
34.5255 0.0876306
34.572 0.0875518
34.6131 0.0876078
34.6596 0.0876569
34.7007 0.0875747
34.7472 0.0876279
34.7883 0.0876744
34.8348 0.0875901
34.8759 0.0875163
34.9224 0.0875768
34.9635 0.0876297
35.01 0.087676
35.0511 0.0877165
35.0976 0.0876269
35.1387 0.0875486
35.1852 0.087605
35.2263 0.0876544
35.2729 0.0875726
35.314 0.087501
35.3605 0.0875634
35.4016 0.087618
35.4481 0.0876657
35.4892 0.0877075
35.5357 0.0876191
35.5768 0.0875417
35.6233 0.087599
35.6644 0.0876491
35.7109 0.087568
35.752 0.087497
35.7985 0.0875598
35.8396 0.0876149
35.8861 0.087663
35.9272 0.0877051
35.9737 0.087617
36.0148 0.0875399
36.0613 0.0875974
36.1024 0.0876477
36.1489 0.0875667
36.19 0.0876209
36.2365 0.0876683
36.2776 0.0875847
36.3241 0.0876367
36.3652 0.0876821
36.4117 0.0875968
36.4529 0.0875222
36.4994 0.0875819
36.5405 0.0876342
36.587 0.0875549
36.6281 0.0876106
36.6746 0.0876592
36.7157 0.0875768
36.7622 0.0876297
36.8033 0.087676
36.8498 0.0875915
36.8909 0.0875176
36.9374 0.0875779
36.9785 0.0876306
37.025 0.0876768
37.0661 0.0877172
37.1126 0.0876276
37.1537 0.0875491
37.2002 0.0876055
37.2413 0.0876548
37.2878 0.0875729
37.3289 0.0875013
37.3754 0.0875637
37.4165 0.0876182
37.463 0.0876659
37.5041 0.0877077
37.5506 0.0876192
37.5917 0.0875418
37.6383 0.0875991
37.6794 0.0876492
37.7259 0.0875681
37.767 0.087497
37.8135 0.0875599
37.8546 0.0876149
37.9011 0.0876631
37.9422 0.0877052
37.9887 0.087617
38.0298 0.0875399
38.0763 0.0875974
38.1174 0.0876477
38.1639 0.0875668
38.205 0.0874959
38.2515 0.0875589
38.2926 0.0876141
38.3391 0.0876623
38.3802 0.0877045
38.4267 0.0876165
38.4678 0.0875394
38.5143 0.087597
38.5554 0.0876473
38.6019 0.0875664
38.643 0.0876206
38.6895 0.087668
38.7306 0.0875845
38.7771 0.0876365
38.8183 0.0876819
38.8648 0.0875967
38.9059 0.0875221
38.9524 0.0875818
38.9935 0.0876341
39.04 0.0875548
39.0811 0.0876105
39.1276 0.0876592
39.1687 0.0875768
39.2152 0.0876297
39.2563 0.087676
39.3028 0.0875915
39.3439 0.0875175
39.3904 0.0875778
39.4315 0.0876306
39.478 0.0876768
39.5191 0.0877172
39.5656 0.0876275
39.6067 0.0875491
39.6532 0.0876055
39.6943 0.0876548
39.7408 0.0875729
39.7819 0.0875013
39.8284 0.0875636
39.8695 0.0876182
39.916 0.0876659
39.9571 0.0877077
40.0037 0.0876192
40.0448 0.0875418
40.0913 0.0875991
40.1324 0.0876492
40.1789 0.0875681
40.22 0.087497
40.2665 0.0875599
40.3076 0.0876149
40.3541 0.0876631
40.3952 0.0877052
40.4417 0.087617
40.4828 0.0875399
40.5293 0.0875974
40.5704 0.0876477
40.6169 0.0875668
40.658 0.0876209
40.7045 0.0876683
40.7456 0.0875848
40.7921 0.0876367
40.8332 0.0876821
40.8797 0.0875968
40.9208 0.0875222
40.9673 0.0875819
41.0084 0.0876342
41.0549 0.0875549
41.096 0.0876106
41.1425 0.0876592
41.1836 0.0875768
41.2302 0.0876297
41.2713 0.087676
41.3178 0.0875915
41.3589 0.0875176
41.4054 0.0875779
41.4465 0.0876306
41.493 0.0875518
41.5341 0.0876078
41.5806 0.0876569
41.6217 0.0875747
41.6682 0.0876279
41.7093 0.0876744
41.7558 0.0875901
41.7969 0.0875163
41.8434 0.0875768
41.8845 0.0876297
41.931 0.087676
41.9721 0.0877165
42.0186 0.0876269
42.0597 0.0875486
42.1062 0.087605
42.1473 0.0876544
42.1938 0.0875726
42.2349 0.087501
42.2814 0.0875634
42.3225 0.087618
42.3691 0.0876657
42.4102 0.0877075
42.4567 0.0876191
42.4978 0.0875417
42.5443 0.087599
42.5854 0.0876491
42.6319 0.087568
42.673 0.087497
42.7195 0.0875598
42.7606 0.0876149
42.8071 0.087663
42.8482 0.0877051
42.8947 0.087617
42.9358 0.0875399
42.9823 0.0875974
43.0234 0.0876477
43.0699 0.0875667
43.111 0.0876209
43.1575 0.0876683
43.1986 0.0875847
43.2451 0.0876367
43.2862 0.0876821
43.3327 0.0875968
43.3738 0.0875222
43.4203 0.0875819
43.4614 0.0876342
43.5079 0.0875549
43.549 0.0876106
43.5956 0.0876592
43.6367 0.0875768
43.6832 0.0876297
43.7243 0.087676
43.7708 0.0875915
43.8119 0.0875176
43.8584 0.0875779
43.8995 0.0876306
43.946 0.0875518
43.9871 0.0876078
44.0336 0.0876569
44.0747 0.0875747
44.1212 0.0876279
44.1623 0.0876744
44.2088 0.0875901
44.2499 0.0875163
44.2964 0.0875768
44.3375 0.0876297
44.384 0.087676
44.4251 0.0877165
44.4716 0.0876269
44.5127 0.0875486
44.5592 0.087605
44.6003 0.0876544
44.6468 0.0875726
44.6879 0.087501
44.7344 0.0875634
44.7756 0.087618
44.8221 0.0876657
44.8632 0.0877075
44.9097 0.0876191
44.9508 0.0875417
44.9973 0.087599
45.0384 0.0876491
45.0849 0.087568
45.126 0.087497
45.1725 0.0875598
45.2136 0.0876149
45.2601 0.087663
45.3012 0.0877051
45.3477 0.087617
45.3888 0.0875399
45.4353 0.0875974
45.4764 0.0876477
45.5229 0.0875667
45.564 0.0876209
45.6105 0.0876683
45.6516 0.0875847
45.6981 0.0876367
45.7392 0.0876821
45.7857 0.0875968
45.8268 0.0875222
45.8733 0.0875819
45.9144 0.0876342
45.961 0.0875549
46.0021 0.0876106
46.0486 0.0876592
46.0897 0.0875768
46.1362 0.0876297
46.1773 0.087676
46.2238 0.0875915
46.2649 0.0875176
46.3114 0.0875779
46.3525 0.0876306
46.399 0.0875518
46.4401 0.0876078
46.4866 0.0876569
46.5277 0.0875747
46.5742 0.0876279
46.6153 0.0876744
46.6618 0.0875901
46.7029 0.0875163
46.7494 0.0875768
46.7905 0.0876297
46.837 0.087676
46.8781 0.0877165
46.9246 0.0876269
46.9657 0.0875486
47.0122 0.087605
47.0533 0.0876544
47.0998 0.0875726
47.141 0.087501
47.1875 0.0875634
47.2286 0.087618
47.2751 0.0876657
47.3162 0.0877075
47.3627 0.0876191
47.4038 0.0875417
47.4503 0.087599
47.4914 0.0876491
47.5379 0.087568
47.579 0.087497
47.6255 0.0875598
47.6666 0.0876149
47.7131 0.087663
47.7542 0.0877051
47.8007 0.087617
47.8418 0.0875399
47.8883 0.0875974
47.9294 0.0876477
47.9759 0.0875667
48.017 0.0876209
48.0635 0.0876683
48.1046 0.0875847
48.1511 0.0876367
48.1922 0.0876821
48.2387 0.0875968
48.2798 0.0875222
48.3264 0.0875819
48.3675 0.0876342
48.414 0.0875549
48.4551 0.0876106
48.5016 0.0876592
48.5427 0.0875768
48.5892 0.0876297
48.6303 0.087676
48.6768 0.0875915
48.7179 0.0875176
48.7644 0.0875779
48.8055 0.0876306
48.852 0.0875518
48.8931 0.0876078
48.9396 0.0876569
48.9807 0.0875747
49.0272 0.0876279
49.0683 0.0876744
49.1148 0.0875901
49.1559 0.0875163
49.2024 0.0875768
49.2435 0.0876297
49.29 0.087676
49.3311 0.0877165
49.3776 0.0876269
49.4187 0.0875486
49.4652 0.087605
49.5063 0.0876544
49.5529 0.0875726
49.594 0.087501
49.6405 0.0875634
49.6816 0.087618
49.7281 0.0876657
49.7692 0.0877075
49.8157 0.0876191
49.8568 0.0875417
49.9033 0.087599
49.9444 0.0876491
49.9909 0.087568
50.032 0.087497
50.0785 0.0875598
50.1196 0.0876149
50.1661 0.087663
50.2072 0.0877051
50.2537 0.087617
50.2948 0.0875399
50.3413 0.0875974
50.3824 0.0876477
50.4289 0.0875667
50.47 0.0876209
50.5165 0.0876683
50.5576 0.0875847
50.6041 0.0876367
50.6452 0.0876821
50.6918 0.0875968
50.7329 0.0875222
50.7794 0.0875819
50.8205 0.0876342
50.867 0.0875549
50.9081 0.0876106
50.9546 0.0876592
50.9957 0.0875768
51.0422 0.0876297
51.0833 0.087676
51.1298 0.0875915
51.1709 0.0875176
51.2174 0.0875779
51.2585 0.0876306
51.305 0.0876768
51.3461 0.0877172
51.3926 0.0876276
51.4337 0.0875491
51.4802 0.0876055
51.5213 0.0876548
51.5678 0.0875729
51.6089 0.0875013
51.6554 0.0875637
51.6965 0.0876182
51.743 0.0876659
51.7841 0.0877077
51.8306 0.0876192
51.8717 0.0875418
51.9183 0.0875991
51.9594 0.0876492
52.0059 0.0875681
52.047 0.087497
52.0935 0.0875599
52.1346 0.0876149
52.1811 0.0876631
52.2222 0.0877052
52.2687 0.087617
52.3098 0.0875399
52.3563 0.0875974
52.3974 0.0876477
52.4439 0.0875668
52.485 0.0876209
52.5315 0.0876683
52.5726 0.0875848
52.6191 0.0876367
52.6602 0.0876821
52.7067 0.0875968
52.7478 0.0875222
52.7943 0.0875819
52.8354 0.0876342
52.8819 0.0875549
52.923 0.0876106
52.9695 0.0876592
53.0106 0.0875768
53.0571 0.0876297
53.0983 0.087676
53.1448 0.0875915
53.1859 0.0875176
53.2324 0.0875779
53.2735 0.0876306
53.32 0.0875518
53.3611 0.0876078
53.4076 0.0876569
53.4487 0.0875747
53.4952 0.0876279
53.5363 0.0876744
53.5828 0.0875901
53.6239 0.0875163
53.6704 0.0875768
53.7115 0.0876297
53.758 0.087676
53.7991 0.0877165
53.8456 0.0876269
53.8867 0.0875486
53.9332 0.087605
53.9743 0.0876544
54.0208 0.0875726
54.0619 0.087501
54.1084 0.0875634
54.1495 0.087618
54.196 0.0876657
54.2371 0.0877075
54.2837 0.0876191
54.3248 0.0875417
54.3713 0.087599
54.4124 0.0876491
54.4589 0.087568
54.5 0.087497
54.5465 0.0875598
54.5876 0.0876149
54.6341 0.087663
54.6752 0.0877051
54.7217 0.087617
54.7628 0.0875399
54.8093 0.0875974
54.8504 0.0876477
54.8969 0.0875667
54.938 0.0876209
54.9845 0.0876683
55.0256 0.0875847
55.0721 0.0876367
55.1132 0.0876821
55.1597 0.0875968
55.2008 0.0875222
55.2473 0.0875819
55.2884 0.0876342
55.3349 0.0875549
55.376 0.0876106
55.4225 0.0876592
55.4637 0.0875768
55.5102 0.0876297
55.5513 0.087676
55.5978 0.0875915
55.6389 0.0875176
55.6854 0.0875779
55.7265 0.0876306
55.773 0.0875518
55.8141 0.0876078
55.8606 0.0876569
55.9017 0.0875747
55.9482 0.0876279
55.9893 0.0876744
56.0358 0.0875901
56.0769 0.0875163
56.1234 0.0875768
56.1645 0.0876297
56.211 0.087676
56.2521 0.0877165
56.2986 0.0876269
56.3397 0.0875486
56.3862 0.087605
56.4273 0.0876544
56.4738 0.0875726
56.5149 0.087501
56.5614 0.0875634
56.6025 0.087618
56.6491 0.0876657
56.6902 0.0877075
56.7367 0.0876191
56.7778 0.0875417
56.8243 0.087599
56.8654 0.0876491
56.9119 0.087568
56.953 0.087497
56.9995 0.0875598
57.0406 0.0876149
57.0871 0.087663
57.1282 0.0877051
57.1747 0.087617
57.2158 0.0875399
57.2623 0.0875974
57.3034 0.0876477
57.3499 0.0875667
57.391 0.0876209
57.4375 0.0876683
57.4786 0.0875847
57.5251 0.0876367
57.5662 0.0876821
57.6127 0.0875968
57.6538 0.0875222
57.7003 0.0875819
57.7414 0.0876342
57.7879 0.0875549
57.8291 0.0876106
57.8756 0.0876592
57.9167 0.0875768
57.9632 0.0876297
58.0043 0.087676
58.0508 0.0875915
58.0919 0.0875176
58.1384 0.0875779
58.1795 0.0876306
58.226 0.0875518
58.2671 0.0876078
58.3136 0.0876569
58.3547 0.0875747
58.4012 0.0876279
58.4423 0.0876744
58.4888 0.0875901
58.5299 0.0875163
58.5764 0.0875768
58.6175 0.0876297
58.664 0.087676
58.7051 0.0877165
58.7516 0.0876269
58.7927 0.0875486
58.8392 0.087605
58.8803 0.0876544
58.9268 0.0875726
58.9679 0.087501
59.0145 0.0875634
59.0556 0.087618
59.1021 0.0876657
59.1432 0.0877075
59.1897 0.0876191
59.2308 0.0875417
59.2773 0.087599
59.3184 0.0876491
59.3649 0.087568
59.406 0.087497
59.4525 0.0875598
59.4936 0.0876149
59.5401 0.087663
59.5812 0.0877051
59.6277 0.087617
59.6688 0.0875399
59.7153 0.0875974
59.7564 0.0876477
59.8029 0.0875667
59.844 0.0876209
59.8905 0.0876683
59.9316 0.0875847
59.9781 0.0876367
60.0192 0.0876821
60.0657 0.0875968
60.1068 0.0875222
60.1533 0.0875819
60.1944 0.0876342
60.241 0.0875549
60.2821 0.0876106
60.3286 0.0876592
60.3697 0.0875768
60.4162 0.0876297
60.4573 0.087676
60.5038 0.0875915
60.5449 0.0875176
60.5914 0.0875779
60.6325 0.0876306
60.679 0.0875518
60.7201 0.0876078
60.7666 0.0876569
60.8077 0.0875747
60.8542 0.0876279
60.8953 0.0876744
60.9418 0.0875901
60.9829 0.0875163
61.0294 0.0875768
61.0705 0.0876297
61.117 0.087676
61.1581 0.0877165
61.2046 0.0876269
61.2457 0.0875486
61.2922 0.087605
61.3333 0.0876544
61.3799 0.0875726
61.421 0.087501
61.4675 0.0875634
61.5086 0.087618
61.5551 0.0876657
61.5962 0.0877075
61.6427 0.0876191
61.6838 0.0875417
61.7303 0.087599
61.7714 0.0876491
61.8179 0.087568
61.859 0.087497
61.9055 0.0875598
61.9466 0.0876149
61.9931 0.087663
62.0342 0.0877051
62.0807 0.087617
62.1218 0.0875399
62.1683 0.0875974
62.2094 0.0876477
62.2559 0.0875667
62.297 0.0876209
62.3435 0.0876683
62.3846 0.0875847
62.4311 0.0876367
62.4722 0.0876821
62.5187 0.0875968
62.5598 0.0875222
62.6064 0.0875819
62.6475 0.0876342
62.694 0.0875549
62.7351 0.0876106
62.7816 0.0876592
62.8227 0.0875768
62.8692 0.0876297
62.9103 0.087676
62.9568 0.0875915
62.9979 0.0875176
63.0444 0.0875779
63.0855 0.0876306
63.132 0.0875518
63.1731 0.0876078
63.2196 0.0876569
63.2607 0.0875747
63.3072 0.0876279
63.3483 0.0876744
63.3948 0.0875901
63.4359 0.0875163
63.4824 0.0875768
63.5235 0.0876297
63.57 0.087676
63.6111 0.0877165
63.6576 0.0876269
63.6987 0.0875486
63.7452 0.087605
63.7864 0.0876544
63.8329 0.0875726
63.874 0.087501
63.9205 0.0875634
63.9616 0.087618
64.0081 0.0876657
64.0492 0.0877075
64.0957 0.0876191
64.1368 0.0875417
64.1833 0.087599
64.2244 0.0876491
64.2709 0.087568
64.312 0.087497
64.3585 0.0875598
64.3996 0.0876149
64.4461 0.087663
64.4872 0.0877051
64.5337 0.087617
64.5748 0.0875399
64.6213 0.0875974
64.6624 0.0876477
64.7089 0.0875667
64.75 0.0876209
64.7965 0.0876683
64.8376 0.0875847
64.8841 0.0876367
64.9252 0.0876821
64.9718 0.0875968
65.0129 0.0875222
65.0594 0.0875819
65.1005 0.0876342
65.147 0.0875549
65.1881 0.0876106
65.2346 0.0876592
65.2757 0.0875768
65.3222 0.0876297
65.3633 0.087676
65.4098 0.0875915
65.4509 0.0875176
65.4974 0.0875779
65.5385 0.0876306
65.585 0.0876768
65.6261 0.0877172
65.6726 0.0876276
65.7137 0.0875491
65.7602 0.0876055
65.8013 0.0876548
65.8478 0.0875729
65.8889 0.0875013
65.9354 0.0875637
65.9765 0.0876182
66.023 0.0876659
66.0641 0.0877077
66.1106 0.0876192
66.1518 0.0875418
66.1983 0.0875991
66.2394 0.0876492
66.2859 0.0875681
66.327 0.087497
66.3735 0.0875599
66.4146 0.0876149
66.4611 0.0876631
66.5022 0.0877052
66.5487 0.087617
66.5898 0.0875399
66.6363 0.0875974
66.6774 0.0876477
66.7239 0.0875668
66.765 0.0876209
66.8115 0.0876683
66.8526 0.0875848
66.8991 0.0876367
66.9402 0.0876821
66.9867 0.0875968
67.0278 0.0875222
67.0743 0.0875819
67.1154 0.0876342
67.1619 0.0875549
67.203 0.0876106
67.2495 0.0876592
67.2906 0.0875768
67.3372 0.0876297
67.3783 0.087676
67.4248 0.0875915
67.4659 0.0875176
67.5124 0.0875779
67.5535 0.0876306
67.6 0.0875518
67.6411 0.0876078
67.6876 0.0876569
67.7287 0.0875747
67.7752 0.0876279
67.8163 0.0876744
67.8628 0.0875901
67.9039 0.0875163
67.9504 0.0875768
67.9915 0.0876297
68.038 0.087676
68.0791 0.0877165
68.1256 0.0876269
68.1667 0.0875486
68.2132 0.087605
68.2543 0.0876544
68.3008 0.0875726
68.3419 0.087501
68.3884 0.0875634
68.4295 0.087618
68.476 0.0876657
68.5172 0.0877075
68.5637 0.0876191
68.6048 0.0875417
68.6513 0.087599
68.6924 0.0876491
68.7389 0.087568
68.78 0.087497
68.8265 0.0875598
68.8676 0.0876149
68.9141 0.087663
68.9552 0.0877051
69.0017 0.087617
69.0428 0.0875399
69.0893 0.0875974
69.1304 0.0876477
69.1769 0.0875667
69.218 0.0876209
69.2645 0.0876683
69.3056 0.0875847
69.3521 0.0876367
69.3932 0.0876821
69.4397 0.0875968
69.4808 0.0875222
69.5273 0.0875819
69.5684 0.0876342
69.6149 0.0875549
69.656 0.0876106
69.7026 0.0876592
69.7437 0.0875768
69.7902 0.0876297
69.8313 0.087676
69.8778 0.0875915
69.9189 0.0875176
69.9654 0.0875779
70.0065 0.0876306
70.053 0.0875518
70.0941 0.0876078
70.1406 0.0876569
70.1817 0.0875747
70.2282 0.0876279
70.2693 0.0876744
70.3158 0.0875901
70.3569 0.0875163
70.4034 0.0875768
70.4445 0.0876297
70.491 0.087676
70.5321 0.0877165
70.5786 0.0876269
70.6197 0.0875486
70.6662 0.087605
70.7073 0.0876544
70.7538 0.0875726
70.7949 0.087501
70.8414 0.0875634
70.8825 0.087618
70.9291 0.0876657
70.9702 0.0877075
71.0167 0.0876191
71.0578 0.0875417
71.1043 0.087599
71.1454 0.0876491
71.1919 0.087568
71.233 0.087497
71.2795 0.0875598
71.3206 0.0876149
71.3671 0.087663
71.4082 0.0877051
71.4547 0.087617
71.4958 0.0875399
71.5423 0.0875974
71.5834 0.0876477
71.6299 0.0875667
71.671 0.0876209
71.7175 0.0876683
71.7586 0.0875847
71.8051 0.0876367
71.8462 0.0876821
71.8927 0.0875968
71.9338 0.0875222
71.9803 0.0875819
72.0214 0.0876342
72.068 0.0875549
72.1091 0.0876106
72.1556 0.0876592
72.1967 0.0875768
72.2432 0.0876297
72.2843 0.087676
72.3308 0.0875915
72.3719 0.0875176
72.4184 0.0875779
72.4595 0.0876306
72.506 0.0875518
72.5471 0.0876078
72.5936 0.0876569
72.6347 0.0875747
72.6812 0.0876279
72.7223 0.0876744
72.7688 0.0875901
72.8099 0.0875163
72.8564 0.0875768
72.8975 0.0876297
72.944 0.087676
72.9851 0.0877165
73.0316 0.0876269
73.0727 0.0875486
73.1192 0.087605
73.1603 0.0876544
73.2068 0.0875726
73.2479 0.087501
73.2945 0.0875634
73.3356 0.087618
73.3821 0.0876657
73.4232 0.0877075
73.4697 0.0876191
73.5108 0.0875417
73.5573 0.087599
73.5984 0.0876491
73.6449 0.087568
73.686 0.087497
73.7325 0.0875598
73.7736 0.0876149
73.8201 0.087663
73.8612 0.0877051
73.9077 0.087617
73.9488 0.0875399
73.9953 0.0875974
74.0364 0.0876477
74.0829 0.0875667
74.124 0.0876209
74.1705 0.0876683
74.2116 0.0875847
74.2581 0.0876367
74.2992 0.0876821
74.3457 0.0875968
74.3868 0.0875222
74.4333 0.0875819
74.4745 0.0876342
74.521 0.0875549
74.5621 0.0876106
74.6086 0.0876592
74.6497 0.0875768
74.6962 0.0876297
74.7373 0.087676
74.7838 0.0875915
74.8249 0.0875176
74.8714 0.0875779
74.9125 0.0876306
74.959 0.0875518
75.0001 0.0876078
75.0466 0.0876569
75.0877 0.0875747
75.1342 0.0876279
75.1753 0.0876744
75.2218 0.0875901
75.2629 0.0875163
75.3094 0.0875768
75.3505 0.0876297
75.397 0.087676
75.4381 0.0877165
75.4846 0.0876269
75.5257 0.0875486
75.5722 0.087605
75.6133 0.0876544
75.6599 0.0875726
75.701 0.087501
75.7475 0.0875634
75.7886 0.087618
75.8351 0.0876657
75.8762 0.0877075
75.9227 0.0876191
75.9638 0.0875417
76.0103 0.087599
76.0514 0.0876491
76.0979 0.087568
76.139 0.087497
76.1855 0.0875598
76.2266 0.0876149
76.2731 0.087663
76.3142 0.0877051
76.3607 0.087617
76.4018 0.0875399
76.4483 0.0875974
76.4894 0.0876477
76.5359 0.0875667
76.577 0.0876209
76.6235 0.0876683
76.6646 0.0875847
76.7111 0.0876367
76.7522 0.0876821
76.7987 0.0875968
76.8399 0.0875222
76.8864 0.0875819
76.9275 0.0876342
76.974 0.0875549
77.0151 0.0876106
77.0616 0.0876592
77.1027 0.0875768
77.1492 0.0876297
77.1903 0.087676
77.2368 0.0875915
77.2779 0.0875176
77.3244 0.0875779
77.3655 0.0876306
77.412 0.0876768
77.4531 0.0877172
77.4996 0.0876276
77.5407 0.0875491
77.5872 0.0876055
77.6283 0.0876548
77.6748 0.0875729
77.7159 0.0875013
77.7624 0.0875637
77.8035 0.0876182
77.85 0.0876659
77.8911 0.0877077
77.9376 0.0876192
77.9787 0.0875418
78.0253 0.0875991
78.0664 0.0876492
78.1129 0.0875681
78.154 0.087497
78.2005 0.0875599
78.2416 0.0876149
78.2881 0.0876631
78.3292 0.0877052
78.3757 0.087617
78.4168 0.0875399
78.4633 0.0875974
78.5044 0.0876477
78.5509 0.0875668
78.592 0.0874959
78.6385 0.0875589
78.6796 0.0876141
78.7261 0.0876623
78.7672 0.0877045
78.8137 0.0876165
78.8548 0.0875394
78.9013 0.087597
78.9424 0.0876473
78.9889 0.0875664
79.03 0.0876206
79.0765 0.087668
79.1176 0.0875845
79.1641 0.0876365
79.2052 0.0876819
79.2518 0.0875967
79.2929 0.0875221
79.3394 0.0875818
79.3805 0.0876341
79.427 0.0875548
79.4681 0.0876105
79.5146 0.0876592
79.5557 0.0875768
79.6022 0.0876297
79.6433 0.087676
79.6898 0.0875915
79.7309 0.0875175
79.7774 0.0875778
79.8185 0.0876306
79.865 0.0876768
79.9061 0.0877172
79.9526 0.0876275
79.9937 0.0875491
80.0402 0.0876055
80.0813 0.0876548
80.1278 0.0875729
80.1689 0.0875013
80.2154 0.0875636
80.2565 0.0876182
80.303 0.0876659
80.3441 0.0877077
80.3907 0.0876192
80.4318 0.0875418
80.4783 0.0875991
80.5194 0.0876492
80.5659 0.0875681
80.607 0.087497
80.6535 0.0875599
80.6946 0.0876149
80.7411 0.0876631
80.7822 0.0877052
80.8287 0.087617
80.8698 0.0875399
80.9163 0.0875974
80.9574 0.0876477
81.0039 0.0875668
81.045 0.0876209
81.0915 0.0876683
81.1326 0.0875848
81.1791 0.0876367
81.2202 0.0876821
81.2667 0.0875968
81.3078 0.0875222
81.3543 0.0875819
81.3954 0.0876342
81.4419 0.0875549
81.483 0.0876106
81.5295 0.0876592
81.5706 0.0875768
81.6172 0.0876297
81.6583 0.087676
81.7048 0.0875915
81.7459 0.0875176
81.7924 0.0875779
81.8335 0.0876306
81.88 0.0875518
81.9211 0.0876078
81.9676 0.0876569
82.0087 0.0875747
82.0552 0.0876279
82.0963 0.0876744
82.1428 0.0875901
82.1839 0.0875163
82.2304 0.0875768
82.2715 0.0876297
82.318 0.087676
82.3591 0.0877165
82.4056 0.0876269
82.4467 0.0875486
82.4932 0.087605
82.5343 0.0876544
82.5808 0.0875726
82.6219 0.087501
82.6684 0.0875634
82.7095 0.087618
82.7561 0.0876657
82.7972 0.0877075
82.8437 0.0876191
82.8848 0.0875417
82.9313 0.087599
82.9724 0.0876491
83.0189 0.087568
83.06 0.087497
83.1065 0.0875598
83.1476 0.0876149
83.1941 0.087663
83.2352 0.0877051
83.2817 0.087617
83.3228 0.0875399
83.3693 0.0875974
83.4104 0.0876477
83.4569 0.0875667
83.498 0.0876209
83.5445 0.0876683
83.5856 0.0875847
83.6321 0.0876367
83.6732 0.0876821
83.7197 0.0875968
83.7608 0.0875222
83.8073 0.0875819
83.8484 0.0876342
83.8949 0.0875549
83.936 0.0876106
83.9826 0.0876592
84.0237 0.0875768
84.0702 0.0876297
84.1113 0.087676
84.1578 0.0875915
84.1989 0.0875176
84.2454 0.0875779
84.2865 0.0876306
84.333 0.0875518
84.3741 0.0876078
84.4206 0.0876569
84.4617 0.0875747
84.5082 0.0876279
84.5493 0.0876744
84.5958 0.0875901
84.6369 0.0875163
84.6834 0.0875768
84.7245 0.0876297
84.771 0.087676
84.8121 0.0877165
84.8586 0.0876269
84.8997 0.0875486
84.9462 0.087605
84.9873 0.0876544
85.0338 0.0875726
85.0749 0.087501
85.1214 0.0875634
85.1626 0.087618
85.2091 0.0876657
85.2502 0.0877075
85.2967 0.0876191
85.3378 0.0875417
85.3843 0.087599
85.4254 0.0876491
85.4719 0.087568
85.513 0.087497
85.5595 0.0875598
85.6006 0.0876149
85.6471 0.087663
85.6882 0.0877051
85.7347 0.087617
85.7758 0.0875399
85.8223 0.0875974
85.8634 0.0876477
85.9099 0.0875667
85.951 0.0876209
85.9975 0.0876683
86.0386 0.0875847
86.0851 0.0876367
86.1262 0.0876821
86.1727 0.0875968
86.2138 0.0875222
86.2603 0.0875819
86.3014 0.0876342
86.348 0.0875549
86.3891 0.0876106
86.4356 0.0876592
86.4767 0.0875768
86.5232 0.0876297
86.5643 0.087676
86.6108 0.0875915
86.6519 0.0875176
86.6984 0.0875779
86.7395 0.0876306
86.786 0.0875518
86.8271 0.0876078
86.8736 0.0876569
86.9147 0.0875747
86.9612 0.0876279
87.0023 0.0876744
87.0488 0.0875901
87.0899 0.0875163
87.1364 0.0875768
87.1775 0.0876297
87.224 0.087676
87.2651 0.0877165
87.3116 0.0876269
87.3527 0.0875486
87.3992 0.087605
87.4403 0.0876544
87.4868 0.0875726
87.528 0.087501
87.5745 0.0875634
87.6156 0.087618
87.6621 0.0876657
87.7032 0.0877075
87.7497 0.0876191
87.7908 0.0875417
87.8373 0.087599
87.8784 0.0876491
87.9249 0.087568
87.966 0.087497
88.0125 0.0875598
88.0536 0.0876149
88.1001 0.087663
88.1412 0.0877051
88.1877 0.087617
88.2288 0.0875399
88.2753 0.0875974
88.3164 0.0876477
88.3629 0.0875667
88.404 0.0876209
88.4505 0.0876683
88.4916 0.0875847
88.5381 0.0876367
88.5792 0.0876821
88.6257 0.0875968
88.6668 0.0875222
88.7134 0.0875819
88.7545 0.0876342
88.801 0.0875549
88.8421 0.0876106
88.8886 0.0876592
88.9297 0.0875768
88.9762 0.0876297
89.0173 0.087676
89.0638 0.0875915
89.1049 0.0875176
89.1514 0.0875779
89.1925 0.0876306
89.239 0.0875518
89.2801 0.0876078
89.3266 0.0876569
89.3677 0.0875747
89.4142 0.0876279
89.4553 0.0876744
89.5018 0.0875901
89.5429 0.0875163
89.5894 0.0875768
89.6305 0.0876297
89.677 0.087676
89.7181 0.0877165
89.7646 0.0876269
89.8057 0.0875486
89.8522 0.087605
89.8933 0.0876544
89.9399 0.0875726
89.981 0.087501
90.0275 0.0875634
90.0686 0.087618
90.1151 0.0876657
90.1562 0.0877075
90.2027 0.0876191
90.2438 0.0875417
90.2903 0.087599
90.3314 0.0876491
90.3779 0.087568
90.419 0.087497
90.4655 0.0875598
90.5066 0.0876149
90.5531 0.087663
90.5942 0.0877051
90.6407 0.087617
90.6818 0.0875399
90.7283 0.0875974
90.7694 0.0876477
90.8159 0.0875667
90.857 0.0876209
90.9035 0.0876683
90.9446 0.0875847
90.9911 0.0876367
91.0322 0.0876821
91.0788 0.0875968
91.1199 0.0875222
91.1664 0.0875819
91.2075 0.0876342
91.254 0.0875549
91.2951 0.0876106
91.3416 0.0876592
91.3827 0.0875768
91.4292 0.0876297
91.4703 0.087676
91.5168 0.0875915
91.5579 0.0875176
91.6044 0.0875779
91.6455 0.0876306
91.692 0.0876768
91.7331 0.0877172
91.7796 0.0876276
91.8207 0.0875491
91.8672 0.0876055
91.9083 0.0876548
91.9548 0.0875729
91.9959 0.0875013
92.0424 0.0875637
92.0835 0.0876182
92.13 0.0876659
92.1711 0.0877077
92.2176 0.0876192
92.2587 0.0875418
92.3053 0.0875991
92.3464 0.0876492
92.3929 0.0875681
92.434 0.087497
92.4805 0.0875599
92.5216 0.0876149
92.5681 0.0876631
92.6092 0.0877052
92.6557 0.087617
92.6968 0.0875399
92.7433 0.0875974
92.7844 0.0876477
92.8309 0.0875668
92.872 0.0876209
92.9185 0.0876683
92.9596 0.0875848
93.0061 0.0876367
93.0472 0.0876821
93.0937 0.0875968
93.1348 0.0875222
93.1813 0.0875819
93.2224 0.0876342
93.2689 0.0875549
93.31 0.0876106
93.3565 0.0876592
93.3976 0.0875768
93.4441 0.0876297
93.4853 0.087676
93.5318 0.0875915
93.5729 0.0875176
93.6194 0.0875779
93.6605 0.0876306
93.707 0.0875518
93.7481 0.0876078
93.7946 0.0876569
93.8357 0.0875747
93.8822 0.0876279
93.9233 0.0876744
93.9698 0.0875901
94.0109 0.0875163
94.0574 0.0875768
94.0985 0.0876297
94.145 0.087676
94.1861 0.0877165
94.2326 0.0876269
94.2737 0.0875486
94.3202 0.087605
94.3613 0.0876544
94.4078 0.0875726
94.4489 0.087501
94.4954 0.0875634
94.5365 0.087618
94.583 0.0876657
94.6241 0.0877075
94.6707 0.0876191
94.7118 0.0875417
94.7583 0.087599
94.7994 0.0876491
94.8459 0.087568
94.887 0.087497
94.9335 0.0875598
94.9746 0.0876149
95.0211 0.087663
95.0622 0.0877051
95.1087 0.087617
95.1498 0.0875399
95.1963 0.0875974
95.2374 0.0876477
95.2839 0.0875667
95.325 0.0876209
95.3715 0.0876683
95.4126 0.0875847
95.4591 0.0876367
95.5002 0.0876821
95.5467 0.0875968
95.5878 0.0875222
95.6343 0.0875819
95.6754 0.0876342
95.7219 0.0875549
95.763 0.0876106
95.8095 0.0876592
95.8507 0.0875768
95.8972 0.0876297
95.9383 0.087676
95.9848 0.0875915
96.0259 0.0875176
96.0724 0.0875779
96.1135 0.0876306
96.16 0.0875518
96.2011 0.0876078
96.2476 0.0876569
96.2887 0.0875747
96.3352 0.0876279
96.3763 0.0876744
96.4228 0.0875901
96.4639 0.0875163
96.5104 0.0875768
96.5515 0.0876297
96.598 0.087676
96.6391 0.0877165
96.6856 0.0876269
96.7267 0.0875486
96.7732 0.087605
96.8143 0.0876544
96.8608 0.0875726
96.9019 0.087501
96.9484 0.0875634
96.9895 0.087618
97.0361 0.0876657
97.0772 0.0877075
97.1237 0.0876191
97.1648 0.0875417
97.2113 0.087599
97.2524 0.0876491
97.2989 0.087568
97.34 0.087497
97.3865 0.0875598
97.4276 0.0876149
97.4741 0.087663
97.5152 0.0877051
97.5617 0.087617
97.6028 0.0875399
97.6493 0.0875974
97.6904 0.0876477
97.7369 0.0875667
97.778 0.0876209
97.8245 0.0876683
97.8656 0.0875847
97.9121 0.0876367
97.9532 0.0876821
97.9997 0.0875968
98.0408 0.0875222
98.0873 0.0875819
98.1284 0.0876342
98.1749 0.0875549
98.2161 0.0876106
98.2626 0.0876592
98.3037 0.0875768
98.3502 0.0876297
98.3913 0.087676
98.4378 0.0875915
98.4789 0.0875176
98.5254 0.0875779
98.5665 0.0876306
98.613 0.0875518
98.6541 0.0876078
98.7006 0.0876569
98.7417 0.0875747
98.7882 0.0876279
98.8293 0.0876744
98.8758 0.0875901
98.9169 0.0875163
98.9634 0.0875768
99.0045 0.0876297
99.051 0.087676
99.0921 0.0877165
99.1386 0.0876269
99.1797 0.0875486
99.2262 0.087605
99.2673 0.0876544
99.3138 0.0875726
99.3549 0.087501
99.4015 0.0875634
99.4426 0.087618
99.4891 0.0876657
99.5302 0.0877075
99.5767 0.0876191
99.6178 0.0875417
99.6643 0.087599
99.7054 0.0876491
99.7519 0.087568
99.793 0.087497
99.8395 0.0875598
99.8806 0.0876149
99.9271 0.087663
99.9682 0.0877051
100.015 0.087617
100.056 0.0875399
100.102 0.0875974
100.143 0.0876477
100.19 0.0875667
100.231 0.0876209
100.278 0.0876683
100.319 0.0875847
100.365 0.0876367
100.406 0.0876821
100.453 0.0875968
100.494 0.0875222
100.54 0.0875819
100.581 0.0876342
100.628 0.0875549
100.669 0.0876106
100.716 0.0876592
100.757 0.0875768
100.803 0.0876297
100.844 0.087676
100.891 0.0875915
100.932 0.0875176
100.978 0.0875779
