0.0 0
0.0941392 4294967295
0.178851 4294967295
0.184653 4294967295
0.190466 4294967295
0.196279 4294967295
0.202093 4294967295
10.1794 4294967295
10.1852 4294967295
10.1852 4294967295
10.191 4294967295
10.191 4294967295
10.1968 4294967295
10.1968 4294967295
10.2026 4294967295
10.2026 4294967295
10.2084 4294967295
10.2084 4294967295
10.2142 4294967295
10.2142 4294967295
10.2201 4294967295
10.2201 4294967295
10.2582 4294967295
10.2582 4294967295
10.3429 4294967295
10.3429 4294967295
10.4276 4294967295
10.4276 4294967295
10.5123 4294967295
10.5123 4294967295
10.597 4294967295
10.597 4294967295
10.6817 4294967295
10.6817 4294967295
10.7665 4294967295
10.7665 4294967295
10.8512 4294967295
10.8512 4294967295
10.9359 4294967295
10.9359 4294967295
11.0206 4294967295
11.0206 4294967295
11.1053 4294967295
11.1053 4294967295
11.19 4294967295
11.19 4294967295
11.2747 4294967295
11.2747 4294967295
11.3594 4294967295
11.3594 4294967295
11.4441 4294967295
11.4441 4294967295
11.5288 4294967295
11.5288 4294967295
11.6135 4294967295
11.6135 4294967295
11.6982 4294967295
11.6982 4294967295
11.7829 4294967295
11.7829 4294967295
11.8676 4294967295
11.8676 4294967295
11.9523 4294967295
11.9523 4294967295
12.037 4294967295
12.037 4294967295
12.1217 4294967295
12.1217 4294967295
12.2064 4294967295
12.2064 4294967295
12.2911 4294967295
12.2911 4294967295
12.3758 4294967295
12.3758 4294967295
12.4605 4294967295
12.4605 4294967295
12.5452 4294967295
12.5452 4294967295
12.6299 4294967295
12.6299 4294967295
12.7146 4294967295
12.7146 4294967295
12.7993 4294967295
12.7993 4294967295
12.884 4294967295
12.884 4294967295
12.9687 4294967295
12.9687 4294967295
13.0534 4294967295
13.0534 4294967295
13.1381 4294967295
13.1381 4294967295
13.2228 4294967295
13.2228 4294967295
13.3075 4294967295
13.3075 4294967295
13.3922 4294967295
13.3922 4294967295
13.4769 4294967295
13.4769 4294967295
13.5616 4294967295
13.5616 4294967295
13.6463 4294967295
13.6463 4294967295
13.731 4294967295
13.731 4294967295
13.8157 4294967295
13.8157 4294967295
13.9004 4294967295
13.9004 4294967295
13.9851 4294967295
13.9851 4294967295
14.0698 4294967295
14.0698 4294967295
14.1545 4294967295
14.1545 4294967295
14.2392 4294967295
14.2392 4294967295
14.3239 4294967295
14.3239 4294967295
14.4086 4294967295
14.4086 4294967295
14.4933 4294967295
14.4933 4294967295
14.578 4294967295
14.578 4294967295
14.6627 4294967295
14.6627 4294967295
14.7474 4294967295
14.7474 4294967295
14.8321 4294967295
14.8321 4294967295
14.9168 4294967295
14.9168 4294967295
15.0015 4294967295
15.0015 4294967295
15.0862 4294967295
15.0862 4294967295
15.1709 4294967295
15.1709 4294967295
15.2556 4294967295
15.2556 4294967295
15.3403 4294967295
15.3403 4294967295
15.425 4294967295
15.425 4294967295
15.5097 4294967295
15.5097 4294967295
15.5944 4294967295
15.5944 4294967295
15.6791 4294967295
15.6791 4294967295
15.7638 4294967295
15.7638 4294967295
15.8485 4294967295
15.8485 4294967295
15.9332 4294967295
15.9332 4294967295
16.0179 4294967295
16.0179 4294967295
16.1026 4294967295
16.1026 4294967295
16.1873 4294967295
16.1873 4294967295
16.272 4294967295
16.272 4294967295
16.3567 4294967295
16.3567 4294967295
16.4414 4294967295
16.4414 4294967295
16.5261 4294967295
16.5261 4294967295
16.6108 4294967295
16.6108 4294967295
16.6955 4294967295
16.6955 4294967295
16.7802 4294967295
16.7802 4294967295
16.8649 4294967295
16.8649 4294967295
16.9496 4294967295
16.9496 4294967295
17.0343 4294967295
17.0343 4294967295
17.119 4294967295
17.119 4294967295
17.2037 4294967295
17.2037 4294967295
17.2884 4294967295
17.2884 4294967295
17.3731 4294967295
17.3731 4294967295
17.4578 4294967295
17.4578 4294967295
17.5425 4294967295
17.5425 4294967295
17.6272 4294967295
17.6272 4294967295
17.7119 4294967295
17.7119 4294967295
17.7966 4294967295
17.7966 4294967295
17.8813 4294967295
17.8813 4294967295
17.966 4294967295
17.966 4294967295
18.0507 4294967295
18.0507 4294967295
18.1354 4294967295
18.1354 4294967295
18.2201 4294967295
18.2201 4294967295
18.3048 4294967295
18.3048 4294967295
18.3895 4294967295
18.3895 4294967295
18.4742 4294967295
18.4742 4294967295
18.5589 4294967295
18.5589 4294967295
18.6436 4294967295
18.6436 4294967295
18.7283 4294967295
18.7283 4294967295
18.813 4294967295
18.813 4294967295
18.8977 4294967295
18.8977 4294967295
18.9824 4294967295
18.9824 4294967295
19.0671 4294967295
19.0671 4294967295
19.1518 4294967295
19.1518 4294967295
19.2365 4294967295
19.2365 4294967295
19.3212 4294967295
19.3212 4294967295
19.4059 4294967295
19.4059 4294967295
19.4906 4294967295
19.4906 4294967295
19.5753 4294967295
19.5753 4294967295
19.66 4294967295
19.66 4294967295
19.7447 4294967295
19.7447 4294967295
19.8294 4294967295
19.8294 4294967295
19.9141 4294967295
19.9141 4294967295
19.9988 4294967295
19.9988 4294967295
20.0835 4294967295
20.0835 4294967295
20.1682 4294967295
20.1682 4294967295
20.2529 4294967295
20.2529 4294967295
20.3376 4294967295
20.3376 4294967295
20.4223 4294967295
20.4223 4294967295
20.507 4294967295
20.507 4294967295
20.5917 4294967295
20.5917 4294967295
20.6764 4294967295
20.6764 4294967295
20.7611 4294967295
20.7611 4294967295
20.8458 4294967295
20.8458 4294967295
20.9599 4294967295
20.9599 4294967295
21.0774 4294967295
21.0774 4294967295
21.1944 4294967295
21.1944 4294967295
21.3114 4294967295
21.3114 4294967295
21.4284 4294967295
21.4284 4294967295
21.5455 4294967295
21.5455 4294967295
21.6625 4294967295
21.6625 4294967295
21.7795 4294967295
21.7795 4294967295
21.8965 4294967295
21.8965 4294967295
22.0136 4294967295
22.0136 4294967295
22.1306 4294967295
22.1306 4294967295
22.2476 4294967295
22.2476 4294967295
22.3646 4294967295
22.3646 4294967295
22.4816 4294967295
22.4816 4294967295
22.5987 4294967295
22.5987 4294967295
22.7157 4294967295
22.7157 4294967295
22.8327 4294967295
22.8327 4294967295
22.9497 4294967295
22.9497 4294967295
23.0668 4294967295
23.0668 4294967295
23.1838 4294967295
23.1838 4294967295
23.3008 4294967295
23.3008 4294967295
23.4178 4294967295
23.4178 4294967295
23.5349 4294967295
23.5349 4294967295
23.6519 4294967295
23.6519 4294967295
23.7689 4294967295
23.7689 4294967295
23.8859 4294967295
23.8859 4294967295
24.003 4294967295
24.003 4294967295
24.12 4294967295
24.12 4294967295
24.237 4294967295
24.237 4294967295
24.354 4294967295
24.354 4294967295
24.4711 4294967295
24.4711 4294967295
24.5881 4294967295
24.5881 4294967295
24.7051 4294967295
24.7051 4294967295
24.8221 4294967295
24.8221 4294967295
24.9392 4294967295
24.9392 4294967295
25.0562 4294967295
25.0562 4294967295
25.1732 4294967295
25.1732 4294967295
25.2902 4294967295
25.2902 4294967295
25.4072 4294967295
25.4072 4294967295
25.5243 4294967295
25.5243 4294967295
25.6413 4294967295
25.6413 4294967295
25.7583 4294967295
25.7583 4294967295
25.8753 4294967295
25.8753 4294967295
25.9924 4294967295
25.9924 4294967295
26.1094 4294967295
26.1094 4294967295
26.2264 4294967295
26.2264 4294967295
26.3434 4294967295
26.3434 4294967295
26.4605 4294967295
26.4605 4294967295
26.5775 4294967295
26.5775 4294967295
26.6945 4294967295
26.6945 4294967295
26.8115 4294967295
26.8115 4294967295
26.9286 4294967295
26.9286 4294967295
27.0456 4294967295
27.0456 4294967295
27.1626 4294967295
27.1626 4294967295
27.2796 4294967295
27.2796 4294967295
27.3967 4294967295
27.3967 4294967295
27.5137 4294967295
27.5137 4294967295
27.6307 4294967295
27.6307 4294967295
27.7477 4294967295
27.7477 4294967295
27.8648 4294967295
27.8648 4294967295
27.9818 4294967295
27.9818 4294967295
28.0988 4294967295
28.0988 4294967295
28.2158 4294967295
28.2158 4294967295
28.3328 4294967295
28.3328 4294967295
28.4499 4294967295
28.4499 4294967295
28.5669 4294967295
28.5669 4294967295
28.6839 4294967295
28.6839 4294967295
28.8009 4294967295
28.8009 4294967295
28.918 4294967295
28.918 4294967295
29.035 4294967295
29.035 4294967295
29.152 4294967295
29.152 4294967295
29.269 4294967295
29.269 4294967295
29.3861 4294967295
29.3861 4294967295
29.5031 4294967295
29.5031 4294967295
29.6201 4294967295
29.6201 4294967295
29.7371 4294967295
29.7371 4294967295
29.8542 4294967295
29.8542 4294967295
29.9712 4294967295
29.9712 4294967295
30.0882 4294967295
30.0882 4294967295
30.2052 4294967295
30.2052 4294967295
30.3223 4294967295
30.3223 4294967295
30.4393 4294967295
30.4393 4294967295
30.5563 4294967295
30.5563 4294967295
30.6733 4294967295
30.6733 4294967295
30.7904 4294967295
30.7904 4294967295
30.9074 4294967295
30.9074 4294967295
31.0244 4294967295
31.0244 4294967295
31.1414 4294967295
31.1414 4294967295
31.2584 4294967295
31.2584 4294967295
31.3755 4294967295
31.3755 4294967295
31.4925 4294967295
31.4925 4294967295
31.6095 4294967295
31.6095 4294967295
31.7265 4294967295
31.7265 4294967295
31.8436 4294967295
31.8436 4294967295
31.9606 4294967295
31.9606 4294967295
32.0776 4294967295
32.0776 4294967295
32.1946 4294967295
32.1946 4294967295
32.3117 4294967295
32.3117 4294967295
32.4287 4294967295
32.4287 4294967295
32.5457 4294967295
32.5457 4294967295
32.6627 4294967295
32.6627 4294967295
32.7798 4294967295
32.7798 4294967295
32.8968 4294967295
32.8968 4294967295
33.0138 4294967295
33.0138 4294967295
33.1308 4294967295
33.1308 4294967295
33.2479 4294967295
33.2479 4294967295
33.3649 4294967295
33.3649 4294967295
33.4819 4294967295
33.4819 4294967295
33.5989 4294967295
33.5989 4294967295
33.716 4294967295
33.716 4294967295
33.833 4294967295
33.833 4294967295
33.95 4294967295
33.95 4294967295
34.067 4294967295
34.067 4294967295
34.184 4294967295
34.184 4294967295
34.3011 4294967295
34.3011 4294967295
34.4181 4294967295
34.4181 4294967295
34.5351 4294967295
34.5351 4294967295
34.6521 4294967295
34.6521 4294967295
34.7692 4294967295
34.7692 4294967295
34.8862 4294967295
34.8862 4294967295
35.0032 4294967295
35.0032 4294967295
35.1202 4294967295
35.1202 4294967295
35.2373 4294967295
35.2373 4294967295
35.3543 4294967295
35.3543 4294967295
35.4713 4294967295
35.4713 4294967295
35.5883 4294967295
35.5883 4294967295
35.7054 4294967295
35.7054 4294967295
35.8224 4294967295
35.8224 4294967295
35.9394 4294967295
35.9394 4294967295
36.0564 4294967295
36.0564 4294967295
36.1735 4294967295
36.1735 4294967295
36.2905 4294967295
36.2905 4294967295
36.4075 4294967295
36.4075 4294967295
36.5245 4294967295
36.5245 4294967295
36.6416 4294967295
36.6416 4294967295
36.7586 4294967295
36.7586 4294967295
36.8756 4294967295
36.8756 4294967295
36.9926 4294967295
36.9926 4294967295
37.1096 4294967295
37.1096 4294967295
37.2267 4294967295
37.2267 4294967295
37.3437 4294967295
37.3437 4294967295
37.4607 4294967295
37.4607 4294967295
37.5777 4294967295
37.5777 4294967295
37.6948 4294967295
37.6948 4294967295
37.8118 4294967295
37.8118 4294967295
37.9288 4294967295
37.9288 4294967295
38.0458 4294967295
38.0458 4294967295
38.1629 4294967295
38.1629 4294967295
38.2799 4294967295
38.2799 4294967295
38.3969 4294967295
38.3969 4294967295
38.5139 4294967295
38.5139 4294967295
38.631 4294967295
38.631 4294967295
38.748 4294967295
38.748 4294967295
38.865 4294967295
38.865 4294967295
38.982 4294967295
38.982 4294967295
39.0991 4294967295
39.0991 4294967295
39.2161 4294967295
39.2161 4294967295
39.3331 4294967295
39.3331 4294967295
39.4501 4294967295
39.4501 4294967295
39.5672 4294967295
39.5672 4294967295
39.6842 4294967295
39.6842 4294967295
39.8012 4294967295
39.8012 4294967295
39.9182 4294967295
39.9182 4294967295
40.0352 4294967295
40.0352 4294967295
40.1523 4294967295
40.1523 4294967295
40.2693 4294967295
40.2693 4294967295
40.3863 4294967295
40.3863 4294967295
40.5033 4294967295
40.5033 4294967295
40.6204 4294967295
40.6204 4294967295
40.7374 4294967295
40.7374 4294967295
40.8544 4294967295
40.8544 4294967295
40.9714 4294967295
40.9714 4294967295
41.0885 4294967295
41.0885 4294967295
41.2055 4294967295
41.2055 4294967295
41.3225 4294967295
41.3225 4294967295
41.4395 4294967295
41.4395 4294967295
41.5566 4294967295
41.5566 4294967295
41.6736 4294967295
41.6736 4294967295
41.7906 4294967295
41.7906 4294967295
41.9076 4294967295
41.9076 4294967295
42.0247 4294967295
42.0247 4294967295
42.1417 4294967295
42.1417 4294967295
42.2587 4294967295
42.2587 4294967295
42.3757 4294967295
42.3757 4294967295
42.4928 4294967295
42.4928 4294967295
42.6098 4294967295
42.6098 4294967295
42.7268 4294967295
42.7268 4294967295
42.8438 4294967295
42.8438 4294967295
42.9608 4294967295
42.9608 4294967295
43.0779 4294967295
43.0779 4294967295
43.1949 4294967295
43.1949 4294967295
43.3119 4294967295
43.3119 4294967295
43.4289 4294967295
43.4289 4294967295
43.546 4294967295
43.546 4294967295
43.663 4294967295
43.663 4294967295
43.78 4294967295
43.78 4294967295
43.897 4294967295
43.897 4294967295
44.0141 4294967295
44.0141 4294967295
44.1311 4294967295
44.1311 4294967295
44.2481 4294967295
44.2481 4294967295
44.3651 4294967295
44.3651 4294967295
44.4822 4294967295
44.4822 4294967295
44.5992 4294967295
44.5992 4294967295
44.7162 4294967295
44.7162 4294967295
44.8332 4294967295
44.8332 4294967295
44.9503 4294967295
44.9503 4294967295
45.0673 4294967295
45.0673 4294967295
45.1843 4294967295
45.1843 4294967295
45.3013 4294967295
45.3013 4294967295
45.4184 4294967295
45.4184 4294967295
45.5354 4294967295
45.5354 4294967295
45.6524 4294967295
45.6524 4294967295
45.7694 4294967295
45.7694 4294967295
45.8864 4294967295
45.8864 4294967295
46.0035 4294967295
46.0035 4294967295
46.1205 4294967295
46.1205 4294967295
46.2375 4294967295
46.2375 4294967295
46.3545 4294967295
46.3545 4294967295
46.4716 4294967295
46.4716 4294967295
46.5886 4294967295
46.5886 4294967295
46.7056 4294967295
46.7056 4294967295
46.8226 4294967295
46.8226 4294967295
46.9397 4294967295
46.9397 4294967295
47.0567 4294967295
47.0567 4294967295
47.1737 4294967295
47.1737 4294967295
47.2907 4294967295
47.2907 4294967295
47.4078 4294967295
47.4078 4294967295
47.5248 4294967295
47.5248 4294967295
47.6418 4294967295
47.6418 4294967295
47.7588 4294967295
47.7588 4294967295
47.8759 4294967295
47.8759 4294967295
47.9929 4294967295
47.9929 4294967295
48.1099 4294967295
48.1099 4294967295
48.2269 4294967295
48.2269 4294967295
48.344 4294967295
48.344 4294967295
48.461 4294967295
48.461 4294967295
48.578 4294967295
48.578 4294967295
48.695 4294967295
48.695 4294967295
48.812 4294967295
48.812 4294967295
48.9291 4294967295
48.9291 4294967295
49.0461 4294967295
49.0461 4294967295
49.1631 4294967295
49.1631 4294967295
49.2801 4294967295
49.2801 4294967295
49.3972 4294967295
49.3972 4294967295
49.5142 4294967295
49.5142 4294967295
49.6312 4294967295
49.6312 4294967295
49.7482 4294967295
49.7482 4294967295
49.8653 4294967295
49.8653 4294967295
49.9823 4294967295
49.9823 4294967295
50.0993 4294967295
50.0993 4294967295
50.2163 4294967295
50.2163 4294967295
50.3334 4294967295
50.3334 4294967295
50.4504 4294967295
50.4504 4294967295
50.5674 4294967295
50.5674 4294967295
50.6844 4294967295
50.6844 4294967295
50.8015 4294967295
50.8015 4294967295
50.9185 4294967295
50.9185 4294967295
51.0355 4294967295
51.0355 4294967295
51.1525 4294967295
51.1525 4294967295
51.2696 4294967295
51.2696 4294967295
51.3866 4294967295
51.3866 4294967295
51.5036 4294967295
51.5036 4294967295
51.6206 4294967295
51.6206 4294967295
51.7376 4294967295
51.7376 4294967295
51.8547 4294967295
51.8547 4294967295
51.9717 4294967295
51.9717 4294967295
52.0887 4294967295
52.0887 4294967295
52.2057 4294967295
52.2057 4294967295
52.3228 4294967295
52.3228 4294967295
52.4398 4294967295
52.4398 4294967295
52.5568 4294967295
52.5568 4294967295
52.6738 4294967295
52.6738 4294967295
52.7909 4294967295
52.7909 4294967295
52.9079 4294967295
52.9079 4294967295
53.0249 4294967295
53.0249 4294967295
53.1419 4294967295
53.1419 4294967295
53.259 4294967295
53.259 4294967295
53.376 4294967295
53.376 4294967295
53.493 4294967295
53.493 4294967295
53.61 4294967295
53.61 4294967295
53.7271 4294967295
53.7271 4294967295
53.8441 4294967295
53.8441 4294967295
53.9611 4294967295
53.9611 4294967295
54.0781 4294967295
54.0781 4294967295
54.1952 4294967295
54.1952 4294967295
54.3122 4294967295
54.3122 4294967295
54.4292 4294967295
54.4292 4294967295
54.5462 4294967295
54.5462 4294967295
54.6632 4294967295
54.6632 4294967295
54.7803 4294967295
54.7803 4294967295
54.8973 4294967295
54.8973 4294967295
55.0143 4294967295
55.0143 4294967295
55.1313 4294967295
55.1313 4294967295
55.2484 4294967295
55.2484 4294967295
55.3654 4294967295
55.3654 4294967295
55.4824 4294967295
55.4824 4294967295
55.5994 4294967295
55.5994 4294967295
55.7165 4294967295
55.7165 4294967295
55.8335 4294967295
55.8335 4294967295
55.9505 4294967295
55.9505 4294967295
56.0675 4294967295
56.0675 4294967295
56.1846 4294967295
56.1846 4294967295
56.3016 4294967295
56.3016 4294967295
56.4186 4294967295
56.4186 4294967295
56.5356 4294967295
56.5356 4294967295
56.6527 4294967295
56.6527 4294967295
56.7697 4294967295
56.7697 4294967295
56.8867 4294967295
56.8867 4294967295
57.0037 4294967295
57.0037 4294967295
57.1208 4294967295
57.1208 4294967295
57.2378 4294967295
57.2378 4294967295
57.3548 4294967295
57.3548 4294967295
57.4718 4294967295
57.4718 4294967295
57.5888 4294967295
57.5888 4294967295
57.7059 4294967295
57.7059 4294967295
57.8229 4294967295
57.8229 4294967295
57.9399 4294967295
57.9399 4294967295
58.0569 4294967295
58.0569 4294967295
58.174 4294967295
58.174 4294967295
58.291 4294967295
58.291 4294967295
58.408 4294967295
58.408 4294967295
58.525 4294967295
58.525 4294967295
58.6421 4294967295
58.6421 4294967295
58.7591 4294967295
58.7591 4294967295
58.8761 4294967295
58.8761 4294967295
58.9931 4294967295
58.9931 4294967295
59.1102 4294967295
59.1102 4294967295
59.2272 4294967295
59.2272 4294967295
59.3442 4294967295
59.3442 4294967295
59.4612 4294967295
59.4612 4294967295
59.5783 4294967295
59.5783 4294967295
59.6953 4294967295
59.6953 4294967295
59.8123 4294967295
59.8123 4294967295
59.9293 4294967295
59.9293 4294967295
60.0464 4294967295
60.0464 4294967295
60.1634 4294967295
60.1634 4294967295
60.2804 4294967295
60.2804 4294967295
60.3974 4294967295
60.3974 4294967295
60.5144 4294967295
60.5144 4294967295
60.6315 4294967295
60.6315 4294967295
60.7485 4294967295
60.7485 4294967295
60.8655 4294967295
60.8655 4294967295
60.9825 4294967295
60.9825 4294967295
61.0996 4294967295
61.0996 4294967295
61.2166 4294967295
61.2166 4294967295
61.3336 4294967295
61.3336 4294967295
61.4506 4294967295
61.4506 4294967295
61.5677 4294967295
61.5677 4294967295
61.6847 4294967295
61.6847 4294967295
61.8017 4294967295
61.8017 4294967295
61.9187 4294967295
61.9187 4294967295
62.0358 4294967295
62.0358 4294967295
62.1528 4294967295
62.1528 4294967295
62.2698 4294967295
62.2698 4294967295
62.3868 4294967295
62.3868 4294967295
62.5039 4294967295
62.5039 4294967295
62.6209 4294967295
62.6209 4294967295
62.7379 4294967295
62.7379 4294967295
62.8549 4294967295
62.8549 4294967295
62.972 4294967295
62.972 4294967295
63.089 4294967295
63.089 4294967295
63.206 4294967295
63.206 4294967295
63.323 4294967295
63.323 4294967295
63.44 4294967295
63.44 4294967295
63.5571 4294967295
63.5571 4294967295
63.6741 4294967295
63.6741 4294967295
63.7911 4294967295
63.7911 4294967295
63.9081 4294967295
63.9081 4294967295
64.0252 4294967295
64.0252 4294967295
64.1422 4294967295
64.1422 4294967295
64.2592 4294967295
64.2592 4294967295
64.3762 4294967295
64.3762 4294967295
64.4933 4294967295
64.4933 4294967295
64.6103 4294967295
64.6103 4294967295
64.7273 4294967295
64.7273 4294967295
64.8443 4294967295
64.8443 4294967295
64.9614 4294967295
64.9614 4294967295
65.0784 4294967295
65.0784 4294967295
65.1954 4294967295
65.1954 4294967295
65.3124 4294967295
65.3124 4294967295
65.4295 4294967295
65.4295 4294967295
65.5465 4294967295
65.5465 4294967295
65.6635 4294967295
65.6635 4294967295
65.7805 4294967295
65.7805 4294967295
65.8976 4294967295
65.8976 4294967295
66.0146 4294967295
66.0146 4294967295
66.1316 4294967295
66.1316 4294967295
66.2486 4294967295
66.2486 4294967295
66.3656 4294967295
66.3656 4294967295
66.4827 4294967295
66.4827 4294967295
66.5997 4294967295
66.5997 4294967295
66.7167 4294967295
66.7167 4294967295
66.8337 4294967295
66.8337 4294967295
66.9508 4294967295
66.9508 4294967295
67.0678 4294967295
67.0678 4294967295
67.1848 4294967295
67.1848 4294967295
67.3018 4294967295
67.3018 4294967295
67.4189 4294967295
67.4189 4294967295
67.5359 4294967295
67.5359 4294967295
67.6529 4294967295
67.6529 4294967295
67.7699 4294967295
67.7699 4294967295
67.887 4294967295
67.887 4294967295
68.004 4294967295
68.004 4294967295
68.121 4294967295
68.121 4294967295
68.238 4294967295
68.238 4294967295
68.3551 4294967295
68.3551 4294967295
68.4721 4294967295
68.4721 4294967295
68.5891 4294967295
68.5891 4294967295
68.7061 4294967295
68.7061 4294967295
68.8232 4294967295
68.8232 4294967295
68.9402 4294967295
68.9402 4294967295
69.0572 4294967295
69.0572 4294967295
69.1742 4294967295
69.1742 4294967295
69.2912 4294967295
69.2912 4294967295
69.4083 4294967295
69.4083 4294967295
69.5253 4294967295
69.5253 4294967295
69.6423 4294967295
69.6423 4294967295
69.7593 4294967295
69.7593 4294967295
69.8764 4294967295
69.8764 4294967295
69.9934 4294967295
69.9934 4294967295
70.1104 4294967295
70.1104 4294967295
70.2274 4294967295
70.2274 4294967295
70.3445 4294967295
70.3445 4294967295
70.4615 4294967295
70.4615 4294967295
70.5785 4294967295
70.5785 4294967295
70.6955 4294967295
70.6955 4294967295
70.8126 4294967295
70.8126 4294967295
70.9296 4294967295
70.9296 4294967295
71.0466 4294967295
71.0466 4294967295
71.1636 4294967295
71.1636 4294967295
71.2807 4294967295
71.2807 4294967295
71.3977 4294967295
71.3977 4294967295
71.5147 4294967295
71.5147 4294967295
71.6317 4294967295
71.6317 4294967295
71.7488 4294967295
71.7488 4294967295
71.8658 4294967295
71.8658 4294967295
71.9828 4294967295
71.9828 4294967295
72.0998 4294967295
72.0998 4294967295
72.2168 4294967295
72.2168 4294967295
72.3339 4294967295
72.3339 4294967295
72.4509 4294967295
72.4509 4294967295
72.5679 4294967295
72.5679 4294967295
72.6849 4294967295
72.6849 4294967295
72.802 4294967295
72.802 4294967295
72.919 4294967295
72.919 4294967295
73.036 4294967295
73.036 4294967295
73.153 4294967295
73.153 4294967295
73.2701 4294967295
73.2701 4294967295
73.3871 4294967295
73.3871 4294967295
73.5041 4294967295
73.5041 4294967295
73.6211 4294967295
73.6211 4294967295
73.7382 4294967295
73.7382 4294967295
73.8552 4294967295
73.8552 4294967295
73.9722 4294967295
73.9722 4294967295
74.0892 4294967295
74.0892 4294967295
74.2063 4294967295
74.2063 4294967295
74.3233 4294967295
74.3233 4294967295
74.4403 4294967295
74.4403 4294967295
74.5573 4294967295
74.5573 4294967295
74.6744 4294967295
74.6744 4294967295
74.7914 4294967295
74.7914 4294967295
74.9084 4294967295
74.9084 4294967295
75.0254 4294967295
75.0254 4294967295
75.1424 4294967295
75.1424 4294967295
75.2595 4294967295
75.2595 4294967295
75.3765 4294967295
75.3765 4294967295
75.4935 4294967295
75.4935 4294967295
75.6105 4294967295
75.6105 4294967295
75.7276 4294967295
75.7276 4294967295
75.8446 4294967295
75.8446 4294967295
75.9616 4294967295
75.9616 4294967295
76.0786 4294967295
76.0786 4294967295
76.1957 4294967295
76.1957 4294967295
76.3127 4294967295
76.3127 4294967295
76.4297 4294967295
76.4297 4294967295
76.5467 4294967295
76.5467 4294967295
76.6638 4294967295
76.6638 4294967295
76.7808 4294967295
76.7808 4294967295
76.8978 4294967295
76.8978 4294967295
77.0148 4294967295
77.0148 4294967295
77.1319 4294967295
77.1319 4294967295
77.2489 4294967295
77.2489 4294967295
77.3659 4294967295
77.3659 4294967295
77.4829 4294967295
77.4829 4294967295
77.6 4294967295
77.6 4294967295
77.717 4294967295
77.717 4294967295
77.834 4294967295
77.834 4294967295
77.951 4294967295
77.951 4294967295
78.068 4294967295
78.068 4294967295
78.1851 4294967295
78.1851 4294967295
78.3021 4294967295
78.3021 4294967295
78.4191 4294967295
78.4191 4294967295
78.5361 4294967295
78.5361 4294967295
78.6532 4294967295
78.6532 4294967295
78.7702 4294967295
78.7702 4294967295
78.8872 4294967295
78.8872 4294967295
79.0042 4294967295
79.0042 4294967295
79.1213 4294967295
79.1213 4294967295
79.2383 4294967295
79.2383 4294967295
79.3553 4294967295
79.3553 4294967295
79.4723 4294967295
79.4723 4294967295
79.5894 4294967295
79.5894 4294967295
79.7064 4294967295
79.7064 4294967295
79.8234 4294967295
79.8234 4294967295
79.9404 4294967295
79.9404 4294967295
80.0575 4294967295
80.0575 4294967295
80.1745 4294967295
80.1745 4294967295
80.2915 4294967295
80.2915 4294967295
80.4085 4294967295
80.4085 4294967295
80.5256 4294967295
80.5256 4294967295
80.6426 4294967295
80.6426 4294967295
80.7596 4294967295
80.7596 4294967295
80.8766 4294967295
80.8766 4294967295
80.9936 4294967295
80.9936 4294967295
81.1107 4294967295
81.1107 4294967295
81.2277 4294967295
81.2277 4294967295
81.3447 4294967295
81.3447 4294967295
81.4617 4294967295
81.4617 4294967295
81.5788 4294967295
81.5788 4294967295
81.6958 4294967295
81.6958 4294967295
81.8128 4294967295
81.8128 4294967295
81.9298 4294967295
81.9298 4294967295
82.0469 4294967295
82.0469 4294967295
82.1639 4294967295
82.1639 4294967295
82.2809 4294967295
82.2809 4294967295
82.3979 4294967295
82.3979 4294967295
82.515 4294967295
82.515 4294967295
82.632 4294967295
82.632 4294967295
82.749 4294967295
82.749 4294967295
82.866 4294967295
82.866 4294967295
82.9831 4294967295
82.9831 4294967295
83.1001 4294967295
83.1001 4294967295
83.2171 4294967295
83.2171 4294967295
83.3341 4294967295
83.3341 4294967295
83.4512 4294967295
83.4512 4294967295
83.5682 4294967295
83.5682 4294967295
83.6852 4294967295
83.6852 4294967295
83.8022 4294967295
83.8022 4294967295
83.9192 4294967295
83.9192 4294967295
84.0363 4294967295
84.0363 4294967295
84.1533 4294967295
84.1533 4294967295
84.2703 4294967295
84.2703 4294967295
84.3873 4294967295
84.3873 4294967295
84.5044 4294967295
84.5044 4294967295
84.6214 4294967295
84.6214 4294967295
84.7384 4294967295
84.7384 4294967295
84.8554 4294967295
84.8554 4294967295
84.9725 4294967295
84.9725 4294967295
85.0895 4294967295
85.0895 4294967295
85.2065 4294967295
85.2065 4294967295
85.3235 4294967295
85.3235 4294967295
85.4406 4294967295
85.4406 4294967295
85.5576 4294967295
85.5576 4294967295
85.6746 4294967295
85.6746 4294967295
85.7916 4294967295
85.7916 4294967295
85.9087 4294967295
85.9087 4294967295
86.0257 4294967295
86.0257 4294967295
86.1427 4294967295
86.1427 4294967295
86.2597 4294967295
86.2597 4294967295
86.3768 4294967295
86.3768 4294967295
86.4938 4294967295
86.4938 4294967295
86.6108 4294967295
86.6108 4294967295
86.7278 4294967295
86.7278 4294967295
86.8448 4294967295
86.8448 4294967295
86.9619 4294967295
86.9619 4294967295
87.0789 4294967295
87.0789 4294967295
87.1959 4294967295
87.1959 4294967295
87.3129 4294967295
87.3129 4294967295
87.43 4294967295
87.43 4294967295
87.547 4294967295
87.547 4294967295
87.664 4294967295
87.664 4294967295
87.781 4294967295
87.781 4294967295
87.8981 4294967295
87.8981 4294967295
88.0151 4294967295
88.0151 4294967295
88.1321 4294967295
88.1321 4294967295
88.2491 4294967295
88.2491 4294967295
88.3662 4294967295
88.3662 4294967295
88.4832 4294967295
88.4832 4294967295
88.6002 4294967295
88.6002 4294967295
88.7172 4294967295
88.7172 4294967295
88.8343 4294967295
88.8343 4294967295
88.9513 4294967295
88.9513 4294967295
89.0683 4294967295
89.0683 4294967295
89.1853 4294967295
89.1853 4294967295
89.3024 4294967295
89.3024 4294967295
89.4194 4294967295
89.4194 4294967295
89.5364 4294967295
89.5364 4294967295
89.6534 4294967295
89.6534 4294967295
89.7704 4294967295
89.7704 4294967295
89.8875 4294967295
89.8875 4294967295
90.0045 4294967295
90.0045 4294967295
90.1215 4294967295
90.1215 4294967295
90.2385 4294967295
90.2385 4294967295
90.3556 4294967295
90.3556 4294967295
90.4726 4294967295
90.4726 4294967295
90.5896 4294967295
90.5896 4294967295
90.7066 4294967295
90.7066 4294967295
90.8237 4294967295
90.8237 4294967295
90.9407 4294967295
90.9407 4294967295
91.0577 4294967295
91.0577 4294967295
91.1747 4294967295
91.1747 4294967295
91.2918 4294967295
91.2918 4294967295
91.4088 4294967295
91.4088 4294967295
91.5258 4294967295
91.5258 4294967295
91.6428 4294967295
91.6428 4294967295
91.7599 4294967295
91.7599 4294967295
91.8769 4294967295
91.8769 4294967295
91.9939 4294967295
91.9939 4294967295
92.1109 4294967295
92.1109 4294967295
92.228 4294967295
92.228 4294967295
92.345 4294967295
92.345 4294967295
92.462 4294967295
92.462 4294967295
92.579 4294967295
92.579 4294967295
92.696 4294967295
92.696 4294967295
92.8131 4294967295
92.8131 4294967295
92.9301 4294967295
92.9301 4294967295
93.0471 4294967295
93.0471 4294967295
93.1641 4294967295
93.1641 4294967295
93.2812 4294967295
93.2812 4294967295
93.3982 4294967295
93.3982 4294967295
93.5152 4294967295
93.5152 4294967295
93.6322 4294967295
93.6322 4294967295
93.7493 4294967295
93.7493 4294967295
93.8663 4294967295
93.8663 4294967295
93.9833 4294967295
93.9833 4294967295
94.1003 4294967295
94.1003 4294967295
94.2174 4294967295
94.2174 4294967295
94.3344 4294967295
94.3344 4294967295
94.4514 4294967295
94.4514 4294967295
94.5684 4294967295
94.5684 4294967295
94.6855 4294967295
94.6855 4294967295
94.8025 4294967295
94.8025 4294967295
94.9195 4294967295
94.9195 4294967295
95.0365 4294967295
95.0365 4294967295
95.1536 4294967295
95.1536 4294967295
95.2706 4294967295
95.2706 4294967295
95.3876 4294967295
95.3876 4294967295
95.5046 4294967295
95.5046 4294967295
95.6216 4294967295
95.6216 4294967295
95.7387 4294967295
95.7387 4294967295
95.8557 4294967295
95.8557 4294967295
95.9727 4294967295
95.9727 4294967295
96.0897 4294967295
96.0897 4294967295
96.2068 4294967295
96.2068 4294967295
96.3238 4294967295
96.3238 4294967295
96.4408 4294967295
96.4408 4294967295
96.5578 4294967295
96.5578 4294967295
96.6749 4294967295
96.6749 4294967295
96.7919 4294967295
96.7919 4294967295
96.9089 4294967295
96.9089 4294967295
97.0259 4294967295
97.0259 4294967295
97.143 4294967295
97.143 4294967295
97.26 4294967295
97.26 4294967295
97.377 4294967295
97.377 4294967295
97.494 4294967295
97.494 4294967295
97.6111 4294967295
97.6111 4294967295
97.7281 4294967295
97.7281 4294967295
97.8451 4294967295
97.8451 4294967295
97.9621 4294967295
97.9621 4294967295
98.0792 4294967295
98.0792 4294967295
98.1962 4294967295
98.1962 4294967295
98.3132 4294967295
98.3132 4294967295
98.4302 4294967295
98.4302 4294967295
98.5472 4294967295
98.5472 4294967295
98.6643 4294967295
98.6643 4294967295
98.7813 4294967295
98.7813 4294967295
98.8983 4294967295
98.8983 4294967295
99.0153 4294967295
99.0153 4294967295
99.1324 4294967295
99.1324 4294967295
99.2494 4294967295
99.2494 4294967295
99.3664 4294967295
99.3664 4294967295
99.4834 4294967295
99.4834 4294967295
99.6005 4294967295
99.6005 4294967295
99.7175 4294967295
99.7175 4294967295
99.8345 4294967295
99.8345 4294967295
99.9515 4294967295
99.9515 4294967295
100.069 4294967295
100.069 4294967295
100.186 4294967295
100.186 4294967295
100.303 4294967295
100.303 4294967295
100.42 4294967295
100.42 4294967295
100.537 4294967295
100.537 4294967295
100.654 4294967295
100.654 4294967295
100.771 4294967295
100.771 4294967295
100.888 4294967295
100.888 4294967295
101.005 4294967295
101.005 4294967295
101.122 4294967295
101.122 4294967295
101.239 4294967295
101.239 4294967295
101.356 4294967295
101.356 4294967295
101.473 4294967295
101.473 4294967295
101.59 4294967295
101.59 4294967295
101.707 4294967295
101.707 4294967295
101.824 4294967295
101.824 4294967295
101.941 4294967295
101.941 4294967295
102.058 4294967295
102.058 4294967295
102.175 4294967295
102.175 4294967295
102.292 4294967295
102.292 4294967295
102.409 4294967295
102.409 4294967295
102.526 4294967295
102.526 4294967295
102.643 4294967295
102.643 4294967295
102.76 4294967295
102.76 4294967295
102.877 4294967295
102.877 4294967295
102.994 4294967295
102.994 4294967295
103.111 4294967295
103.111 4294967295
103.228 4294967295
103.228 4294967295
103.345 4294967295
103.345 4294967295
103.462 4294967295
103.462 4294967295
103.579 4294967295
103.579 4294967295
103.696 4294967295
103.696 4294967295
103.813 4294967295
103.813 4294967295
103.93 4294967295
103.93 4294967295
104.047 4294967295
104.047 4294967295
104.164 4294967295
104.164 4294967295
104.281 4294967295
104.281 4294967295
104.398 4294967295
104.398 4294967295
104.515 4294967295
104.515 4294967295
104.632 4294967295
104.632 4294967295
104.75 4294967295
104.75 4294967295
104.867 4294967295
104.867 4294967295
104.984 4294967295
104.984 4294967295
105.101 4294967295
105.101 4294967295
105.218 4294967295
105.218 4294967295
105.335 4294967295
105.335 4294967295
105.452 4294967295
105.452 4294967295
105.569 4294967295
105.569 4294967295
105.686 4294967295
105.686 4294967295
105.803 4294967295
105.803 4294967295
105.92 4294967295
105.92 4294967295
106.037 4294967295
106.037 4294967295
106.154 4294967295
106.154 4294967295
106.271 4294967295
106.271 4294967295
106.388 4294967295
106.388 4294967295
106.505 4294967295
106.505 4294967295
106.622 4294967295
106.622 4294967295
106.739 4294967295
106.739 4294967295
106.856 4294967295
106.856 4294967295
106.973 4294967295
106.973 4294967295
107.09 4294967295
107.09 4294967295
107.207 4294967295
107.207 4294967295
107.324 4294967295
107.324 4294967295
107.441 4294967295
107.441 4294967295
107.558 4294967295
107.558 4294967295
107.675 4294967295
107.675 4294967295
107.792 4294967295
107.792 4294967295
107.909 4294967295
107.909 4294967295
108.026 4294967295
108.026 4294967295
108.143 4294967295
108.143 4294967295
108.26 4294967295
108.26 4294967295
108.377 4294967295
108.377 4294967295
108.494 4294967295
108.494 4294967295
108.611 4294967295
108.611 4294967295
108.728 4294967295
108.728 4294967295
108.845 4294967295
108.845 4294967295
108.962 4294967295
108.962 4294967295
109.079 4294967295
109.079 4294967295
109.196 4294967295
109.196 4294967295
109.313 4294967295
109.313 4294967295
109.43 4294967295
109.43 4294967295
109.548 4294967295
109.548 4294967295
109.665 4294967295
109.665 4294967295
109.782 4294967295
109.782 4294967295
109.899 4294967295
109.899 4294967295
110.016 4294967295
110.016 4294967295
110.133 4294967295
110.133 4294967295
110.25 4294967295
110.25 4294967295
110.367 4294967295
110.367 4294967295
110.484 4294967295
110.484 4294967295
110.601 4294967295
110.601 4294967295
110.718 4294967295
110.718 4294967295
110.835 4294967295
110.835 4294967295
110.952 4294967295
110.952 4294967295
111.069 4294967295
111.069 4294967295
111.186 4294967295
111.186 4294967295
111.303 4294967295
111.303 4294967295
111.42 4294967295
111.42 4294967295
111.537 4294967295
111.537 4294967295
111.654 4294967295
111.654 4294967295
111.771 4294967295
111.771 4294967295
111.888 4294967295
111.888 4294967295
112.005 4294967295
112.005 4294967295
112.122 4294967295
112.122 4294967295
112.239 4294967295
112.239 4294967295
112.356 4294967295
112.356 4294967295
112.473 4294967295
112.473 4294967295
112.59 4294967295
112.59 4294967295
112.707 4294967295
112.707 4294967295
112.824 4294967295
112.824 4294967295
112.941 4294967295
112.941 4294967295
113.058 4294967295
113.058 4294967295
113.175 4294967295
113.175 4294967295
113.292 4294967295
113.292 4294967295
113.409 4294967295
113.409 4294967295
113.526 4294967295
113.526 4294967295
113.643 4294967295
113.643 4294967295
113.76 4294967295
113.76 4294967295
113.877 4294967295
113.877 4294967295
113.994 4294967295
113.994 4294967295
114.111 4294967295
114.111 4294967295
114.228 4294967295
114.228 4294967295
114.345 4294967295
114.345 4294967295
114.463 4294967295
114.463 4294967295
114.58 4294967295
114.58 4294967295
114.697 4294967295
114.697 4294967295
114.814 4294967295
114.814 4294967295
114.931 4294967295
114.931 4294967295
115.048 4294967295
115.048 4294967295
115.165 4294967295
115.165 4294967295
115.282 4294967295
115.282 4294967295
115.399 4294967295
115.399 4294967295
115.516 4294967295
115.516 4294967295
115.633 4294967295
115.633 4294967295
115.75 4294967295
115.75 4294967295
115.867 4294967295
115.867 4294967295
115.984 4294967295
115.984 4294967295
116.101 4294967295
116.101 4294967295
116.218 4294967295
116.218 4294967295
116.335 4294967295
116.335 4294967295
116.452 4294967295
116.452 4294967295
116.569 4294967295
116.569 4294967295
116.686 4294967295
116.686 4294967295
116.803 4294967295
116.803 4294967295
116.92 4294967295
116.92 4294967295
117.037 4294967295
117.037 4294967295
117.154 4294967295
117.154 4294967295
117.271 4294967295
117.271 4294967295
117.388 4294967295
117.388 4294967295
117.505 4294967295
117.505 4294967295
117.622 4294967295
117.622 4294967295
117.739 4294967295
117.739 4294967295
117.856 4294967295
117.856 4294967295
117.973 4294967295
117.973 4294967295
118.09 4294967295
118.09 4294967295
118.207 4294967295
118.207 4294967295
118.324 4294967295
118.324 4294967295
118.441 4294967295
118.441 4294967295
118.558 4294967295
118.558 4294967295
118.675 4294967295
118.675 4294967295
118.792 4294967295
118.792 4294967295
118.909 4294967295
118.909 4294967295
119.026 4294967295
119.026 4294967295
119.143 4294967295
119.143 4294967295
119.26 4294967295
119.26 4294967295
119.378 4294967295
119.378 4294967295
119.495 4294967295
119.495 4294967295
119.612 4294967295
119.612 4294967295
119.729 4294967295
119.729 4294967295
119.846 4294967295
119.846 4294967295
119.963 4294967295
119.963 4294967295
120.08 4294967295
120.08 4294967295
120.197 4294967295
120.197 4294967295
120.314 4294967295
120.314 4294967295
120.431 4294967295
120.431 4294967295
120.548 4294967295
120.548 4294967295
120.665 4294967295
120.665 4294967295
120.782 4294967295
120.782 4294967295
120.899 4294967295
120.899 4294967295
121.016 4294967295
121.016 4294967295
121.133 4294967295
121.133 4294967295
121.25 4294967295
121.25 4294967295
121.367 4294967295
121.367 4294967295
121.484 4294967295
121.484 4294967295
121.601 4294967295
121.601 4294967295
121.718 4294967295
121.718 4294967295
121.835 4294967295
121.835 4294967295
121.952 4294967295
121.952 4294967295
122.069 4294967295
122.069 4294967295
122.186 4294967295
122.186 4294967295
122.303 4294967295
122.303 4294967295
122.42 4294967295
122.42 4294967295
122.537 4294967295
122.537 4294967295
122.654 4294967295
122.654 4294967295
122.771 4294967295
122.771 4294967295
122.888 4294967295
122.888 4294967295
123.005 4294967295
123.005 4294967295
123.122 4294967295
123.122 4294967295
123.239 4294967295
123.239 4294967295
123.356 4294967295
123.356 4294967295
123.473 4294967295
123.473 4294967295
123.59 4294967295
123.59 4294967295
123.707 4294967295
123.707 4294967295
123.824 4294967295
123.824 4294967295
123.941 4294967295
123.941 4294967295
124.058 4294967295
124.058 4294967295
124.176 4294967295
124.176 4294967295
124.293 4294967295
124.293 4294967295
124.41 4294967295
124.41 4294967295
124.527 4294967295
124.527 4294967295
124.644 4294967295
124.644 4294967295
124.761 4294967295
124.761 4294967295
124.878 4294967295
124.878 4294967295
124.995 4294967295
124.995 4294967295
125.112 4294967295
125.112 4294967295
125.229 4294967295
125.229 4294967295
125.346 4294967295
125.346 4294967295
125.463 4294967295
125.463 4294967295
125.58 4294967295
125.58 4294967295
125.697 4294967295
125.697 4294967295
125.814 4294967295
125.814 4294967295
125.931 4294967295
125.931 4294967295
126.048 4294967295
126.048 4294967295
126.165 4294967295
126.165 4294967295
126.282 4294967295
126.282 4294967295
126.399 4294967295
126.399 4294967295
126.516 4294967295
126.516 4294967295
126.633 4294967295
126.633 4294967295
126.75 4294967295
126.75 4294967295
126.867 4294967295
126.867 4294967295
126.984 4294967295
126.984 4294967295
127.101 4294967295
127.101 4294967295
127.218 4294967295
127.218 4294967295
127.335 4294967295
127.335 4294967295
127.452 4294967295
127.452 4294967295
127.569 4294967295
127.569 4294967295
127.686 4294967295
127.686 4294967295
127.803 4294967295
127.803 4294967295
127.92 4294967295
127.92 4294967295
128.037 4294967295
128.037 4294967295
128.154 4294967295
128.154 4294967295
128.271 4294967295
128.271 4294967295
128.388 4294967295
128.388 4294967295
128.505 4294967295
128.505 4294967295
128.622 4294967295
128.622 4294967295
128.739 4294967295
128.739 4294967295
128.856 4294967295
128.856 4294967295
128.973 4294967295
128.973 4294967295
129.091 4294967295
129.091 4294967295
129.208 4294967295
129.208 4294967295
129.325 4294967295
129.325 4294967295
129.442 4294967295
129.442 4294967295
129.559 4294967295
129.559 4294967295
129.676 4294967295
129.676 4294967295
129.793 4294967295
129.793 4294967295
129.91 4294967295
129.91 4294967295
130.027 4294967295
130.027 4294967295
130.144 4294967295
130.144 4294967295
130.261 4294967295
130.261 4294967295
130.378 4294967295
130.378 4294967295
130.495 4294967295
130.495 4294967295
130.612 4294967295
130.612 4294967295
130.729 4294967295
130.729 4294967295
130.846 4294967295
130.846 4294967295
130.963 4294967295
130.963 4294967295
131.08 4294967295
131.08 4294967295
131.197 4294967295
131.197 4294967295
131.314 4294967295
131.314 4294967295
131.431 4294967295
131.431 4294967295
131.548 4294967295
131.548 4294967295
131.665 4294967295
131.665 4294967295
131.782 4294967295
131.782 4294967295
131.899 4294967295
131.899 4294967295
132.016 4294967295
132.016 4294967295
132.133 4294967295
132.133 4294967295
132.25 4294967295
132.25 4294967295
132.367 4294967295
132.367 4294967295
132.484 4294967295
132.484 4294967295
132.601 4294967295
132.601 4294967295
132.718 4294967295
132.718 4294967295
132.835 4294967295
132.835 4294967295
132.952 4294967295
132.952 4294967295
133.069 4294967295
133.069 4294967295
133.186 4294967295
133.186 4294967295
133.303 4294967295
133.303 4294967295
133.42 4294967295
133.42 4294967295
133.537 4294967295
133.537 4294967295
133.654 4294967295
133.654 4294967295
133.771 4294967295
133.771 4294967295
133.888 4294967295
133.888 4294967295
134.006 4294967295
134.006 4294967295
134.123 4294967295
134.123 4294967295
134.24 4294967295
134.24 4294967295
134.357 4294967295
134.357 4294967295
134.474 4294967295
134.474 4294967295
134.591 4294967295
134.591 4294967295
134.708 4294967295
134.708 4294967295
134.825 4294967295
134.825 4294967295
134.942 4294967295
134.942 4294967295
135.059 4294967295
135.059 4294967295
135.176 4294967295
135.176 4294967295
135.293 4294967295
135.293 4294967295
135.41 4294967295
135.41 4294967295
135.527 4294967295
135.527 4294967295
135.644 4294967295
135.644 4294967295
135.761 4294967295
135.761 4294967295
135.878 4294967295
135.878 4294967295
135.995 4294967295
135.995 4294967295
136.112 4294967295
136.112 4294967295
136.229 4294967295
136.229 4294967295
136.346 4294967295
136.346 4294967295
136.463 4294967295
136.463 4294967295
136.58 4294967295
136.58 4294967295
136.697 4294967295
136.697 4294967295
136.814 4294967295
136.814 4294967295
136.931 4294967295
136.931 4294967295
137.048 4294967295
137.048 4294967295
137.165 4294967295
137.165 4294967295
137.282 4294967295
137.282 4294967295
137.399 4294967295
137.399 4294967295
137.516 4294967295
137.516 4294967295
137.633 4294967295
137.633 4294967295
137.75 4294967295
137.75 4294967295
137.867 4294967295
137.867 4294967295
137.984 4294967295
137.984 4294967295
138.101 4294967295
138.101 4294967295
138.218 4294967295
138.218 4294967295
138.335 4294967295
138.335 4294967295
138.452 4294967295
138.452 4294967295
138.569 4294967295
138.569 4294967295
138.686 4294967295
138.686 4294967295
138.804 4294967295
138.804 4294967295
138.921 4294967295
138.921 4294967295
139.038 4294967295
139.038 4294967295
139.155 4294967295
139.155 4294967295
139.272 4294967295
139.272 4294967295
139.389 4294967295
139.389 4294967295
139.506 4294967295
139.506 4294967295
139.623 4294967295
139.623 4294967295
139.74 4294967295
139.74 4294967295
139.857 4294967295
139.857 4294967295
139.974 4294967295
139.974 4294967295
140.091 4294967295
140.091 4294967295
140.208 4294967295
140.208 4294967295
140.325 4294967295
140.325 4294967295
140.442 4294967295
140.442 4294967295
140.559 4294967295
140.559 4294967295
140.676 4294967295
140.676 4294967295
140.793 4294967295
140.793 4294967295
140.91 4294967295
140.91 4294967295
141.027 4294967295
141.027 4294967295
141.144 4294967295
141.144 4294967295
141.261 4294967295
141.261 4294967295
141.378 4294967295
141.378 4294967295
141.495 4294967295
141.495 4294967295
141.612 4294967295
141.612 4294967295
141.729 4294967295
141.729 4294967295
141.846 4294967295
141.846 4294967295
141.963 4294967295
141.963 4294967295
142.08 4294967295
142.08 4294967295
142.197 4294967295
142.197 4294967295
142.314 4294967295
142.314 4294967295
142.431 4294967295
142.431 4294967295
142.548 4294967295
142.548 4294967295
142.665 4294967295
142.665 4294967295
142.782 4294967295
142.782 4294967295
142.899 4294967295
142.899 4294967295
143.016 4294967295
143.016 4294967295
143.133 4294967295
143.133 4294967295
143.25 4294967295
143.25 4294967295
143.367 4294967295
143.367 4294967295
143.484 4294967295
143.484 4294967295
143.601 4294967295
143.601 4294967295
143.719 4294967295
143.719 4294967295
143.836 4294967295
143.836 4294967295
143.953 4294967295
143.953 4294967295
144.07 4294967295
144.07 4294967295
144.187 4294967295
144.187 4294967295
144.304 4294967295
144.304 4294967295
144.421 4294967295
144.421 4294967295
144.538 4294967295
144.538 4294967295
144.655 4294967295
144.655 4294967295
144.772 4294967295
144.772 4294967295
144.889 4294967295
144.889 4294967295
145.006 4294967295
145.006 4294967295
145.123 4294967295
145.123 4294967295
145.24 4294967295
145.24 4294967295
145.357 4294967295
145.357 4294967295
145.474 4294967295
145.474 4294967295
145.591 4294967295
145.591 4294967295
145.708 4294967295
145.708 4294967295
145.825 4294967295
145.825 4294967295
145.942 4294967295
145.942 4294967295
146.059 4294967295
146.059 4294967295
146.176 4294967295
146.176 4294967295
146.293 4294967295
146.293 4294967295
146.41 4294967295
146.41 4294967295
146.527 4294967295
146.527 4294967295
146.644 4294967295
146.644 4294967295
146.761 4294967295
146.761 4294967295
146.878 4294967295
146.878 4294967295
146.995 4294967295
146.995 4294967295
147.112 4294967295
147.112 4294967295
147.229 4294967295
147.229 4294967295
147.346 4294967295
147.346 4294967295
147.463 4294967295
147.463 4294967295
147.58 4294967295
147.58 4294967295
147.697 4294967295
147.697 4294967295
147.814 4294967295
147.814 4294967295
147.931 4294967295
147.931 4294967295
148.048 4294967295
148.048 4294967295
148.165 4294967295
148.165 4294967295
148.282 4294967295
148.282 4294967295
148.399 4294967295
148.399 4294967295
148.516 4294967295
148.516 4294967295
148.634 4294967295
148.634 4294967295
148.751 4294967295
148.751 4294967295
148.868 4294967295
148.868 4294967295
148.985 4294967295
148.985 4294967295
149.102 4294967295
149.102 4294967295
149.219 4294967295
149.219 4294967295
149.336 4294967295
149.336 4294967295
149.453 4294967295
149.453 4294967295
149.57 4294967295
149.57 4294967295
149.687 4294967295
149.687 4294967295
149.804 4294967295
149.804 4294967295
149.921 4294967295
149.921 4294967295
150.038 4294967295
150.038 4294967295
150.155 4294967295
150.155 4294967295
150.272 4294967295
150.272 4294967295
150.389 4294967295
150.389 4294967295
150.506 4294967295
150.506 4294967295
150.623 4294967295
150.623 4294967295
150.74 4294967295
150.74 4294967295
150.857 4294967295
150.857 4294967295
150.974 4294967295
150.974 4294967295
151.091 4294967295
151.091 4294967295
151.208 4294967295
151.208 4294967295
151.325 4294967295
151.325 4294967295
151.442 4294967295
151.442 4294967295
151.559 4294967295
151.559 4294967295
151.676 4294967295
151.676 4294967295
151.793 4294967295
151.793 4294967295
151.91 4294967295
151.91 4294967295
152.027 4294967295
152.027 4294967295
152.144 4294967295
152.144 4294967295
152.261 4294967295
152.261 4294967295
152.378 4294967295
152.378 4294967295
152.495 4294967295
152.495 4294967295
152.612 4294967295
152.612 4294967295
152.729 4294967295
152.729 4294967295
152.846 4294967295
152.846 4294967295
152.963 4294967295
152.963 4294967295
153.08 4294967295
153.08 4294967295
153.197 4294967295
153.197 4294967295
153.314 4294967295
153.314 4294967295
153.432 4294967295
153.432 4294967295
153.549 4294967295
153.549 4294967295
153.666 4294967295
153.666 4294967295
153.783 4294967295
153.783 4294967295
153.9 4294967295
153.9 4294967295
154.017 4294967295
154.017 4294967295
154.134 4294967295
154.134 4294967295
154.251 4294967295
154.251 4294967295
154.368 4294967295
154.368 4294967295
154.485 4294967295
154.485 4294967295
154.602 4294967295
154.602 4294967295
154.719 4294967295
154.719 4294967295
154.836 4294967295
154.836 4294967295
154.953 4294967295
154.953 4294967295
155.07 4294967295
155.07 4294967295
155.187 4294967295
155.187 4294967295
155.304 4294967295
155.304 4294967295
155.421 4294967295
155.421 4294967295
155.538 4294967295
155.538 4294967295
155.655 4294967295
155.655 4294967295
155.772 4294967295
155.772 4294967295
155.889 4294967295
155.889 4294967295
156.006 4294967295
156.006 4294967295
156.123 4294967295
156.123 4294967295
156.24 4294967295
156.24 4294967295
156.357 4294967295
156.357 4294967295
156.474 4294967295
156.474 4294967295
156.591 4294967295
156.591 4294967295
156.708 4294967295
156.708 4294967295
156.825 4294967295
156.825 4294967295
156.942 4294967295
156.942 4294967295
157.059 4294967295
157.059 4294967295
157.176 4294967295
157.176 4294967295
157.293 4294967295
157.293 4294967295
157.41 4294967295
157.41 4294967295
157.527 4294967295
157.527 4294967295
157.644 4294967295
157.644 4294967295
157.761 4294967295
157.761 4294967295
157.878 4294967295
157.878 4294967295
157.995 4294967295
157.995 4294967295
158.112 4294967295
158.112 4294967295
158.229 4294967295
158.229 4294967295
158.347 4294967295
158.347 4294967295
158.464 4294967295
158.464 4294967295
158.581 4294967295
158.581 4294967295
158.698 4294967295
158.698 4294967295
158.815 4294967295
158.815 4294967295
158.932 4294967295
158.932 4294967295
159.049 4294967295
159.049 4294967295
159.166 4294967295
159.166 4294967295
159.283 4294967295
159.283 4294967295
159.4 4294967295
159.4 4294967295
159.517 4294967295
159.517 4294967295
159.634 4294967295
159.634 4294967295
159.751 4294967295
159.751 4294967295
159.868 4294967295
159.868 4294967295
159.985 4294967295
159.985 4294967295
160.102 4294967295
160.102 4294967295
160.219 4294967295
160.219 4294967295
160.336 4294967295
160.336 4294967295
160.453 4294967295
160.453 4294967295
160.57 4294967295
160.57 4294967295
160.687 4294967295
160.687 4294967295
160.804 4294967295
160.804 4294967295
160.921 4294967295
160.921 4294967295
161.038 4294967295
161.038 4294967295
161.155 4294967295
161.155 4294967295
161.272 4294967295
161.272 4294967295
161.389 4294967295
161.389 4294967295
161.506 4294967295
161.506 4294967295
161.623 4294967295
161.623 4294967295
161.74 4294967295
161.74 4294967295
161.857 4294967295
161.857 4294967295
161.974 4294967295
161.974 4294967295
162.091 4294967295
162.091 4294967295
162.208 4294967295
162.208 4294967295
162.325 4294967295
162.325 4294967295
162.442 4294967295
162.442 4294967295
162.559 4294967295
162.559 4294967295
162.676 4294967295
162.676 4294967295
162.793 4294967295
162.793 4294967295
162.91 4294967295
162.91 4294967295
163.027 4294967295
163.027 4294967295
163.144 4294967295
163.144 4294967295
163.262 4294967295
163.262 4294967295
163.379 4294967295
163.379 4294967295
163.496 4294967295
163.496 4294967295
163.613 4294967295
163.613 4294967295
163.73 4294967295
163.73 4294967295
163.847 4294967295
163.847 4294967295
163.964 4294967295
163.964 4294967295
164.081 4294967295
164.081 4294967295
164.198 4294967295
164.198 4294967295
164.315 4294967295
164.315 4294967295
164.432 4294967295
164.432 4294967295
164.549 4294967295
164.549 4294967295
164.666 4294967295
164.666 4294967295
164.783 4294967295
164.783 4294967295
164.9 4294967295
164.9 4294967295
165.017 4294967295
165.017 4294967295
165.134 4294967295
165.134 4294967295
165.251 4294967295
165.251 4294967295
165.368 4294967295
165.368 4294967295
165.485 4294967295
165.485 4294967295
165.602 4294967295
165.602 4294967295
165.719 4294967295
165.719 4294967295
165.836 4294967295
165.836 4294967295
165.953 4294967295
165.953 4294967295
166.07 4294967295
166.07 4294967295
166.187 4294967295
166.187 4294967295
166.304 4294967295
166.304 4294967295
166.421 4294967295
166.421 4294967295
166.538 4294967295
166.538 4294967295
166.655 4294967295
166.655 4294967295
166.772 4294967295
166.772 4294967295
166.889 4294967295
166.889 4294967295
167.006 4294967295
167.006 4294967295
167.123 4294967295
167.123 4294967295
167.24 4294967295
167.24 4294967295
167.357 4294967295
167.357 4294967295
167.474 4294967295
167.474 4294967295
167.591 4294967295
167.591 4294967295
167.708 4294967295
167.708 4294967295
167.825 4294967295
167.825 4294967295
167.942 4294967295
167.942 4294967295
168.06 4294967295
168.06 4294967295
168.177 4294967295
168.177 4294967295
168.294 4294967295
168.294 4294967295
168.411 4294967295
168.411 4294967295
168.528 4294967295
168.528 4294967295
168.645 4294967295
168.645 4294967295
168.762 4294967295
168.762 4294967295
168.879 4294967295
168.879 4294967295
168.996 4294967295
168.996 4294967295
169.113 4294967295
169.113 4294967295
169.23 4294967295
169.23 4294967295
169.347 4294967295
169.347 4294967295
169.464 4294967295
169.464 4294967295
169.581 4294967295
169.581 4294967295
169.698 4294967295
169.698 4294967295
169.815 4294967295
169.815 4294967295
169.932 4294967295
169.932 4294967295
170.049 4294967295
170.049 4294967295
170.166 4294967295
170.166 4294967295
170.283 4294967295
170.283 4294967295
170.4 4294967295
170.4 4294967295
170.517 4294967295
170.517 4294967295
170.634 4294967295
170.634 4294967295
170.751 4294967295
170.751 4294967295
170.868 4294967295
170.868 4294967295
170.985 4294967295
170.985 4294967295
171.102 4294967295
171.102 4294967295
171.219 4294967295
171.219 4294967295
171.336 4294967295
171.336 4294967295
171.453 4294967295
171.453 4294967295
171.57 4294967295
171.57 4294967295
171.687 4294967295
171.687 4294967295
171.804 4294967295
171.804 4294967295
171.921 4294967295
171.921 4294967295
172.038 4294967295
172.038 4294967295
172.155 4294967295
172.155 4294967295
172.272 4294967295
172.272 4294967295
172.389 4294967295
172.389 4294967295
172.506 4294967295
172.506 4294967295
172.623 4294967295
172.623 4294967295
172.74 4294967295
172.74 4294967295
172.857 4294967295
172.857 4294967295
172.975 4294967295
172.975 4294967295
173.092 4294967295
173.092 4294967295
173.209 4294967295
173.209 4294967295
173.326 4294967295
173.326 4294967295
173.443 4294967295
173.443 4294967295
173.56 4294967295
173.56 4294967295
173.677 4294967295
173.677 4294967295
173.794 4294967295
173.794 4294967295
173.911 4294967295
173.911 4294967295
174.028 4294967295
174.028 4294967295
174.145 4294967295
174.145 4294967295
174.262 4294967295
174.262 4294967295
174.379 4294967295
174.379 4294967295
174.496 4294967295
174.496 4294967295
174.613 4294967295
174.613 4294967295
174.73 4294967295
174.73 4294967295
174.847 4294967295
174.847 4294967295
174.964 4294967295
174.964 4294967295
175.081 4294967295
175.081 4294967295
175.198 4294967295
175.198 4294967295
175.315 4294967295
175.315 4294967295
175.432 4294967295
175.432 4294967295
175.549 4294967295
175.549 4294967295
175.666 4294967295
175.666 4294967295
175.783 4294967295
175.783 4294967295
175.9 4294967295
175.9 4294967295
176.017 4294967295
176.017 4294967295
176.134 4294967295
176.134 4294967295
176.251 4294967295
176.251 4294967295
176.368 4294967295
176.368 4294967295
176.485 4294967295
176.485 4294967295
176.602 4294967295
176.602 4294967295
176.719 4294967295
176.719 4294967295
176.836 4294967295
176.836 4294967295
176.953 4294967295
176.953 4294967295
177.07 4294967295
177.07 4294967295
177.187 4294967295
177.187 4294967295
177.304 4294967295
177.304 4294967295
177.421 4294967295
177.421 4294967295
177.538 4294967295
177.538 4294967295
177.655 4294967295
177.655 4294967295
177.772 4294967295
177.772 4294967295
177.89 4294967295
177.89 4294967295
178.007 4294967295
178.007 4294967295
178.124 4294967295
178.124 4294967295
178.241 4294967295
178.241 4294967295
178.358 4294967295
178.358 4294967295
178.475 4294967295
178.475 4294967295
178.592 4294967295
178.592 4294967295
178.709 4294967295
178.709 4294967295
178.826 4294967295
178.826 4294967295
178.943 4294967295
178.943 4294967295
179.06 4294967295
179.06 4294967295
179.177 4294967295
179.177 4294967295
179.294 4294967295
179.294 4294967295
179.411 4294967295
179.411 4294967295
179.528 4294967295
179.528 4294967295
179.645 4294967295
179.645 4294967295
179.762 4294967295
179.762 4294967295
179.879 4294967295
179.879 4294967295
179.996 4294967295
179.996 4294967295
180.113 4294967295
180.113 4294967295
180.23 4294967295
180.23 4294967295
180.347 4294967295
180.347 4294967295
180.464 4294967295
180.464 4294967295
180.581 4294967295
180.581 4294967295
180.698 4294967295
180.698 4294967295
180.815 4294967295
180.815 4294967295
180.932 4294967295
180.932 4294967295
181.049 4294967295
181.049 4294967295
181.166 4294967295
181.166 4294967295
181.283 4294967295
181.283 4294967295
181.4 4294967295
181.4 4294967295
181.517 4294967295
181.517 4294967295
181.634 4294967295
181.634 4294967295
181.751 4294967295
181.751 4294967295
181.868 4294967295
181.868 4294967295
181.985 4294967295
181.985 4294967295
182.102 4294967295
182.102 4294967295
182.219 4294967295
182.219 4294967295
182.336 4294967295
182.336 4294967295
182.453 4294967295
182.453 4294967295
182.57 4294967295
182.57 4294967295
182.688 4294967295
182.688 4294967295
182.805 4294967295
182.805 4294967295
182.922 4294967295
182.922 4294967295
183.039 4294967295
183.039 4294967295
183.156 4294967295
183.156 4294967295
183.273 4294967295
183.273 4294967295
183.39 4294967295
183.39 4294967295
183.507 4294967295
183.507 4294967295
183.624 4294967295
183.624 4294967295
183.741 4294967295
183.741 4294967295
183.858 4294967295
183.858 4294967295
183.975 4294967295
183.975 4294967295
184.092 4294967295
184.092 4294967295
184.209 4294967295
184.209 4294967295
184.326 4294967295
184.326 4294967295
184.443 4294967295
184.443 4294967295
184.56 4294967295
184.56 4294967295
184.677 4294967295
184.677 4294967295
184.794 4294967295
184.794 4294967295
184.911 4294967295
184.911 4294967295
185.028 4294967295
185.028 4294967295
185.145 4294967295
185.145 4294967295
185.262 4294967295
185.262 4294967295
185.379 4294967295
185.379 4294967295
185.496 4294967295
185.496 4294967295
185.613 4294967295
185.613 4294967295
185.73 4294967295
185.73 4294967295
185.847 4294967295
185.847 4294967295
185.964 4294967295
185.964 4294967295
186.081 4294967295
186.081 4294967295
186.198 4294967295
186.198 4294967295
186.315 4294967295
186.315 4294967295
186.432 4294967295
186.432 4294967295
186.549 4294967295
186.549 4294967295
186.666 4294967295
186.666 4294967295
186.783 4294967295
186.783 4294967295
186.9 4294967295
186.9 4294967295
187.017 4294967295
187.017 4294967295
187.134 4294967295
187.134 4294967295
187.251 4294967295
187.251 4294967295
187.368 4294967295
187.368 4294967295
187.485 4294967295
187.485 4294967295
187.603 4294967295
187.603 4294967295
187.72 4294967295
187.72 4294967295
187.837 4294967295
187.837 4294967295
187.954 4294967295
187.954 4294967295
188.071 4294967295
188.071 4294967295
188.188 4294967295
188.188 4294967295
188.305 4294967295
188.305 4294967295
188.422 4294967295
188.422 4294967295
188.539 4294967295
188.539 4294967295
188.656 4294967295
188.656 4294967295
188.773 4294967295
188.773 4294967295
188.89 4294967295
188.89 4294967295
189.007 4294967295
189.007 4294967295
189.124 4294967295
189.124 4294967295
189.241 4294967295
189.241 4294967295
189.358 4294967295
189.358 4294967295
189.475 4294967295
189.475 4294967295
189.592 4294967295
189.592 4294967295
189.709 4294967295
189.709 4294967295
189.826 4294967295
189.826 4294967295
189.943 4294967295
189.943 4294967295
190.06 4294967295
190.06 4294967295
190.177 4294967295
190.177 4294967295
190.294 4294967295
190.294 4294967295
190.411 4294967295
190.411 4294967295
190.528 4294967295
190.528 4294967295
190.645 4294967295
190.645 4294967295
190.762 4294967295
190.762 4294967295
190.879 4294967295
190.879 4294967295
190.996 4294967295
190.996 4294967295
191.113 4294967295
191.113 4294967295
191.23 4294967295
191.23 4294967295
191.347 4294967295
191.347 4294967295
191.464 4294967295
191.464 4294967295
191.581 4294967295
191.581 4294967295
191.698 4294967295
191.698 4294967295
191.815 4294967295
191.815 4294967295
191.932 4294967295
191.932 4294967295
192.049 4294967295
192.049 4294967295
192.166 4294967295
192.166 4294967295
192.283 4294967295
192.283 4294967295
192.4 4294967295
192.4 4294967295
192.518 4294967295
192.518 4294967295
192.635 4294967295
192.635 4294967295
192.752 4294967295
192.752 4294967295
192.869 4294967295
192.869 4294967295
192.986 4294967295
192.986 4294967295
193.103 4294967295
193.103 4294967295
193.22 4294967295
193.22 4294967295
193.337 4294967295
193.337 4294967295
193.454 4294967295
193.454 4294967295
193.571 4294967295
193.571 4294967295
193.688 4294967295
193.688 4294967295
193.805 4294967295
193.805 4294967295
193.922 4294967295
193.922 4294967295
194.039 4294967295
194.039 4294967295
194.156 4294967295
194.156 4294967295
194.273 4294967295
194.273 4294967295
194.39 4294967295
194.39 4294967295
194.507 4294967295
194.507 4294967295
194.624 4294967295
194.624 4294967295
194.741 4294967295
194.741 4294967295
194.858 4294967295
194.858 4294967295
194.975 4294967295
194.975 4294967295
195.092 4294967295
195.092 4294967295
195.209 4294967295
195.209 4294967295
195.326 4294967295
195.326 4294967295
195.443 4294967295
195.443 4294967295
195.56 4294967295
195.56 4294967295
195.677 4294967295
195.677 4294967295
195.794 4294967295
195.794 4294967295
195.911 4294967295
195.911 4294967295
196.028 4294967295
196.028 4294967295
196.145 4294967295
196.145 4294967295
196.262 4294967295
196.262 4294967295
196.379 4294967295
196.379 4294967295
196.496 4294967295
196.496 4294967295
196.613 4294967295
196.613 4294967295
196.73 4294967295
196.73 4294967295
196.847 4294967295
196.847 4294967295
196.964 4294967295
196.964 4294967295
197.081 4294967295
197.081 4294967295
197.198 4294967295
197.198 4294967295
197.316 4294967295
197.316 4294967295
197.433 4294967295
197.433 4294967295
197.55 4294967295
197.55 4294967295
197.667 4294967295
197.667 4294967295
197.784 4294967295
197.784 4294967295
197.901 4294967295
197.901 4294967295
198.018 4294967295
198.018 4294967295
198.135 4294967295
198.135 4294967295
198.252 4294967295
198.252 4294967295
198.369 4294967295
198.369 4294967295
198.486 4294967295
198.486 4294967295
198.603 4294967295
198.603 4294967295
198.72 4294967295
198.72 4294967295
198.837 4294967295
198.837 4294967295
198.954 4294967295
198.954 4294967295
199.071 4294967295
199.071 4294967295
199.156 4294967295
199.156 4294967295
199.24 4294967295
199.24 4294967295
199.325 4294967295
199.325 4294967295
199.41 4294967295
199.41 4294967295
199.494 4294967295
199.494 4294967295
199.579 4294967295
199.579 4294967295
199.664 4294967295
199.664 4294967295
199.748 4294967295
199.748 4294967295
199.833 4294967295
199.833 4294967295
199.918 4294967295
199.918 4294967295
200.003 4294967295
200.003 4294967295
200.09 4294967295
200.09 4294967295
200.178 4294967295
200.178 4294967295
200.262 4294967295
200.262 4294967295
200.347 4294967295
200.347 4294967295
200.432 4294967295
200.432 4294967295
200.517 4294967295
200.517 4294967295
200.601 4294967295
200.601 4294967295
200.686 4294967295
200.686 4294967295
200.771 4294967295
200.771 4294967295
200.855 4294967295
200.855 4294967295
200.94 4294967295
200.94 4294967295
