0.0 0
0.214139 4294967295
0.418851 4294967295
0.432958 4294967295
0.447075 4294967295
0.461193 4294967295
0.475311 4294967295
10.4492 4294967295
10.4633 4294967295
10.4633 4294967295
10.4774 4294967295
10.4774 4294967295
10.4915 4294967295
10.4915 4294967295
10.5057 4294967295
10.5057 4294967295
10.5198 4294967295
10.5198 4294967295
10.5339 4294967295
10.5339 4294967295
10.548 4294967295
10.548 4294967295
10.5621 4294967295
10.5621 4294967295
10.7668 4294967295
10.7668 4294967295
10.9715 4294967295
10.9715 4294967295
11.1762 4294967295
11.1762 4294967295
11.3809 4294967295
11.3809 4294967295
11.5856 4294967295
11.5856 4294967295
11.7903 4294967295
11.7903 4294967295
11.995 4294967295
11.995 4294967295
12.1997 4294967295
12.1997 4294967295
12.4044 4294967295
12.4044 4294967295
12.6091 4294967295
12.6091 4294967295
12.8138 4294967295
12.8138 4294967295
13.0185 4294967295
13.0185 4294967295
13.2232 4294967295
13.2232 4294967295
13.4279 4294967295
13.4279 4294967295
13.6326 4294967295
13.6326 4294967295
13.8373 4294967295
13.8373 4294967295
14.042 4294967295
14.042 4294967295
14.2467 4294967295
14.2467 4294967295
14.4514 4294967295
14.4514 4294967295
14.6561 4294967295
14.6561 4294967295
14.8608 4294967295
14.8608 4294967295
15.0655 4294967295
15.0655 4294967295
15.2702 4294967295
15.2702 4294967295
15.475 4294967295
15.475 4294967295
15.6797 4294967295
15.6797 4294967295
15.8844 4294967295
15.8844 4294967295
16.0891 4294967295
16.0891 4294967295
16.2938 4294967295
16.2938 4294967295
16.4985 4294967295
16.4985 4294967295
16.7032 4294967295
16.7032 4294967295
16.9079 4294967295
16.9079 4294967295
17.1126 4294967295
17.1126 4294967295
17.3173 4294967295
17.3173 4294967295
17.522 4294967295
17.522 4294967295
17.7267 4294967295
17.7267 4294967295
17.9314 4294967295
17.9314 4294967295
18.1361 4294967295
18.1361 4294967295
18.3408 4294967295
18.3408 4294967295
18.5455 4294967295
18.5455 4294967295
18.7502 4294967295
18.7502 4294967295
18.9549 4294967295
18.9549 4294967295
19.1596 4294967295
19.1596 4294967295
19.3643 4294967295
19.3643 4294967295
19.569 4294967295
19.569 4294967295
19.7737 4294967295
19.7737 4294967295
19.9784 4294967295
19.9784 4294967295
20.1831 4294967295
20.1831 4294967295
20.3878 4294967295
20.3878 4294967295
20.5925 4294967295
20.5925 4294967295
20.7972 4294967295
20.7972 4294967295
21.0019 4294967295
21.0019 4294967295
21.2066 4294967295
21.2066 4294967295
21.4113 4294967295
21.4113 4294967295
21.6162 4294967295
21.6162 4294967295
21.8209 4294967295
21.8209 4294967295
22.0256 4294967295
22.0256 4294967295
22.2303 4294967295
22.2303 4294967295
22.435 4294967295
22.435 4294967295
22.6398 4294967295
22.6398 4294967295
22.8445 4294967295
22.8445 4294967295
23.0492 4294967295
23.0492 4294967295
23.2539 4294967295
23.2539 4294967295
23.4586 4294967295
23.4586 4294967295
23.6633 4294967295
23.6633 4294967295
23.868 4294967295
23.868 4294967295
24.0727 4294967295
24.0727 4294967295
24.2774 4294967295
24.2774 4294967295
24.4821 4294967295
24.4821 4294967295
24.6868 4294967295
24.6868 4294967295
24.8915 4294967295
24.8915 4294967295
25.0962 4294967295
25.0962 4294967295
25.3009 4294967295
25.3009 4294967295
25.5056 4294967295
25.5056 4294967295
25.7103 4294967295
25.7103 4294967295
25.915 4294967295
25.915 4294967295
26.1197 4294967295
26.1197 4294967295
26.3244 4294967295
26.3244 4294967295
26.5291 4294967295
26.5291 4294967295
26.7338 4294967295
26.7338 4294967295
26.9386 4294967295
26.9386 4294967295
27.1433 4294967295
27.1433 4294967295
27.348 4294967295
27.348 4294967295
27.5527 4294967295
27.5527 4294967295
27.7574 4294967295
27.7574 4294967295
27.9621 4294967295
27.9621 4294967295
28.1668 4294967295
28.1668 4294967295
28.3715 4294967295
28.3715 4294967295
28.5762 4294967295
28.5762 4294967295
28.7809 4294967295
28.7809 4294967295
28.9856 4294967295
28.9856 4294967295
29.1903 4294967295
29.1903 4294967295
29.395 4294967295
29.395 4294967295
29.5997 4294967295
29.5997 4294967295
29.8044 4294967295
29.8044 4294967295
30.0091 4294967295
30.0091 4294967295
30.2138 4294967295
30.2138 4294967295
30.4185 4294967295
30.4185 4294967295
30.6232 4294967295
30.6232 4294967295
30.8279 4294967295
30.8279 4294967295
31.0326 4294967295
31.0326 4294967295
31.2373 4294967295
31.2373 4294967295
31.442 4294967295
31.442 4294967295
31.6467 4294967295
31.6467 4294967295
31.8514 4294967295
31.8514 4294967295
32.0561 4294967295
32.0561 4294967295
32.2608 4294967295
32.2608 4294967295
32.4655 4294967295
32.4655 4294967295
32.6702 4294967295
32.6702 4294967295
32.8749 4294967295
32.8749 4294967295
33.0796 4294967295
33.0796 4294967295
33.2843 4294967295
33.2843 4294967295
33.489 4294967295
33.489 4294967295
33.6937 4294967295
33.6937 4294967295
33.8984 4294967295
33.8984 4294967295
34.1031 4294967295
34.1031 4294967295
34.3078 4294967295
34.3078 4294967295
34.5125 4294967295
34.5125 4294967295
34.7172 4294967295
34.7172 4294967295
34.9219 4294967295
34.9219 4294967295
35.1266 4294967295
35.1266 4294967295
35.3313 4294967295
35.3313 4294967295
35.536 4294967295
35.536 4294967295
35.7407 4294967295
35.7407 4294967295
35.9454 4294967295
35.9454 4294967295
36.1501 4294967295
36.1501 4294967295
36.3548 4294967295
36.3548 4294967295
36.5595 4294967295
36.5595 4294967295
36.7642 4294967295
36.7642 4294967295
36.9689 4294967295
36.9689 4294967295
37.1736 4294967295
37.1736 4294967295
37.3783 4294967295
37.3783 4294967295
37.583 4294967295
37.583 4294967295
37.7877 4294967295
37.7877 4294967295
37.9924 4294967295
37.9924 4294967295
38.1971 4294967295
38.1971 4294967295
38.4018 4294967295
38.4018 4294967295
38.6065 4294967295
38.6065 4294967295
38.8112 4294967295
38.8112 4294967295
39.0159 4294967295
39.0159 4294967295
39.2206 4294967295
39.2206 4294967295
39.4253 4294967295
39.4253 4294967295
39.63 4294967295
39.63 4294967295
39.8347 4294967295
39.8347 4294967295
40.0394 4294967295
40.0394 4294967295
40.2441 4294967295
40.2441 4294967295
40.4488 4294967295
40.4488 4294967295
40.6538 4294967295
40.6538 4294967295
40.8588 4294967295
40.8588 4294967295
41.0638 4294967295
41.0638 4294967295
41.2685 4294967295
41.2685 4294967295
41.4736 4294967295
41.4736 4294967295
41.6808 4294967295
41.6808 4294967295
41.7125 4294967295
41.7125 4294967295
41.9461 4294967295
41.9461 4294967295
42.1533 4294967295
42.1533 4294967295
42.1865 4294967295
42.1865 4294967295
42.4201 4294967295
42.4201 4294967295
42.6269 4294967295
42.6269 4294967295
42.6491 4294967295
42.6491 4294967295
42.8721 4294967295
42.8721 4294967295
43.0802 4294967295
43.0802 4294967295
43.1083 4294967295
43.1083 4294967295
43.3415 4294967295
43.3415 4294967295
43.5487 4294967295
43.5487 4294967295
43.5768 4294967295
43.5768 4294967295
43.8019 4294967295
43.8019 4294967295
44.0096 4294967295
44.0096 4294967295
44.0385 4294967295
44.0385 4294967295
44.2705 4294967295
44.2705 4294967295
44.4777 4294967295
44.4777 4294967295
44.5104 4294967295
44.5104 4294967295
44.7436 4294967295
44.7436 4294967295
44.9509 4294967295
44.9509 4294967295
44.9841 4294967295
44.9841 4294967295
45.2134 4294967295
45.2134 4294967295
45.4202 4294967295
45.4202 4294967295
45.4458 4294967295
45.4458 4294967295
45.6752 4294967295
45.6752 4294967295
45.8824 4294967295
45.8824 4294967295
45.9139 4294967295
45.9139 4294967295
46.1467 4294967295
46.1467 4294967295
46.3539 4294967295
46.3539 4294967295
46.3871 4294967295
46.3871 4294967295
46.6207 4294967295
46.6207 4294967295
46.8275 4294967295
46.8275 4294967295
46.8573 4294967295
46.8573 4294967295
47.0824 4294967295
47.0824 4294967295
47.2896 4294967295
47.2896 4294967295
47.319 4294967295
47.319 4294967295
47.5509 4294967295
47.5509 4294967295
47.7582 4294967295
47.7582 4294967295
47.7909 4294967295
47.7909 4294967295
48.0241 4294967295
48.0241 4294967295
48.2313 4294967295
48.2313 4294967295
48.2645 4294967295
48.2645 4294967295
48.4948 4294967295
48.4948 4294967295
48.7016 4294967295
48.7016 4294967295
48.7267 4294967295
48.7267 4294967295
48.9561 4294967295
48.9561 4294967295
49.1633 4294967295
49.1633 4294967295
49.1948 4294967295
49.1948 4294967295
49.4276 4294967295
49.4276 4294967295
49.6348 4294967295
49.6348 4294967295
49.668 4294967295
49.668 4294967295
49.9012 4294967295
49.9012 4294967295
50.1084 4294967295
50.1084 4294967295
50.1386 4294967295
50.1386 4294967295
50.3633 4294967295
50.3633 4294967295
50.5705 4294967295
50.5705 4294967295
50.5999 4294967295
50.5999 4294967295
50.8051 4294967295
50.8051 4294967295
51.0123 4294967295
51.0123 4294967295
51.0262 4294967295
51.0262 4294967295
51.2501 4294967295
51.2501 4294967295
51.4553 4294967295
51.4553 4294967295
51.6617 4294967295
51.6617 4294967295
51.8693 4294967295
51.8693 4294967295
51.8847 4294967295
51.8847 4294967295
52.1107 4294967295
52.1107 4294967295
52.3179 4294967295
52.3179 4294967295
52.3511 4294967295
52.3511 4294967295
52.575 4294967295
52.575 4294967295
52.7822 4294967295
52.7822 4294967295
52.8116 4294967295
52.8116 4294967295
53.0448 4294967295
53.0448 4294967295
53.2516 4294967295
53.2516 4294967295
53.2848 4294967295
53.2848 4294967295
53.5184 4294967295
53.5184 4294967295
53.7252 4294967295
53.7252 4294967295
53.7584 4294967295
53.7584 4294967295
53.992 4294967295
53.992 4294967295
54.1988 4294967295
54.1988 4294967295
54.2222 4294967295
54.2222 4294967295
54.4512 4294967295
54.4512 4294967295
54.6584 4294967295
54.6584 4294967295
54.6899 4294967295
54.6899 4294967295
54.9231 4294967295
54.9231 4294967295
55.1299 4294967295
55.1299 4294967295
55.1635 4294967295
55.1635 4294967295
55.3967 4294967295
55.3967 4294967295
55.6039 4294967295
55.6039 4294967295
55.6371 4294967295
55.6371 4294967295
55.8606 4294967295
55.8606 4294967295
56.0678 4294967295
56.0678 4294967295
56.0963 4294967295
56.0963 4294967295
56.3278 4294967295
56.3278 4294967295
56.5346 4294967295
56.5346 4294967295
56.5674 4294967295
56.5674 4294967295
56.8006 4294967295
56.8006 4294967295
57.0078 4294967295
57.0078 4294967295
57.041 4294967295
57.041 4294967295
57.2746 4294967295
57.2746 4294967295
57.4814 4294967295
57.4814 4294967295
57.5057 4294967295
57.5057 4294967295
57.7342 4294967295
57.7342 4294967295
57.941 4294967295
57.941 4294967295
57.9721 4294967295
57.9721 4294967295
58.2045 4294967295
58.2045 4294967295
58.4117 4294967295
58.4117 4294967295
58.4449 4294967295
58.4449 4294967295
58.6785 4294967295
58.6785 4294967295
58.8853 4294967295
58.8853 4294967295
58.9189 4294967295
58.9189 4294967295
59.1436 4294967295
59.1436 4294967295
59.3504 4294967295
59.3504 4294967295
59.3789 4294967295
59.3789 4294967295
59.61 4294967295
59.61 4294967295
59.8172 4294967295
59.8172 4294967295
59.85 4294967295
59.85 4294967295
60.0832 4294967295
60.0832 4294967295
60.2904 4294967295
60.2904 4294967295
60.3237 4294967295
60.3237 4294967295
60.5611 4294967295
60.5611 4294967295
60.7683 4294967295
60.7683 4294967295
60.8003 4294967295
60.8003 4294967295
61.0394 4294967295
61.0394 4294967295
61.247 4294967295
61.247 4294967295
61.2985 4294967295
61.2985 4294967295
61.5686 4294967295
61.5686 4294967295
61.7762 4294967295
61.7762 4294967295
61.8836 4294967295
61.8836 4294967295
62.2122 4294967295
62.2122 4294967295
62.4194 4294967295
62.4194 4294967295
62.5688 4294967295
62.5688 4294967295
62.9182 4294967295
62.9182 4294967295
63.1254 4294967295
63.1254 4294967295
63.2747 4294967295
63.2747 4294967295
63.6004 4294967295
63.6004 4294967295
63.8067 4294967295
63.8067 4294967295
63.9493 4294967295
63.9493 4294967295
64.2987 4294967295
64.2987 4294967295
64.5059 4294967295
64.5059 4294967295
64.6464 4294967295
64.6464 4294967295
64.9958 4294967295
64.9958 4294967295
65.203 4294967295
65.203 4294967295
65.3519 4294967295
65.3519 4294967295
65.697 4294967295
65.697 4294967295
65.9043 4294967295
65.9043 4294967295
66.0532 4294967295
66.0532 4294967295
66.3975 4294967295
66.3975 4294967295
66.6047 4294967295
66.6047 4294967295
66.7503 4294967295
66.7503 4294967295
67.0992 4294967295
67.0992 4294967295
67.306 4294967295
67.306 4294967295
67.4554 4294967295
67.4554 4294967295
67.8026 4294967295
67.8026 4294967295
68.0098 4294967295
68.0098 4294967295
68.1486 4294967295
68.1486 4294967295
68.4916 4294967295
68.4916 4294967295
68.6984 4294967295
68.6984 4294967295
68.8465 4294967295
68.8465 4294967295
69.1891 4294967295
69.1891 4294967295
69.3963 4294967295
69.3963 4294967295
69.5444 4294967295
69.5444 4294967295
69.8908 4294967295
69.8908 4294967295
70.0972 4294967295
70.0972 4294967295
70.2351 4294967295
70.2351 4294967295
70.5777 4294967295
70.5777 4294967295
70.7858 4294967295
70.7858 4294967295
70.905 4294967295
70.905 4294967295
71.2006 4294967295
71.2006 4294967295
71.4078 4294967295
71.4078 4294967295
71.5071 4294967295
71.5071 4294967295
71.8128 4294967295
71.8128 4294967295
72.0205 4294967295
72.0205 4294967295
72.1406 4294967295
72.1406 4294967295
72.4158 4294967295
72.4158 4294967295
72.6225 4294967295
72.6225 4294967295
72.6854 4294967295
72.6854 4294967295
72.9636 4294967295
72.9636 4294967295
73.172 4294967295
73.172 4294967295
73.268 4294967295
73.268 4294967295
73.5673 4294967295
73.5673 4294967295
73.775 4294967295
73.775 4294967295
73.8879 4294967295
73.8879 4294967295
74.2161 4294967295
74.2161 4294967295
74.4241 4294967295
74.4241 4294967295
74.5646 4294967295
74.5646 4294967295
74.9135 4294967295
74.9135 4294967295
75.1212 4294967295
75.1212 4294967295
75.2705 4294967295
75.2705 4294967295
75.608 4294967295
75.608 4294967295
75.8157 4294967295
75.8157 4294967295
75.9634 4294967295
75.9634 4294967295
76.3132 4294967295
76.3132 4294967295
76.5199 4294967295
76.5199 4294967295
76.6697 4294967295
76.6697 4294967295
77.0195 4294967295
77.0195 4294967295
77.2263 4294967295
77.2263 4294967295
77.3761 4294967295
77.3761 4294967295
77.7119 4294967295
77.7119 4294967295
77.9191 4294967295
77.9191 4294967295
78.0634 4294967295
78.0634 4294967295
78.4128 4294967295
78.4128 4294967295
78.6196 4294967295
78.6196 4294967295
78.7673 4294967295
78.7673 4294967295
79.112 4294967295
79.112 4294967295
79.3196 4294967295
79.3196 4294967295
79.4686 4294967295
79.4686 4294967295
79.801 4294967295
79.801 4294967295
80.0086 4294967295
80.0086 4294967295
80.1453 4294967295
80.1453 4294967295
80.4866 4294967295
80.4866 4294967295
80.6942 4294967295
80.6942 4294967295
80.8381 4294967295
80.8381 4294967295
81.1798 4294967295
81.1798 4294967295
81.3875 4294967295
81.3875 4294967295
81.536 4294967295
81.536 4294967295
81.8693 4294967295
81.8693 4294967295
82.0765 4294967295
82.0765 4294967295
82.214 4294967295
82.214 4294967295
82.557 4294967295
82.557 4294967295
82.7642 4294967295
82.7642 4294967295
82.911 4294967295
82.911 4294967295
83.1764 4294967295
83.1764 4294967295
83.3837 4294967295
83.3837 4294967295
83.4546 4294967295
83.4546 4294967295
83.7344 4294967295
83.7344 4294967295
83.9421 4294967295
83.9421 4294967295
84.0376 4294967295
84.0376 4294967295
84.3408 4294967295
84.3408 4294967295
84.548 4294967295
84.548 4294967295
84.6664 4294967295
84.6664 4294967295
85.0069 4294967295
85.0069 4294967295
85.2141 4294967295
85.2141 4294967295
85.3562 4294967295
85.3562 4294967295
85.7056 4294967295
85.7056 4294967295
85.9128 4294967295
85.9128 4294967295
86.0626 4294967295
86.0626 4294967295
86.4103 4294967295
86.4103 4294967295
86.6171 4294967295
86.6171 4294967295
86.7665 4294967295
86.7665 4294967295
87.1146 4294967295
87.1146 4294967295
87.3213 4294967295
87.3213 4294967295
87.4665 4294967295
87.4665 4294967295
87.8159 4294967295
87.8159 4294967295
88.0231 4294967295
88.0231 4294967295
88.1724 4294967295
88.1724 4294967295
88.5184 4294967295
88.5184 4294967295
88.7252 4294967295
88.7252 4294967295
88.8725 4294967295
88.8725 4294967295
89.221 4294967295
89.221 4294967295
89.4278 4294967295
89.4278 4294967295
89.5704 4294967295
89.5704 4294967295
89.9164 4294967295
89.9164 4294967295
90.1244 4294967295
90.1244 4294967295
90.2649 4294967295
90.2649 4294967295
90.6087 4294967295
90.6087 4294967295
90.8155 4294967295
90.8155 4294967295
90.959 4294967295
90.959 4294967295
91.3079 4294967295
91.3079 4294967295
91.5151 4294967295
91.5151 4294967295
91.6577 4294967295
91.6577 4294967295
92.0058 4294967295
92.0058 4294967295
92.2135 4294967295
92.2135 4294967295
92.3548 4294967295
92.3548 4294967295
92.7003 4294967295
92.7003 4294967295
92.9075 4294967295
92.9075 4294967295
93.0506 4294967295
93.0506 4294967295
93.3995 4294967295
93.3995 4294967295
93.6071 4294967295
93.6071 4294967295
93.6751 4294967295
93.6751 4294967295
93.9363 4294967295
93.9363 4294967295
94.1439 4294967295
94.1439 4294967295
94.2094 4294967295
94.2094 4294967295
94.4803 4294967295
94.4803 4294967295
94.6875 4294967295
94.6875 4294967295
94.7635 4294967295
94.7635 4294967295
95.0468 4294967295
95.0468 4294967295
95.2548 4294967295
95.2548 4294967295
95.3499 4294967295
95.3499 4294967295
95.6569 4294967295
95.6569 4294967295
95.8645 4294967295
95.8645 4294967295
95.9812 4294967295
95.9812 4294967295
96.32 4294967295
96.32 4294967295
96.5281 4294967295
96.5281 4294967295
96.6766 4294967295
96.6766 4294967295
97.026 4294967295
97.026 4294967295
97.2332 4294967295
97.2332 4294967295
97.3826 4294967295
97.3826 4294967295
97.7298 4294967295
97.7298 4294967295
97.9375 4294967295
97.9375 4294967295
98.0851 4294967295
98.0851 4294967295
98.4345 4294967295
98.4345 4294967295
98.6417 4294967295
98.6417 4294967295
98.7911 4294967295
98.7911 4294967295
99.1409 4294967295
99.1409 4294967295
99.3477 4294967295
99.3477 4294967295
99.4971 4294967295
99.4971 4294967295
99.8418 4294967295
99.8418 4294967295
100.049 4294967295
100.049 4294967295
100.188 4294967295
100.188 4294967295
100.472 4294967295
100.472 4294967295
100.677 4294967295
100.677 4294967295
100.882 4294967295
100.882 4294967295
101.087 4294967295
101.087 4294967295
101.292 4294967295
101.292 4294967295
101.497 4294967295
101.497 4294967295
101.702 4294967295
101.702 4294967295
101.907 4294967295
101.907 4294967295
102.111 4294967295
102.111 4294967295
102.319 4294967295
102.319 4294967295
102.329 4294967295
102.329 4294967295
102.557 4294967295
102.557 4294967295
102.765 4294967295
102.765 4294967295
102.783 4294967295
102.783 4294967295
103.007 4294967295
103.007 4294967295
103.214 4294967295
103.214 4294967295
103.242 4294967295
103.242 4294967295
103.471 4294967295
103.471 4294967295
103.677 4294967295
103.677 4294967295
103.707 4294967295
103.707 4294967295
103.937 4294967295
103.937 4294967295
104.144 4294967295
104.144 4294967295
104.177 4294967295
104.177 4294967295
104.4 4294967295
104.4 4294967295
104.608 4294967295
104.608 4294967295
104.635 4294967295
104.635 4294967295
104.866 4294967295
104.866 4294967295
105.074 4294967295
105.074 4294967295
105.106 4294967295
105.106 4294967295
105.339 4294967295
105.339 4294967295
105.546 4294967295
105.546 4294967295
105.58 4294967295
105.58 4294967295
105.813 4294967295
105.813 4294967295
106.02 4294967295
106.02 4294967295
106.044 4294967295
106.044 4294967295
106.272 4294967295
106.272 4294967295
106.48 4294967295
106.48 4294967295
106.511 4294967295
106.511 4294967295
106.744 4294967295
106.744 4294967295
106.951 4294967295
106.951 4294967295
106.984 4294967295
106.984 4294967295
107.217 4294967295
107.217 4294967295
107.424 4294967295
107.424 4294967295
107.458 4294967295
107.458 4294967295
107.683 4294967295
107.683 4294967295
107.889 4294967295
107.889 4294967295
107.918 4294967295
107.918 4294967295
108.149 4294967295
108.149 4294967295
108.356 4294967295
108.356 4294967295
108.389 4294967295
108.389 4294967295
108.622 4294967295
108.622 4294967295
108.829 4294967295
108.829 4294967295
108.862 4294967295
108.862 4294967295
109.095 4294967295
109.095 4294967295
109.303 4294967295
109.303 4294967295
109.328 4294967295
109.328 4294967295
109.556 4294967295
109.556 4294967295
109.763 4294967295
109.763 4294967295
109.794 4294967295
109.794 4294967295
110.026 4294967295
110.026 4294967295
110.233 4294967295
110.233 4294967295
110.267 4294967295
110.267 4294967295
110.499 4294967295
110.499 4294967295
110.707 4294967295
110.707 4294967295
110.74 4294967295
110.74 4294967295
110.966 4294967295
110.966 4294967295
111.172 4294967295
111.172 4294967295
111.2 4294967295
111.2 4294967295
111.43 4294967295
111.43 4294967295
111.638 4294967295
111.638 4294967295
111.67 4294967295
111.67 4294967295
111.876 4294967295
111.876 4294967295
112.081 4294967295
112.081 4294967295
112.286 4294967295
112.286 4294967295
112.493 4294967295
112.493 4294967295
112.51 4294967295
112.51 4294967295
112.736 4294967295
112.736 4294967295
112.944 4294967295
112.944 4294967295
112.976 4294967295
112.976 4294967295
113.2 4294967295
113.2 4294967295
113.407 4294967295
113.407 4294967295
113.436 4294967295
113.436 4294967295
113.668 4294967295
113.668 4294967295
113.876 4294967295
113.876 4294967295
113.909 4294967295
113.909 4294967295
114.142 4294967295
114.142 4294967295
114.349 4294967295
114.349 4294967295
114.382 4294967295
114.382 4294967295
114.616 4294967295
114.616 4294967295
114.822 4294967295
114.822 4294967295
114.847 4294967295
114.847 4294967295
115.076 4294967295
115.076 4294967295
115.283 4294967295
115.283 4294967295
115.314 4294967295
115.314 4294967295
115.547 4294967295
115.547 4294967295
115.755 4294967295
115.755 4294967295
115.788 4294967295
115.788 4294967295
116.021 4294967295
116.021 4294967295
116.228 4294967295
116.228 4294967295
116.261 4294967295
116.261 4294967295
116.485 4294967295
116.485 4294967295
116.692 4294967295
116.692 4294967295
116.72 4294967295
116.72 4294967295
116.952 4294967295
116.952 4294967295
117.159 4294967295
117.159 4294967295
117.192 4294967295
117.192 4294967295
117.425 4294967295
117.425 4294967295
117.632 4294967295
117.632 4294967295
117.665 4294967295
117.665 4294967295
117.899 4294967295
117.899 4294967295
118.106 4294967295
118.106 4294967295
118.129 4294967295
118.129 4294967295
118.358 4294967295
118.358 4294967295
118.565 4294967295
118.565 4294967295
118.596 4294967295
118.596 4294967295
118.829 4294967295
118.829 4294967295
119.036 4294967295
119.036 4294967295
119.069 4294967295
119.069 4294967295
119.302 4294967295
119.302 4294967295
119.51 4294967295
119.51 4294967295
119.543 4294967295
119.543 4294967295
119.766 4294967295
119.766 4294967295
119.973 4294967295
119.973 4294967295
120.002 4294967295
120.002 4294967295
120.233 4294967295
120.233 4294967295
120.44 4294967295
120.44 4294967295
120.473 4294967295
120.473 4294967295
120.705 4294967295
120.705 4294967295
120.913 4294967295
120.913 4294967295
120.946 4294967295
120.946 4294967295
121.18 4294967295
121.18 4294967295
121.386 4294967295
121.386 4294967295
121.41 4294967295
121.41 4294967295
121.639 4294967295
121.639 4294967295
121.846 4294967295
121.846 4294967295
121.877 4294967295
121.877 4294967295
122.109 4294967295
122.109 4294967295
122.317 4294967295
122.317 4294967295
122.323 4294967295
122.323 4294967295
122.529 4294967295
122.529 4294967295
122.736 4294967295
122.736 4294967295
122.743 4294967295
122.743 4294967295
122.964 4294967295
122.964 4294967295
123.172 4294967295
123.172 4294967295
123.199 4294967295
123.199 4294967295
123.43 4294967295
123.43 4294967295
123.638 4294967295
123.638 4294967295
123.67 4294967295
123.67 4294967295
123.904 4294967295
123.904 4294967295
124.11 4294967295
124.11 4294967295
124.139 4294967295
124.139 4294967295
124.365 4294967295
124.365 4294967295
124.572 4294967295
124.572 4294967295
124.602 4294967295
124.602 4294967295
124.835 4294967295
124.835 4294967295
125.042 4294967295
125.042 4294967295
125.075 4294967295
125.075 4294967295
125.308 4294967295
125.308 4294967295
125.515 4294967295
125.515 4294967295
125.548 4294967295
125.548 4294967295
125.776 4294967295
125.776 4294967295
125.984 4294967295
125.984 4294967295
126.009 4294967295
126.009 4294967295
126.238 4294967295
126.238 4294967295
126.446 4294967295
126.446 4294967295
126.478 4294967295
126.478 4294967295
126.71 4294967295
126.71 4294967295
126.918 4294967295
126.918 4294967295
126.951 4294967295
126.951 4294967295
127.184 4294967295
127.184 4294967295
127.391 4294967295
127.391 4294967295
127.421 4294967295
127.421 4294967295
127.646 4294967295
127.646 4294967295
127.853 4294967295
127.853 4294967295
127.882 4294967295
127.882 4294967295
128.114 4294967295
128.114 4294967295
128.321 4294967295
128.321 4294967295
128.354 4294967295
128.354 4294967295
128.587 4294967295
128.587 4294967295
128.795 4294967295
128.795 4294967295
128.827 4294967295
128.827 4294967295
129.058 4294967295
129.058 4294967295
129.264 4294967295
129.264 4294967295
129.29 4294967295
129.29 4294967295
129.519 4294967295
129.519 4294967295
129.726 4294967295
129.726 4294967295
129.758 4294967295
129.758 4294967295
129.99 4294967295
129.99 4294967295
130.197 4294967295
130.197 4294967295
130.23 4294967295
130.23 4294967295
130.464 4294967295
130.464 4294967295
130.671 4294967295
130.671 4294967295
130.702 4294967295
130.702 4294967295
130.927 4294967295
130.927 4294967295
131.134 4294967295
131.134 4294967295
131.163 4294967295
131.163 4294967295
131.395 4294967295
131.395 4294967295
131.602 4294967295
131.602 4294967295
131.635 4294967295
131.635 4294967295
131.868 4294967295
131.868 4294967295
132.075 4294967295
132.075 4294967295
132.108 4294967295
132.108 4294967295
132.339 4294967295
132.339 4294967295
132.547 4294967295
132.547 4294967295
132.571 4294967295
132.571 4294967295
132.776 4294967295
132.776 4294967295
132.982 4294967295
132.982 4294967295
133.187 4294967295
133.187 4294967295
133.198 4294967295
133.198 4294967295
133.411 4294967295
133.411 4294967295
133.618 4294967295
133.618 4294967295
133.637 4294967295
133.637 4294967295
133.868 4294967295
133.868 4294967295
134.076 4294967295
134.076 4294967295
134.1 4294967295
134.1 4294967295
134.328 4294967295
134.328 4294967295
134.535 4294967295
134.535 4294967295
134.567 4294967295
134.567 4294967295
134.8 4294967295
134.8 4294967295
135.007 4294967295
135.007 4294967295
135.041 4294967295
135.041 4294967295
135.274 4294967295
135.274 4294967295
135.481 4294967295
135.481 4294967295
135.514 4294967295
135.514 4294967295
135.747 4294967295
135.747 4294967295
135.955 4294967295
135.955 4294967295
135.988 4294967295
135.988 4294967295
136.221 4294967295
136.221 4294967295
136.428 4294967295
136.428 4294967295
136.462 4294967295
136.462 4294967295
136.677 4294967295
136.677 4294967295
136.885 4294967295
136.885 4294967295
136.898 4294967295
136.898 4294967295
137.111 4294967295
137.111 4294967295
137.319 4294967295
137.319 4294967295
137.334 4294967295
137.334 4294967295
137.55 4294967295
137.55 4294967295
137.758 4294967295
137.758 4294967295
137.776 4294967295
137.776 4294967295
138.004 4294967295
138.004 4294967295
138.212 4294967295
138.212 4294967295
138.236 4294967295
138.236 4294967295
138.453 4294967295
138.453 4294967295
138.661 4294967295
138.661 4294967295
138.685 4294967295
138.685 4294967295
138.916 4294967295
138.916 4294967295
139.123 4294967295
139.123 4294967295
139.156 4294967295
139.156 4294967295
139.39 4294967295
139.39 4294967295
139.597 4294967295
139.597 4294967295
139.63 4294967295
139.63 4294967295
139.864 4294967295
139.864 4294967295
140.071 4294967295
140.071 4294967295
140.105 4294967295
140.105 4294967295
140.338 4294967295
140.338 4294967295
140.545 4294967295
140.545 4294967295
140.578 4294967295
140.578 4294967295
140.809 4294967295
140.809 4294967295
141.016 4294967295
141.016 4294967295
141.031 4294967295
141.031 4294967295
141.248 4294967295
141.248 4294967295
141.455 4294967295
141.455 4294967295
141.474 4294967295
141.474 4294967295
141.695 4294967295
141.695 4294967295
141.902 4294967295
141.902 4294967295
141.925 4294967295
141.925 4294967295
142.15 4294967295
142.15 4294967295
142.358 4294967295
142.358 4294967295
142.39 4294967295
142.39 4294967295
142.616 4294967295
142.616 4294967295
142.823 4294967295
142.823 4294967295
142.849 4294967295
142.849 4294967295
143.075 4294967295
143.075 4294967295
143.278 4294967295
143.278 4294967295
143.287 4294967295
143.287 4294967295
143.508 4294967295
143.508 4294967295
143.717 4294967295
143.717 4294967295
143.743 4294967295
143.743 4294967295
143.974 4294967295
143.974 4294967295
144.181 4294967295
144.181 4294967295
144.214 4294967295
144.214 4294967295
144.448 4294967295
144.448 4294967295
144.655 4294967295
144.655 4294967295
144.688 4294967295
144.688 4294967295
144.922 4294967295
144.922 4294967295
145.129 4294967295
145.129 4294967295
145.162 4294967295
145.162 4294967295
145.395 4294967295
145.395 4294967295
145.603 4294967295
145.603 4294967295
145.636 4294967295
145.636 4294967295
145.869 4294967295
145.869 4294967295
146.076 4294967295
146.076 4294967295
146.109 4294967295
146.109 4294967295
146.332 4294967295
146.332 4294967295
146.54 4294967295
146.54 4294967295
146.556 4294967295
146.556 4294967295
146.774 4294967295
146.774 4294967295
146.981 4294967295
146.981 4294967295
147.001 4294967295
147.001 4294967295
147.223 4294967295
147.223 4294967295
147.43 4294967295
147.43 4294967295
147.454 4294967295
147.454 4294967295
147.685 4294967295
147.685 4294967295
147.892 4294967295
147.892 4294967295
147.916 4294967295
147.916 4294967295
148.145 4294967295
148.145 4294967295
148.352 4294967295
148.352 4294967295
148.385 4294967295
148.385 4294967295
148.619 4294967295
148.619 4294967295
148.826 4294967295
148.826 4294967295
148.859 4294967295
148.859 4294967295
149.093 4294967295
149.093 4294967295
149.299 4294967295
149.299 4294967295
149.333 4294967295
149.333 4294967295
149.566 4294967295
149.566 4294967295
149.774 4294967295
149.774 4294967295
149.807 4294967295
149.807 4294967295
150.04 4294967295
150.04 4294967295
150.247 4294967295
150.247 4294967295
150.277 4294967295
150.277 4294967295
150.503 4294967295
150.503 4294967295
150.71 4294967295
150.71 4294967295
150.739 4294967295
150.739 4294967295
150.971 4294967295
150.971 4294967295
151.178 4294967295
151.178 4294967295
151.211 4294967295
151.211 4294967295
151.443 4294967295
151.443 4294967295
151.651 4294967295
151.651 4294967295
151.684 4294967295
151.684 4294967295
151.914 4294967295
151.914 4294967295
152.121 4294967295
152.121 4294967295
152.146 4294967295
152.146 4294967295
152.376 4294967295
152.376 4294967295
152.583 4294967295
152.583 4294967295
152.615 4294967295
152.615 4294967295
152.848 4294967295
152.848 4294967295
153.056 4294967295
153.056 4294967295
153.089 4294967295
153.089 4294967295
153.322 4294967295
153.322 4294967295
153.529 4294967295
153.529 4294967295
153.539 4294967295
153.539 4294967295
153.743 4294967295
153.743 4294967295
153.951 4294967295
153.951 4294967295
153.965 4294967295
153.965 4294967295
154.19 4294967295
154.19 4294967295
154.396 4294967295
154.396 4294967295
154.426 4294967295
154.426 4294967295
154.659 4294967295
154.659 4294967295
154.867 4294967295
154.867 4294967295
154.89 4294967295
154.89 4294967295
155.119 4294967295
155.119 4294967295
155.326 4294967295
155.326 4294967295
155.358 4294967295
155.358 4294967295
155.59 4294967295
155.59 4294967295
155.798 4294967295
155.798 4294967295
155.831 4294967295
155.831 4294967295
156.064 4294967295
156.064 4294967295
156.271 4294967295
156.271 4294967295
156.304 4294967295
156.304 4294967295
156.528 4294967295
156.528 4294967295
156.735 4294967295
156.735 4294967295
156.764 4294967295
156.764 4294967295
156.995 4294967295
156.995 4294967295
157.202 4294967295
157.202 4294967295
157.235 4294967295
157.235 4294967295
157.468 4294967295
157.468 4294967295
157.675 4294967295
157.675 4294967295
157.708 4294967295
157.708 4294967295
157.942 4294967295
157.942 4294967295
158.149 4294967295
158.149 4294967295
158.173 4294967295
158.173 4294967295
158.402 4294967295
158.402 4294967295
158.608 4294967295
158.608 4294967295
158.64 4294967295
158.64 4294967295
158.873 4294967295
158.873 4294967295
159.079 4294967295
159.079 4294967295
159.113 4294967295
159.113 4294967295
159.346 4294967295
159.346 4294967295
159.553 4294967295
159.553 4294967295
159.587 4294967295
159.587 4294967295
159.811 4294967295
159.811 4294967295
160.018 4294967295
160.018 4294967295
160.046 4294967295
160.046 4294967295
160.278 4294967295
160.278 4294967295
160.485 4294967295
160.485 4294967295
160.518 4294967295
160.518 4294967295
160.751 4294967295
160.751 4294967295
160.958 4294967295
160.958 4294967295
160.991 4294967295
160.991 4294967295
161.225 4294967295
161.225 4294967295
161.432 4294967295
161.432 4294967295
161.456 4294967295
161.456 4294967295
161.684 4294967295
161.684 4294967295
161.891 4294967295
161.891 4294967295
161.922 4294967295
161.922 4294967295
162.155 4294967295
162.155 4294967295
162.362 4294967295
162.362 4294967295
162.395 4294967295
162.395 4294967295
162.628 4294967295
162.628 4294967295
162.836 4294967295
162.836 4294967295
162.869 4294967295
162.869 4294967295
163.094 4294967295
163.094 4294967295
163.301 4294967295
163.301 4294967295
163.328 4294967295
163.328 4294967295
163.56 4294967295
163.56 4294967295
163.767 4294967295
163.767 4294967295
163.8 4294967295
163.8 4294967295
164.008 4294967295
164.008 4294967295
164.212 4294967295
164.212 4294967295
164.22 4294967295
164.22 4294967295
164.435 4294967295
164.435 4294967295
164.643 4294967295
164.643 4294967295
164.666 4294967295
164.666 4294967295
164.896 4294967295
164.896 4294967295
165.103 4294967295
165.103 4294967295
165.135 4294967295
165.135 4294967295
165.368 4294967295
165.368 4294967295
165.575 4294967295
165.575 4294967295
165.603 4294967295
165.603 4294967295
165.829 4294967295
165.829 4294967295
166.036 4294967295
166.036 4294967295
166.066 4294967295
166.066 4294967295
166.298 4294967295
166.298 4294967295
166.505 4294967295
166.505 4294967295
166.538 4294967295
166.538 4294967295
166.771 4294967295
166.771 4294967295
166.978 4294967295
166.978 4294967295
167.012 4294967295
167.012 4294967295
167.239 4294967295
167.239 4294967295
167.446 4294967295
167.446 4294967295
167.472 4294967295
167.472 4294967295
167.702 4294967295
167.702 4294967295
167.91 4294967295
167.91 4294967295
167.941 4294967295
167.941 4294967295
168.174 4294967295
168.174 4294967295
168.382 4294967295
168.382 4294967295
168.415 4294967295
168.415 4294967295
168.648 4294967295
168.648 4294967295
168.855 4294967295
168.855 4294967295
168.884 4294967295
168.884 4294967295
169.11 4294967295
169.11 4294967295
169.317 4294967295
169.317 4294967295
169.347 4294967295
169.347 4294967295
169.578 4294967295
169.578 4294967295
169.786 4294967295
169.786 4294967295
169.818 4294967295
169.818 4294967295
170.052 4294967295
170.052 4294967295
170.259 4294967295
170.259 4294967295
170.292 4294967295
170.292 4294967295
170.521 4294967295
170.521 4294967295
170.728 4294967295
170.728 4294967295
170.754 4294967295
170.754 4294967295
170.983 4294967295
170.983 4294967295
171.191 4294967295
171.191 4294967295
171.222 4294967295
171.222 4294967295
171.455 4294967295
171.455 4294967295
171.662 4294967295
171.662 4294967295
171.696 4294967295
171.696 4294967295
171.929 4294967295
171.929 4294967295
172.136 4294967295
172.136 4294967295
172.165 4294967295
172.165 4294967295
172.391 4294967295
172.391 4294967295
172.598 4294967295
172.598 4294967295
172.627 4294967295
172.627 4294967295
172.859 4294967295
172.859 4294967295
173.067 4294967295
173.067 4294967295
173.099 4294967295
173.099 4294967295
173.332 4294967295
173.332 4294967295
173.54 4294967295
173.54 4294967295
173.573 4294967295
173.573 4294967295
173.803 4294967295
173.803 4294967295
174.01 4294967295
174.01 4294967295
174.035 4294967295
174.035 4294967295
174.264 4294967295
174.264 4294967295
174.469 4294967295
174.469 4294967295
174.674 4294967295
174.674 4294967295
174.881 4294967295
174.881 4294967295
174.889 4294967295
174.889 4294967295
175.1 4294967295
175.1 4294967295
175.307 4294967295
175.307 4294967295
175.322 4294967295
175.322 4294967295
175.549 4294967295
175.549 4294967295
175.757 4294967295
175.757 4294967295
175.781 4294967295
175.781 4294967295
176.009 4294967295
176.009 4294967295
176.217 4294967295
176.217 4294967295
176.25 4294967295
176.25 4294967295
176.483 4294967295
176.483 4294967295
176.69 4294967295
176.69 4294967295
176.723 4294967295
176.723 4294967295
176.957 4294967295
176.957 4294967295
177.164 4294967295
177.164 4294967295
177.197 4294967295
177.197 4294967295
177.43 4294967295
177.43 4294967295
177.637 4294967295
177.637 4294967295
177.671 4294967295
177.671 4294967295
177.904 4294967295
177.904 4294967295
178.111 4294967295
178.111 4294967295
178.144 4294967295
178.144 4294967295
178.37 4294967295
178.37 4294967295
178.576 4294967295
178.576 4294967295
178.6 4294967295
178.6 4294967295
178.819 4294967295
178.819 4294967295
179.027 4294967295
179.027 4294967295
179.049 4294967295
179.049 4294967295
179.275 4294967295
179.275 4294967295
179.483 4294967295
179.483 4294967295
179.513 4294967295
179.513 4294967295
179.746 4294967295
179.746 4294967295
179.954 4294967295
179.954 4294967295
179.982 4294967295
179.982 4294967295
180.209 4294967295
180.209 4294967295
180.416 4294967295
180.416 4294967295
180.448 4294967295
180.448 4294967295
180.681 4294967295
180.681 4294967295
180.888 4294967295
180.888 4294967295
180.921 4294967295
180.921 4294967295
181.155 4294967295
181.155 4294967295
181.362 4294967295
181.362 4294967295
181.395 4294967295
181.395 4294967295
181.623 4294967295
181.623 4294967295
181.83 4294967295
181.83 4294967295
181.856 4294967295
181.856 4294967295
182.086 4294967295
182.086 4294967295
182.293 4294967295
182.293 4294967295
182.326 4294967295
182.326 4294967295
182.559 4294967295
182.559 4294967295
182.766 4294967295
182.766 4294967295
182.799 4294967295
182.799 4294967295
183.032 4294967295
183.032 4294967295
183.24 4294967295
183.24 4294967295
183.268 4294967295
183.268 4294967295
183.494 4294967295
183.494 4294967295
183.701 4294967295
183.701 4294967295
183.732 4294967295
183.732 4294967295
183.964 4294967295
183.964 4294967295
184.171 4294967295
184.171 4294967295
184.204 4294967295
184.204 4294967295
184.438 4294967295
184.438 4294967295
184.645 4294967295
184.645 4294967295
184.678 4294967295
184.678 4294967295
184.883 4294967295
184.883 4294967295
185.088 4294967295
185.088 4294967295
185.295 4294967295
185.295 4294967295
185.302 4294967295
185.302 4294967295
185.513 4294967295
185.513 4294967295
185.72 4294967295
185.72 4294967295
185.743 4294967295
185.743 4294967295
185.964 4294967295
185.964 4294967295
186.172 4294967295
186.172 4294967295
186.203 4294967295
186.203 4294967295
186.436 4294967295
186.436 4294967295
186.643 4294967295
186.643 4294967295
186.677 4294967295
186.677 4294967295
186.91 4294967295
186.91 4294967295
187.117 4294967295
187.117 4294967295
187.151 4294967295
187.151 4294967295
187.384 4294967295
187.384 4294967295
187.591 4294967295
187.591 4294967295
187.624 4294967295
187.624 4294967295
187.857 4294967295
187.857 4294967295
188.064 4294967295
188.064 4294967295
188.098 4294967295
188.098 4294967295
188.331 4294967295
188.331 4294967295
188.538 4294967295
188.538 4294967295
188.561 4294967295
188.561 4294967295
188.782 4294967295
188.782 4294967295
188.99 4294967295
188.99 4294967295
189.009 4294967295
189.009 4294967295
189.234 4294967295
189.234 4294967295
189.441 4294967295
189.441 4294967295
189.469 4294967295
189.469 4294967295
189.701 4294967295
189.701 4294967295
189.908 4294967295
189.908 4294967295
189.942 4294967295
189.942 4294967295
190.166 4294967295
190.166 4294967295
190.373 4294967295
190.373 4294967295
190.402 4294967295
190.402 4294967295
190.634 4294967295
190.634 4294967295
190.841 4294967295
190.841 4294967295
190.874 4294967295
190.874 4294967295
191.108 4294967295
191.108 4294967295
191.315 4294967295
191.315 4294967295
191.348 4294967295
191.348 4294967295
191.581 4294967295
191.581 4294967295
191.788 4294967295
191.788 4294967295
191.813 4294967295
191.813 4294967295
192.04 4294967295
192.04 4294967295
192.248 4294967295
192.248 4294967295
192.279 4294967295
192.279 4294967295
192.511 4294967295
192.511 4294967295
192.718 4294967295
192.718 4294967295
192.752 4294967295
192.752 4294967295
192.984 4294967295
192.984 4294967295
193.192 4294967295
193.192 4294967295
193.225 4294967295
193.225 4294967295
193.45 4294967295
193.45 4294967295
193.657 4294967295
193.657 4294967295
193.685 4294967295
193.685 4294967295
193.915 4294967295
193.915 4294967295
194.123 4294967295
194.123 4294967295
194.155 4294967295
194.155 4294967295
194.388 4294967295
194.388 4294967295
194.595 4294967295
194.595 4294967295
194.628 4294967295
194.628 4294967295
194.861 4294967295
194.861 4294967295
195.069 4294967295
195.069 4294967295
195.094 4294967295
195.094 4294967295
195.299 4294967295
195.299 4294967295
195.504 4294967295
195.504 4294967295
195.711 4294967295
195.711 4294967295
195.919 4294967295
195.919 4294967295
195.942 4294967295
195.942 4294967295
196.164 4294967295
196.164 4294967295
196.371 4294967295
196.371 4294967295
196.403 4294967295
196.403 4294967295
196.636 4294967295
196.636 4294967295
196.843 4294967295
196.843 4294967295
196.877 4294967295
196.877 4294967295
197.11 4294967295
197.11 4294967295
197.317 4294967295
197.317 4294967295
197.35 4294967295
197.35 4294967295
197.584 4294967295
197.584 4294967295
197.791 4294967295
197.791 4294967295
197.824 4294967295
197.824 4294967295
198.057 4294967295
198.057 4294967295
198.264 4294967295
198.264 4294967295
198.298 4294967295
198.298 4294967295
198.53 4294967295
198.53 4294967295
198.736 4294967295
198.736 4294967295
198.762 4294967295
198.762 4294967295
198.979 4294967295
198.979 4294967295
199.187 4294967295
199.187 4294967295
199.207 4294967295
199.207 4294967295
199.412 4294967295
199.412 4294967295
199.617 4294967295
199.617 4294967295
199.821 4294967295
199.821 4294967295
200.026 4294967295
200.026 4294967295
200.238 4294967295
200.238 4294967295
200.449 4294967295
200.449 4294967295
200.654 4294967295
200.654 4294967295
200.859 4294967295
200.859 4294967295
