0.0 3
0.0941392 0.252
0.178851 0.21
0.184653 0.2
10.3429 0.206213
10.4276 0.251721
10.5123 0.280032
10.597 0.295078
10.6817 0.299825
10.7665 0.299884
10.8512 0.295769
10.9359 0.28792
11.0206 0.278959
11.1053 0.270673
11.19 0.260871
11.2747 0.251474
11.3594 0.243761
11.4441 0.2363
11.5288 0.228113
11.6135 0.221925
11.6982 0.216147
11.7829 0.209695
11.8676 0.204095
11.9523 0.200355
12.037 0.2
20.7118 0.209434
20.8289 0.267113
20.9459 0.303836
21.0629 0.325659
21.1481 0.302148
21.2397 0.29047
21.33 0.274791
21.4186 0.264134
21.5081 0.254386
21.5984 0.244664
21.6896 0.235294
21.7816 0.225605
21.8749 0.216072
21.9762 0.217873
22.0716 0.220497
22.1679 0.21464
22.265 0.212215
22.3629 0.212178
22.4617 0.213774
22.5622 0.217578
22.6694 0.228432
22.7716 0.235947
22.8747 0.235443
22.9785 0.236318
23.0833 0.238131
23.1888 0.239443
23.3016 0.248289
23.4098 0.25643
23.5187 0.256071
23.6285 0.25677
23.7392 0.258206
23.8507 0.259016
23.9677 0.265047
24.0776 0.266629
24.1869 0.257335
24.2972 0.251069
24.4083 0.248142
24.5202 0.246436
24.6368 0.250115
24.7475 0.250619
24.8569 0.242243
24.9671 0.235958
25.0782 0.233491
25.1901 0.232544
25.3059 0.23603
25.4174 0.237942
25.5268 0.234172
25.637 0.232068
25.7481 0.229061
25.86 0.229024
25.975 0.230999
26.0873 0.234295
26.1967 0.231826
26.3069 0.23243
26.418 0.229688
26.53 0.227722
26.644 0.230691
26.7577 0.233555
26.867 0.230667
26.9773 0.231468
27.0884 0.229791
27.2003 0.227479
27.3131 0.227767
27.4276 0.230026
27.537 0.228419
27.6472 0.229726
27.7583 0.228436
27.8702 0.22642
27.983 0.227002
28.0983 0.230602
28.2077 0.229415
28.318 0.231728
28.4291 0.230129
28.541 0.227856
28.6538 0.227965
28.7695 0.23235
28.8789 0.23053
28.9892 0.23191
29.1003 0.230599
29.2122 0.228502
29.325 0.227125
29.4416 0.231656
29.551 0.231077
29.6612 0.232524
29.7723 0.231239
29.8842 0.229138
29.997 0.228621
30.1145 0.2337
30.2234 0.233449
30.3081 0.257516
30.3928 0.293107
30.4775 0.312491
30.5623 0.319759
30.656 0.31188
30.7451 0.298963
30.8337 0.291144
30.9232 0.281508
31.0135 0.271012
31.1046 0.260312
31.1966 0.248967
31.2916 0.235867
31.3925 0.230887
31.4883 0.22756
31.585 0.219828
31.6825 0.214947
31.7809 0.213245
31.8801 0.213746
31.9815 0.216863
32.0887 0.226195
32.1909 0.232781
32.2939 0.231767
32.3978 0.232421
32.5026 0.234212
32.6081 0.236756
32.7209 0.245401
32.8295 0.2535
32.9389 0.25433
33.0491 0.255896
33.1602 0.257958
33.2721 0.260344
33.3887 0.26518
33.499 0.264848
33.6083 0.256573
33.7186 0.249905
33.8297 0.245627
33.9416 0.244205
34.0569 0.247016
34.1689 0.248141
34.2783 0.242501
34.3885 0.236525
34.4996 0.232497
34.6115 0.23165
34.7252 0.234105
34.8388 0.236495
34.9482 0.233172
35.0584 0.231603
35.1695 0.229242
35.2815 0.227974
35.3942 0.229143
35.5096 0.233061
35.619 0.230881
35.7292 0.230971
35.8403 0.228844
35.9522 0.226919
36.065 0.22769
36.182 0.233642
36.2914 0.233966
36.4017 0.234523
36.5127 0.233466
36.6247 0.230539
36.7375 0.229855
36.8549 0.234786
36.9635 0.233278
37.0729 0.23609
37.1831 0.235526
37.2942 0.232827
37.4061 0.230645
37.5231 0.234537
37.6317 0.232325
37.7411 0.234832
37.8513 0.234107
37.9624 0.231347
38.0743 0.228693
38.1914 0.23343
38.3012 0.234057
38.4106 0.235186
38.5208 0.235327
38.6319 0.233066
38.7438 0.23014
38.86 0.234653
38.9715 0.23622
39.0809 0.235063
39.1912 0.234645
39.3022 0.23207
39.4142 0.229096
39.5287 0.230167
39.6414 0.231771
39.7508 0.230664
39.8611 0.231324
39.9722 0.229558
40.0841 0.228273
40.1969 0.227203
40.3157 0.234181
40.437 0.248693
40.5642 0.267976
40.6829 0.276568
40.819 0.290158
41.0183 0.390103
41.2242 0.532657
41.2549 0.489622
41.4881 0.436531
41.691 0.587549
41.7242 0.551805
41.9574 0.492229
42.152 0.606465
42.3496 0.635262
42.5534 0.657714
42.5693 0.657953
42.7957 0.625174
42.9986 0.687919
43.0289 0.664709
43.2595 0.611486
43.4625 0.682649
43.4932 0.661292
43.72 0.613798
43.923 0.67826
43.9532 0.657857
44.1834 0.607598
44.3864 0.677757
44.417 0.658439
44.6422 0.613248
44.8447 0.676346
44.8733 0.65933
45.1022 0.611153
45.3056 0.679745
45.3346 0.661037
45.5593 0.616103
45.7623 0.67928
45.7849 0.665888
46.0083 0.624947
46.2117 0.686884
46.239 0.664718
46.4645 0.616462
46.6671 0.683013
46.6965 0.660072
46.9229 0.611515
47.1259 0.678889
47.1569 0.655695
47.3825 0.607171
47.5859 0.674943
47.6157 0.654385
47.8417 0.6076
48.0447 0.675009
48.0753 0.653847
48.3013 0.606714
48.5043 0.673968
48.5345 0.654364
48.7601 0.608207
48.963 0.675041
48.9933 0.655222
49.2193 0.608896
49.4222 0.675526
49.4516 0.656496
49.6789 0.609743
49.8819 0.677361
49.9104 0.657929
50.1364 0.611742
50.3394 0.67781
50.3603 0.665041
50.5591 0.646378
50.7452 0.659016
50.9344 0.647403
51.1027 0.610925
51.2553 0.538458
51.4118 0.492984
51.5776 0.45226
51.7535 0.443871
51.9261 0.442963
52.1088 0.446088
52.3022 0.469948
52.5056 0.505108
52.5099 0.580041
52.7266 0.605308
52.9296 0.651448
52.9623 0.646342
53.1909 0.608292
53.3943 0.670802
53.427 0.657602
53.6607 0.61042
53.8632 0.678798
53.8964 0.664305
54.1296 0.61516
54.333 0.682549
54.3594 0.672148
54.5892 0.628755
54.793 0.69117
54.8254 0.670917
55.0586 0.61866
55.2616 0.685747
55.2948 0.667246
55.5208 0.621503
55.7237 0.680424
55.7497 0.667922
55.9791 0.622376
56.1829 0.687445
56.2144 0.6664
56.4476 0.612859
56.6506 0.683038
56.6812 0.665117
56.9034 0.623258
57.1068 0.679189
57.1324 0.664241
57.3618 0.61808
57.5652 0.685972
57.5962 0.663328
57.8299 0.609707
58.0324 0.681956
58.0546 0.670738
58.2793 0.630197
58.4827 0.690144
58.5112 0.667581
58.7427 0.614662
58.9457 0.685041
58.9789 0.661325
59.2036 0.61322
59.4066 0.676407
59.4313 0.661908
59.6598 0.616959
59.8628 0.683864
59.8943 0.66036
60.1275 0.605394
60.3305 0.679437
60.3616 0.660168
60.5893 0.612331
60.7932 0.67955
60.8302 0.654229
61.0723 0.591449
61.2752 0.675596
61.3233 0.647624
61.5383 0.606373
61.7248 0.635039
61.8999 0.601443
62.1037 0.592039
62.1162 0.624328
62.6859 0.746539
62.7676 0.805255
62.8523 0.752247
62.937 0.699172
63.0217 0.648586
63.1064 0.599434
63.1914 0.553664
63.2761 0.511544
63.3608 0.474011
63.4455 0.438879
63.5302 0.407328
63.6149 0.379987
63.7001 0.354483
63.7848 0.331887
63.8695 0.31278
63.9542 0.29478
64.0393 0.278974
64.124 0.265977
64.2087 0.254323
64.2937 0.243041
64.3784 0.23326
64.4631 0.224771
64.5478 0.21827
64.6325 0.211495
64.7172 0.205658
64.8021 0.20062
64.887 0.2
66.0208 0.203544
66.1226 0.220944
66.2286 0.242803
66.3397 0.266091
66.463 0.299996
66.5881 0.335871
66.7196 0.365606
66.8599 0.397382
67.0011 0.426566
67.1431 0.443357
67.2822 0.445928
67.4247 0.442367
67.5684 0.440518
67.713 0.436633
67.8576 0.43047
67.9979 0.41741
68.1434 0.405734
68.2892 0.400985
68.4363 0.395495
68.5818 0.38747
68.7264 0.376876
68.8743 0.370491
69.0232 0.368285
69.1728 0.365641
69.3183 0.358323
69.4671 0.351448
69.6189 0.350704
69.7719 0.354162
69.9246 0.355927
70.0747 0.352055
70.2286 0.349013
70.3842 0.352267
70.5419 0.356362
70.6954 0.355351
70.8527 0.353207
71.0109 0.354888
71.1699 0.356901
71.3301 0.360256
71.4891 0.361106
71.6503 0.360286
71.8122 0.36177
71.9755 0.363688
72.1353 0.361394
72.299 0.358595
72.4643 0.362303
72.6297 0.365851
72.7938 0.364747
72.9596 0.363936
73.1292 0.369
73.2992 0.375698
73.4701 0.38001
73.6388 0.379276
73.8127 0.381942
73.9878 0.389131
74.1616 0.392501
74.3338 0.389885
74.5093 0.388952
74.6869 0.392592
74.8642 0.3959
75.0376 0.392198
75.214 0.386138
75.3908 0.385407
75.5655 0.382695
75.7393 0.376488
75.8763 0.398779
75.9861 0.46657
76.0989 0.525978
76.2155 0.548371
76.335 0.546899
76.4576 0.53178
76.5827 0.507458
76.7145 0.475421
76.8523 0.436101
76.9876 0.402389
77.1258 0.376128
77.2666 0.351693
77.4099 0.338918
77.5562 0.335474
77.7169 0.350824
77.8695 0.366185
78.0238 0.367759
78.1811 0.372425
78.3406 0.37913
78.5029 0.385994
78.6755 0.404125
78.8438 0.420519
79.0156 0.427574
79.1898 0.436123
79.3675 0.445573
79.5507 0.458882
79.7279 0.463339
79.9102 0.46294
80.0955 0.468368
80.2816 0.472075
80.4703 0.475755
80.6552 0.473803
80.8455 0.470434
81.0376 0.473022
81.2305 0.475158
81.4243 0.475898
81.6181 0.474637
81.8148 0.473258
82.0137 0.476407
82.2151 0.481493
82.4127 0.479971
82.6149 0.477473
82.8183 0.480069
82.8235 0.606686
83.0304 0.674725
83.2338 0.664963
83.2428 0.706782
83.4502 0.714389
83.654 0.716409
83.6647 0.720612
83.8788 0.697914
84.0814 0.723435
84.1002 0.705515
84.3126 0.670769
84.5156 0.707365
84.5327 0.687575
84.7519 0.645976
84.9553 0.701962
84.977 0.674682
85.1941 0.631383
85.3971 0.690003
85.418 0.666665
85.641 0.619986
85.8444 0.68905
85.8683 0.661469
86.0875 0.616698
86.2579 0.64342
86.4131 0.582037
86.5666 0.514534
86.7264 0.469344
86.8892 0.444865
87.0584 0.435023
87.2369 0.442126
87.4243 0.465096
87.6156 0.491605
87.8198 0.523389
87.8263 0.585146
88.037 0.607857
88.2408 0.649596
88.2617 0.65125
88.4911 0.615359
88.6941 0.681972
88.7252 0.663407
88.9592 0.61068
89.1622 0.682484
89.1894 0.668392
89.4218 0.620069
89.6243 0.68766
89.6588 0.665436
89.8916 0.611213
90.0946 0.681022
90.1286 0.661859
90.3567 0.614131
90.5597 0.677298
90.5916 0.660437
90.8261 0.608076
91.0286 0.679377
91.0572 0.666485
91.2891 0.618166
91.4929 0.685145
91.521 0.669148
91.75 0.623115
91.9538 0.687417
91.9861 0.665284
92.2147 0.616376
92.4177 0.679907
92.4479 0.663102
92.6785 0.614132
92.8815 0.682012
92.9109 0.665513
93.1437 0.614888
93.3471 0.685966
93.3756 0.668887
93.6058 0.621277
93.8088 0.686451
93.8407 0.665845
94.0701 0.615234
94.2731 0.68166
94.3059 0.662544
94.5357 0.613013
94.7386 0.67982
94.7689 0.66311
95.0012 0.612453
95.2046 0.68274
95.2331 0.666636
95.4651 0.61711
95.6685 0.685148
95.6987 0.667381
95.9285 0.618522
96.1315 0.684081
96.1642 0.663535
96.3928 0.614815
96.5957 0.678906
96.6268 0.661286
96.8041 0.658245
96.9601 0.608302
97.1182 0.545486
97.2781 0.501467
97.4405 0.470158
97.605 0.450513
97.7771 0.444918
97.9578 0.455779
98.1367 0.466352
98.3262 0.481091
98.528 0.513043
98.7323 0.545884
98.7468 0.604142
98.9775 0.606681
99.1809 0.662679
99.2141 0.662102
99.4452 0.623938
99.6481 0.680489
99.6822 0.67139
99.9166 0.624719
100.12 0.685419
100.154 0.673012
100.314 0.68887
100.398 0.641812
100.483 0.664061
100.568 0.664003
100.653 0.647528
100.737 0.6217
100.822 0.590541
100.907 0.557732
100.992 0.523959
101.077 0.48886
101.162 0.455799
101.247 0.425984
101.332 0.3992
101.417 0.37346
101.502 0.350117
101.587 0.329075
101.674 0.308452
101.768 0.28181
101.856 0.260238
101.945 0.247949
102.036 0.23673
102.127 0.224845
102.22 0.2139
102.313 0.20794
102.412 0.209999
102.512 0.218569
102.61 0.223487
102.709 0.223606
102.81 0.225009
102.912 0.228398
103.015 0.233079
103.124 0.244179
103.231 0.253771
103.338 0.257666
103.448 0.261045
103.559 0.266293
103.674 0.273852
103.793 0.286224
103.908 0.292617
104.022 0.289262
104.139 0.288459
104.259 0.291698
104.378 0.295396
104.498 0.295998
104.612 0.286674
104.727 0.274284
104.845 0.27027
104.966 0.272033
105.088 0.275439
105.21 0.27766
105.326 0.273441
105.447 0.268378
105.571 0.270762
105.694 0.274771
105.819 0.277565
105.942 0.278382
106.067 0.277874
106.193 0.279889
106.32 0.283589
106.448 0.286124
106.578 0.288972
106.705 0.288622
106.835 0.28953
106.968 0.294671
107.101 0.300337
107.236 0.306263
107.37 0.308894
107.509 0.312655
107.649 0.320509
107.787 0.325366
107.928 0.327011
108.066 0.326496
108.207 0.32458
108.349 0.32518
108.49 0.32638
108.633 0.326875
108.774 0.323547
108.918 0.321128
109.062 0.322786
109.206 0.322693
109.351 0.322579
109.491 0.317987
109.637 0.313879
109.781 0.313594
109.928 0.314794
110.073 0.31587
110.22 0.316861
110.368 0.320047
110.517 0.322417
110.668 0.327585
110.813 0.325552
110.963 0.319856
111.115 0.323092
111.267 0.328931
111.42 0.333047
111.571 0.332559
111.7 0.33633
111.809 0.374607
111.924 0.407614
112.046 0.412068
112.183 0.390176
112.318 0.360242
112.46 0.342812
112.611 0.347223
112.767 0.364079
112.926 0.381139
113.086 0.395767
113.245 0.404
113.406 0.407808
113.569 0.410876
113.731 0.412331
113.895 0.410494
114.057 0.406554
114.221 0.401358
114.39 0.402249
114.555 0.40167
114.723 0.39905
114.89 0.398548
115.058 0.39617
115.229 0.394886
115.401 0.396671
115.573 0.399416
115.747 0.400548
115.92 0.401742
116.095 0.400753
116.273 0.402861
116.447 0.403687
116.625 0.402551
116.8 0.400163
116.978 0.397029
117.162 0.402502
117.341 0.405828
117.523 0.405423
117.705 0.408174
117.89 0.410787
118.079 0.41779
118.263 0.422017
118.45 0.420947
118.64 0.423121
118.83 0.427482
119.024 0.433266
119.215 0.436553
119.407 0.435881
119.602 0.435975
119.8 0.441131
119.996 0.44626
120.195 0.449056
120.397 0.453639
120.6 0.459376
120.803 0.463567
120.81 0.595855
121.013 0.670642
121.216 0.655356
121.221 0.704814
121.429 0.718246
121.632 0.719197
121.644 0.721071
121.853 0.703018
122.034 0.696048
122.19 0.623285
122.334 0.562496
122.486 0.518713
122.651 0.469855
122.821 0.453171
123 0.453061
123.195 0.478862
123.395 0.517173
123.599 0.547434
123.609 0.608608
123.828 0.622391
124.03 0.663827
124.045 0.674676
124.264 0.654399
124.466 0.696952
124.487 0.684011
124.709 0.644517
124.912 0.697357
124.937 0.67624
125.161 0.630874
125.363 0.688919
125.389 0.667018
125.615 0.617957
125.819 0.684291
125.847 0.660855
126.08 0.605823
126.283 0.682959
126.31 0.664116
126.539 0.615435
126.742 0.68502
126.771 0.664078
127.003 0.612332
127.206 0.683091
127.239 0.659215
127.466 0.610228
127.669 0.675962
127.699 0.657112
127.926 0.61052
128.13 0.676319
128.159 0.658975
128.392 0.607125
128.595 0.68026
128.622 0.665696
128.853 0.617116
129.056 0.685658
129.082 0.668414
129.312 0.620646
129.515 0.68645
129.548 0.663033
129.775 0.61332
129.978 0.678126
130.009 0.658035
130.236 0.611506
130.439 0.676859
130.469 0.657855
130.703 0.606763
130.906 0.680788
130.933 0.665724
131.165 0.616846
131.368 0.686074
131.395 0.669436
131.626 0.61941
131.83 0.687022
131.862 0.664588
132.09 0.615472
132.293 0.679069
132.325 0.659498
132.503 0.654388
132.665 0.612462
132.82 0.549339
132.977 0.497154
133.138 0.463809
133.303 0.444058
133.485 0.450906
133.656 0.459904
133.83 0.454499
134.008 0.455342
134.19 0.459354
134.375 0.466632
134.564 0.478295
134.768 0.502876
134.774 0.580545
134.972 0.623404
135.174 0.642865
135.378 0.652485
135.384 0.680173
135.594 0.677495
135.797 0.70322
135.811 0.693741
136.042 0.649029
136.245 0.711353
136.267 0.689205
136.493 0.640945
136.697 0.700736
136.726 0.673209
136.96 0.615137
137.163 0.688081
137.196 0.663398
137.416 0.618093
137.62 0.676123
137.643 0.661376
137.87 0.617125
138.073 0.683888
138.104 0.65996
138.337 0.604695
138.54 0.681014
138.567 0.664769
138.789 0.623866
138.992 0.683703
139.016 0.665342
139.243 0.619501
139.447 0.686077
139.476 0.662893
139.709 0.607089
139.912 0.682257
139.932 0.671041
140.154 0.632147
140.357 0.690583
140.38 0.669218
140.606 0.621253
140.809 0.687757
140.841 0.660586
141.064 0.611924
141.267 0.677634
141.289 0.661573
141.513 0.619015
141.716 0.685394
141.744 0.660802
141.975 0.607607
142.178 0.6825
142.21 0.656325
142.431 0.611137
142.633 0.672734
142.657 0.657653
142.883 0.613266
143.056 0.64755
143.206 0.576687
143.37 0.513162
143.535 0.482062
143.705 0.461308
143.884 0.46049
144.074 0.478876
144.274 0.512164
144.478 0.544754
144.495 0.598387
144.723 0.60079
144.926 0.655957
144.953 0.660682
145.187 0.624981
145.389 0.684486
145.423 0.672177
145.656 0.624249
145.86 0.685368
145.892 0.672979
146.12 0.628411
146.323 0.685795
146.356 0.66983
146.59 0.619546
146.793 0.684548
146.826 0.667567
147.058 0.618468
147.261 0.682898
147.288 0.671996
147.516 0.629153
147.72 0.689574
147.75 0.670789
147.984 0.617686
148.187 0.685614
148.217 0.669099
148.439 0.628008
148.642 0.681131
148.666 0.667864
148.893 0.623506
149.097 0.688063
149.127 0.665184
149.36 0.610446
149.563 0.682955
149.587 0.669237
149.812 0.628039
150.015 0.687398
150.043 0.665384
150.275 0.612894
150.478 0.684921
150.511 0.661284
150.736 0.612357
150.939 0.676746
150.963 0.663334
151.19 0.620771
151.394 0.685845
151.424 0.662303
151.656 0.608968
151.86 0.682791
151.886 0.664551
152.109 0.622408
152.313 0.682081
152.339 0.66297
152.57 0.612399
152.773 0.68394
152.807 0.659828
153.036 0.60801
153.239 0.678087
153.262 0.664789
153.434 0.670381
153.58 0.603925
153.729 0.528037
153.889 0.483353
154.049 0.459738
154.223 0.455498
154.397 0.466794
154.581 0.480557
154.773 0.505915
154.976 0.540903
154.98 0.595559
155.197 0.607909
155.401 0.660254
155.427 0.649609
155.655 0.608541
155.858 0.675591
155.891 0.655485
156.124 0.602931
156.327 0.676073
156.36 0.657602
156.593 0.606056
156.796 0.67737
156.827 0.662377
157.06 0.61287
157.263 0.682395
157.296 0.663617
157.529 0.610805
157.732 0.68119
157.764 0.665483
157.992 0.618942
158.195 0.682017
158.225 0.666757
158.456 0.617782
158.659 0.685257
158.692 0.665282
158.919 0.617758
159.122 0.678457
159.147 0.666375
159.374 0.623747
159.577 0.68507
159.607 0.663698
159.841 0.609994
160.043 0.682165
160.071 0.666527
160.3 0.618999
160.503 0.684668
160.531 0.666686
160.764 0.615019
160.967 0.686153
161 0.663146
161.227 0.613731
161.431 0.677507
161.461 0.660364
161.688 0.613883
161.892 0.679337
161.923 0.660338
162.156 0.608296
162.359 0.680332
162.388 0.664032
162.619 0.614459
162.822 0.683635
162.849 0.669211
163.079 0.622364
163.282 0.689227
163.315 0.665379
163.546 0.613591
163.749 0.681727
163.779 0.663414
163.955 0.661601
164.109 0.605406
164.265 0.537296
164.424 0.492121
164.586 0.463596
164.751 0.447077
164.923 0.444765
165.103 0.456692
165.284 0.470186
165.474 0.48791
165.678 0.520576
165.682 0.584302
165.902 0.600363
166.106 0.65454
166.138 0.645229
166.369 0.601829
166.572 0.669921
166.604 0.657917
166.837 0.608792
167.04 0.677721
167.073 0.662804
167.306 0.611646
167.51 0.680834
167.543 0.664576
167.772 0.616889
167.975 0.680422
168.004 0.667905
168.236 0.619787
168.439 0.685982
168.472 0.666702
168.705 0.613465
168.908 0.681825
168.935 0.669583
169.157 0.632063
169.36 0.684479
169.385 0.669155
169.613 0.623437
169.816 0.689137
169.848 0.665255
170.079 0.612512
170.282 0.682294
170.305 0.66929
170.529 0.627653
170.733 0.688523
170.761 0.666918
170.993 0.612866
171.196 0.684997
171.229 0.661232
171.455 0.611348
171.658 0.67707
171.683 0.663767
171.911 0.619513
172.114 0.685695
172.145 0.661829
172.378 0.606579
172.581 0.680269
172.612 0.661731
172.836 0.617793
173.039 0.678626
173.065 0.661778
173.296 0.613603
173.499 0.682995
173.531 0.660667
173.764 0.606463
173.967 0.680793
173.993 0.666343
174.218 0.624819
174.39 0.651663
174.538 0.574633
174.697 0.516415
174.858 0.472217
175.026 0.448486
175.202 0.447085
175.389 0.463131
175.579 0.486189
175.779 0.51244
175.982 0.540372
175.999 0.599732
176.221 0.610195
176.424 0.655901
176.457 0.657233
176.687 0.622193
176.89 0.677747
176.923 0.669008
177.156 0.623492
177.359 0.685528
177.391 0.673686
177.625 0.625955
177.827 0.688791
177.86 0.674541
178.093 0.625203
178.296 0.689175
178.329 0.672887
178.559 0.624919
178.762 0.686346
178.795 0.670365
179.026 0.620897
179.229 0.6852
179.256 0.673182
179.487 0.62782
179.691 0.690927
179.715 0.676344
179.943 0.63267
180.146 0.691903
180.178 0.669195
180.404 0.6206
180.607 0.682061
180.636 0.663045
180.866 0.614377
181.069 0.682286
181.097 0.664211
181.33 0.614343
181.534 0.685548
181.559 0.668928
181.789 0.621554
181.992 0.687901
182.024 0.665536
182.252 0.61553
182.456 0.681807
182.488 0.661332
182.716 0.611822
182.919 0.678699
182.948 0.662869
183.18 0.612735
183.383 0.684047
183.41 0.669009
183.639 0.62264
183.842 0.688723
183.873 0.667019
184.1 0.619119
184.303 0.683803
184.334 0.662206
184.56 0.616308
184.763 0.679606
184.78 0.670845
184.953 0.678163
185.111 0.624582
185.274 0.5689
185.451 0.545894
185.63 0.542268
185.819 0.547474
186.019 0.568813
186.222 0.593979
186.233 0.632975
186.459 0.626255
186.662 0.678769
186.694 0.667302
186.924 0.623517
187.127 0.683683
187.16 0.667899
187.393 0.617793
187.596 0.684566
187.629 0.668364
187.861 0.618844
188.064 0.683331
188.093 0.670401
188.326 0.621965
188.529 0.687827
188.563 0.669254
188.796 0.616402
188.999 0.683331
189.026 0.672371
189.253 0.628573
189.457 0.689726
189.483 0.673742
189.714 0.625762
189.918 0.692196
189.951 0.669413
190.18 0.618168
190.382 0.682559
190.414 0.66415
190.64 0.617627
190.844 0.680405
190.874 0.66169
191.107 0.609793
191.31 0.681126
191.342 0.663247
191.572 0.614475
191.775 0.680985
191.801 0.666531
192.03 0.620654
192.234 0.686615
192.267 0.664383
192.5 0.610157
192.703 0.681116
192.731 0.665308
192.959 0.619517
193.162 0.681832
193.191 0.665374
193.423 0.61475
193.626 0.68434
193.659 0.662193
193.886 0.613371
194.09 0.676996
194.12 0.660252
194.347 0.614913
194.551 0.680057
194.582 0.660061
194.815 0.607406
195.018 0.679424
195.047 0.663621
195.233 0.653762
195.406 0.631248
195.57 0.584216
195.746 0.548907
195.927 0.537113
196.123 0.547245
196.326 0.574355
196.34 0.614761
196.569 0.606972
196.772 0.667984
196.805 0.657545
197.038 0.611303
197.241 0.677001
197.272 0.666943
197.505 0.619657
197.708 0.684492
197.741 0.669432
197.974 0.617973
198.177 0.684656
198.21 0.668481
198.437 0.623351
198.64 0.681603
198.666 0.67132
198.895 0.627093
199.098 0.690211
199.13 0.669343
199.234 0.7287
199.319 0.706256
199.404 0.691863
199.488 0.665109
199.573 0.631986
199.658 0.596593
199.742 0.559035
199.827 0.522137
199.912 0.4877
199.997 0.455047
200.042 0.457836
200.084 0.484359
200.172 0.490253
200.256 0.41152
200.341 0.35221
200.426 0.308375
200.511 0.275159
200.595 0.249074
200.68 0.230267
200.765 0.215916
200.849 0.204064
200.934 0.2
