0.0 0
0.0941392 4294967295
0.178851 4294967295
0.184653 4294967295
0.190466 4294967295
0.196279 4294967295
0.202093 4294967295
10.1794 4294967295
10.1852 4294967295
10.1852 4294967295
10.191 4294967295
10.191 4294967295
10.1968 4294967295
10.1968 4294967295
10.2026 4294967295
10.2026 4294967295
10.2084 4294967295
10.2084 4294967295
10.2142 4294967295
10.2142 4294967295
10.2201 4294967295
10.2201 4294967295
10.2582 4294967295
10.2582 4294967295
10.3429 4294967295
10.3429 4294967295
10.4276 4294967295
10.4276 4294967295
10.5123 4294967295
10.5123 4294967295
10.597 4294967295
10.597 4294967295
10.6817 4294967295
10.6817 4294967295
10.7665 4294967295
10.7665 4294967295
10.8512 4294967295
10.8512 4294967295
10.9359 4294967295
10.9359 4294967295
11.0206 4294967295
11.0206 4294967295
11.1053 4294967295
11.1053 4294967295
11.19 4294967295
11.19 4294967295
11.2747 4294967295
11.2747 4294967295
11.3594 4294967295
11.3594 4294967295
11.4441 4294967295
11.4441 4294967295
11.5288 4294967295
11.5288 4294967295
11.6135 4294967295
11.6135 4294967295
11.6982 4294967295
11.6982 4294967295
11.7829 4294967295
11.7829 4294967295
11.8676 4294967295
11.8676 4294967295
11.9523 4294967295
11.9523 4294967295
12.037 4294967295
12.037 4294967295
12.1217 4294967295
12.1217 4294967295
12.2064 4294967295
12.2064 4294967295
12.2911 4294967295
12.2911 4294967295
12.3758 4294967295
12.3758 4294967295
12.4605 4294967295
12.4605 4294967295
12.5452 4294967295
12.5452 4294967295
12.6299 4294967295
12.6299 4294967295
12.7146 4294967295
12.7146 4294967295
12.7993 4294967295
12.7993 4294967295
12.884 4294967295
12.884 4294967295
12.9687 4294967295
12.9687 4294967295
13.0534 4294967295
13.0534 4294967295
13.1381 4294967295
13.1381 4294967295
13.2228 4294967295
13.2228 4294967295
13.3075 4294967295
13.3075 4294967295
13.3922 4294967295
13.3922 4294967295
13.4769 4294967295
13.4769 4294967295
13.5616 4294967295
13.5616 4294967295
13.6463 4294967295
13.6463 4294967295
13.731 4294967295
13.731 4294967295
13.8157 4294967295
13.8157 4294967295
13.9004 4294967295
13.9004 4294967295
13.9851 4294967295
13.9851 4294967295
14.0698 4294967295
14.0698 4294967295
14.1545 4294967295
14.1545 4294967295
14.2392 4294967295
14.2392 4294967295
14.3239 4294967295
14.3239 4294967295
14.4086 4294967295
14.4086 4294967295
14.4933 4294967295
14.4933 4294967295
14.578 4294967295
14.578 4294967295
14.6627 4294967295
14.6627 4294967295
14.7474 4294967295
14.7474 4294967295
14.8321 4294967295
14.8321 4294967295
14.9168 4294967295
14.9168 4294967295
15.0015 4294967295
15.0015 4294967295
15.0862 4294967295
15.0862 4294967295
15.1709 4294967295
15.1709 4294967295
15.2556 4294967295
15.2556 4294967295
15.3403 4294967295
15.3403 4294967295
15.425 4294967295
15.425 4294967295
15.5097 4294967295
15.5097 4294967295
15.5944 4294967295
15.5944 4294967295
15.6791 4294967295
15.6791 4294967295
15.7638 4294967295
15.7638 4294967295
15.8485 4294967295
15.8485 4294967295
15.9332 4294967295
15.9332 4294967295
16.0179 4294967295
16.0179 4294967295
16.1026 4294967295
16.1026 4294967295
16.1873 4294967295
16.1873 4294967295
16.272 4294967295
16.272 4294967295
16.3567 4294967295
16.3567 4294967295
16.4414 4294967295
16.4414 4294967295
16.5261 4294967295
16.5261 4294967295
16.6108 4294967295
16.6108 4294967295
16.6955 4294967295
16.6955 4294967295
16.7802 4294967295
16.7802 4294967295
16.8649 4294967295
16.8649 4294967295
16.9496 4294967295
16.9496 4294967295
17.0343 4294967295
17.0343 4294967295
17.119 4294967295
17.119 4294967295
17.2037 4294967295
17.2037 4294967295
17.2884 4294967295
17.2884 4294967295
17.3731 4294967295
17.3731 4294967295
17.4578 4294967295
17.4578 4294967295
17.5425 4294967295
17.5425 4294967295
17.6272 4294967295
17.6272 4294967295
17.7119 4294967295
17.7119 4294967295
17.7966 4294967295
17.7966 4294967295
17.8813 4294967295
17.8813 4294967295
17.966 4294967295
17.966 4294967295
18.0507 4294967295
18.0507 4294967295
18.1354 4294967295
18.1354 4294967295
18.2201 4294967295
18.2201 4294967295
18.3048 4294967295
18.3048 4294967295
18.3895 4294967295
18.3895 4294967295
18.4742 4294967295
18.4742 4294967295
18.5589 4294967295
18.5589 4294967295
18.6436 4294967295
18.6436 4294967295
18.7283 4294967295
18.7283 4294967295
18.813 4294967295
18.813 4294967295
18.8977 4294967295
18.8977 4294967295
18.9824 4294967295
18.9824 4294967295
19.0671 4294967295
19.0671 4294967295
19.1518 4294967295
19.1518 4294967295
19.2365 4294967295
19.2365 4294967295
19.3212 4294967295
19.3212 4294967295
19.4059 4294967295
19.4059 4294967295
19.4906 4294967295
19.4906 4294967295
19.5753 4294967295
19.5753 4294967295
19.66 4294967295
19.66 4294967295
19.7447 4294967295
19.7447 4294967295
19.8294 4294967295
19.8294 4294967295
19.9141 4294967295
19.9141 4294967295
19.9988 4294967295
19.9988 4294967295
20.0835 4294967295
20.0835 4294967295
20.1682 4294967295
20.1682 4294967295
20.2529 4294967295
20.2529 4294967295
20.3376 4294967295
20.3376 4294967295
20.4223 4294967295
20.4223 4294967295
20.507 4294967295
20.507 4294967295
20.5944 4294967295
20.5944 4294967295
20.7118 4294967295
20.7118 4294967295
20.8289 4294967295
20.8289 4294967295
20.9459 4294967295
20.9459 4294967295
21.0629 4294967295
21.0629 4294967295
21.1481 4294967295
21.1481 4294967295
21.2397 4294967295
21.2397 4294967295
21.33 4294967295
21.33 4294967295
21.4186 4294967295
21.4186 4294967295
21.5081 4294967295
21.5081 4294967295
21.5984 4294967295
21.5984 4294967295
21.6896 4294967295
21.6896 4294967295
21.7816 4294967295
21.7816 4294967295
21.8749 4294967295
21.8749 4294967295
21.9762 4294967295
21.9762 4294967295
22.0716 4294967295
22.0716 4294967295
22.1679 4294967295
22.1679 4294967295
22.265 4294967295
22.265 4294967295
22.3629 4294967295
22.3629 4294967295
22.4617 4294967295
22.4617 4294967295
22.5622 4294967295
22.5622 4294967295
22.6694 4294967295
22.6694 4294967295
22.7716 4294967295
22.7716 4294967295
22.8747 4294967295
22.8747 4294967295
22.9785 4294967295
22.9785 4294967295
23.0833 4294967295
23.0833 4294967295
23.1888 4294967295
23.1888 4294967295
23.3016 4294967295
23.3016 4294967295
23.4098 4294967295
23.4098 4294967295
23.5187 4294967295
23.5187 4294967295
23.6285 4294967295
23.6285 4294967295
23.7392 4294967295
23.7392 4294967295
23.8507 4294967295
23.8507 4294967295
23.9677 4294967295
23.9677 4294967295
24.0776 4294967295
24.0776 4294967295
24.1869 4294967295
24.1869 4294967295
24.2972 4294967295
24.2972 4294967295
24.4083 4294967295
24.4083 4294967295
24.5202 4294967295
24.5202 4294967295
24.6368 4294967295
24.6368 4294967295
24.7475 4294967295
24.7475 4294967295
24.8569 4294967295
24.8569 4294967295
24.9671 4294967295
24.9671 4294967295
25.0782 4294967295
25.0782 4294967295
25.1901 4294967295
25.1901 4294967295
25.3059 4294967295
25.3059 4294967295
25.4174 4294967295
25.4174 4294967295
25.5268 4294967295
25.5268 4294967295
25.637 4294967295
25.637 4294967295
25.7481 4294967295
25.7481 4294967295
25.86 4294967295
25.86 4294967295
25.975 4294967295
25.975 4294967295
26.0873 4294967295
26.0873 4294967295
26.1967 4294967295
26.1967 4294967295
26.3069 4294967295
26.3069 4294967295
26.418 4294967295
26.418 4294967295
26.53 4294967295
26.53 4294967295
26.644 4294967295
26.644 4294967295
26.7577 4294967295
26.7577 4294967295
26.867 4294967295
26.867 4294967295
26.9773 4294967295
26.9773 4294967295
27.0884 4294967295
27.0884 4294967295
27.2003 4294967295
27.2003 4294967295
27.3131 4294967295
27.3131 4294967295
27.4276 4294967295
27.4276 4294967295
27.537 4294967295
27.537 4294967295
27.6472 4294967295
27.6472 4294967295
27.7583 4294967295
27.7583 4294967295
27.8702 4294967295
27.8702 4294967295
27.983 4294967295
27.983 4294967295
28.0983 4294967295
28.0983 4294967295
28.2077 4294967295
28.2077 4294967295
28.318 4294967295
28.318 4294967295
28.4291 4294967295
28.4291 4294967295
28.541 4294967295
28.541 4294967295
28.6538 4294967295
28.6538 4294967295
28.7695 4294967295
28.7695 4294967295
28.8789 4294967295
28.8789 4294967295
28.9892 4294967295
28.9892 4294967295
29.1003 4294967295
29.1003 4294967295
29.2122 4294967295
29.2122 4294967295
29.325 4294967295
29.325 4294967295
29.4416 4294967295
29.4416 4294967295
29.551 4294967295
29.551 4294967295
29.6612 4294967295
29.6612 4294967295
29.7723 4294967295
29.7723 4294967295
29.8842 4294967295
29.8842 4294967295
29.997 4294967295
29.997 4294967295
30.1145 4294967295
30.1145 4294967295
30.2234 4294967295
30.2234 4294967295
30.3081 4294967295
30.3081 4294967295
30.3928 4294967295
30.3928 4294967295
30.4775 4294967295
30.4775 4294967295
30.5623 4294967295
30.5623 4294967295
30.656 4294967295
30.656 4294967295
30.7451 4294967295
30.7451 4294967295
30.8337 4294967295
30.8337 4294967295
30.9232 4294967295
30.9232 4294967295
31.0135 4294967295
31.0135 4294967295
31.1046 4294967295
31.1046 4294967295
31.1966 4294967295
31.1966 4294967295
31.2916 4294967295
31.2916 4294967295
31.3925 4294967295
31.3925 4294967295
31.4883 4294967295
31.4883 4294967295
31.585 4294967295
31.585 4294967295
31.6825 4294967295
31.6825 4294967295
31.7809 4294967295
31.7809 4294967295
31.8801 4294967295
31.8801 4294967295
31.9815 4294967295
31.9815 4294967295
32.0887 4294967295
32.0887 4294967295
32.1909 4294967295
32.1909 4294967295
32.2939 4294967295
32.2939 4294967295
32.3978 4294967295
32.3978 4294967295
32.5026 4294967295
32.5026 4294967295
32.6081 4294967295
32.6081 4294967295
32.7209 4294967295
32.7209 4294967295
32.8295 4294967295
32.8295 4294967295
32.9389 4294967295
32.9389 4294967295
33.0491 4294967295
33.0491 4294967295
33.1602 4294967295
33.1602 4294967295
33.2721 4294967295
33.2721 4294967295
33.3887 4294967295
33.3887 4294967295
33.499 4294967295
33.499 4294967295
33.6083 4294967295
33.6083 4294967295
33.7186 4294967295
33.7186 4294967295
33.8297 4294967295
33.8297 4294967295
33.9416 4294967295
33.9416 4294967295
34.0569 4294967295
34.0569 4294967295
34.1689 4294967295
34.1689 4294967295
34.2783 4294967295
34.2783 4294967295
34.3885 4294967295
34.3885 4294967295
34.4996 4294967295
34.4996 4294967295
34.6115 4294967295
34.6115 4294967295
34.7252 4294967295
34.7252 4294967295
34.8388 4294967295
34.8388 4294967295
34.9482 4294967295
34.9482 4294967295
35.0584 4294967295
35.0584 4294967295
35.1695 4294967295
35.1695 4294967295
35.2815 4294967295
35.2815 4294967295
35.3942 4294967295
35.3942 4294967295
35.5096 4294967295
35.5096 4294967295
35.619 4294967295
35.619 4294967295
35.7292 4294967295
35.7292 4294967295
35.8403 4294967295
35.8403 4294967295
35.9522 4294967295
35.9522 4294967295
36.065 4294967295
36.065 4294967295
36.182 4294967295
36.182 4294967295
36.2914 4294967295
36.2914 4294967295
36.4017 4294967295
36.4017 4294967295
36.5127 4294967295
36.5127 4294967295
36.6247 4294967295
36.6247 4294967295
36.7375 4294967295
36.7375 4294967295
36.8549 4294967295
36.8549 4294967295
36.9635 4294967295
36.9635 4294967295
37.0729 4294967295
37.0729 4294967295
37.1831 4294967295
37.1831 4294967295
37.2942 4294967295
37.2942 4294967295
37.4061 4294967295
37.4061 4294967295
37.5231 4294967295
37.5231 4294967295
37.6317 4294967295
37.6317 4294967295
37.7411 4294967295
37.7411 4294967295
37.8513 4294967295
37.8513 4294967295
37.9624 4294967295
37.9624 4294967295
38.0743 4294967295
38.0743 4294967295
38.1914 4294967295
38.1914 4294967295
38.3012 4294967295
38.3012 4294967295
38.4106 4294967295
38.4106 4294967295
38.5208 4294967295
38.5208 4294967295
38.6319 4294967295
38.6319 4294967295
38.7438 4294967295
38.7438 4294967295
38.86 4294967295
38.86 4294967295
38.9715 4294967295
38.9715 4294967295
39.0809 4294967295
39.0809 4294967295
39.1912 4294967295
39.1912 4294967295
39.3022 4294967295
39.3022 4294967295
39.4142 4294967295
39.4142 4294967295
39.5287 4294967295
39.5287 4294967295
39.6414 4294967295
39.6414 4294967295
39.7508 4294967295
39.7508 4294967295
39.8611 4294967295
39.8611 4294967295
39.9722 4294967295
39.9722 4294967295
40.0841 4294967295
40.0841 4294967295
40.1969 4294967295
40.1969 4294967295
40.3157 4294967295
40.3157 4294967295
40.437 4294967295
40.437 4294967295
40.5642 4294967295
40.5642 4294967295
40.6829 4294967295
40.6829 4294967295
40.819 4294967295
40.819 4294967295
41.0183 4294967295
41.0183 4294967295
41.2242 4294967295
41.2242 4294967295
41.2549 4294967295
41.2549 4294967295
41.4881 4294967295
41.4881 4294967295
41.691 4294967295
41.691 4294967295
41.7242 4294967295
41.7242 4294967295
41.9574 4294967295
41.9574 4294967295
42.152 4294967295
42.152 4294967295
42.3496 4294967295
42.3496 4294967295
42.5534 4294967295
42.5534 4294967295
42.5693 4294967295
42.5693 4294967295
42.7957 4294967295
42.7957 4294967295
42.9986 4294967295
42.9986 4294967295
43.0289 4294967295
43.0289 4294967295
43.2595 4294967295
43.2595 4294967295
43.4625 4294967295
43.4625 4294967295
43.4932 4294967295
43.4932 4294967295
43.72 4294967295
43.72 4294967295
43.923 4294967295
43.923 4294967295
43.9532 4294967295
43.9532 4294967295
44.1834 4294967295
44.1834 4294967295
44.3864 4294967295
44.3864 4294967295
44.417 4294967295
44.417 4294967295
44.6422 4294967295
44.6422 4294967295
44.8447 4294967295
44.8447 4294967295
44.8733 4294967295
44.8733 4294967295
45.1022 4294967295
45.1022 4294967295
45.3056 4294967295
45.3056 4294967295
45.3346 4294967295
45.3346 4294967295
45.5593 4294967295
45.5593 4294967295
45.7623 4294967295
45.7623 4294967295
45.7849 4294967295
45.7849 4294967295
46.0083 4294967295
46.0083 4294967295
46.2117 4294967295
46.2117 4294967295
46.239 4294967295
46.239 4294967295
46.4645 4294967295
46.4645 4294967295
46.6671 4294967295
46.6671 4294967295
46.6965 4294967295
46.6965 4294967295
46.9229 4294967295
46.9229 4294967295
47.1259 4294967295
47.1259 4294967295
47.1569 4294967295
47.1569 4294967295
47.3825 4294967295
47.3825 4294967295
47.5859 4294967295
47.5859 4294967295
47.6157 4294967295
47.6157 4294967295
47.8417 4294967295
47.8417 4294967295
48.0447 4294967295
48.0447 4294967295
48.0753 4294967295
48.0753 4294967295
48.3013 4294967295
48.3013 4294967295
48.5043 4294967295
48.5043 4294967295
48.5345 4294967295
48.5345 4294967295
48.7601 4294967295
48.7601 4294967295
48.963 4294967295
48.963 4294967295
48.9933 4294967295
48.9933 4294967295
49.2193 4294967295
49.2193 4294967295
49.4222 4294967295
49.4222 4294967295
49.4516 4294967295
49.4516 4294967295
49.6789 4294967295
49.6789 4294967295
49.8819 4294967295
49.8819 4294967295
49.9104 4294967295
49.9104 4294967295
50.1364 4294967295
50.1364 4294967295
50.3394 4294967295
50.3394 4294967295
50.3603 4294967295
50.3603 4294967295
50.5591 4294967295
50.5591 4294967295
50.7452 4294967295
50.7452 4294967295
50.9344 4294967295
50.9344 4294967295
51.1027 4294967295
51.1027 4294967295
51.2553 4294967295
51.2553 4294967295
51.4118 4294967295
51.4118 4294967295
51.5776 4294967295
51.5776 4294967295
51.7535 4294967295
51.7535 4294967295
51.9261 4294967295
51.9261 4294967295
52.1088 4294967295
52.1088 4294967295
52.3022 4294967295
52.3022 4294967295
52.5056 4294967295
52.5056 4294967295
52.5099 4294967295
52.5099 4294967295
52.7266 4294967295
52.7266 4294967295
52.9296 4294967295
52.9296 4294967295
52.9623 4294967295
52.9623 4294967295
53.1909 4294967295
53.1909 4294967295
53.3943 4294967295
53.3943 4294967295
53.427 4294967295
53.427 4294967295
53.6607 4294967295
53.6607 4294967295
53.8632 4294967295
53.8632 4294967295
53.8964 4294967295
53.8964 4294967295
54.1296 4294967295
54.1296 4294967295
54.333 4294967295
54.333 4294967295
54.3594 4294967295
54.3594 4294967295
54.5892 4294967295
54.5892 4294967295
54.793 4294967295
54.793 4294967295
54.8254 4294967295
54.8254 4294967295
55.0586 4294967295
55.0586 4294967295
55.2616 4294967295
55.2616 4294967295
55.2948 4294967295
55.2948 4294967295
55.5208 4294967295
55.5208 4294967295
55.7237 4294967295
55.7237 4294967295
55.7497 4294967295
55.7497 4294967295
55.9791 4294967295
55.9791 4294967295
56.1829 4294967295
56.1829 4294967295
56.2144 4294967295
56.2144 4294967295
56.4476 4294967295
56.4476 4294967295
56.6506 4294967295
56.6506 4294967295
56.6812 4294967295
56.6812 4294967295
56.9034 4294967295
56.9034 4294967295
57.1068 4294967295
57.1068 4294967295
57.1324 4294967295
57.1324 4294967295
57.3618 4294967295
57.3618 4294967295
57.5652 4294967295
57.5652 4294967295
57.5962 4294967295
57.5962 4294967295
57.8299 4294967295
57.8299 4294967295
58.0324 4294967295
58.0324 4294967295
58.0546 4294967295
58.0546 4294967295
58.2793 4294967295
58.2793 4294967295
58.4827 4294967295
58.4827 4294967295
58.5112 4294967295
58.5112 4294967295
58.7427 4294967295
58.7427 4294967295
58.9457 4294967295
58.9457 4294967295
58.9789 4294967295
58.9789 4294967295
59.2036 4294967295
59.2036 4294967295
59.4066 4294967295
59.4066 4294967295
59.4313 4294967295
59.4313 4294967295
59.6598 4294967295
59.6598 4294967295
59.8628 4294967295
59.8628 4294967295
59.8943 4294967295
59.8943 4294967295
60.1275 4294967295
60.1275 4294967295
60.3305 4294967295
60.3305 4294967295
60.3616 4294967295
60.3616 4294967295
60.5893 4294967295
60.5893 4294967295
60.7932 4294967295
60.7932 4294967295
60.8302 4294967295
60.8302 4294967295
61.0723 4294967295
61.0723 4294967295
61.2752 4294967295
61.2752 4294967295
61.3233 4294967295
61.3233 4294967295
61.5383 4294967295
61.5383 4294967295
61.7248 4294967295
61.7248 4294967295
61.8999 4294967295
61.8999 4294967295
62.1037 4294967295
62.1037 4294967295
62.1162 4294967295
62.1162 4294967295
62.3642 4294967295
62.3642 4294967295
62.3672 4294967295
62.3672 4294967295
62.5953 4294967295
62.5953 4294967295
62.5957 4294967295
62.5957 4294967295
62.5957 4294967295
62.5957 4294967295
62.68 4294967295
62.68 4294967295
62.68 4294967295
62.68 4294967295
62.6859 4294967295
62.7676 4294967295
62.7676 4294967295
62.8523 4294967295
62.8523 4294967295
62.937 4294967295
62.937 4294967295
63.0217 4294967295
63.0217 4294967295
63.1064 4294967295
63.1064 4294967295
63.1914 4294967295
63.1914 4294967295
63.2761 4294967295
63.2761 4294967295
63.3608 4294967295
63.3608 4294967295
63.4455 4294967295
63.4455 4294967295
63.5302 4294967295
63.5302 4294967295
63.6149 4294967295
63.6149 4294967295
63.7001 4294967295
63.7001 4294967295
63.7848 4294967295
63.7848 4294967295
63.8695 4294967295
63.8695 4294967295
63.9542 4294967295
63.9542 4294967295
64.0393 4294967295
64.0393 4294967295
64.124 4294967295
64.124 4294967295
64.2087 4294967295
64.2087 4294967295
64.2937 4294967295
64.2937 4294967295
64.3784 4294967295
64.3784 4294967295
64.4631 4294967295
64.4631 4294967295
64.5478 4294967295
64.5478 4294967295
64.6325 4294967295
64.6325 4294967295
64.7172 4294967295
64.7172 4294967295
64.8021 4294967295
64.8021 4294967295
64.887 4294967295
64.887 4294967295
64.9718 4294967295
64.9718 4294967295
65.0567 4294967295
65.0567 4294967295
65.1414 4294967295
65.1414 4294967295
65.2264 4294967295
65.2264 4294967295
65.3114 4294967295
65.3114 4294967295
65.3965 4294967295
65.3965 4294967295
65.4812 4294967295
65.4812 4294967295
65.5661 4294967295
65.5661 4294967295
65.6515 4294967295
65.6515 4294967295
65.7422 4294967295
65.7422 4294967295
65.833 4294967295
65.833 4294967295
65.9246 4294967295
65.9246 4294967295
66.0208 4294967295
66.0208 4294967295
66.1226 4294967295
66.1226 4294967295
66.2286 4294967295
66.2286 4294967295
66.3397 4294967295
66.3397 4294967295
66.463 4294967295
66.463 4294967295
66.5881 4294967295
66.5881 4294967295
66.7196 4294967295
66.7196 4294967295
66.8599 4294967295
66.8599 4294967295
67.0011 4294967295
67.0011 4294967295
67.1431 4294967295
67.1431 4294967295
67.2822 4294967295
67.2822 4294967295
67.4247 4294967295
67.4247 4294967295
67.5684 4294967295
67.5684 4294967295
67.713 4294967295
67.713 4294967295
67.8576 4294967295
67.8576 4294967295
67.9979 4294967295
67.9979 4294967295
68.1434 4294967295
68.1434 4294967295
68.2892 4294967295
68.2892 4294967295
68.4363 4294967295
68.4363 4294967295
68.5818 4294967295
68.5818 4294967295
68.7264 4294967295
68.7264 4294967295
68.8743 4294967295
68.8743 4294967295
69.0232 4294967295
69.0232 4294967295
69.1728 4294967295
69.1728 4294967295
69.3183 4294967295
69.3183 4294967295
69.4671 4294967295
69.4671 4294967295
69.6189 4294967295
69.6189 4294967295
69.7719 4294967295
69.7719 4294967295
69.9246 4294967295
69.9246 4294967295
70.0747 4294967295
70.0747 4294967295
70.2286 4294967295
70.2286 4294967295
70.3842 4294967295
70.3842 4294967295
70.5419 4294967295
70.5419 4294967295
70.6954 4294967295
70.6954 4294967295
70.8527 4294967295
70.8527 4294967295
71.0109 4294967295
71.0109 4294967295
71.1699 4294967295
71.1699 4294967295
71.3301 4294967295
71.3301 4294967295
71.4891 4294967295
71.4891 4294967295
71.6503 4294967295
71.6503 4294967295
71.8122 4294967295
71.8122 4294967295
71.9755 4294967295
71.9755 4294967295
72.1353 4294967295
72.1353 4294967295
72.299 4294967295
72.299 4294967295
72.4643 4294967295
72.4643 4294967295
72.6297 4294967295
72.6297 4294967295
72.7938 4294967295
72.7938 4294967295
72.9596 4294967295
72.9596 4294967295
73.1292 4294967295
73.1292 4294967295
73.2992 4294967295
73.2992 4294967295
73.4701 4294967295
73.4701 4294967295
73.6388 4294967295
73.6388 4294967295
73.8127 4294967295
73.8127 4294967295
73.9878 4294967295
73.9878 4294967295
74.1616 4294967295
74.1616 4294967295
74.3338 4294967295
74.3338 4294967295
74.5093 4294967295
74.5093 4294967295
74.6869 4294967295
74.6869 4294967295
74.8642 4294967295
74.8642 4294967295
75.0376 4294967295
75.0376 4294967295
75.214 4294967295
75.214 4294967295
75.3908 4294967295
75.3908 4294967295
75.5655 4294967295
75.5655 4294967295
75.7393 4294967295
75.7393 4294967295
75.8763 4294967295
75.8763 4294967295
75.9861 4294967295
75.9861 4294967295
76.0989 4294967295
76.0989 4294967295
76.2155 4294967295
76.2155 4294967295
76.335 4294967295
76.335 4294967295
76.4576 4294967295
76.4576 4294967295
76.5827 4294967295
76.5827 4294967295
76.7145 4294967295
76.7145 4294967295
76.8523 4294967295
76.8523 4294967295
76.9876 4294967295
76.9876 4294967295
77.1258 4294967295
77.1258 4294967295
77.2666 4294967295
77.2666 4294967295
77.4099 4294967295
77.4099 4294967295
77.5562 4294967295
77.5562 4294967295
77.7169 4294967295
77.7169 4294967295
77.8695 4294967295
77.8695 4294967295
78.0238 4294967295
78.0238 4294967295
78.1811 4294967295
78.1811 4294967295
78.3406 4294967295
78.3406 4294967295
78.5029 4294967295
78.5029 4294967295
78.6755 4294967295
78.6755 4294967295
78.8438 4294967295
78.8438 4294967295
79.0156 4294967295
79.0156 4294967295
79.1898 4294967295
79.1898 4294967295
79.3675 4294967295
79.3675 4294967295
79.5507 4294967295
79.5507 4294967295
79.7279 4294967295
79.7279 4294967295
79.9102 4294967295
79.9102 4294967295
80.0955 4294967295
80.0955 4294967295
80.2816 4294967295
80.2816 4294967295
80.4703 4294967295
80.4703 4294967295
80.6552 4294967295
80.6552 4294967295
80.8455 4294967295
80.8455 4294967295
81.0376 4294967295
81.0376 4294967295
81.2305 4294967295
81.2305 4294967295
81.4243 4294967295
81.4243 4294967295
81.6181 4294967295
81.6181 4294967295
81.8148 4294967295
81.8148 4294967295
82.0137 4294967295
82.0137 4294967295
82.2151 4294967295
82.2151 4294967295
82.4127 4294967295
82.4127 4294967295
82.6149 4294967295
82.6149 4294967295
82.8183 4294967295
82.8183 4294967295
82.8235 4294967295
82.8235 4294967295
83.0304 4294967295
83.0304 4294967295
83.2338 4294967295
83.2338 4294967295
83.2428 4294967295
83.2428 4294967295
83.4502 4294967295
83.4502 4294967295
83.654 4294967295
83.654 4294967295
83.6647 4294967295
83.6647 4294967295
83.8788 4294967295
83.8788 4294967295
84.0814 4294967295
84.0814 4294967295
84.1002 4294967295
84.1002 4294967295
84.3126 4294967295
84.3126 4294967295
84.5156 4294967295
84.5156 4294967295
84.5327 4294967295
84.5327 4294967295
84.7519 4294967295
84.7519 4294967295
84.9553 4294967295
84.9553 4294967295
84.977 4294967295
84.977 4294967295
85.1941 4294967295
85.1941 4294967295
85.3971 4294967295
85.3971 4294967295
85.418 4294967295
85.418 4294967295
85.641 4294967295
85.641 4294967295
85.8444 4294967295
85.8444 4294967295
85.8683 4294967295
85.8683 4294967295
86.0875 4294967295
86.0875 4294967295
86.2579 4294967295
86.2579 4294967295
86.4131 4294967295
86.4131 4294967295
86.5666 4294967295
86.5666 4294967295
86.7264 4294967295
86.7264 4294967295
86.8892 4294967295
86.8892 4294967295
87.0584 4294967295
87.0584 4294967295
87.2369 4294967295
87.2369 4294967295
87.4243 4294967295
87.4243 4294967295
87.6156 4294967295
87.6156 4294967295
87.8198 4294967295
87.8198 4294967295
87.8263 4294967295
87.8263 4294967295
88.037 4294967295
88.037 4294967295
88.2408 4294967295
88.2408 4294967295
88.2617 4294967295
88.2617 4294967295
88.4911 4294967295
88.4911 4294967295
88.6941 4294967295
88.6941 4294967295
88.7252 4294967295
88.7252 4294967295
88.9592 4294967295
88.9592 4294967295
89.1622 4294967295
89.1622 4294967295
89.1894 4294967295
89.1894 4294967295
89.4218 4294967295
89.4218 4294967295
89.6243 4294967295
89.6243 4294967295
89.6588 4294967295
89.6588 4294967295
89.8916 4294967295
89.8916 4294967295
90.0946 4294967295
90.0946 4294967295
90.1286 4294967295
90.1286 4294967295
90.3567 4294967295
90.3567 4294967295
90.5597 4294967295
90.5597 4294967295
90.5916 4294967295
90.5916 4294967295
90.8261 4294967295
90.8261 4294967295
91.0286 4294967295
91.0286 4294967295
91.0572 4294967295
91.0572 4294967295
91.2891 4294967295
91.2891 4294967295
91.4929 4294967295
91.4929 4294967295
91.521 4294967295
91.521 4294967295
91.75 4294967295
91.75 4294967295
91.9538 4294967295
91.9538 4294967295
91.9861 4294967295
91.9861 4294967295
92.2147 4294967295
92.2147 4294967295
92.4177 4294967295
92.4177 4294967295
92.4479 4294967295
92.4479 4294967295
92.6785 4294967295
92.6785 4294967295
92.8815 4294967295
92.8815 4294967295
92.9109 4294967295
92.9109 4294967295
93.1437 4294967295
93.1437 4294967295
93.3471 4294967295
93.3471 4294967295
93.3756 4294967295
93.3756 4294967295
93.6058 4294967295
93.6058 4294967295
93.8088 4294967295
93.8088 4294967295
93.8407 4294967295
93.8407 4294967295
94.0701 4294967295
94.0701 4294967295
94.2731 4294967295
94.2731 4294967295
94.3059 4294967295
94.3059 4294967295
94.5357 4294967295
94.5357 4294967295
94.7386 4294967295
94.7386 4294967295
94.7689 4294967295
94.7689 4294967295
95.0012 4294967295
95.0012 4294967295
95.2046 4294967295
95.2046 4294967295
95.2331 4294967295
95.2331 4294967295
95.4651 4294967295
95.4651 4294967295
95.6685 4294967295
95.6685 4294967295
95.6987 4294967295
95.6987 4294967295
95.9285 4294967295
95.9285 4294967295
96.1315 4294967295
96.1315 4294967295
96.1642 4294967295
96.1642 4294967295
96.3928 4294967295
96.3928 4294967295
96.5957 4294967295
96.5957 4294967295
96.6268 4294967295
96.6268 4294967295
96.8041 4294967295
96.8041 4294967295
96.9601 4294967295
96.9601 4294967295
97.1182 4294967295
97.1182 4294967295
97.2781 4294967295
97.2781 4294967295
97.4405 4294967295
97.4405 4294967295
97.605 4294967295
97.605 4294967295
97.7771 4294967295
97.7771 4294967295
97.9578 4294967295
97.9578 4294967295
98.1367 4294967295
98.1367 4294967295
98.3262 4294967295
98.3262 4294967295
98.528 4294967295
98.528 4294967295
98.7323 4294967295
98.7323 4294967295
98.7468 4294967295
98.7468 4294967295
98.9775 4294967295
98.9775 4294967295
99.1809 4294967295
99.1809 4294967295
99.2141 4294967295
99.2141 4294967295
99.4452 4294967295
99.4452 4294967295
99.6481 4294967295
99.6481 4294967295
99.6822 4294967295
99.6822 4294967295
99.9166 4294967295
99.9166 4294967295
100.12 4294967295
100.12 4294967295
100.154 4294967295
100.154 4294967295
100.314 4294967295
100.314 4294967295
100.398 4294967295
100.398 4294967295
100.483 4294967295
100.483 4294967295
100.568 4294967295
100.568 4294967295
100.653 4294967295
100.653 4294967295
100.737 4294967295
100.737 4294967295
100.822 4294967295
100.822 4294967295
100.907 4294967295
100.907 4294967295
100.992 4294967295
100.992 4294967295
101.077 4294967295
101.077 4294967295
101.162 4294967295
101.162 4294967295
101.247 4294967295
101.247 4294967295
101.332 4294967295
101.332 4294967295
101.417 4294967295
101.417 4294967295
101.502 4294967295
101.502 4294967295
101.587 4294967295
101.587 4294967295
101.674 4294967295
101.674 4294967295
101.768 4294967295
101.768 4294967295
101.856 4294967295
101.856 4294967295
101.945 4294967295
101.945 4294967295
102.036 4294967295
102.036 4294967295
102.127 4294967295
102.127 4294967295
102.22 4294967295
102.22 4294967295
102.313 4294967295
102.313 4294967295
102.412 4294967295
102.412 4294967295
102.512 4294967295
102.512 4294967295
102.61 4294967295
102.61 4294967295
102.709 4294967295
102.709 4294967295
102.81 4294967295
102.81 4294967295
102.912 4294967295
102.912 4294967295
103.015 4294967295
103.015 4294967295
103.124 4294967295
103.124 4294967295
103.231 4294967295
103.231 4294967295
103.338 4294967295
103.338 4294967295
103.448 4294967295
103.448 4294967295
103.559 4294967295
103.559 4294967295
103.674 4294967295
103.674 4294967295
103.793 4294967295
103.793 4294967295
103.908 4294967295
103.908 4294967295
104.022 4294967295
104.022 4294967295
104.139 4294967295
104.139 4294967295
104.259 4294967295
104.259 4294967295
104.378 4294967295
104.378 4294967295
104.498 4294967295
104.498 4294967295
104.612 4294967295
104.612 4294967295
104.727 4294967295
104.727 4294967295
104.845 4294967295
104.845 4294967295
104.966 4294967295
104.966 4294967295
105.088 4294967295
105.088 4294967295
105.21 4294967295
105.21 4294967295
105.326 4294967295
105.326 4294967295
105.447 4294967295
105.447 4294967295
105.571 4294967295
105.571 4294967295
105.694 4294967295
105.694 4294967295
105.819 4294967295
105.819 4294967295
105.942 4294967295
105.942 4294967295
106.067 4294967295
106.067 4294967295
106.193 4294967295
106.193 4294967295
106.32 4294967295
106.32 4294967295
106.448 4294967295
106.448 4294967295
106.578 4294967295
106.578 4294967295
106.705 4294967295
106.705 4294967295
106.835 4294967295
106.835 4294967295
106.968 4294967295
106.968 4294967295
107.101 4294967295
107.101 4294967295
107.236 4294967295
107.236 4294967295
107.37 4294967295
107.37 4294967295
107.509 4294967295
107.509 4294967295
107.649 4294967295
107.649 4294967295
107.787 4294967295
107.787 4294967295
107.928 4294967295
107.928 4294967295
108.066 4294967295
108.066 4294967295
108.207 4294967295
108.207 4294967295
108.349 4294967295
108.349 4294967295
108.49 4294967295
108.49 4294967295
108.633 4294967295
108.633 4294967295
108.774 4294967295
108.774 4294967295
108.918 4294967295
108.918 4294967295
109.062 4294967295
109.062 4294967295
109.206 4294967295
109.206 4294967295
109.351 4294967295
109.351 4294967295
109.491 4294967295
109.491 4294967295
109.637 4294967295
109.637 4294967295
109.781 4294967295
109.781 4294967295
109.928 4294967295
109.928 4294967295
110.073 4294967295
110.073 4294967295
110.22 4294967295
110.22 4294967295
110.368 4294967295
110.368 4294967295
110.517 4294967295
110.517 4294967295
110.668 4294967295
110.668 4294967295
110.813 4294967295
110.813 4294967295
110.963 4294967295
110.963 4294967295
111.115 4294967295
111.115 4294967295
111.267 4294967295
111.267 4294967295
111.42 4294967295
111.42 4294967295
111.571 4294967295
111.571 4294967295
111.7 4294967295
111.7 4294967295
111.809 4294967295
111.809 4294967295
111.924 4294967295
111.924 4294967295
112.046 4294967295
112.046 4294967295
112.183 4294967295
112.183 4294967295
112.318 4294967295
112.318 4294967295
112.46 4294967295
112.46 4294967295
112.611 4294967295
112.611 4294967295
112.767 4294967295
112.767 4294967295
112.926 4294967295
112.926 4294967295
113.086 4294967295
113.086 4294967295
113.245 4294967295
113.245 4294967295
113.406 4294967295
113.406 4294967295
113.569 4294967295
113.569 4294967295
113.731 4294967295
113.731 4294967295
113.895 4294967295
113.895 4294967295
114.057 4294967295
114.057 4294967295
114.221 4294967295
114.221 4294967295
114.39 4294967295
114.39 4294967295
114.555 4294967295
114.555 4294967295
114.723 4294967295
114.723 4294967295
114.89 4294967295
114.89 4294967295
115.058 4294967295
115.058 4294967295
115.229 4294967295
115.229 4294967295
115.401 4294967295
115.401 4294967295
115.573 4294967295
115.573 4294967295
115.747 4294967295
115.747 4294967295
115.92 4294967295
115.92 4294967295
116.095 4294967295
116.095 4294967295
116.273 4294967295
116.273 4294967295
116.447 4294967295
116.447 4294967295
116.625 4294967295
116.625 4294967295
116.8 4294967295
116.8 4294967295
116.978 4294967295
116.978 4294967295
117.162 4294967295
117.162 4294967295
117.341 4294967295
117.341 4294967295
117.523 4294967295
117.523 4294967295
117.705 4294967295
117.705 4294967295
117.89 4294967295
117.89 4294967295
118.079 4294967295
118.079 4294967295
118.263 4294967295
118.263 4294967295
118.45 4294967295
118.45 4294967295
118.64 4294967295
118.64 4294967295
118.83 4294967295
118.83 4294967295
119.024 4294967295
119.024 4294967295
119.215 4294967295
119.215 4294967295
119.407 4294967295
119.407 4294967295
119.602 4294967295
119.602 4294967295
119.8 4294967295
119.8 4294967295
119.996 4294967295
119.996 4294967295
120.195 4294967295
120.195 4294967295
120.397 4294967295
120.397 4294967295
120.6 4294967295
120.6 4294967295
120.803 4294967295
120.803 4294967295
120.81 4294967295
120.81 4294967295
121.013 4294967295
121.013 4294967295
121.216 4294967295
121.216 4294967295
121.221 4294967295
121.221 4294967295
121.429 4294967295
121.429 4294967295
121.632 4294967295
121.632 4294967295
121.644 4294967295
121.644 4294967295
121.853 4294967295
121.853 4294967295
122.034 4294967295
122.034 4294967295
122.19 4294967295
122.19 4294967295
122.334 4294967295
122.334 4294967295
122.486 4294967295
122.486 4294967295
122.651 4294967295
122.651 4294967295
122.821 4294967295
122.821 4294967295
123 4294967295
123 4294967295
123.195 4294967295
123.195 4294967295
123.395 4294967295
123.395 4294967295
123.599 4294967295
123.599 4294967295
123.609 4294967295
123.609 4294967295
123.828 4294967295
123.828 4294967295
124.03 4294967295
124.03 4294967295
124.045 4294967295
124.045 4294967295
124.264 4294967295
124.264 4294967295
124.466 4294967295
124.466 4294967295
124.487 4294967295
124.487 4294967295
124.709 4294967295
124.709 4294967295
124.912 4294967295
124.912 4294967295
124.937 4294967295
124.937 4294967295
125.161 4294967295
125.161 4294967295
125.363 4294967295
125.363 4294967295
125.389 4294967295
125.389 4294967295
125.615 4294967295
125.615 4294967295
125.819 4294967295
125.819 4294967295
125.847 4294967295
125.847 4294967295
126.08 4294967295
126.08 4294967295
126.283 4294967295
126.283 4294967295
126.31 4294967295
126.31 4294967295
126.539 4294967295
126.539 4294967295
126.742 4294967295
126.742 4294967295
126.771 4294967295
126.771 4294967295
127.003 4294967295
127.003 4294967295
127.206 4294967295
127.206 4294967295
127.239 4294967295
127.239 4294967295
127.466 4294967295
127.466 4294967295
127.669 4294967295
127.669 4294967295
127.699 4294967295
127.699 4294967295
127.926 4294967295
127.926 4294967295
128.13 4294967295
128.13 4294967295
128.159 4294967295
128.159 4294967295
128.392 4294967295
128.392 4294967295
128.595 4294967295
128.595 4294967295
128.622 4294967295
128.622 4294967295
128.853 4294967295
128.853 4294967295
129.056 4294967295
129.056 4294967295
129.082 4294967295
129.082 4294967295
129.312 4294967295
129.312 4294967295
129.515 4294967295
129.515 4294967295
129.548 4294967295
129.548 4294967295
129.775 4294967295
129.775 4294967295
129.978 4294967295
129.978 4294967295
130.009 4294967295
130.009 4294967295
130.236 4294967295
130.236 4294967295
130.439 4294967295
130.439 4294967295
130.469 4294967295
130.469 4294967295
130.703 4294967295
130.703 4294967295
130.906 4294967295
130.906 4294967295
130.933 4294967295
130.933 4294967295
131.165 4294967295
131.165 4294967295
131.368 4294967295
131.368 4294967295
131.395 4294967295
131.395 4294967295
131.626 4294967295
131.626 4294967295
131.83 4294967295
131.83 4294967295
131.862 4294967295
131.862 4294967295
132.09 4294967295
132.09 4294967295
132.293 4294967295
132.293 4294967295
132.325 4294967295
132.325 4294967295
132.503 4294967295
132.503 4294967295
132.665 4294967295
132.665 4294967295
132.82 4294967295
132.82 4294967295
132.977 4294967295
132.977 4294967295
133.138 4294967295
133.138 4294967295
133.303 4294967295
133.303 4294967295
133.485 4294967295
133.485 4294967295
133.656 4294967295
133.656 4294967295
133.83 4294967295
133.83 4294967295
134.008 4294967295
134.008 4294967295
134.19 4294967295
134.19 4294967295
134.375 4294967295
134.375 4294967295
134.564 4294967295
134.564 4294967295
134.768 4294967295
134.768 4294967295
134.774 4294967295
134.774 4294967295
134.972 4294967295
134.972 4294967295
135.174 4294967295
135.174 4294967295
135.378 4294967295
135.378 4294967295
135.384 4294967295
135.384 4294967295
135.594 4294967295
135.594 4294967295
135.797 4294967295
135.797 4294967295
135.811 4294967295
135.811 4294967295
136.042 4294967295
136.042 4294967295
136.245 4294967295
136.245 4294967295
136.267 4294967295
136.267 4294967295
136.493 4294967295
136.493 4294967295
136.697 4294967295
136.697 4294967295
136.726 4294967295
136.726 4294967295
136.96 4294967295
136.96 4294967295
137.163 4294967295
137.163 4294967295
137.196 4294967295
137.196 4294967295
137.416 4294967295
137.416 4294967295
137.62 4294967295
137.62 4294967295
137.643 4294967295
137.643 4294967295
137.87 4294967295
137.87 4294967295
138.073 4294967295
138.073 4294967295
138.104 4294967295
138.104 4294967295
138.337 4294967295
138.337 4294967295
138.54 4294967295
138.54 4294967295
138.567 4294967295
138.567 4294967295
138.789 4294967295
138.789 4294967295
138.992 4294967295
138.992 4294967295
139.016 4294967295
139.016 4294967295
139.243 4294967295
139.243 4294967295
139.447 4294967295
139.447 4294967295
139.476 4294967295
139.476 4294967295
139.709 4294967295
139.709 4294967295
139.912 4294967295
139.912 4294967295
139.932 4294967295
139.932 4294967295
140.154 4294967295
140.154 4294967295
140.357 4294967295
140.357 4294967295
140.38 4294967295
140.38 4294967295
140.606 4294967295
140.606 4294967295
140.809 4294967295
140.809 4294967295
140.841 4294967295
140.841 4294967295
141.064 4294967295
141.064 4294967295
141.267 4294967295
141.267 4294967295
141.289 4294967295
141.289 4294967295
141.513 4294967295
141.513 4294967295
141.716 4294967295
141.716 4294967295
141.744 4294967295
141.744 4294967295
141.975 4294967295
141.975 4294967295
142.178 4294967295
142.178 4294967295
142.21 4294967295
142.21 4294967295
142.431 4294967295
142.431 4294967295
142.633 4294967295
142.633 4294967295
142.657 4294967295
142.657 4294967295
142.883 4294967295
142.883 4294967295
143.056 4294967295
143.056 4294967295
143.206 4294967295
143.206 4294967295
143.37 4294967295
143.37 4294967295
143.535 4294967295
143.535 4294967295
143.705 4294967295
143.705 4294967295
143.884 4294967295
143.884 4294967295
144.074 4294967295
144.074 4294967295
144.274 4294967295
144.274 4294967295
144.478 4294967295
144.478 4294967295
144.495 4294967295
144.495 4294967295
144.723 4294967295
144.723 4294967295
144.926 4294967295
144.926 4294967295
144.953 4294967295
144.953 4294967295
145.187 4294967295
145.187 4294967295
145.389 4294967295
145.389 4294967295
145.423 4294967295
145.423 4294967295
145.656 4294967295
145.656 4294967295
145.86 4294967295
145.86 4294967295
145.892 4294967295
145.892 4294967295
146.12 4294967295
146.12 4294967295
146.323 4294967295
146.323 4294967295
146.356 4294967295
146.356 4294967295
146.59 4294967295
146.59 4294967295
146.793 4294967295
146.793 4294967295
146.826 4294967295
146.826 4294967295
147.058 4294967295
147.058 4294967295
147.261 4294967295
147.261 4294967295
147.288 4294967295
147.288 4294967295
147.516 4294967295
147.516 4294967295
147.72 4294967295
147.72 4294967295
147.75 4294967295
147.75 4294967295
147.984 4294967295
147.984 4294967295
148.187 4294967295
148.187 4294967295
148.217 4294967295
148.217 4294967295
148.439 4294967295
148.439 4294967295
148.642 4294967295
148.642 4294967295
148.666 4294967295
148.666 4294967295
148.893 4294967295
148.893 4294967295
149.097 4294967295
149.097 4294967295
149.127 4294967295
149.127 4294967295
149.36 4294967295
149.36 4294967295
149.563 4294967295
149.563 4294967295
149.587 4294967295
149.587 4294967295
149.812 4294967295
149.812 4294967295
150.015 4294967295
150.015 4294967295
150.043 4294967295
150.043 4294967295
150.275 4294967295
150.275 4294967295
150.478 4294967295
150.478 4294967295
150.511 4294967295
150.511 4294967295
150.736 4294967295
150.736 4294967295
150.939 4294967295
150.939 4294967295
150.963 4294967295
150.963 4294967295
151.19 4294967295
151.19 4294967295
151.394 4294967295
151.394 4294967295
151.424 4294967295
151.424 4294967295
151.656 4294967295
151.656 4294967295
151.86 4294967295
151.86 4294967295
151.886 4294967295
151.886 4294967295
152.109 4294967295
152.109 4294967295
152.313 4294967295
152.313 4294967295
152.339 4294967295
152.339 4294967295
152.57 4294967295
152.57 4294967295
152.773 4294967295
152.773 4294967295
152.807 4294967295
152.807 4294967295
153.036 4294967295
153.036 4294967295
153.239 4294967295
153.239 4294967295
153.262 4294967295
153.262 4294967295
153.434 4294967295
153.434 4294967295
153.58 4294967295
153.58 4294967295
153.729 4294967295
153.729 4294967295
153.889 4294967295
153.889 4294967295
154.049 4294967295
154.049 4294967295
154.223 4294967295
154.223 4294967295
154.397 4294967295
154.397 4294967295
154.581 4294967295
154.581 4294967295
154.773 4294967295
154.773 4294967295
154.976 4294967295
154.976 4294967295
154.98 4294967295
154.98 4294967295
155.197 4294967295
155.197 4294967295
155.401 4294967295
155.401 4294967295
155.427 4294967295
155.427 4294967295
155.655 4294967295
155.655 4294967295
155.858 4294967295
155.858 4294967295
155.891 4294967295
155.891 4294967295
156.124 4294967295
156.124 4294967295
156.327 4294967295
156.327 4294967295
156.36 4294967295
156.36 4294967295
156.593 4294967295
156.593 4294967295
156.796 4294967295
156.796 4294967295
156.827 4294967295
156.827 4294967295
157.06 4294967295
157.06 4294967295
157.263 4294967295
157.263 4294967295
157.296 4294967295
157.296 4294967295
157.529 4294967295
157.529 4294967295
157.732 4294967295
157.732 4294967295
157.764 4294967295
157.764 4294967295
157.992 4294967295
157.992 4294967295
158.195 4294967295
158.195 4294967295
158.225 4294967295
158.225 4294967295
158.456 4294967295
158.456 4294967295
158.659 4294967295
158.659 4294967295
158.692 4294967295
158.692 4294967295
158.919 4294967295
158.919 4294967295
159.122 4294967295
159.122 4294967295
159.147 4294967295
159.147 4294967295
159.374 4294967295
159.374 4294967295
159.577 4294967295
159.577 4294967295
159.607 4294967295
159.607 4294967295
159.841 4294967295
159.841 4294967295
160.043 4294967295
160.043 4294967295
160.071 4294967295
160.071 4294967295
160.3 4294967295
160.3 4294967295
160.503 4294967295
160.503 4294967295
160.531 4294967295
160.531 4294967295
160.764 4294967295
160.764 4294967295
160.967 4294967295
160.967 4294967295
161 4294967295
161 4294967295
161.227 4294967295
161.227 4294967295
161.431 4294967295
161.431 4294967295
161.461 4294967295
161.461 4294967295
161.688 4294967295
161.688 4294967295
161.892 4294967295
161.892 4294967295
161.923 4294967295
161.923 4294967295
162.156 4294967295
162.156 4294967295
162.359 4294967295
162.359 4294967295
162.388 4294967295
162.388 4294967295
162.619 4294967295
162.619 4294967295
162.822 4294967295
162.822 4294967295
162.849 4294967295
162.849 4294967295
163.079 4294967295
163.079 4294967295
163.282 4294967295
163.282 4294967295
163.315 4294967295
163.315 4294967295
163.546 4294967295
163.546 4294967295
163.749 4294967295
163.749 4294967295
163.779 4294967295
163.779 4294967295
163.955 4294967295
163.955 4294967295
164.109 4294967295
164.109 4294967295
164.265 4294967295
164.265 4294967295
164.424 4294967295
164.424 4294967295
164.586 4294967295
164.586 4294967295
164.751 4294967295
164.751 4294967295
164.923 4294967295
164.923 4294967295
165.103 4294967295
165.103 4294967295
165.284 4294967295
165.284 4294967295
165.474 4294967295
165.474 4294967295
165.678 4294967295
165.678 4294967295
165.682 4294967295
165.682 4294967295
165.902 4294967295
165.902 4294967295
166.106 4294967295
166.106 4294967295
166.138 4294967295
166.138 4294967295
166.369 4294967295
166.369 4294967295
166.572 4294967295
166.572 4294967295
166.604 4294967295
166.604 4294967295
166.837 4294967295
166.837 4294967295
167.04 4294967295
167.04 4294967295
167.073 4294967295
167.073 4294967295
167.306 4294967295
167.306 4294967295
167.51 4294967295
167.51 4294967295
167.543 4294967295
167.543 4294967295
167.772 4294967295
167.772 4294967295
167.975 4294967295
167.975 4294967295
168.004 4294967295
168.004 4294967295
168.236 4294967295
168.236 4294967295
168.439 4294967295
168.439 4294967295
168.472 4294967295
168.472 4294967295
168.705 4294967295
168.705 4294967295
168.908 4294967295
168.908 4294967295
168.935 4294967295
168.935 4294967295
169.157 4294967295
169.157 4294967295
169.36 4294967295
169.36 4294967295
169.385 4294967295
169.385 4294967295
169.613 4294967295
169.613 4294967295
169.816 4294967295
169.816 4294967295
169.848 4294967295
169.848 4294967295
170.079 4294967295
170.079 4294967295
170.282 4294967295
170.282 4294967295
170.305 4294967295
170.305 4294967295
170.529 4294967295
170.529 4294967295
170.733 4294967295
170.733 4294967295
170.761 4294967295
170.761 4294967295
170.993 4294967295
170.993 4294967295
171.196 4294967295
171.196 4294967295
171.229 4294967295
171.229 4294967295
171.455 4294967295
171.455 4294967295
171.658 4294967295
171.658 4294967295
171.683 4294967295
171.683 4294967295
171.911 4294967295
171.911 4294967295
172.114 4294967295
172.114 4294967295
172.145 4294967295
172.145 4294967295
172.378 4294967295
172.378 4294967295
172.581 4294967295
172.581 4294967295
172.612 4294967295
172.612 4294967295
172.836 4294967295
172.836 4294967295
173.039 4294967295
173.039 4294967295
173.065 4294967295
173.065 4294967295
173.296 4294967295
173.296 4294967295
173.499 4294967295
173.499 4294967295
173.531 4294967295
173.531 4294967295
173.764 4294967295
173.764 4294967295
173.967 4294967295
173.967 4294967295
173.993 4294967295
173.993 4294967295
174.218 4294967295
174.218 4294967295
174.39 4294967295
174.39 4294967295
174.538 4294967295
174.538 4294967295
174.697 4294967295
174.697 4294967295
174.858 4294967295
174.858 4294967295
175.026 4294967295
175.026 4294967295
175.202 4294967295
175.202 4294967295
175.389 4294967295
175.389 4294967295
175.579 4294967295
175.579 4294967295
175.779 4294967295
175.779 4294967295
175.982 4294967295
175.982 4294967295
175.999 4294967295
175.999 4294967295
176.221 4294967295
176.221 4294967295
176.424 4294967295
176.424 4294967295
176.457 4294967295
176.457 4294967295
176.687 4294967295
176.687 4294967295
176.89 4294967295
176.89 4294967295
176.923 4294967295
176.923 4294967295
177.156 4294967295
177.156 4294967295
177.359 4294967295
177.359 4294967295
177.391 4294967295
177.391 4294967295
177.625 4294967295
177.625 4294967295
177.827 4294967295
177.827 4294967295
177.86 4294967295
177.86 4294967295
178.093 4294967295
178.093 4294967295
178.296 4294967295
178.296 4294967295
178.329 4294967295
178.329 4294967295
178.559 4294967295
178.559 4294967295
178.762 4294967295
178.762 4294967295
178.795 4294967295
178.795 4294967295
179.026 4294967295
179.026 4294967295
179.229 4294967295
179.229 4294967295
179.256 4294967295
179.256 4294967295
179.487 4294967295
179.487 4294967295
179.691 4294967295
179.691 4294967295
179.715 4294967295
179.715 4294967295
179.943 4294967295
179.943 4294967295
180.146 4294967295
180.146 4294967295
180.178 4294967295
180.178 4294967295
180.404 4294967295
180.404 4294967295
180.607 4294967295
180.607 4294967295
180.636 4294967295
180.636 4294967295
180.866 4294967295
180.866 4294967295
181.069 4294967295
181.069 4294967295
181.097 4294967295
181.097 4294967295
181.33 4294967295
181.33 4294967295
181.534 4294967295
181.534 4294967295
181.559 4294967295
181.559 4294967295
181.789 4294967295
181.789 4294967295
181.992 4294967295
181.992 4294967295
182.024 4294967295
182.024 4294967295
182.252 4294967295
182.252 4294967295
182.456 4294967295
182.456 4294967295
182.488 4294967295
182.488 4294967295
182.716 4294967295
182.716 4294967295
182.919 4294967295
182.919 4294967295
182.948 4294967295
182.948 4294967295
183.18 4294967295
183.18 4294967295
183.383 4294967295
183.383 4294967295
183.41 4294967295
183.41 4294967295
183.639 4294967295
183.639 4294967295
183.842 4294967295
183.842 4294967295
183.873 4294967295
183.873 4294967295
184.1 4294967295
184.1 4294967295
184.303 4294967295
184.303 4294967295
184.334 4294967295
184.334 4294967295
184.56 4294967295
184.56 4294967295
184.763 4294967295
184.763 4294967295
184.78 4294967295
184.78 4294967295
184.953 4294967295
184.953 4294967295
185.111 4294967295
185.111 4294967295
185.274 4294967295
185.274 4294967295
185.451 4294967295
185.451 4294967295
185.63 4294967295
185.63 4294967295
185.819 4294967295
185.819 4294967295
186.019 4294967295
186.019 4294967295
186.222 4294967295
186.222 4294967295
186.233 4294967295
186.233 4294967295
186.459 4294967295
186.459 4294967295
186.662 4294967295
186.662 4294967295
186.694 4294967295
186.694 4294967295
186.924 4294967295
186.924 4294967295
187.127 4294967295
187.127 4294967295
187.16 4294967295
187.16 4294967295
187.393 4294967295
187.393 4294967295
187.596 4294967295
187.596 4294967295
187.629 4294967295
187.629 4294967295
187.861 4294967295
187.861 4294967295
188.064 4294967295
188.064 4294967295
188.093 4294967295
188.093 4294967295
188.326 4294967295
188.326 4294967295
188.529 4294967295
188.529 4294967295
188.563 4294967295
188.563 4294967295
188.796 4294967295
188.796 4294967295
188.999 4294967295
188.999 4294967295
189.026 4294967295
189.026 4294967295
189.253 4294967295
189.253 4294967295
189.457 4294967295
189.457 4294967295
189.483 4294967295
189.483 4294967295
189.714 4294967295
189.714 4294967295
189.918 4294967295
189.918 4294967295
189.951 4294967295
189.951 4294967295
190.18 4294967295
190.18 4294967295
190.382 4294967295
190.382 4294967295
190.414 4294967295
190.414 4294967295
190.64 4294967295
190.64 4294967295
190.844 4294967295
190.844 4294967295
190.874 4294967295
190.874 4294967295
191.107 4294967295
191.107 4294967295
191.31 4294967295
191.31 4294967295
191.342 4294967295
191.342 4294967295
191.572 4294967295
191.572 4294967295
191.775 4294967295
191.775 4294967295
191.801 4294967295
191.801 4294967295
192.03 4294967295
192.03 4294967295
192.234 4294967295
192.234 4294967295
192.267 4294967295
192.267 4294967295
192.5 4294967295
192.5 4294967295
192.703 4294967295
192.703 4294967295
192.731 4294967295
192.731 4294967295
192.959 4294967295
192.959 4294967295
193.162 4294967295
193.162 4294967295
193.191 4294967295
193.191 4294967295
193.423 4294967295
193.423 4294967295
193.626 4294967295
193.626 4294967295
193.659 4294967295
193.659 4294967295
193.886 4294967295
193.886 4294967295
194.09 4294967295
194.09 4294967295
194.12 4294967295
194.12 4294967295
194.347 4294967295
194.347 4294967295
194.551 4294967295
194.551 4294967295
194.582 4294967295
194.582 4294967295
194.815 4294967295
194.815 4294967295
195.018 4294967295
195.018 4294967295
195.047 4294967295
195.047 4294967295
195.233 4294967295
195.233 4294967295
195.406 4294967295
195.406 4294967295
195.57 4294967295
195.57 4294967295
195.746 4294967295
195.746 4294967295
195.927 4294967295
195.927 4294967295
196.123 4294967295
196.123 4294967295
196.326 4294967295
196.326 4294967295
196.34 4294967295
196.34 4294967295
196.569 4294967295
196.569 4294967295
196.772 4294967295
196.772 4294967295
196.805 4294967295
196.805 4294967295
197.038 4294967295
197.038 4294967295
197.241 4294967295
197.241 4294967295
197.272 4294967295
197.272 4294967295
197.505 4294967295
197.505 4294967295
197.708 4294967295
197.708 4294967295
197.741 4294967295
197.741 4294967295
197.974 4294967295
197.974 4294967295
198.177 4294967295
198.177 4294967295
198.21 4294967295
198.21 4294967295
198.437 4294967295
198.437 4294967295
198.64 4294967295
198.64 4294967295
198.666 4294967295
198.666 4294967295
198.895 4294967295
198.895 4294967295
199.098 4294967295
199.098 4294967295
199.13 4294967295
199.13 4294967295
199.234 4294967295
199.234 4294967295
199.319 4294967295
199.319 4294967295
199.404 4294967295
199.404 4294967295
199.488 4294967295
199.488 4294967295
199.573 4294967295
199.573 4294967295
199.658 4294967295
199.658 4294967295
199.742 4294967295
199.742 4294967295
199.827 4294967295
199.827 4294967295
199.912 4294967295
199.912 4294967295
199.997 4294967295
199.997 4294967295
200.084 4294967295
200.084 4294967295
200.172 4294967295
200.172 4294967295
200.256 4294967295
200.256 4294967295
200.341 4294967295
200.341 4294967295
200.426 4294967295
200.426 4294967295
200.511 4294967295
200.511 4294967295
200.595 4294967295
200.595 4294967295
200.68 4294967295
200.68 4294967295
200.765 4294967295
200.765 4294967295
200.849 4294967295
200.849 4294967295
200.934 4294967295
200.934 4294967295
