0.0941392 476
0.0970458 952
0.0999524 1428
0.102859 1904
0.105766 2380
0.108672 2856
0.111579 3332
0.114485 3808
0.117392 4284
0.120298 4760
0.178851 4284
0.178851 4760
0.181757 5236
0.184653 4284
0.184664 4760
0.187571 5236
0.190466 4284
0.190477 4760
0.193384 5236
0.196279 4284
0.19629 4760
0.199197 5236
0.202093 4284
0.202103 4760
0.20501 5236
0.207917 5712
0.210823 6188
0.21373 6664
0.216636 7140
0.219543 7616
0.222449 8092
0.225356 8568
0.228263 9044
0.263552 8092
0.263552 8568
0.266458 9044
0.269365 8092
0.269365 8568
0.272271 9044
0.275178 8092
0.275178 8568
0.278084 9044
0.280991 8092
0.280991 8568
0.283898 9044
0.286804 8092
0.286804 8568
0.289711 9044
0.292617 8092
0.292617 8568
0.295524 9044
0.298431 8092
0.298431 8568
0.301337 9044
0.304244 8092
0.304244 8568
0.30715 9044
0.310057 8092
0.310057 8568
0.312963 9044
0.348252 8092
0.348252 8568
0.351159 9044
0.354066 8092
0.354066 8568
0.356972 9044
0.359879 8092
0.359879 8568
0.362785 9044
0.365692 8092
0.365692 8568
0.368598 9044
0.371505 8092
0.371505 8568
0.374412 9044
0.377318 8092
0.377318 8568
0.380225 9044
0.383131 8092
0.383131 8568
0.386038 9044
0.388944 8092
0.388944 8568
0.391851 9044
0.394758 8092
0.394758 8568
0.397664 9044
0.432953 8092
0.432953 8568
0.43586 9044
0.438766 8092
0.438766 8568
0.441673 9044
0.444579 8092
0.444579 8568
0.447486 9044
0.450393 8092
0.450393 8568
0.453299 9044
0.456206 8092
0.456206 8568
0.459112 9044
0.462019 8092
0.462019 8568
0.464926 9044
0.467832 8092
0.467832 8568
0.470739 9044
0.473645 8092
0.473645 8568
0.476552 9044
0.479458 8092
0.479458 8568
0.482365 9044
0.517654 8092
0.517654 8568
0.520561 9044
0.523467 8092
0.523467 8568
0.526374 9044
0.52928 8092
0.52928 8568
0.532187 9044
0.535093 8092
0.535093 8568
0.538 9044
0.540907 8092
0.540907 8568
0.543813 9044
0.54672 8092
0.54672 8568
0.549626 9044
0.552533 8092
0.552533 8568
0.555439 9044
0.558346 8092
0.558346 8568
0.561253 9044
0.564159 8092
0.564159 8568
0.567066 9044
0.602355 8092
0.602355 8568
0.605261 9044
0.608168 8092
0.608168 8568
0.611075 9044
0.613981 8092
0.613981 8568
0.616888 9044
0.619794 8092
0.619794 8568
0.622701 9044
0.625607 8092
0.625607 8568
0.628514 9044
0.631421 8092
0.631421 8568
0.634327 9044
0.637234 8092
0.637234 8568
0.64014 9044
0.643047 8092
0.643047 8568
0.645953 9044
0.64886 8092
0.64886 8568
0.651767 9044
0.687056 8092
0.687056 8568
0.689962 9044
0.692869 8092
0.692869 8568
0.695775 9044
0.698682 8092
0.698682 8568
0.701588 9044
0.704495 8092
0.704495 8568
0.707402 9044
0.710308 8092
0.710308 8568
0.713215 9044
0.716121 8092
0.716121 8568
0.719028 9044
0.721935 8092
0.721935 8568
0.724841 9044
0.727748 8092
0.727748 8568
0.730654 9044
0.733561 8092
0.733561 8568
0.736467 9044
0.771756 8092
0.771756 8568
0.774663 9044
0.77757 8092
0.77757 8568
0.780476 9044
0.783383 8092
0.783383 8568
0.786289 9044
0.789196 8092
0.789196 8568
0.792102 9044
0.795009 8092
0.795009 8568
0.797916 9044
0.800822 8092
0.800822 8568
0.803729 9044
0.806635 8092
0.806635 8568
0.809542 9044
0.812448 8092
0.812448 8568
0.815355 9044
0.818262 8092
0.818262 8568
0.821168 9044
0.856457 8092
0.856457 8568
0.859364 9044
0.86227 8092
0.86227 8568
0.865177 9044
0.868083 8092
0.868083 8568
0.87099 9044
0.873897 8092
0.873897 8568
0.876803 9044
0.87971 8092
0.87971 8568
0.882616 9044
0.885523 8092
0.885523 8568
0.88843 9044
0.891336 8092
0.891336 8568
0.894243 9044
0.897149 8092
0.897149 8568
0.900056 9044
0.902962 8092
0.902962 8568
0.905869 9044
0.941158 8092
0.941158 8568
0.944065 9044
0.946971 8092
0.946971 8568
0.949878 9044
0.952784 8092
0.952784 8568
0.955691 9044
0.958597 8092
0.958597 8568
0.961504 9044
0.964411 8092
0.964411 8568
0.967317 9044
0.970224 8092
0.970224 8568
0.97313 9044
0.976037 8092
0.976037 8568
0.978943 9044
0.98185 8092
0.98185 8568
0.984757 9044
0.987663 8092
0.987663 8568
0.99057 9044
1.02586 8092
1.02586 8568
1.02877 9044
1.03167 8092
1.03167 8568
1.03458 9044
1.03749 8092
1.03749 8568
1.04039 9044
1.0433 8092
1.0433 8568
1.0462 9044
1.04911 8092
1.04911 8568
1.05202 9044
1.05492 8092
1.05492 8568
1.05783 9044
1.06074 8092
1.06074 8568
1.06364 9044
1.06655 8092
1.06655 8568
1.06946 9044
1.07236 8092
1.07236 8568
1.07527 9044
1.11056 8092
1.11056 8568
1.11347 9044
1.11637 8092
1.11637 8568
1.11928 9044
1.12219 8092
1.12219 8568
1.12509 9044
1.128 8092
1.128 8568
1.13091 9044
1.13381 8092
1.13381 8568
1.13672 9044
1.13963 8092
1.13963 8568
1.14253 9044
1.14544 8092
1.14544 8568
1.14835 9044
1.15125 8092
1.15125 8568
1.15416 9044
1.15706 8092
1.15706 8568
1.15997 9044
1.19526 8092
1.19526 8568
1.19817 9044
1.20107 8092
1.20107 8568
1.20398 9044
1.20689 8092
1.20689 8568
1.20979 9044
1.2127 8092
1.2127 8568
1.21561 9044
1.21851 8092
1.21851 8568
1.22142 9044
1.22433 8092
1.22433 8568
1.22723 9044
1.23014 8092
1.23014 8568
1.23305 9044
1.23595 8092
1.23595 8568
1.23886 9044
1.24177 8092
1.24177 8568
1.24467 9044
1.27996 8092
1.27996 8568
1.28287 9044
1.28577 8092
1.28577 8568
1.28868 9044
1.29159 8092
1.29159 8568
1.29449 9044
1.2974 8092
1.2974 8568
1.30031 9044
1.30321 8092
1.30321 8568
1.30612 9044
1.30903 8092
1.30903 8568
1.31193 9044
1.31484 8092
1.31484 8568
1.31775 9044
1.32065 8092
1.32065 8568
1.32356 9044
1.32647 8092
1.32647 8568
1.32937 9044
1.36466 8092
1.36466 8568
1.36757 9044
1.37048 8092
1.37048 8568
1.37338 9044
1.37629 8092
1.37629 8568
1.37919 9044
1.3821 8092
1.3821 8568
1.38501 9044
1.38791 8092
1.38791 8568
1.39082 9044
1.39373 8092
1.39373 8568
1.39663 9044
1.39954 8092
1.39954 8568
1.40245 9044
1.40535 8092
1.40535 8568
1.40826 9044
1.41117 8092
1.41117 8568
1.41407 9044
1.44936 8092
1.44936 8568
1.45227 9044
1.45518 8092
1.45518 8568
1.45808 9044
1.46099 8092
1.46099 8568
1.4639 9044
1.4668 8092
1.4668 8568
1.46971 9044
1.47262 8092
1.47262 8568
1.47552 9044
1.47843 8092
1.47843 8568
1.48134 9044
1.48424 8092
1.48424 8568
1.48715 9044
1.49005 8092
1.49005 8568
1.49296 9044
1.49587 8092
1.49587 8568
1.49877 9044
1.53406 8092
1.53406 8568
1.53697 9044
1.53988 8092
1.53988 8568
1.54278 9044
1.54569 8092
1.54569 8568
1.5486 9044
1.5515 8092
1.5515 8568
1.55441 9044
1.55732 8092
1.55732 8568
1.56022 9044
1.56313 8092
1.56313 8568
1.56604 9044
1.56894 8092
1.56894 8568
1.57185 9044
1.57476 8092
1.57476 8568
1.57766 9044
1.58057 8092
1.58057 8568
1.58348 9044
1.61876 8092
1.61876 8568
1.62167 9044
1.62458 8092
1.62458 8568
1.62748 9044
1.63039 8092
1.63039 8568
1.6333 9044
1.6362 8092
1.6362 8568
1.63911 9044
1.64202 8092
1.64202 8568
1.64492 9044
1.64783 8092
1.64783 8568
1.65074 9044
1.65364 8092
1.65364 8568
1.65655 9044
1.65946 8092
1.65946 8568
1.66236 9044
1.66527 8092
1.66527 8568
1.66818 9044
1.70347 8092
1.70347 8568
1.70637 9044
1.70928 8092
1.70928 8568
1.71218 9044
1.71509 8092
1.71509 8568
1.718 9044
1.7209 8092
1.7209 8568
1.72381 9044
1.72672 8092
1.72672 8568
1.72962 9044
1.73253 8092
1.73253 8568
1.73544 9044
1.73834 8092
1.73834 8568
1.74125 9044
1.74416 8092
1.74416 8568
1.74706 9044
1.74997 8092
1.74997 8568
1.75288 9044
1.78817 8092
1.78817 8568
1.79107 9044
1.79398 8092
1.79398 8568
1.79689 9044
1.79979 8092
1.79979 8568
1.8027 9044
1.80561 8092
1.80561 8568
1.80851 9044
1.81142 8092
1.81142 8568
1.81433 9044
1.81723 8092
1.81723 8568
1.82014 9044
1.82304 8092
1.82304 8568
1.82595 9044
1.82886 8092
1.82886 8568
1.83176 9044
1.83467 8092
1.83467 8568
1.83758 9044
1.87287 8092
1.87287 8568
1.87577 9044
1.87868 8092
1.87868 8568
1.88159 9044
1.88449 8092
1.88449 8568
1.8874 9044
1.89031 8092
1.89031 8568
1.89321 9044
1.89612 8092
1.89612 8568
1.89903 9044
1.90193 8092
1.90193 8568
1.90484 9044
1.90775 8092
1.90775 8568
1.91065 9044
1.91356 8092
1.91356 8568
1.91647 9044
1.91937 8092
1.91937 8568
1.92228 9044
1.95757 8092
1.95757 8568
1.96047 9044
1.96338 8092
1.96338 8568
1.96629 9044
1.96919 8092
1.96919 8568
1.9721 9044
1.97501 8092
1.97501 8568
1.97791 9044
1.98082 8092
1.98082 8568
1.98373 9044
1.98663 8092
1.98663 8568
1.98954 9044
1.99245 8092
1.99245 8568
1.99535 9044
1.99826 8092
1.99826 8568
2.00117 9044
2.00407 8092
2.00407 8568
2.00698 9044
2.04227 8092
2.04227 8568
2.04517 9044
2.04808 8092
2.04808 8568
2.05099 9044
2.05389 8092
2.05389 8568
2.0568 9044
2.05971 8092
2.05971 8568
2.06261 9044
2.06552 8092
2.06552 8568
2.06843 9044
2.07133 8092
2.07133 8568
2.07424 9044
2.07715 8092
2.07715 8568
2.08005 9044
2.08296 8092
2.08296 8568
2.08587 9044
2.08877 8092
2.08877 8568
2.09168 9044
2.12697 8092
2.12697 8568
2.12988 9044
2.13278 8092
2.13278 8568
2.13569 9044
2.1386 8092
2.1386 8568
2.1415 9044
2.14441 8092
2.14441 8568
2.14732 9044
2.15022 8092
2.15022 8568
2.15313 9044
2.15603 8092
2.15603 8568
2.15894 9044
2.16185 8092
2.16185 8568
2.16475 9044
2.16766 8092
2.16766 8568
2.17057 9044
2.17347 8092
2.17347 8568
2.17638 9044
2.21167 8092
2.21167 8568
2.21458 9044
2.21748 8092
2.21748 8568
2.22039 9044
2.2233 8092
2.2233 8568
2.2262 9044
2.22911 8092
2.22911 8568
2.23202 9044
2.23492 8092
2.23492 8568
2.23783 9044
2.24074 8092
2.24074 8568
2.24364 9044
2.24655 8092
2.24655 8568
2.24946 9044
2.25236 8092
2.25236 8568
2.25527 9044
2.25818 8092
2.25818 8568
2.26108 9044
2.29637 8092
2.29637 8568
2.29928 9044
2.30218 8092
2.30218 8568
2.30509 9044
2.308 8092
2.308 8568
2.3109 9044
2.31381 8092
2.31381 8568
2.31672 9044
2.31962 8092
2.31962 8568
2.32253 9044
2.32544 8092
2.32544 8568
2.32834 9044
2.33125 8092
2.33125 8568
2.33416 9044
2.33706 8092
2.33706 8568
2.33997 9044
2.34288 8092
2.34288 8568
2.34578 9044
2.38107 8092
2.38107 8568
2.38398 9044
2.38688 8092
2.38688 8568
2.38979 9044
2.3927 8092
2.3927 8568
2.3956 9044
2.39851 8092
2.39851 8568
2.40142 9044
2.40432 8092
2.40432 8568
2.40723 9044
2.41014 8092
2.41014 8568
2.41304 9044
2.41595 8092
2.41595 8568
2.41886 9044
2.42176 8092
2.42176 8568
2.42467 9044
2.42758 8092
2.42758 8568
2.43048 9044
2.46577 8092
2.46577 8568
2.46868 9044
2.47159 8092
2.47159 8568
2.47449 9044
2.4774 8092
2.4774 8568
2.48031 9044
2.48321 8092
2.48321 8568
2.48612 9044
2.48902 8092
2.48902 8568
2.49193 9044
2.49484 8092
2.49484 8568
2.49774 9044
2.50065 8092
2.50065 8568
2.50356 9044
2.50646 8092
2.50646 8568
2.50937 9044
2.51228 8092
2.51228 8568
2.51518 9044
2.55047 8092
2.55047 8568
2.55338 9044
2.55629 8092
2.55629 8568
2.55919 9044
2.5621 8092
2.5621 8568
2.56501 9044
2.56791 8092
2.56791 8568
2.57082 9044
2.57373 8092
2.57373 8568
2.57663 9044
2.57954 8092
2.57954 8568
2.58245 9044
2.58535 8092
2.58535 8568
2.58826 9044
2.59117 8092
2.59117 8568
2.59407 9044
2.59698 8092
2.59698 8568
2.59988 9044
2.63517 8092
2.63517 8568
2.63808 9044
2.64099 8092
2.64099 8568
2.64389 9044
2.6468 8092
2.6468 8568
2.64971 9044
2.65261 8092
2.65261 8568
2.65552 9044
2.65843 8092
2.65843 8568
2.66133 9044
2.66424 8092
2.66424 8568
2.66715 9044
2.67005 8092
2.67005 8568
2.67296 9044
2.67587 8092
2.67587 8568
2.67877 9044
2.68168 8092
2.68168 8568
2.68459 9044
2.71987 8092
2.71987 8568
2.72278 9044
2.72569 8092
2.72569 8568
2.72859 9044
2.7315 8092
2.7315 8568
2.73441 9044
2.73731 8092
2.73731 8568
2.74022 9044
2.74313 8092
2.74313 8568
2.74603 9044
2.74894 8092
2.74894 8568
2.75185 9044
2.75475 8092
2.75475 8568
2.75766 9044
2.76057 8092
2.76057 8568
2.76347 9044
2.76638 8092
2.76638 8568
2.76929 9044
2.80458 8092
2.80458 8568
2.80748 9044
2.81039 8092
2.81039 8568
2.8133 9044
2.8162 8092
2.8162 8568
2.81911 9044
2.82201 8092
2.82201 8568
2.82492 9044
2.82783 8092
2.82783 8568
2.83073 9044
2.83364 8092
2.83364 8568
2.83655 9044
2.83945 8092
2.83945 8568
2.84236 9044
2.84527 8092
2.84527 8568
2.84817 9044
2.85108 8092
2.85108 8568
2.85399 9044
2.88928 8092
2.88928 8568
2.89218 9044
2.89509 8092
2.89509 8568
2.898 9044
2.9009 8092
2.9009 8568
2.90381 9044
2.90672 8092
2.90672 8568
2.90962 9044
2.91253 8092
2.91253 8568
2.91544 9044
2.91834 8092
2.91834 8568
2.92125 9044
2.92416 8092
2.92416 8568
2.92706 9044
2.92997 8092
2.92997 8568
2.93287 9044
2.93578 8092
2.93578 8568
2.93869 9044
2.97398 8092
2.97398 8568
2.97688 9044
2.97979 8092
2.97979 8568
2.9827 9044
2.9856 8092
2.9856 8568
2.98851 9044
2.99142 8092
2.99142 8568
2.99432 9044
2.99723 8092
2.99723 8568
3.00014 9044
3.00304 8092
3.00304 8568
3.00595 9044
3.00886 8092
3.00886 8568
3.01176 9044
3.01467 8092
3.01467 8568
3.01758 9044
3.02048 8092
3.02048 8568
3.02339 9044
3.05868 8092
3.05868 8568
3.06158 9044
3.06449 8092
3.06449 8568
3.0674 9044
3.0703 8092
3.0703 8568
3.07321 9044
3.07612 8092
3.07612 8568
3.07902 9044
3.08193 8092
3.08193 8568
3.08484 9044
3.08774 8092
3.08774 8568
3.09065 9044
3.09356 8092
3.09356 8568
3.09646 9044
3.09937 8092
3.09937 8568
3.10228 9044
3.10518 8092
3.10518 8568
3.10809 9044
3.14338 8092
3.14338 8568
3.14629 9044
3.14919 8092
3.14919 8568
3.1521 9044
3.15501 8092
3.15501 8568
3.15791 9044
3.16082 8092
3.16082 8568
3.16372 9044
3.16663 8092
3.16663 8568
3.16954 9044
3.17244 8092
3.17244 8568
3.17535 9044
3.17826 8092
3.17826 8568
3.18116 9044
3.18407 8092
3.18407 8568
3.18698 9044
3.18988 8092
3.18988 8568
3.19279 9044
3.22808 8092
3.22808 8568
3.23099 9044
3.23389 8092
3.23389 8568
3.2368 9044
3.23971 8092
3.23971 8568
3.24261 9044
3.24552 8092
3.24552 8568
3.24843 9044
3.25133 8092
3.25133 8568
3.25424 9044
3.25715 8092
3.25715 8568
3.26005 9044
3.26296 8092
3.26296 8568
3.26587 9044
3.26877 8092
3.26877 8568
3.27168 9044
3.27458 8092
3.27458 8568
3.27749 9044
3.31278 8092
3.31278 8568
3.31569 9044
3.31859 8092
3.31859 8568
3.3215 9044
3.32441 8092
3.32441 8568
3.32731 9044
3.33022 8092
3.33022 8568
3.33313 9044
3.33603 8092
3.33603 8568
3.33894 9044
3.34185 8092
3.34185 8568
3.34475 9044
3.34766 8092
3.34766 8568
3.35057 9044
3.35347 8092
3.35347 8568
3.35638 9044
3.35929 8092
3.35929 8568
3.36219 9044
3.39748 8092
3.39748 8568
3.40039 9044
3.40329 8092
3.40329 8568
3.4062 9044
3.40911 8092
3.40911 8568
3.41201 9044
3.41492 8092
3.41492 8568
3.41783 9044
3.42073 8092
3.42073 8568
3.42364 9044
3.42655 8092
3.42655 8568
3.42945 9044
3.43236 8092
3.43236 8568
3.43527 9044
3.43817 8092
3.43817 8568
3.44108 9044
3.44399 8092
3.44399 8568
3.44689 9044
3.48218 8092
3.48218 8568
3.48509 9044
3.488 8092
3.488 8568
3.4909 9044
3.49381 8092
3.49381 8568
3.49671 9044
3.49962 8092
3.49962 8568
3.50253 9044
3.50543 8092
3.50543 8568
3.50834 9044
3.51125 8092
3.51125 8568
3.51415 9044
3.51706 8092
3.51706 8568
3.51997 9044
3.52287 8092
3.52287 8568
3.52578 9044
3.52869 8092
3.52869 8568
3.53159 9044
3.56688 8092
3.56688 8568
3.56979 9044
3.5727 8092
3.5727 8568
3.5756 9044
3.57851 8092
3.57851 8568
3.58142 9044
3.58432 8092
3.58432 8568
3.58723 9044
3.59014 8092
3.59014 8568
3.59304 9044
3.59595 8092
3.59595 8568
3.59886 9044
3.60176 8092
3.60176 8568
3.60467 9044
3.60757 8092
3.60757 8568
3.61048 9044
3.61339 8092
3.61339 8568
3.61629 9044
3.65158 8092
3.65158 8568
3.65449 9044
3.6574 8092
3.6574 8568
3.6603 9044
3.66321 8092
3.66321 8568
3.66612 9044
3.66902 8092
3.66902 8568
3.67193 9044
3.67484 8092
3.67484 8568
3.67774 9044
3.68065 8092
3.68065 8568
3.68356 9044
3.68646 8092
3.68646 8568
3.68937 9044
3.69228 8092
3.69228 8568
3.69518 9044
3.69809 8092
3.69809 8568
3.701 9044
3.73628 8092
3.73628 8568
3.73919 9044
3.7421 8092
3.7421 8568
3.745 9044
3.74791 8092
3.74791 8568
3.75082 9044
3.75372 8092
3.75372 8568
3.75663 9044
3.75954 8092
3.75954 8568
3.76244 9044
3.76535 8092
3.76535 8568
3.76826 9044
3.77116 8092
3.77116 8568
3.77407 9044
3.77698 8092
3.77698 8568
3.77988 9044
3.78279 8092
3.78279 8568
3.7857 9044
3.82099 8092
3.82099 8568
3.82389 9044
3.8268 8092
3.8268 8568
3.8297 9044
3.83261 8092
3.83261 8568
3.83552 9044
3.83842 8092
3.83842 8568
3.84133 9044
3.84424 8092
3.84424 8568
3.84714 9044
3.85005 8092
3.85005 8568
3.85296 9044
3.85586 8092
3.85586 8568
3.85877 9044
3.86168 8092
3.86168 8568
3.86458 9044
3.86749 8092
3.86749 8568
3.8704 9044
3.90569 8092
3.90569 8568
3.90859 9044
3.9115 8092
3.9115 8568
3.91441 9044
3.91731 8092
3.91731 8568
3.92022 9044
3.92313 8092
3.92313 8568
3.92603 9044
3.92894 8092
3.92894 8568
3.93185 9044
3.93475 8092
3.93475 8568
3.93766 9044
3.94056 8092
3.94056 8568
3.94347 9044
3.94638 8092
3.94638 8568
3.94928 9044
3.95219 8092
3.95219 8568
3.9551 9044
3.99039 8092
3.99039 8568
3.99329 9044
3.9962 8092
3.9962 8568
3.99911 9044
4.00201 8092
4.00201 8568
4.00492 9044
4.00783 8092
4.00783 8568
4.01073 9044
4.01364 8092
4.01364 8568
4.01655 9044
4.01945 8092
4.01945 8568
4.02236 9044
4.02527 8092
4.02527 8568
4.02817 9044
4.03108 8092
4.03108 8568
4.03399 9044
4.03689 8092
4.03689 8568
4.0398 9044
4.07509 8092
4.07509 8568
4.07799 9044
4.0809 8092
4.0809 8568
4.08381 9044
4.08671 8092
4.08671 8568
4.08962 9044
4.09253 8092
4.09253 8568
4.09543 9044
4.09834 8092
4.09834 8568
4.10125 9044
4.10415 8092
4.10415 8568
4.10706 9044
4.10997 8092
4.10997 8568
4.11287 9044
4.11578 8092
4.11578 8568
4.11869 9044
4.12159 8092
4.12159 8568
4.1245 9044
4.15979 8092
4.15979 8568
4.16269 9044
4.1656 8092
4.1656 8568
4.16851 9044
4.17141 8092
4.17141 8568
4.17432 9044
4.17723 8092
4.17723 8568
4.18013 9044
4.18304 8092
4.18304 8568
4.18595 9044
4.18885 8092
4.18885 8568
4.19176 9044
4.19467 8092
4.19467 8568
4.19757 9044
4.20048 8092
4.20048 8568
4.20339 9044
4.20629 8092
4.20629 8568
4.2092 9044
4.24449 8092
4.24449 8568
4.2474 9044
4.2503 8092
4.2503 8568
4.25321 9044
4.25612 8092
4.25612 8568
4.25902 9044
4.26193 8092
4.26193 8568
4.26484 9044
4.26774 8092
4.26774 8568
4.27065 9044
4.27355 8092
4.27355 8568
4.27646 9044
4.27937 8092
4.27937 8568
4.28227 9044
4.28518 8092
4.28518 8568
4.28809 9044
4.29099 8092
4.29099 8568
4.2939 9044
4.32919 8092
4.32919 8568
4.3321 9044
4.335 8092
4.335 8568
4.33791 9044
4.34082 8092
4.34082 8568
4.34372 9044
4.34663 8092
4.34663 8568
4.34954 9044
4.35244 8092
4.35244 8568
4.35535 9044
4.35826 8092
4.35826 8568
4.36116 9044
4.36407 8092
4.36407 8568
4.36698 9044
4.36988 8092
4.36988 8568
4.37279 9044
4.3757 8092
4.3757 8568
4.3786 9044
4.41389 8092
4.41389 8568
4.4168 9044
4.4197 8092
4.4197 8568
4.42261 9044
4.42552 8092
4.42552 8568
4.42842 9044
4.43133 8092
4.43133 8568
4.43424 9044
4.43714 8092
4.43714 8568
4.44005 9044
4.44296 8092
4.44296 8568
4.44586 9044
4.44877 8092
4.44877 8568
4.45168 9044
4.45458 8092
4.45458 8568
4.45749 9044
4.4604 8092
4.4604 8568
4.4633 9044
4.49859 8092
4.49859 8568
4.5015 9044
4.5044 8092
4.5044 8568
4.50731 9044
4.51022 8092
4.51022 8568
4.51312 9044
4.51603 8092
4.51603 8568
4.51894 9044
4.52184 8092
4.52184 8568
4.52475 9044
4.52766 8092
4.52766 8568
4.53056 9044
4.53347 8092
4.53347 8568
4.53638 9044
4.53928 8092
4.53928 8568
4.54219 9044
4.5451 8092
4.5451 8568
4.548 9044
4.58329 8092
4.58329 8568
4.5862 9044
4.58911 8092
4.58911 8568
4.59201 9044
4.59492 8092
4.59492 8568
4.59783 9044
4.60073 8092
4.60073 8568
4.60364 9044
4.60654 8092
4.60654 8568
4.60945 9044
4.61236 8092
4.61236 8568
4.61526 9044
4.61817 8092
4.61817 8568
4.62108 9044
4.62398 8092
4.62398 8568
4.62689 9044
4.6298 8092
4.6298 8568
4.6327 9044
4.66799 8092
4.66799 8568
4.6709 9044
4.67381 8092
4.67381 8568
4.67671 9044
4.67962 8092
4.67962 8568
4.68253 9044
4.68543 8092
4.68543 8568
4.68834 9044
4.69125 8092
4.69125 8568
4.69415 9044
4.69706 8092
4.69706 8568
4.69997 9044
4.70287 8092
4.70287 8568
4.70578 9044
4.70869 8092
4.70869 8568
4.71159 9044
4.7145 8092
4.7145 8568
4.7174 9044
4.75269 8092
4.75269 8568
4.7556 9044
4.75851 8092
4.75851 8568
4.76141 9044
4.76432 8092
4.76432 8568
4.76723 9044
4.77013 8092
4.77013 8568
4.77304 9044
4.77595 8092
4.77595 8568
4.77885 9044
4.78176 8092
4.78176 8568
4.78467 9044
4.78757 8092
4.78757 8568
4.79048 9044
4.79339 8092
4.79339 8568
4.79629 9044
4.7992 8092
4.7992 8568
4.80211 9044
4.83739 8092
4.83739 8568
4.8403 9044
4.84321 8092
4.84321 8568
4.84611 9044
4.84902 8092
4.84902 8568
4.85193 9044
4.85483 8092
4.85483 8568
4.85774 9044
4.86065 8092
4.86065 8568
4.86355 9044
4.86646 8092
4.86646 8568
4.86937 9044
4.87227 8092
4.87227 8568
4.87518 9044
4.87809 8092
4.87809 8568
4.88099 9044
4.8839 8092
4.8839 8568
4.88681 9044
4.9221 8092
4.9221 8568
4.925 9044
4.92791 8092
4.92791 8568
4.93082 9044
4.93372 8092
4.93372 8568
4.93663 9044
4.93953 8092
4.93953 8568
4.94244 9044
4.94535 8092
4.94535 8568
4.94825 9044
4.95116 8092
4.95116 8568
4.95407 9044
4.95697 8092
4.95697 8568
4.95988 9044
4.96279 8092
4.96279 8568
4.96569 9044
4.9686 8092
4.9686 8568
4.97151 9044
5.0068 8092
5.0068 8568
5.0097 9044
5.01261 8092
5.01261 8568
5.01552 9044
5.01842 8092
5.01842 8568
5.02133 9044
5.02424 8092
5.02424 8568
5.02714 9044
5.03005 8092
5.03005 8568
5.03296 9044
5.03586 8092
5.03586 8568
5.03877 9044
5.04168 8092
5.04168 8568
5.04458 9044
5.04749 8092
5.04749 8568
5.05039 9044
5.0533 8092
5.0533 8568
5.05621 9044
5.0915 8092
5.0915 8568
5.0944 9044
5.09731 8092
5.09731 8568
5.10022 9044
5.10312 8092
5.10312 8568
5.10603 9044
5.10894 8092
5.10894 8568
5.11184 9044
5.11475 8092
5.11475 8568
5.11766 9044
5.12056 8092
5.12056 8568
5.12347 9044
5.12638 8092
5.12638 8568
5.12928 9044
5.13219 8092
5.13219 8568
5.1351 9044
5.138 8092
5.138 8568
5.14091 9044
5.1762 8092
5.1762 8568
5.1791 9044
5.18201 8092
5.18201 8568
5.18492 9044
5.18782 8092
5.18782 8568
5.19073 9044
5.19364 8092
5.19364 8568
5.19654 9044
5.19945 8092
5.19945 8568
5.20236 9044
5.20526 8092
5.20526 8568
5.20817 9044
5.21108 8092
5.21108 8568
5.21398 9044
5.21689 8092
5.21689 8568
5.2198 9044
5.2227 8092
5.2227 8568
5.22561 9044
5.2609 8092
5.2609 8568
5.26381 9044
5.26671 8092
5.26671 8568
5.26962 9044
5.27252 8092
5.27252 8568
5.27543 9044
5.27834 8092
5.27834 8568
5.28124 9044
5.28415 8092
5.28415 8568
5.28706 9044
5.28996 8092
5.28996 8568
5.29287 9044
5.29578 8092
5.29578 8568
5.29868 9044
5.30159 8092
5.30159 8568
5.3045 9044
5.3074 8092
5.3074 8568
5.31031 9044
5.3456 8092
5.3456 8568
5.34851 9044
5.35141 8092
5.35141 8568
5.35432 9044
5.35723 8092
5.35723 8568
5.36013 9044
5.36304 8092
5.36304 8568
5.36595 9044
5.36885 8092
5.36885 8568
5.37176 9044
5.37467 8092
5.37467 8568
5.37757 9044
5.38048 8092
5.38048 8568
5.38338 9044
5.38629 8092
5.38629 8568
5.3892 9044
5.3921 8092
5.3921 8568
5.39501 9044
5.4303 8092
5.4303 8568
5.43321 9044
5.43611 8092
5.43611 8568
5.43902 9044
5.44193 8092
5.44193 8568
5.44483 9044
5.44774 8092
5.44774 8568
5.45065 9044
5.45355 8092
5.45355 8568
5.45646 9044
5.45937 8092
5.45937 8568
5.46227 9044
5.46518 8092
5.46518 8568
5.46809 9044
5.47099 8092
5.47099 8568
5.4739 9044
5.47681 8092
5.47681 8568
5.47971 9044
5.515 8092
5.515 8568
5.51791 9044
5.52081 8092
5.52081 8568
5.52372 9044
5.52663 8092
5.52663 8568
5.52953 9044
5.53244 8092
5.53244 8568
5.53535 9044
5.53825 8092
5.53825 8568
5.54116 9044
5.54407 8092
5.54407 8568
5.54697 9044
5.54988 8092
5.54988 8568
5.55279 9044
5.55569 8092
5.55569 8568
5.5586 9044
5.56151 8092
5.56151 8568
5.56441 9044
5.5997 8092
5.5997 8568
5.60261 9044
5.60552 8092
5.60552 8568
5.60842 9044
5.61133 8092
5.61133 8568
5.61423 9044
5.61714 8092
5.61714 8568
5.62005 9044
5.62295 8092
5.62295 8568
5.62586 9044
5.62877 8092
5.62877 8568
5.63167 9044
5.63458 8092
5.63458 8568
5.63749 9044
5.64039 8092
5.64039 8568
5.6433 9044
5.64621 8092
5.64621 8568
5.64911 9044
5.6844 8092
5.6844 8568
5.68731 9044
5.69022 8092
5.69022 8568
5.69312 9044
5.69603 8092
5.69603 8568
5.69894 9044
5.70184 8092
5.70184 8568
5.70475 9044
5.70766 8092
5.70766 8568
5.71056 9044
5.71347 8092
5.71347 8568
5.71638 9044
5.71928 8092
5.71928 8568
5.72219 9044
5.72509 8092
5.72509 8568
5.728 9044
5.73091 8092
5.73091 8568
5.73381 9044
5.7691 8092
5.7691 8568
5.77201 9044
5.77492 8092
5.77492 8568
5.77782 9044
5.78073 8092
5.78073 8568
5.78364 9044
5.78654 8092
5.78654 8568
5.78945 9044
5.79236 8092
5.79236 8568
5.79526 9044
5.79817 8092
5.79817 8568
5.80108 9044
5.80398 8092
5.80398 8568
5.80689 9044
5.8098 8092
5.8098 8568
5.8127 9044
5.81561 8092
5.81561 8568
5.81852 9044
5.8538 8092
5.8538 8568
5.85671 9044
5.85962 8092
5.85962 8568
5.86252 9044
5.86543 8092
5.86543 8568
5.86834 9044
5.87124 8092
5.87124 8568
5.87415 9044
5.87706 8092
5.87706 8568
5.87996 9044
5.88287 8092
5.88287 8568
5.88578 9044
5.88868 8092
5.88868 8568
5.89159 9044
5.8945 8092
5.8945 8568
5.8974 9044
5.90031 8092
5.90031 8568
5.90322 9044
5.93851 8092
5.93851 8568
5.94141 9044
5.94432 8092
5.94432 8568
5.94722 9044
5.95013 8092
5.95013 8568
5.95304 9044
5.95594 8092
5.95594 8568
5.95885 9044
5.96176 8092
5.96176 8568
5.96466 9044
5.96757 8092
5.96757 8568
5.97048 9044
5.97338 8092
5.97338 8568
5.97629 9044
5.9792 8092
5.9792 8568
5.9821 9044
5.98501 8092
5.98501 8568
5.98792 9044
6.02321 8092
6.02321 8568
6.02611 9044
6.02902 8092
6.02902 8568
6.03193 9044
6.03483 8092
6.03483 8568
6.03774 9044
6.04065 8092
6.04065 8568
6.04355 9044
6.04646 8092
6.04646 8568
6.04937 9044
6.05227 8092
6.05227 8568
6.05518 9044
6.05808 8092
6.05808 8568
6.06099 9044
6.0639 8092
6.0639 8568
6.0668 9044
6.06971 8092
6.06971 8568
6.07262 9044
6.10791 8092
6.10791 8568
6.11081 9044
6.11372 8092
6.11372 8568
6.11663 9044
6.11953 8092
6.11953 8568
6.12244 9044
6.12535 8092
6.12535 8568
6.12825 9044
6.13116 8092
6.13116 8568
6.13407 9044
6.13697 8092
6.13697 8568
6.13988 9044
6.14279 8092
6.14279 8568
6.14569 9044
6.1486 8092
6.1486 8568
6.15151 9044
6.15441 8092
6.15441 8568
6.15732 9044
6.19261 8092
6.19261 8568
6.19551 9044
6.19842 8092
6.19842 8568
6.20133 9044
6.20423 8092
6.20423 8568
6.20714 9044
6.21005 8092
6.21005 8568
6.21295 9044
6.21586 8092
6.21586 8568
6.21877 9044
6.22167 8092
6.22167 8568
6.22458 9044
6.22749 8092
6.22749 8568
6.23039 9044
6.2333 8092
6.2333 8568
6.23621 9044
6.23911 8092
6.23911 8568
6.24202 9044
6.27731 8092
6.27731 8568
6.28021 9044
6.28312 8092
6.28312 8568
6.28603 9044
6.28893 8092
6.28893 8568
6.29184 9044
6.29475 8092
6.29475 8568
6.29765 9044
6.30056 8092
6.30056 8568
6.30347 9044
6.30637 8092
6.30637 8568
6.30928 9044
6.31219 8092
6.31219 8568
6.31509 9044
6.318 8092
6.318 8568
6.32091 9044
6.32381 8092
6.32381 8568
6.32672 9044
6.36201 8092
6.36201 8568
6.36492 9044
6.36782 8092
6.36782 8568
6.37073 9044
6.37364 8092
6.37364 8568
6.37654 9044
6.37945 8092
6.37945 8568
6.38236 9044
6.38526 8092
6.38526 8568
6.38817 9044
6.39107 8092
6.39107 8568
6.39398 9044
6.39689 8092
6.39689 8568
6.39979 9044
6.4027 8092
6.4027 8568
6.40561 9044
6.40851 8092
6.40851 8568
6.41142 9044
6.44671 8092
6.44671 8568
6.44962 9044
6.45252 8092
6.45252 8568
6.45543 9044
6.45834 8092
6.45834 8568
6.46124 9044
6.46415 8092
6.46415 8568
6.46706 9044
6.46996 8092
6.46996 8568
6.47287 9044
6.47578 8092
6.47578 8568
6.47868 9044
6.48159 8092
6.48159 8568
6.4845 9044
6.4874 8092
6.4874 8568
6.49031 9044
6.49322 8092
6.49322 8568
6.49612 9044
6.53141 8092
6.53141 8568
6.53432 9044
6.53722 8092
6.53722 8568
6.54013 9044
6.54304 8092
6.54304 8568
6.54594 9044
6.54885 8092
6.54885 8568
6.55176 9044
6.55466 8092
6.55466 8568
6.55757 9044
6.56048 8092
6.56048 8568
6.56338 9044
6.56629 8092
6.56629 8568
6.5692 9044
6.5721 8092
6.5721 8568
6.57501 9044
6.57792 8092
6.57792 8568
6.58082 9044
6.61611 8092
6.61611 8568
6.61902 9044
6.62192 8092
6.62192 8568
6.62483 9044
6.62774 8092
6.62774 8568
6.63064 9044
6.63355 8092
6.63355 8568
6.63646 9044
6.63936 8092
6.63936 8568
6.64227 9044
6.64518 8092
6.64518 8568
6.64808 9044
6.65099 8092
6.65099 8568
6.6539 9044
6.6568 8092
6.6568 8568
6.65971 9044
6.66262 8092
6.66262 8568
6.66552 9044
6.70081 8092
6.70081 8568
6.70372 9044
6.70663 8092
6.70663 8568
6.70953 9044
6.71244 8092
6.71244 8568
6.71535 9044
6.71825 8092
6.71825 8568
6.72116 9044
6.72406 8092
6.72406 8568
6.72697 9044
6.72988 8092
6.72988 8568
6.73278 9044
6.73569 8092
6.73569 8568
6.7386 9044
6.7415 8092
6.7415 8568
6.74441 9044
6.74732 8092
6.74732 8568
6.75022 9044
6.78551 8092
6.78551 8568
6.78842 9044
6.79133 8092
6.79133 8568
6.79423 9044
6.79714 8092
6.79714 8568
6.80005 9044
6.80295 8092
6.80295 8568
6.80586 9044
6.80877 8092
6.80877 8568
6.81167 9044
6.81458 8092
6.81458 8568
6.81749 9044
6.82039 8092
6.82039 8568
6.8233 9044
6.82621 8092
6.82621 8568
6.82911 9044
6.83202 8092
6.83202 8568
6.83492 9044
6.87021 8092
6.87021 8568
6.87312 9044
6.87603 8092
6.87603 8568
6.87893 9044
6.88184 8092
6.88184 8568
6.88475 9044
6.88765 8092
6.88765 8568
6.89056 9044
6.89347 8092
6.89347 8568
6.89637 9044
6.89928 8092
6.89928 8568
6.90219 9044
6.90509 8092
6.90509 8568
6.908 9044
6.91091 8092
6.91091 8568
6.91381 9044
6.91672 8092
6.91672 8568
6.91963 9044
6.95491 8092
6.95491 8568
6.95782 9044
6.96073 8092
6.96073 8568
6.96363 9044
6.96654 8092
6.96654 8568
6.96945 9044
6.97235 8092
6.97235 8568
6.97526 9044
6.97817 8092
6.97817 8568
6.98107 9044
6.98398 8092
6.98398 8568
6.98689 9044
6.98979 8092
6.98979 8568
6.9927 9044
6.99561 8092
6.99561 8568
6.99851 9044
7.00142 8092
7.00142 8568
7.00433 9044
7.03962 8092
7.03962 8568
7.04252 9044
7.04543 8092
7.04543 8568
7.04834 9044
7.05124 8092
7.05124 8568
7.05415 9044
7.05705 8092
7.05705 8568
7.05996 9044
7.06287 8092
7.06287 8568
7.06577 9044
7.06868 8092
7.06868 8568
7.07159 9044
7.07449 8092
7.07449 8568
7.0774 9044
7.08031 8092
7.08031 8568
7.08321 9044
7.08612 8092
7.08612 8568
7.08903 9044
7.12432 8092
7.12432 8568
7.12722 9044
7.13013 8092
7.13013 8568
7.13304 9044
7.13594 8092
7.13594 8568
7.13885 9044
7.14176 8092
7.14176 8568
7.14466 9044
7.14757 8092
7.14757 8568
7.15048 9044
7.15338 8092
7.15338 8568
7.15629 9044
7.1592 8092
7.1592 8568
7.1621 9044
7.16501 8092
7.16501 8568
7.16791 9044
7.17082 8092
7.17082 8568
7.17373 9044
7.20902 8092
7.20902 8568
7.21192 9044
7.21483 8092
7.21483 8568
7.21774 9044
7.22064 8092
7.22064 8568
7.22355 9044
7.22646 8092
7.22646 8568
7.22936 9044
7.23227 8092
7.23227 8568
7.23518 9044
7.23808 8092
7.23808 8568
7.24099 9044
7.2439 8092
7.2439 8568
7.2468 9044
7.24971 8092
7.24971 8568
7.25262 9044
7.25552 8092
7.25552 8568
7.25843 9044
7.29372 8092
7.29372 8568
7.29662 9044
7.29953 8092
7.29953 8568
7.30244 9044
7.30534 8092
7.30534 8568
7.30825 9044
7.31116 8092
7.31116 8568
7.31406 9044
7.31697 8092
7.31697 8568
7.31988 9044
7.32278 8092
7.32278 8568
7.32569 9044
7.3286 8092
7.3286 8568
7.3315 9044
7.33441 8092
7.33441 8568
7.33732 9044
7.34022 8092
7.34022 8568
7.34313 9044
7.37842 8092
7.37842 8568
7.38133 9044
7.38423 8092
7.38423 8568
7.38714 9044
7.39004 8092
7.39004 8568
7.39295 9044
7.39586 8092
7.39586 8568
7.39876 9044
7.40167 8092
7.40167 8568
7.40458 9044
7.40748 8092
7.40748 8568
7.41039 9044
7.4133 8092
7.4133 8568
7.4162 9044
7.41911 8092
7.41911 8568
7.42202 9044
7.42492 8092
7.42492 8568
7.42783 9044
7.46312 8092
7.46312 8568
7.46603 9044
7.46893 8092
7.46893 8568
7.47184 9044
7.47475 8092
7.47475 8568
7.47765 9044
7.48056 8092
7.48056 8568
7.48347 9044
7.48637 8092
7.48637 8568
7.48928 9044
7.49219 8092
7.49219 8568
7.49509 9044
7.498 8092
7.498 8568
7.5009 9044
7.50381 8092
7.50381 8568
7.50672 9044
7.50962 8092
7.50962 8568
7.51253 9044
7.54782 8092
7.54782 8568
7.55073 9044
7.55363 8092
7.55363 8568
7.55654 9044
7.55945 8092
7.55945 8568
7.56235 9044
7.56526 8092
7.56526 8568
7.56817 9044
7.57107 8092
7.57107 8568
7.57398 9044
7.57689 8092
7.57689 8568
7.57979 9044
7.5827 8092
7.5827 8568
7.58561 9044
7.58851 8092
7.58851 8568
7.59142 9044
7.59433 8092
7.59433 8568
7.59723 9044
7.63252 8092
7.63252 8568
7.63543 9044
7.63833 8092
7.63833 8568
7.64124 9044
7.64415 8092
7.64415 8568
7.64705 9044
7.64996 8092
7.64996 8568
7.65287 9044
7.65577 8092
7.65577 8568
7.65868 9044
7.66159 8092
7.66159 8568
7.66449 9044
7.6674 8092
7.6674 8568
7.67031 9044
7.67321 8092
7.67321 8568
7.67612 9044
7.67903 8092
7.67903 8568
7.68193 9044
7.71722 8092
7.71722 8568
7.72013 9044
7.72303 8092
7.72303 8568
7.72594 9044
7.72885 8092
7.72885 8568
7.73175 9044
7.73466 8092
7.73466 8568
7.73757 9044
7.74047 8092
7.74047 8568
7.74338 9044
7.74629 8092
7.74629 8568
7.74919 9044
7.7521 8092
7.7521 8568
7.75501 9044
7.75791 8092
7.75791 8568
7.76082 9044
7.76373 8092
7.76373 8568
7.76663 9044
7.80192 8092
7.80192 8568
7.80483 9044
7.80774 8092
7.80774 8568
7.81064 9044
7.81355 8092
7.81355 8568
7.81646 9044
7.81936 8092
7.81936 8568
7.82227 9044
7.82518 8092
7.82518 8568
7.82808 9044
7.83099 8092
7.83099 8568
7.83389 9044
7.8368 8092
7.8368 8568
7.83971 9044
7.84261 8092
7.84261 8568
7.84552 9044
7.84843 8092
7.84843 8568
7.85133 9044
7.88662 8092
7.88662 8568
7.88953 9044
7.89244 8092
7.89244 8568
7.89534 9044
7.89825 8092
7.89825 8568
7.90116 9044
7.90406 8092
7.90406 8568
7.90697 9044
7.90988 8092
7.90988 8568
7.91278 9044
7.91569 8092
7.91569 8568
7.9186 9044
7.9215 8092
7.9215 8568
7.92441 9044
7.92732 8092
7.92732 8568
7.93022 9044
7.93313 8092
7.93313 8568
7.93604 9044
7.97132 8092
7.97132 8568
7.97423 9044
7.97714 8092
7.97714 8568
7.98004 9044
7.98295 8092
7.98295 8568
7.98586 9044
7.98876 8092
7.98876 8568
7.99167 9044
7.99458 8092
7.99458 8568
7.99748 9044
8.00039 8092
8.00039 8568
8.0033 9044
8.0062 8092
8.0062 8568
8.00911 9044
8.01202 8092
8.01202 8568
8.01492 9044
8.01783 8092
8.01783 8568
8.02074 9044
8.05603 8092
8.05603 8568
8.05893 9044
8.06184 8092
8.06184 8568
8.06474 9044
8.06765 8092
8.06765 8568
8.07056 9044
8.07346 8092
8.07346 8568
8.07637 9044
8.07928 8092
8.07928 8568
8.08218 9044
8.08509 8092
8.08509 8568
8.088 9044
8.0909 8092
8.0909 8568
8.09381 9044
8.09672 8092
8.09672 8568
8.09962 9044
8.10253 8092
8.10253 8568
8.10544 9044
8.14073 8092
8.14073 8568
8.14363 9044
8.14654 8092
8.14654 8568
8.14945 9044
8.15235 8092
8.15235 8568
8.15526 9044
8.15817 8092
8.15817 8568
8.16107 9044
8.16398 8092
8.16398 8568
8.16689 9044
8.16979 8092
8.16979 8568
8.1727 9044
8.1756 8092
8.1756 8568
8.17851 9044
8.18142 8092
8.18142 8568
8.18432 9044
8.18723 8092
8.18723 8568
8.19014 9044
8.22543 8092
8.22543 8568
8.22833 9044
8.23124 8092
8.23124 8568
8.23415 9044
8.23705 8092
8.23705 8568
8.23996 9044
8.24287 8092
8.24287 8568
8.24577 9044
8.24868 8092
8.24868 8568
8.25159 9044
8.25449 8092
8.25449 8568
8.2574 9044
8.26031 8092
8.26031 8568
8.26321 9044
8.26612 8092
8.26612 8568
8.26903 9044
8.27193 8092
8.27193 8568
8.27484 9044
8.31013 8092
8.31013 8568
8.31303 9044
8.31594 8092
8.31594 8568
8.31885 9044
8.32175 8092
8.32175 8568
8.32466 9044
8.32757 8092
8.32757 8568
8.33047 9044
8.33338 8092
8.33338 8568
8.33629 9044
8.33919 8092
8.33919 8568
8.3421 9044
8.34501 8092
8.34501 8568
8.34791 9044
8.35082 8092
8.35082 8568
8.35373 9044
8.35663 8092
8.35663 8568
8.35954 9044
8.39483 8092
8.39483 8568
8.39773 9044
8.40064 8092
8.40064 8568
8.40355 9044
8.40645 8092
8.40645 8568
8.40936 9044
8.41227 8092
8.41227 8568
8.41517 9044
8.41808 8092
8.41808 8568
8.42099 9044
8.42389 8092
8.42389 8568
8.4268 9044
8.42971 8092
8.42971 8568
8.43261 9044
8.43552 8092
8.43552 8568
8.43843 9044
8.44133 8092
8.44133 8568
8.44424 9044
8.47953 8092
8.47953 8568
8.48244 9044
8.48534 8092
8.48534 8568
8.48825 9044
8.49116 8092
8.49116 8568
8.49406 9044
8.49697 8092
8.49697 8568
8.49988 9044
8.50278 8092
8.50278 8568
8.50569 9044
8.50859 8092
8.50859 8568
8.5115 9044
8.51441 8092
8.51441 8568
8.51731 9044
8.52022 8092
8.52022 8568
8.52313 9044
8.52603 8092
8.52603 8568
8.52894 9044
8.56423 8092
8.56423 8568
8.56714 9044
8.57004 8092
8.57004 8568
8.57295 9044
8.57586 8092
8.57586 8568
8.57876 9044
8.58167 8092
8.58167 8568
8.58458 9044
8.58748 8092
8.58748 8568
8.59039 9044
8.5933 8092
8.5933 8568
8.5962 9044
8.59911 8092
8.59911 8568
8.60202 9044
8.60492 8092
8.60492 8568
8.60783 9044
8.61074 8092
8.61074 8568
8.61364 9044
8.64893 8092
8.64893 8568
8.65184 9044
8.65474 8092
8.65474 8568
8.65765 9044
8.66056 8092
8.66056 8568
8.66346 9044
8.66637 8092
8.66637 8568
8.66928 9044
8.67218 8092
8.67218 8568
8.67509 9044
8.678 8092
8.678 8568
8.6809 9044
8.68381 8092
8.68381 8568
8.68672 9044
8.68962 8092
8.68962 8568
8.69253 9044
8.69544 8092
8.69544 8568
8.69834 9044
8.73363 8092
8.73363 8568
8.73654 9044
8.73944 8092
8.73944 8568
8.74235 9044
8.74526 8092
8.74526 8568
8.74816 9044
8.75107 8092
8.75107 8568
8.75398 9044
8.75688 8092
8.75688 8568
8.75979 9044
8.7627 8092
8.7627 8568
8.7656 9044
8.76851 8092
8.76851 8568
8.77142 9044
8.77432 8092
8.77432 8568
8.77723 9044
8.78014 8092
8.78014 8568
8.78304 9044
8.81833 8092
8.81833 8568
8.82124 9044
8.82415 8092
8.82415 8568
8.82705 9044
8.82996 8092
8.82996 8568
8.83287 9044
8.83577 8092
8.83577 8568
8.83868 9044
8.84158 8092
8.84158 8568
8.84449 9044
8.8474 8092
8.8474 8568
8.8503 9044
8.85321 8092
8.85321 8568
8.85612 9044
8.85902 8092
8.85902 8568
8.86193 9044
8.86484 8092
8.86484 8568
8.86774 9044
8.90303 8092
8.90303 8568
8.90594 9044
8.90885 8092
8.90885 8568
8.91175 9044
8.91466 8092
8.91466 8568
8.91757 9044
8.92047 8092
8.92047 8568
8.92338 9044
8.92629 8092
8.92629 8568
8.92919 9044
8.9321 8092
8.9321 8568
8.93501 9044
8.93791 8092
8.93791 8568
8.94082 9044
8.94373 8092
8.94373 8568
8.94663 9044
8.94954 8092
8.94954 8568
8.95244 9044
8.98773 8092
8.98773 8568
8.99064 9044
8.99355 8092
8.99355 8568
8.99645 9044
8.99936 8092
8.99936 8568
9.00227 9044
9.00517 8092
9.00517 8568
9.00808 9044
9.01099 8092
9.01099 8568
9.01389 9044
9.0168 8092
9.0168 8568
9.01971 9044
9.02261 8092
9.02261 8568
9.02552 9044
9.02843 8092
9.02843 8568
9.03133 9044
9.03424 8092
9.03424 8568
9.03715 9044
9.07243 8092
9.07243 8568
9.07534 9044
9.07825 8092
9.07825 8568
9.08115 9044
9.08406 8092
9.08406 8568
9.08697 9044
9.08987 8092
9.08987 8568
9.09278 9044
9.09569 8092
9.09569 8568
9.09859 9044
9.1015 8092
9.1015 8568
9.10441 9044
9.10731 8092
9.10731 8568
9.11022 9044
9.11313 8092
9.11313 8568
9.11603 9044
9.11894 8092
9.11894 8568
9.12185 9044
9.15714 8092
9.15714 8568
9.16004 9044
9.16295 8092
9.16295 8568
9.16586 9044
9.16876 8092
9.16876 8568
9.17167 9044
9.17457 8092
9.17457 8568
9.17748 9044
9.18039 8092
9.18039 8568
9.18329 9044
9.1862 8092
9.1862 8568
9.18911 9044
9.19201 8092
9.19201 8568
9.19492 9044
9.19783 8092
9.19783 8568
9.20073 9044
9.20364 8092
9.20364 8568
9.20655 9044
9.24184 8092
9.24184 8568
9.24474 9044
9.24765 8092
9.24765 8568
9.25056 9044
9.25346 8092
9.25346 8568
9.25637 9044
9.25928 8092
9.25928 8568
9.26218 9044
9.26509 8092
9.26509 8568
9.268 9044
9.2709 8092
9.2709 8568
9.27381 9044
9.27672 8092
9.27672 8568
9.27962 9044
9.28253 8092
9.28253 8568
9.28543 9044
9.28834 8092
9.28834 8568
9.29125 9044
9.32654 8092
9.32654 8568
9.32944 9044
9.33235 8092
9.33235 8568
9.33526 9044
9.33816 8092
9.33816 8568
9.34107 9044
9.34398 8092
9.34398 8568
9.34688 9044
9.34979 8092
9.34979 8568
9.3527 9044
9.3556 8092
9.3556 8568
9.35851 9044
9.36142 8092
9.36142 8568
9.36432 9044
9.36723 8092
9.36723 8568
9.37014 9044
9.37304 8092
9.37304 8568
9.37595 9044
9.41124 8092
9.41124 8568
9.41414 9044
9.41705 8092
9.41705 8568
9.41996 9044
9.42286 8092
9.42286 8568
9.42577 9044
9.42868 8092
9.42868 8568
9.43158 9044
9.43449 8092
9.43449 8568
9.4374 9044
9.4403 8092
9.4403 8568
9.44321 9044
9.44612 8092
9.44612 8568
9.44902 9044
9.45193 8092
9.45193 8568
9.45484 9044
9.45774 8092
9.45774 8568
9.46065 9044
9.49594 8092
9.49594 8568
9.49885 9044
9.50175 8092
9.50175 8568
9.50466 9044
9.50756 8092
9.50756 8568
9.51047 9044
9.51338 8092
9.51338 8568
9.51628 9044
9.51919 8092
9.51919 8568
9.5221 9044
9.525 8092
9.525 8568
9.52791 9044
9.53082 8092
9.53082 8568
9.53372 9044
9.53663 8092
9.53663 8568
9.53954 9044
9.54244 8092
9.54244 8568
9.54535 9044
9.58064 8092
9.58064 8568
9.58355 9044
9.58645 8092
9.58645 8568
9.58936 9044
9.59227 8092
9.59227 8568
9.59517 9044
9.59808 8092
9.59808 8568
9.60099 9044
9.60389 8092
9.60389 8568
9.6068 9044
9.60971 8092
9.60971 8568
9.61261 9044
9.61552 8092
9.61552 8568
9.61842 9044
9.62133 8092
9.62133 8568
9.62424 9044
9.62714 8092
9.62714 8568
9.63005 9044
9.66534 8092
9.66534 8568
9.66825 9044
9.67115 8092
9.67115 8568
9.67406 9044
9.67697 8092
9.67697 8568
9.67987 9044
9.68278 8092
9.68278 8568
9.68569 9044
9.68859 8092
9.68859 8568
9.6915 9044
9.69441 8092
9.69441 8568
9.69731 9044
9.70022 8092
9.70022 8568
9.70313 9044
9.70603 8092
9.70603 8568
9.70894 9044
9.71185 8092
9.71185 8568
9.71475 9044
9.75004 8092
9.75004 8568
9.75295 9044
9.75585 8092
9.75585 8568
9.75876 9044
9.76167 8092
9.76167 8568
9.76457 9044
9.76748 8092
9.76748 8568
9.77039 9044
9.77329 8092
9.77329 8568
9.7762 9044
9.77911 8092
9.77911 8568
9.78201 9044
9.78492 8092
9.78492 8568
9.78783 9044
9.79073 8092
9.79073 8568
9.79364 9044
9.79655 8092
9.79655 8568
9.79945 9044
9.83474 8092
9.83474 8568
9.83765 9044
9.84055 8092
9.84055 8568
9.84346 9044
9.84637 8092
9.84637 8568
9.84927 9044
9.85218 8092
9.85218 8568
9.85509 9044
9.85799 8092
9.85799 8568
9.8609 9044
9.86381 8092
9.86381 8568
9.86671 9044
9.86962 8092
9.86962 8568
9.87253 9044
9.87543 8092
9.87543 8568
9.87834 9044
9.88125 8092
9.88125 8568
9.88415 9044
9.91944 8092
9.91944 8568
9.92235 9044
9.92526 8092
9.92526 8568
9.92816 9044
9.93107 8092
9.93107 8568
9.93398 9044
9.93688 8092
9.93688 8568
9.93979 9044
9.9427 8092
9.9427 8568
9.9456 9044
9.94851 8092
9.94851 8568
9.95141 9044
9.95432 8092
9.95432 8568
9.95723 9044
9.96013 8092
9.96013 8568
9.96304 9044
9.96595 8092
9.96595 8568
9.96885 9044
10.0041 8092
10.0041 8568
10.007 9044
10.01 8092
10.01 8568
10.0129 9044
10.0158 8092
10.0158 8568
10.0187 9044
10.0216 8092
10.0216 8568
10.0245 9044
10.0274 8092
10.0274 8568
10.0303 9044
10.0332 8092
10.0332 8568
10.0361 9044
10.039 8092
10.039 8568
10.0419 9044
10.0448 8092
10.0448 8568
10.0477 9044
10.0506 8092
10.0506 8568
10.0536 9044
10.0888 8092
10.0888 8568
10.0918 9044
10.0947 8092
10.0947 8568
10.0976 9044
10.1005 8092
10.1005 8568
10.1034 9044
10.1063 8092
10.1063 8568
10.1092 9044
10.1121 8092
10.1121 8568
10.115 9044
10.1179 8092
10.1179 8568
10.1208 9044
10.1237 8092
10.1237 8568
10.1266 9044
10.1295 8092
10.1295 8568
10.1324 9044
10.1353 8092
10.1353 8568
10.1383 9044
10.1735 8092
10.1735 8568
10.1765 9044
10.1794 8092
10.1852 7140
10.191 6188
10.1968 5236
10.2026 4284
10.2084 3332
10.2142 2380
10.2201 1428
10.2582 476
10.2582 952
10.2612 1428
10.3429 476
10.3429 952
10.3459 1428
10.4276 476
10.4276 952
10.4306 1428
10.5123 476
10.5123 952
10.5153 1428
10.597 476
10.597 952
10.6 1428
10.6817 476
10.6817 952
10.6847 1428
10.7665 476
10.7665 952
10.7694 1428
10.8512 476
10.8512 952
10.8541 1428
10.9359 476
10.9359 952
10.9388 1428
11.0206 476
11.0206 952
11.0235 1428
11.1053 476
11.1053 952
11.1082 1428
11.19 476
11.19 952
11.1929 1428
11.2747 476
11.2747 952
11.2776 1428
11.3594 476
11.3594 952
11.3623 1428
11.4441 476
11.4441 952
11.447 1428
11.5288 476
11.5288 952
11.5317 1428
11.6135 476
11.6135 952
11.6164 1428
11.6982 476
11.6982 952
11.7011 1428
11.7829 476
11.7829 952
11.7858 1428
11.8676 476
11.8676 952
11.8705 1428
11.9523 476
11.9523 952
11.9552 1428
12.037 476
12.037 952
12.0399 1428
12.1217 476
12.1217 952
12.1246 1428
12.2064 476
12.2064 952
12.2093 1428
12.2911 476
12.2911 952
12.294 1428
12.3758 476
12.3758 952
12.3787 1428
12.4605 476
12.4605 952
12.4634 1428
12.5452 476
12.5452 952
12.5481 1428
12.6299 476
12.6299 952
12.6328 1428
12.7146 476
12.7146 952
12.7175 1428
12.7993 476
12.7993 952
12.8022 1428
12.884 476
12.884 952
12.8869 1428
12.9687 476
12.9687 952
12.9716 1428
13.0534 476
13.0534 952
13.0563 1428
13.1381 476
13.1381 952
13.141 1428
13.2228 476
13.2228 952
13.2257 1428
13.3075 476
13.3075 952
13.3104 1428
13.3922 476
13.3922 952
13.3951 1428
13.4769 476
13.4769 952
13.4798 1428
13.5616 476
13.5616 952
13.5645 1428
13.6463 476
13.6463 952
13.6492 1428
13.731 476
13.731 952
13.7339 1428
13.8157 476
13.8157 952
13.8186 1428
13.9004 476
13.9004 952
13.9033 1428
13.9851 476
13.9851 952
13.988 1428
14.0698 476
14.0698 952
14.0727 1428
14.1545 476
14.1545 952
14.1574 1428
14.2392 476
14.2392 952
14.2421 1428
14.3239 476
14.3239 952
14.3268 1428
14.4086 476
14.4086 952
14.4115 1428
14.4933 476
14.4933 952
14.4962 1428
14.578 476
14.578 952
14.5809 1428
14.6627 476
14.6627 952
14.6656 1428
14.7474 476
14.7474 952
14.7503 1428
14.8321 476
14.8321 952
14.835 1428
14.9168 476
14.9168 952
14.9197 1428
15.0015 476
15.0015 952
15.0044 1428
15.0862 476
15.0862 952
15.0891 1428
15.1709 476
15.1709 952
15.1738 1428
15.2556 476
15.2556 952
15.2585 1428
15.3403 476
15.3403 952
15.3432 1428
15.425 476
15.425 952
15.4279 1428
15.5097 476
15.5097 952
15.5126 1428
15.5944 476
15.5944 952
15.5973 1428
15.6791 476
15.6791 952
15.682 1428
15.7638 476
15.7638 952
15.7667 1428
15.8485 476
15.8485 952
15.8514 1428
15.9332 476
15.9332 952
15.9361 1428
16.0179 476
16.0179 952
16.0208 1428
16.1026 476
16.1026 952
16.1055 1428
16.1873 476
16.1873 952
16.1902 1428
16.272 476
16.272 952
16.2749 1428
16.3567 476
16.3567 952
16.3596 1428
16.4414 476
16.4414 952
16.4443 1428
16.5261 476
16.5261 952
16.529 1428
16.6108 476
16.6108 952
16.6137 1428
16.6955 476
16.6955 952
16.6984 1428
16.7802 476
16.7802 952
16.7831 1428
16.8649 476
16.8649 952
16.8678 1428
16.9496 476
16.9496 952
16.9525 1428
17.0343 476
17.0343 952
17.0372 1428
17.119 476
17.119 952
17.1219 1428
17.2037 476
17.2037 952
17.2066 1428
17.2884 476
17.2884 952
17.2913 1428
17.3731 476
17.3731 952
17.376 1428
17.4578 476
17.4578 952
17.4607 1428
17.5425 476
17.5425 952
17.5454 1428
17.6272 476
17.6272 952
17.6301 1428
17.7119 476
17.7119 952
17.7148 1428
17.7966 476
17.7966 952
17.7995 1428
17.8813 476
17.8813 952
17.8842 1428
17.966 476
17.966 952
17.9689 1428
18.0507 476
18.0507 952
18.0536 1428
18.1354 476
18.1354 952
18.1383 1428
18.2201 476
18.2201 952
18.223 1428
18.3048 476
18.3048 952
18.3077 1428
18.3895 476
18.3895 952
18.3924 1428
18.4742 476
18.4742 952
18.4771 1428
18.5589 476
18.5589 952
18.5618 1428
18.6436 476
18.6436 952
18.6465 1428
18.7283 476
18.7283 952
18.7312 1428
18.813 476
18.813 952
18.8159 1428
18.8977 476
18.8977 952
18.9006 1428
18.9824 476
18.9824 952
18.9853 1428
19.0671 476
19.0671 952
19.07 1428
19.1518 476
19.1518 952
19.1547 1428
19.2365 476
19.2365 952
19.2394 1428
19.3212 476
19.3212 952
19.3241 1428
19.4059 476
19.4059 952
19.4088 1428
19.4906 476
19.4906 952
19.4935 1428
19.5753 476
19.5753 952
19.5782 1428
19.66 476
19.66 952
19.6629 1428
19.7447 476
19.7447 952
19.7476 1428
19.8294 476
19.8294 952
19.8323 1428
19.9141 476
19.9141 952
19.917 1428
19.9988 476
19.9988 952
20.0017 1428
20.0835 476
20.0835 952
20.0864 1428
20.1682 476
20.1682 952
20.1711 1428
20.2529 476
20.2529 952
20.2558 1428
20.3376 476
20.3376 952
20.3405 1428
20.4223 476
20.4223 952
20.4252 1428
20.507 476
20.507 952
20.5099 1428
20.5921 476
20.5921 952
20.595 1428
20.6961 476
20.6961 952
20.699 1428
20.8136 476
20.8136 952
20.8165 1428
20.9306 476
20.9306 952
20.9335 1428
21.0476 476
21.0476 952
21.0505 1428
21.1647 476
21.1647 952
21.1676 1428
21.2496 476
21.2496 952
21.2525 1428
21.3395 476
21.3395 952
21.3424 1428
21.4298 476
21.4298 952
21.4327 1428
21.5175 476
21.5175 952
21.5204 1428
21.6062 476
21.6062 952
21.6091 1428
21.6956 476
21.6956 952
21.6985 1428
21.7859 476
21.7859 952
21.7888 1428
21.8771 476
21.8771 952
21.88 1428
21.9691 476
21.9691 952
21.972 1428
22.0709 476
22.0709 952
22.0738 1428
22.1654 476
22.1654 952
22.1683 1428
22.2608 476
22.2608 952
22.2637 1428
22.3571 476
22.3571 952
22.36 1428
22.4542 476
22.4542 952
22.4571 1428
22.5521 476
22.5521 952
22.555 1428
22.6509 476
22.6509 952
22.6538 1428
22.7594 476
22.7594 952
22.7623 1428
22.8608 476
22.8608 952
22.8637 1428
22.963 476
22.963 952
22.9659 1428
23.066 476
23.066 952
23.0689 1428
23.1699 476
23.1699 952
23.1728 1428
23.2746 476
23.2746 952
23.2775 1428
23.3836 476
23.3836 952
23.3865 1428
23.4934 476
23.4934 952
23.4963 1428
23.6015 476
23.6015 952
23.6044 1428
23.7105 476
23.7105 952
23.7134 1428
23.8203 476
23.8203 952
23.8232 1428
23.9309 476
23.9309 952
23.9339 1428
24.0437 476
24.0437 952
24.0466 1428
24.1569 476
24.1569 952
24.1598 1428
24.2663 476
24.2663 952
24.2692 1428
24.3766 476
24.3766 952
24.3795 1428
24.4877 476
24.4877 952
24.4906 1428
24.5996 476
24.5996 952
24.6025 1428
24.7128 476
24.7128 952
24.7157 1428
24.8269 476
24.8269 952
24.8298 1428
24.9363 476
24.9363 952
24.9392 1428
25.0465 476
25.0465 952
25.0494 1428
25.1576 476
25.1576 952
25.1605 1428
25.2695 476
25.2695 952
25.2724 1428
25.3823 476
25.3823 952
25.3852 1428
25.4972 476
25.4972 952
25.5001 1428
25.6066 476
25.6066 952
25.6095 1428
25.7168 476
25.7168 952
25.7197 1428
25.8279 476
25.8279 952
25.8308 1428
25.9399 476
25.9399 952
25.9428 1428
26.0526 476
26.0526 952
26.0556 1428
26.1684 476
26.1684 952
26.1713 1428
26.2778 476
26.2778 952
26.2807 1428
26.388 476
26.388 952
26.3909 1428
26.4991 476
26.4991 952
26.502 1428
26.6111 476
26.6111 952
26.614 1428
26.7238 476
26.7238 952
26.7267 1428
26.8404 476
26.8404 952
26.8433 1428
26.9498 476
26.9498 952
26.9527 1428
27.0601 476
27.0601 952
27.063 1428
27.1712 476
27.1712 952
27.1741 1428
27.2831 476
27.2831 952
27.286 1428
27.3959 476
27.3959 952
27.3988 1428
27.5129 476
27.5129 952
27.5158 1428
27.6219 476
27.6219 952
27.6248 1428
27.7317 476
27.7317 952
27.7346 1428
27.8423 476
27.8423 952
27.8453 1428
27.9539 476
27.9539 952
27.9568 1428
28.0662 476
28.0662 952
28.0691 1428
28.1837 476
28.1837 952
28.1866 1428
28.2922 476
28.2922 952
28.2951 1428
28.4016 476
28.4016 952
28.4045 1428
28.5118 476
28.5118 952
28.5148 1428
28.6229 476
28.6229 952
28.6258 1428
28.7349 476
28.7349 952
28.7378 1428
28.8519 476
28.8519 952
28.8548 1428
28.9604 476
28.9604 952
28.9633 1428
29.0698 476
29.0698 952
29.0727 1428
29.1801 476
29.1801 952
29.183 1428
29.2912 476
29.2912 952
29.2941 1428
29.4031 476
29.4031 952
29.406 1428
29.5201 476
29.5201 952
29.523 1428
29.6287 476
29.6287 952
29.6316 1428
29.7381 476
29.7381 952
29.741 1428
29.8483 476
29.8483 952
29.8512 1428
29.9594 476
29.9594 952
29.9623 1428
30.0713 476
30.0713 952
30.0742 1428
30.1883 476
30.1883 952
30.1912 1428
30.2893 476
30.2893 952
30.2922 1428
30.3741 476
30.3741 952
30.377 1428
30.4588 476
30.4588 952
30.4617 1428
30.5498 476
30.5498 952
30.5527 1428
30.6414 476
30.6414 952
30.6443 1428
30.7304 476
30.7304 952
30.7333 1428
30.8203 476
30.8203 952
30.8232 1428
30.9111 476
30.9111 952
30.914 1428
31.0026 476
31.0026 952
31.0056 1428
31.0951 476
31.0951 952
31.098 1428
31.1884 476
31.1884 952
31.1913 1428
31.2914 476
31.2914 952
31.2943 1428
31.3868 476
31.3868 952
31.3897 1428
31.483 476
31.483 952
31.4859 1428
31.5801 476
31.5801 952
31.583 1428
31.6781 476
31.6781 952
31.681 1428
31.7769 476
31.7769 952
31.7798 1428
31.8765 476
31.8765 952
31.8794 1428
31.9859 476
31.9859 952
31.9888 1428
32.0885 476
32.0885 952
32.0914 1428
32.192 476
32.192 952
32.1949 1428
32.2963 476
32.2963 952
32.2992 1428
32.4014 476
32.4014 952
32.4043 1428
32.5074 476
32.5074 952
32.5103 1428
32.6185 476
32.6185 952
32.6214 1428
32.7292 476
32.7292 952
32.7321 1428
32.8386 476
32.8386 952
32.8415 1428
32.9488 476
32.9488 952
32.9517 1428
33.0599 476
33.0599 952
33.0628 1428
33.1718 476
33.1718 952
33.1747 1428
33.2863 476
33.2863 952
33.2892 1428
33.3987 476
33.3987 952
33.4016 1428
33.5081 476
33.5081 952
33.511 1428
33.6183 476
33.6183 952
33.6212 1428
33.7294 476
33.7294 952
33.7323 1428
33.8413 476
33.8413 952
33.8442 1428
33.9545 476
33.9545 952
33.9574 1428
34.0686 476
34.0686 952
34.0715 1428
34.178 476
34.178 952
34.1809 1428
34.2882 476
34.2882 952
34.2911 1428
34.3993 476
34.3993 952
34.4022 1428
34.5112 476
34.5112 952
34.5142 1428
34.624 476
34.624 952
34.6269 1428
34.7398 476
34.7398 952
34.7427 1428
34.8492 476
34.8492 952
34.8521 1428
34.9594 476
34.9594 952
34.9623 1428
35.0705 476
35.0705 952
35.0734 1428
35.1824 476
35.1824 952
35.1853 1428
35.2952 476
35.2952 952
35.2981 1428
35.4122 476
35.4122 952
35.4152 1428
35.5216 476
35.5216 952
35.5245 1428
35.6319 476
35.6319 952
35.6348 1428
35.743 476
35.743 952
35.7459 1428
35.8549 476
35.8549 952
35.8578 1428
35.9677 476
35.9677 952
35.9706 1428
36.0847 476
36.0847 952
36.0876 1428
36.1933 476
36.1933 952
36.1962 1428
36.3026 476
36.3026 952
36.3056 1428
36.4129 476
36.4129 952
36.4158 1428
36.524 476
36.524 952
36.5269 1428
36.6359 476
36.6359 952
36.6388 1428
36.7529 476
36.7529 952
36.7558 1428
36.8615 476
36.8615 952
36.8644 1428
36.9709 476
36.9709 952
36.9738 1428
37.0811 476
37.0811 952
37.084 1428
37.1922 476
37.1922 952
37.1951 1428
37.3041 476
37.3041 952
37.307 1428
37.4212 476
37.4212 952
37.4241 1428
37.5314 476
37.5314 952
37.5343 1428
37.6408 476
37.6408 952
37.6437 1428
37.751 476
37.751 952
37.7539 1428
37.8621 476
37.8621 952
37.865 1428
37.9741 476
37.9741 952
37.977 1428
38.0898 476
38.0898 952
38.0927 1428
38.2013 476
38.2013 952
38.2042 1428
38.3107 476
38.3107 952
38.3136 1428
38.4209 476
38.4209 952
38.4239 1428
38.532 476
38.532 952
38.5349 1428
38.644 476
38.644 952
38.6469 1428
38.758 476
38.758 952
38.7609 1428
38.8712 476
38.8712 952
38.8741 1428
38.9806 476
38.9806 952
38.9835 1428
39.0909 476
39.0909 952
39.0938 1428
39.202 476
39.202 952
39.2049 1428
39.3139 476
39.3139 952
39.3168 1428
39.4267 476
39.4267 952
39.4296 1428
39.5416 476
39.5416 952
39.5445 1428
39.651 476
39.651 952
39.6539 1428
39.7612 476
39.7612 952
39.7641 1428
39.8723 476
39.8723 952
39.8752 1428
39.9842 476
39.9842 952
39.9871 1428
40.097 476
40.097 952
40.0999 1428
40.2136 476
40.2136 952
40.2165 1428
40.323 476
40.323 952
40.3259 1428
40.4333 476
40.4333 952
40.4362 1428
40.5443 476
40.5443 952
40.5472 1428
40.6291 476
40.6291 952
40.632 1428
40.7138 476
40.7138 952
40.7167 1428
40.7986 476
40.7986 952
40.8015 1428
40.8843 476
40.8843 952
40.8872 1428
40.9708 476
40.9708 952
40.9737 1428
41.0581 476
41.0581 952
41.061 1428
41.1463 476
41.1463 952
41.1492 1428
41.2354 476
41.2354 952
41.2383 1428
41.3303 476
41.3303 952
41.3332 1428
41.4253 476
41.4253 952
41.4282 1428
41.5177 476
41.5177 952
41.5206 1428
41.611 476
41.611 952
41.6139 1428
41.7051 476
41.7051 952
41.7081 1428
41.8001 476
41.8001 952
41.803 1428
41.8959 476
41.8959 952
41.8989 1428
41.9947 476
41.9947 952
41.9976 1428
42.0986 476
42.0986 952
42.1015 1428
42.1978 476
42.1978 952
42.2007 1428
42.2979 476
42.2979 952
42.3008 1428
42.3988 476
42.3988 952
42.4017 1428
42.5006 476
42.5006 952
42.5035 1428
42.6032 476
42.6032 952
42.6061 1428
42.7113 476
42.7113 952
42.7142 1428
42.8186 476
42.8186 952
42.8215 1428
42.9246 476
42.9246 952
42.9275 1428
43.0314 476
43.0314 952
43.0343 1428
43.1391 476
43.1391 952
43.142 1428
43.2477 476
43.2477 952
43.2506 1428
43.3571 476
43.3571 952
43.36 1428
43.472 476
43.472 952
43.4749 1428
43.5813 476
43.5813 952
43.5843 1428
43.6916 476
43.6916 952
43.6945 1428
43.8027 476
43.8027 952
43.8056 1428
43.9146 476
43.9146 952
43.9175 1428
44.0274 476
44.0274 952
44.0303 1428
44.1436 476
44.1436 952
44.1465 1428
44.253 476
44.253 952
44.2559 1428
44.3632 476
44.3632 952
44.3661 1428
44.4743 476
44.4743 952
44.4772 1428
44.5862 476
44.5862 952
44.5891 1428
44.699 476
44.699 952
44.7019 1428
44.816 476
44.816 952
44.8189 1428
44.925 476
44.925 952
44.9279 1428
45.0348 476
45.0348 952
45.0377 1428
45.1455 476
45.1455 952
45.1484 1428
45.257 476
45.257 952
45.2599 1428
45.3694 476
45.3694 952
45.3723 1428
45.4868 476
45.4868 952
45.4897 1428
45.5953 476
45.5953 952
45.5983 1428
45.7047 476
45.7047 952
45.7076 1428
45.815 476
45.815 952
45.8179 1428
45.9261 476
45.9261 952
45.929 1428
46.038 476
46.038 952
46.0409 1428
46.155 476
46.155 952
46.1579 1428
46.264 476
46.264 952
46.2669 1428
46.3734 476
46.3734 952
46.3763 1428
46.4836 476
46.4836 952
46.4865 1428
46.5947 476
46.5947 952
46.5976 1428
46.7067 476
46.7067 952
46.7096 1428
46.8237 476
46.8237 952
46.8266 1428
46.9343 476
46.9343 952
46.9372 1428
47.0437 476
47.0437 952
47.0466 1428
47.154 476
47.154 952
47.1569 1428
47.2651 476
47.2651 952
47.268 1428
47.377 476
47.377 952
47.3799 1428
47.4923 476
47.4923 952
47.4952 1428
47.6047 476
47.6047 952
47.6076 1428
47.7141 476
47.7141 952
47.717 1428
47.8243 476
47.8243 952
47.8272 1428
47.9354 476
47.9354 952
47.9383 1428
48.0473 476
48.0473 952
48.0502 1428
48.161 476
48.161 952
48.1639 1428
48.2746 476
48.2746 952
48.2775 1428
48.384 476
48.384 952
48.3869 1428
48.4942 476
48.4942 952
48.4971 1428
48.6053 476
48.6053 952
48.6082 1428
48.7173 476
48.7173 952
48.7202 1428
48.83 476
48.83 952
48.833 1428
48.9454 476
48.9454 952
48.9483 1428
49.0548 476
49.0548 952
49.0577 1428
49.165 476
49.165 952
49.1679 1428
49.2761 476
49.2761 952
49.279 1428
49.388 476
49.388 952
49.3909 1428
49.5008 476
49.5008 952
49.5037 1428
49.6178 476
49.6178 952
49.6207 1428
49.7272 476
49.7272 952
49.7301 1428
49.8375 476
49.8375 952
49.8404 1428
49.9486 476
49.9486 952
49.9515 1428
50.0605 476
50.0605 952
50.0634 1428
50.1733 476
50.1733 952
50.1762 1428
50.2907 476
50.2907 952
50.2936 1428
50.3993 476
50.3993 952
50.4022 1428
50.5087 476
50.5087 952
50.5116 1428
50.6189 476
50.6189 952
50.6218 1428
50.73 476
50.73 952
50.7329 1428
50.8419 476
50.8419 952
50.8448 1428
50.9276 476
50.9276 952
50.9305 1428
51.0123 476
51.0123 952
51.0152 1428
51.097 476
51.097 952
51.0999 1428
51.1818 476
51.1818 952
51.1847 1428
51.2751 476
51.2751 952
51.278 1428
51.3645 476
51.3645 952
51.3674 1428
51.4531 476
51.4531 952
51.456 1428
51.5426 476
51.5426 952
51.5455 1428
51.6329 476
51.6329 952
51.6358 1428
51.7241 476
51.7241 952
51.727 1428
51.8161 476
51.8161 952
51.819 1428
51.9106 476
51.9106 952
51.9135 1428
52.012 476
52.012 952
52.0149 1428
52.1078 476
52.1078 952
52.1107 1428
52.2045 476
52.2045 952
52.2074 1428
52.302 476
52.302 952
52.3049 1428
52.4004 476
52.4004 952
52.4033 1428
52.4996 476
52.4996 952
52.5025 1428
52.6005 476
52.6005 952
52.6034 1428
52.7078 476
52.7078 952
52.7107 1428
52.8099 476
52.8099 952
52.8128 1428
52.913 476
52.913 952
52.9159 1428
53.0168 476
53.0168 952
53.0198 1428
53.1216 476
53.1216 952
53.1245 1428
53.2272 476
53.2272 952
53.2301 1428
53.3399 476
53.3399 952
53.3428 1428
53.4485 476
53.4485 952
53.4514 1428
53.5579 476
53.5579 952
53.5608 1428
53.6681 476
53.6681 952
53.671 1428
53.7792 476
53.7792 952
53.7821 1428
53.8911 476
53.8911 952
53.894 1428
54.0077 476
54.0077 952
54.0106 1428
54.1184 476
54.1184 952
54.1213 1428
54.2278 476
54.2278 952
54.2307 1428
54.338 476
54.338 952
54.3409 1428
54.4491 476
54.4491 952
54.452 1428
54.5611 476
54.5611 952
54.564 1428
54.676 476
54.676 952
54.6789 1428
54.7883 476
54.7883 952
54.7912 1428
54.8977 476
54.8977 952
54.9006 1428
55.008 476
55.008 952
55.0109 1428
55.119 476
55.119 952
55.1219 1428
55.231 476
55.231 952
55.2339 1428
55.3442 476
55.3442 952
55.3471 1428
55.4582 476
55.4582 952
55.4611 1428
55.5676 476
55.5676 952
55.5705 1428
55.6779 476
55.6779 952
55.6808 1428
55.789 476
55.789 952
55.7919 1428
55.9009 476
55.9009 952
55.9038 1428
56.0137 476
56.0137 952
56.0166 1428
56.1294 476
56.1294 952
56.1323 1428
56.2388 476
56.2388 952
56.2417 1428
56.3491 476
56.3491 952
56.352 1428
56.4602 476
56.4602 952
56.4631 1428
56.5721 476
56.5721 952
56.575 1428
56.6849 476
56.6849 952
56.6878 1428
56.8019 476
56.8019 952
56.8048 1428
56.9113 476
56.9113 952
56.9142 1428
57.0215 476
57.0215 952
57.0244 1428
57.1326 476
57.1326 952
57.1355 1428
57.2446 476
57.2446 952
57.2475 1428
57.3573 476
57.3573 952
57.3602 1428
57.4748 476
57.4748 952
57.4777 1428
57.5833 476
57.5833 952
57.5862 1428
57.6927 476
57.6927 952
57.6956 1428
57.803 476
57.803 952
57.8059 1428
57.914 476
57.914 952
57.917 1428
58.026 476
58.026 952
58.0289 1428
58.143 476
58.143 952
58.1459 1428
58.2516 476
58.2516 952
58.2545 1428
58.3609 476
58.3609 952
58.3638 1428
58.4712 476
58.4712 952
58.4741 1428
58.5823 476
58.5823 952
58.5852 1428
58.6942 476
58.6942 952
58.6971 1428
58.8112 476
58.8112 952
58.8141 1428
58.921 476
58.921 952
58.924 1428
59.0304 476
59.0304 952
59.0333 1428
59.1407 476
59.1407 952
59.1436 1428
59.2518 476
59.2518 952
59.2547 1428
59.3637 476
59.3637 952
59.3666 1428
59.4795 476
59.4795 952
59.4824 1428
59.591 476
59.591 952
59.5939 1428
59.7004 476
59.7004 952
59.7033 1428
59.8106 476
59.8106 952
59.8135 1428
59.9217 476
59.9217 952
59.9246 1428
60.0336 476
60.0336 952
60.0365 1428
60.1481 476
60.1481 952
60.151 1428
60.2613 476
60.2613 952
60.2642 1428
60.3707 476
60.3707 952
60.3736 1428
60.4809 476
60.4809 952
60.4838 1428
60.592 476
60.592 952
60.5949 1428
60.704 476
60.704 952
60.7069 1428
60.8168 476
60.8168 952
60.8197 1428
60.9312 476
60.9312 952
60.9341 1428
61.0406 476
61.0406 952
61.0435 1428
61.1509 476
61.1509 952
61.1538 1428
61.262 476
61.262 952
61.2649 1428
61.3468 476
61.3468 952
61.3497 1428
61.4315 476
61.4315 952
61.4344 1428
61.5162 476
61.5162 952
61.5191 1428
61.6018 476
61.6018 952
61.6047 1428
61.6883 476
61.6883 952
61.6912 1428
61.7756 476
61.7756 952
61.7785 1428
61.8638 476
61.8638 952
61.8667 1428
61.9563 476
61.9563 952
61.9592 1428
62.0521 476
62.0521 952
62.055 1428
62.1437 476
62.1437 952
62.1466 1428
62.2361 476
62.2361 952
62.239 1428
62.3294 476
62.3294 952
62.3323 1428
62.4235 476
62.4235 952
62.4264 1428
62.5185 476
62.5185 952
62.5214 1428
62.6143 476
62.6143 952
62.6172 1428
62.7195 476
62.7195 952
62.7224 1428
62.8178 476
62.8178 952
62.8207 1428
62.917 476
62.917 952
62.92 1428
63.0171 476
63.0171 952
63.02 1428
63.118 476
63.118 952
63.1209 1428
63.2198 476
63.2198 952
63.2227 1428
63.3241 476
63.3241 952
63.327 1428
63.4335 476
63.4335 952
63.4364 1428
63.5386 476
63.5386 952
63.5415 1428
63.6446 476
63.6446 952
63.6475 1428
63.7515 476
63.7515 952
63.7544 1428
63.8592 476
63.8592 952
63.8621 1428
63.9677 476
63.9677 952
63.9706 1428
64.0852 476
64.0852 952
64.0881 1428
64.1937 476
64.1937 952
64.1966 1428
64.3031 476
64.3031 952
64.306 1428
64.4133 476
64.4133 952
64.4163 1428
64.5244 476
64.5244 952
64.5273 1428
64.6364 476
64.6364 952
64.6393 1428
64.7534 476
64.7534 952
64.7563 1428
64.8619 476
64.8619 952
64.8648 1428
64.9713 476
64.9713 952
64.9742 1428
65.0816 476
65.0816 952
65.0845 1428
65.1927 476
65.1927 952
65.1956 1428
65.3046 476
65.3046 952
65.3075 1428
65.4216 476
65.4216 952
65.4245 1428
65.5314 476
65.5314 952
65.5343 1428
65.6408 476
65.6408 952
65.6437 1428
65.7511 476
65.7511 952
65.754 1428
65.8622 476
65.8622 952
65.8651 1428
65.9741 476
65.9741 952
65.977 1428
66.0903 476
66.0903 952
66.0932 1428
66.2014 476
66.2014 952
66.2043 1428
66.3107 476
66.3107 952
66.3137 1428
66.421 476
66.421 952
66.4239 1428
66.5321 476
66.5321 952
66.535 1428
66.644 476
66.644 952
66.6469 1428
66.7585 476
66.7585 952
66.7614 1428
66.8713 476
66.8713 952
66.8742 1428
66.9807 476
66.9807 952
66.9836 1428
67.0909 476
67.0909 952
67.0938 1428
67.202 476
67.202 952
67.2049 1428
67.3139 476
67.3139 952
67.3168 1428
67.4267 476
67.4267 952
67.4296 1428
67.5412 476
67.5412 952
67.5441 1428
67.6506 476
67.6506 952
67.6535 1428
67.7608 476
67.7608 952
67.7637 1428
67.8719 476
67.8719 952
67.8748 1428
67.9838 476
67.9838 952
67.9868 1428
68.0966 476
68.0966 952
68.0995 1428
68.2128 476
68.2128 952
68.2157 1428
68.3222 476
68.3222 952
68.3251 1428
68.4324 476
68.4324 952
68.4353 1428
68.5435 476
68.5435 952
68.5464 1428
68.6555 476
68.6555 952
68.6584 1428
68.7682 476
68.7682 952
68.7712 1428
68.8857 476
68.8857 952
68.8886 1428
68.9947 476
68.9947 952
68.9976 1428
69.1045 476
69.1045 952
69.1074 1428
69.2151 476
69.2151 952
69.2181 1428
69.3267 476
69.3267 952
69.3296 1428
69.439 476
69.439 952
69.4419 1428
69.5565 476
69.5565 952
69.5594 1428
69.665 476
69.665 952
69.6679 1428
69.7744 476
69.7744 952
69.7773 1428
69.8846 476
69.8846 952
69.8875 1428
69.9957 476
69.9957 952
69.9986 1428
70.1077 476
70.1077 952
70.1106 1428
70.2247 476
70.2247 952
70.2276 1428
70.3337 476
70.3337 952
70.3366 1428
70.443 476
70.443 952
70.446 1428
70.5533 476
70.5533 952
70.5562 1428
70.6644 476
70.6644 952
70.6673 1428
70.7763 476
70.7763 952
70.7792 1428
70.8933 476
70.8933 952
70.8962 1428
71.0036 476
71.0036 952
71.0065 1428
71.113 476
71.113 952
71.1159 1428
71.2232 476
71.2232 952
71.2261 1428
71.3343 476
71.3343 952
71.3372 1428
71.4462 476
71.4462 952
71.4491 1428
71.5535 476
71.5535 952
71.5564 1428
71.6392 476
71.6392 952
71.6421 1428
71.7239 476
71.7239 952
71.7268 1428
71.8086 476
71.8086 952
71.8115 1428
71.9001 476
71.9001 952
71.903 1428
71.9913 476
71.9913 952
71.9942 1428
72.0799 476
72.0799 952
72.0828 1428
72.1694 476
72.1694 952
72.1723 1428
72.2597 476
72.2597 952
72.2626 1428
72.3508 476
72.3508 952
72.3538 1428
72.4429 476
72.4429 952
72.4458 1428
72.5357 476
72.5357 952
72.5386 1428
72.6383 476
72.6383 952
72.6412 1428
72.7337 476
72.7337 952
72.7366 1428
72.83 476
72.83 952
72.8329 1428
72.9271 476
72.9271 952
72.93 1428
73.025 476
73.025 952
73.0279 1428
73.1238 476
73.1238 952
73.1267 1428
73.2234 476
73.2234 952
73.2263 1428
73.3324 476
73.3324 952
73.3353 1428
73.4346 476
73.4346 952
73.4375 1428
73.5376 476
73.5376 952
73.5405 1428
73.6415 476
73.6415 952
73.6444 1428
73.7462 476
73.7462 952
73.7491 1428
73.8518 476
73.8518 952
73.8547 1428
73.9625 476
73.9625 952
73.9654 1428
74.0731 476
74.0731 952
74.076 1428
74.1825 476
74.1825 952
74.1854 1428
74.2928 476
74.2928 952
74.2957 1428
74.4039 476
74.4039 952
74.4068 1428
74.5158 476
74.5158 952
74.5187 1428
74.6303 476
74.6303 952
74.6332 1428
74.7431 476
74.7431 952
74.746 1428
74.8524 476
74.8524 952
74.8554 1428
74.9627 476
74.9627 952
74.9656 1428
75.0738 476
75.0738 952
75.0767 1428
75.1857 476
75.1857 952
75.1886 1428
75.2989 476
75.2989 952
75.3018 1428
75.4134 476
75.4134 952
75.4163 1428
75.5228 476
75.5228 952
75.5257 1428
75.633 476
75.633 952
75.6359 1428
75.7441 476
75.7441 952
75.747 1428
75.8561 476
75.8561 952
75.859 1428
75.9688 476
75.9688 952
75.9717 1428
76.0846 476
76.0846 952
76.0875 1428
76.194 476
76.194 952
76.1969 1428
76.3042 476
76.3042 952
76.3071 1428
76.4153 476
76.4153 952
76.4182 1428
76.5272 476
76.5272 952
76.5302 1428
76.64 476
76.64 952
76.6429 1428
76.7571 476
76.7571 952
76.76 1428
76.866 476
76.866 952
76.8689 1428
76.9758 476
76.9758 952
76.9787 1428
77.0865 476
77.0865 952
77.0894 1428
77.198 476
77.198 952
77.2009 1428
77.3104 476
77.3104 952
77.3133 1428
77.4274 476
77.4274 952
77.4303 1428
77.5359 476
77.5359 952
77.5389 1428
77.6453 476
77.6453 952
77.6482 1428
77.7556 476
77.7556 952
77.7585 1428
77.8667 476
77.8667 952
77.8696 1428
77.9786 476
77.9786 952
77.9815 1428
78.0956 476
78.0956 952
78.0985 1428
78.2042 476
78.2042 952
78.2071 1428
78.3136 476
78.3136 952
78.3165 1428
78.4238 476
78.4238 952
78.4267 1428
78.5349 476
78.5349 952
78.5378 1428
78.6468 476
78.6468 952
78.6497 1428
78.7638 476
78.7638 952
78.7668 1428
78.8741 476
78.8741 952
78.877 1428
78.9835 476
78.9835 952
78.9864 1428
79.0937 476
79.0937 952
79.0966 1428
79.2048 476
79.2048 952
79.2077 1428
79.3167 476
79.3167 952
79.3197 1428
79.4321 476
79.4321 952
79.435 1428
79.544 476
79.544 952
79.5469 1428
79.6534 476
79.6534 952
79.6563 1428
79.7636 476
79.7636 952
79.7665 1428
79.8747 476
79.8747 952
79.8776 1428
79.9867 476
79.9867 952
79.9896 1428
80.1003 476
80.1003 952
80.1032 1428
80.2139 476
80.2139 952
80.2168 1428
80.3233 476
80.3233 952
80.3262 1428
80.4336 476
80.4336 952
80.4365 1428
80.5446 476
80.5446 952
80.5476 1428
80.6566 476
80.6566 952
80.6595 1428
80.7694 476
80.7694 952
80.7723 1428
80.8847 476
80.8847 952
80.8876 1428
80.9941 476
80.9941 952
80.997 1428
81.1043 476
81.1043 952
81.1072 1428
81.2154 476
81.2154 952
81.2183 1428
81.3274 476
81.3274 952
81.3303 1428
81.4401 476
81.4401 952
81.443 1428
81.5567 476
81.5567 952
81.5596 1428
81.6661 476
81.6661 952
81.669 1428
81.7764 476
81.7764 952
81.7793 1428
81.8611 476
81.8611 952
81.864 1428
81.9458 476
81.9458 952
81.9487 1428
82.0305 476
82.0305 952
82.0334 1428
82.1161 476
82.1161 952
82.119 1428
82.2124 476
82.2124 952
82.2153 1428
82.301 476
82.301 952
82.3039 1428
82.3904 476
82.3904 952
82.3934 1428
82.4808 476
82.4808 952
82.4837 1428
82.5719 476
82.5719 952
82.5748 1428
82.6639 476
82.6639 952
82.6668 1428
82.7568 476
82.7568 952
82.7597 1428
82.8547 476
82.8547 952
82.8576 1428
82.9531 476
82.9531 952
82.956 1428
83.0493 476
83.0493 952
83.0523 1428
83.1464 476
83.1464 952
83.1493 1428
83.2444 476
83.2444 952
83.2473 1428
83.3432 476
83.3432 952
83.3461 1428
83.4428 476
83.4428 952
83.4457 1428
83.548 476
83.548 952
83.5509 1428
83.6523 476
83.6523 952
83.6552 1428
83.7553 476
83.7553 952
83.7582 1428
83.8592 476
83.8592 952
83.8621 1428
83.9639 476
83.9639 952
83.9668 1428
84.0695 476
84.0695 952
84.0724 1428
84.1759 476
84.1759 952
84.1788 1428
84.2921 476
84.2921 952
84.295 1428
84.4011 476
84.4011 952
84.404 1428
84.5109 476
84.5109 952
84.5138 1428
84.6215 476
84.6215 952
84.6244 1428
84.733 476
84.733 952
84.736 1428
84.8454 476
84.8454 952
84.8483 1428
84.9629 476
84.9629 952
84.9658 1428
85.0714 476
85.0714 952
85.0743 1428
85.1808 476
85.1808 952
85.1837 1428
85.291 476
85.291 952
85.2939 1428
85.4021 476
85.4021 952
85.405 1428
85.5141 476
85.5141 952
85.517 1428
85.6311 476
85.6311 952
85.634 1428
85.7396 476
85.7396 952
85.7425 1428
85.849 476
85.849 952
85.8519 1428
85.9593 476
85.9593 952
85.9622 1428
86.0703 476
86.0703 952
86.0733 1428
86.1823 476
86.1823 952
86.1852 1428
86.2993 476
86.2993 952
86.3022 1428
86.4091 476
86.4091 952
86.412 1428
86.5185 476
86.5185 952
86.5214 1428
86.6288 476
86.6288 952
86.6317 1428
86.7398 476
86.7398 952
86.7427 1428
86.8518 476
86.8518 952
86.8547 1428
86.9675 476
86.9675 952
86.9704 1428
87.079 476
87.079 952
87.0819 1428
87.1884 476
87.1884 952
87.1913 1428
87.2987 476
87.2987 952
87.3016 1428
87.4098 476
87.4098 952
87.4127 1428
87.5217 476
87.5217 952
87.5246 1428
87.6358 476
87.6358 952
87.6387 1428
87.749 476
87.749 952
87.7519 1428
87.8584 476
87.8584 952
87.8613 1428
87.9686 476
87.9686 952
87.9715 1428
88.0797 476
88.0797 952
88.0826 1428
88.1916 476
88.1916 952
88.1945 1428
88.3044 476
88.3044 952
88.3073 1428
88.4193 476
88.4193 952
88.4222 1428
88.5287 476
88.5287 952
88.5316 1428
88.6389 476
88.6389 952
88.6418 1428
88.75 476
88.75 952
88.7529 1428
88.862 476
88.862 952
88.8649 1428
88.9747 476
88.9747 952
88.9777 1428
89.0913 476
89.0913 952
89.0943 1428
89.2007 476
89.2007 952
89.2036 1428
89.311 476
89.311 952
89.3139 1428
89.4221 476
89.4221 952
89.425 1428
89.534 476
89.534 952
89.5369 1428
89.6468 476
89.6468 952
89.6497 1428
89.7642 476
89.7642 952
89.7671 1428
89.8728 476
89.8728 952
89.8757 1428
89.9822 476
89.9822 952
89.9851 1428
90.0924 476
90.0924 952
90.0953 1428
90.2035 476
90.2035 952
90.2064 1428
90.3154 476
90.3154 952
90.3183 1428
90.4325 476
90.4325 952
90.4354 1428
90.541 476
90.541 952
90.5439 1428
90.6504 476
90.6504 952
90.6533 1428
90.7606 476
90.7606 952
90.7635 1428
90.8717 476
90.8717 952
90.8746 1428
90.9837 476
90.9837 952
90.9866 1428
91.1007 476
91.1007 952
91.1036 1428
91.2101 476
91.2101 952
91.213 1428
91.3195 476
91.3195 952
91.3224 1428
91.4297 476
91.4297 952
91.4326 1428
91.5408 476
91.5408 952
91.5437 1428
91.6527 476
91.6527 952
91.6556 1428
91.7689 476
91.7689 952
91.7718 1428
91.88 476
91.88 952
91.8829 1428
91.9894 476
91.9894 952
91.9923 1428
92.0741 476
92.0741 952
92.077 1428
92.1588 476
92.1588 952
92.1617 1428
92.2435 476
92.2435 952
92.2464 1428
92.3283 476
92.3283 952
92.3312 1428
92.4139 476
92.4139 952
92.4168 1428
92.5085 476
92.5085 952
92.5114 1428
92.5975 476
92.5975 952
92.6004 1428
92.6866 476
92.6866 952
92.6895 1428
92.7765 476
92.7765 952
92.7794 1428
92.8672 476
92.8672 952
92.8701 1428
92.9588 476
92.9588 952
92.9617 1428
93.0512 476
93.0512 952
93.0541 1428
93.147 476
93.147 952
93.1499 1428
93.2471 476
93.2471 952
93.25 1428
93.3429 476
93.3429 952
93.3458 1428
93.4396 476
93.4396 952
93.4425 1428
93.5371 476
93.5371 952
93.54 1428
93.6355 476
93.6355 952
93.6384 1428
93.7347 476
93.7347 952
93.7376 1428
93.8373 476
93.8373 952
93.8402 1428
93.9437 476
93.9437 952
93.9466 1428
94.0463 476
94.0463 952
94.0492 1428
94.1498 476
94.1498 952
94.1527 1428
94.2541 476
94.2541 952
94.257 1428
94.3592 476
94.3592 952
94.3622 1428
94.4652 476
94.4652 952
94.4682 1428
94.5797 476
94.5797 952
94.5826 1428
94.6883 476
94.6883 952
94.6912 1428
94.7977 476
94.7977 952
94.8006 1428
94.9079 476
94.9079 952
94.9108 1428
95.019 476
95.019 952
95.0219 1428
95.1309 476
95.1309 952
95.1338 1428
95.2484 476
95.2484 952
95.2513 1428
95.3578 476
95.3578 952
95.3607 1428
95.4672 476
95.4672 952
95.4701 1428
95.5774 476
95.5774 952
95.5803 1428
95.6885 476
95.6885 952
95.6914 1428
95.8004 476
95.8004 952
95.8033 1428
95.917 476
95.917 952
95.9199 1428
96.0281 476
96.0281 952
96.031 1428
96.1375 476
96.1375 952
96.1404 1428
96.2477 476
96.2477 952
96.2506 1428
96.3588 476
96.3588 952
96.3617 1428
96.4708 476
96.4708 952
96.4737 1428
96.5857 476
96.5857 952
96.5886 1428
96.6985 476
96.6985 952
96.7014 1428
96.8078 476
96.8078 952
96.8108 1428
96.9181 476
96.9181 952
96.921 1428
97.0292 476
97.0292 952
97.0321 1428
97.1411 476
97.1411 952
97.144 1428
97.2543 476
97.2543 952
97.2572 1428
97.3684 476
97.3684 952
97.3713 1428
97.4778 476
97.4778 952
97.4807 1428
97.588 476
97.588 952
97.5909 1428
97.6991 476
97.6991 952
97.702 1428
97.811 476
97.811 952
97.8139 1428
97.9238 476
97.9238 952
97.9267 1428
98.0396 476
98.0396 952
98.0425 1428
98.149 476
98.149 952
98.1519 1428
98.2592 476
98.2592 952
98.2621 1428
98.3703 476
98.3703 952
98.3732 1428
98.4822 476
98.4822 952
98.4851 1428
98.595 476
98.595 952
98.5979 1428
98.712 476
98.712 952
98.7149 1428
98.821 476
98.821 952
98.8239 1428
98.9308 476
98.9308 952
98.9337 1428
99.0415 476
99.0415 952
99.0444 1428
99.1262 476
99.1262 952
99.1291 1428
99.2109 476
99.2109 952
99.2138 1428
99.2956 476
99.2956 952
99.2985 1428
99.3803 476
99.3803 952
99.3832 1428
99.465 476
99.465 952
99.4679 1428
99.5497 476
99.5497 952
99.5526 1428
99.6344 476
99.6344 952
99.6373 1428
99.7191 476
99.7191 952
99.722 1428
99.8038 476
99.8038 952
99.8067 1428
99.8885 476
99.8885 952
99.8914 1428
99.9732 476
99.9732 952
99.9761 1428
100.061 0
100.061 476
100.064 952
100.067 1428
100.148 476
100.148 952
100.151 1428
100.233 476
100.233 952
100.236 1428
100.318 476
100.318 952
100.321 1428
100.403 476
100.403 952
100.405 1428
100.487 476
100.487 952
100.49 1428
100.572 476
100.572 952
100.575 1428
100.657 476
100.657 952
100.66 1428
100.741 476
100.741 952
100.744 1428
100.826 476
100.826 952
100.829 1428
100.911 476
100.911 952
100.914 1428
100.995 476
100.995 952
100.998 1428
