0.0 0
0.094232 4294967295
0.179411 4294967295
0.185213 4294967295
0.191026 4294967295
0.196839 4294967295
0.202653 4294967295
10.0996 4294967295
41.4643 4294967295
41.6274 4294967295
50.9879 4294967295
50.9879 4294967295
50.9964 4294967295
50.999 4294967295
51.0117 4294967295
51.0151 4294967295
51.0295 4294967295
51.0329 4294967295
51.077 4294967295
51.0812 4294967295
51.0812 4294967295
51.0812 4294967295
51.1974 4294967295
51.1974 4294967295
51.1974 4294967295
51.2016 4294967295
51.2016 4294967295
51.2016 4294967295
51.2576 4294967295
51.2576 4294967295
51.2576 4294967295
51.2678 4294967295
51.2678 4294967295
51.2678 4294967295
51.2737 4294967295
51.2737 4294967295
51.2737 4294967295
51.2763 4294967295
51.2763 4294967295
51.2763 4294967295
51.278 4294967295
51.278 4294967295
51.3589 4294967295
51.3615 4294967295
51.3623 4294967295
51.3647 4294967295
51.3676 4294967295
51.3705 4294967295
51.3735 4294967295
51.3764 4294967295
51.3793 4294967295
51.3822 4294967295
51.3851 4294967295
51.3851 4294967295
51.388 4294967295
51.388 4294967295
51.3909 4294967295
51.3909 4294967295
51.3938 4294967295
51.3938 4294967295
51.3967 4294967295
51.3967 4294967295
51.4441 4294967295
51.4441 4294967295
51.4475 4294967295
51.4475 4294967295
51.4475 4294967295
52.8425 4294967295
53.3539 4294967295
55.6452 4294967295
55.6452 4294967295
55.6715 4294967295
55.6732 4294967295
55.6876 4294967295
55.6901 4294967295
55.6952 4294967295
55.696 4294967295
55.7045 4294967295
55.7062 4294967295
55.7172 4294967295
55.7198 4294967295
55.7359 4294967295
55.7393 4294967295
55.7486 4294967295
55.752 4294967295
55.8529 4294967295
55.8555 4294967295
55.8589 4294967295
55.8589 4294967295
55.8673 4294967295
55.8673 4294967295
55.869 4294967295
55.869 4294967295
55.869 4294967295
56.4825 4294967295
56.4825 4294967295
56.4868 4294967295
56.5046 4294967295
56.5182 4294967295
56.5216 4294967295
56.5385 4294967295
56.5385 4294967295
56.5419 4294967295
56.5419 4294967295
56.5419 4294967295
56.6657 4294967295
56.6657 4294967295
56.6657 4294967295
56.6666 4294967295
56.6666 4294967295
56.6666 4294967295
56.7022 4294967295
56.7047 4294967295
56.731 4294967295
56.7336 4294967295
56.8387 4294967295
56.8421 4294967295
56.8455 4294967295
56.8497 4294967295
56.8523 4294967295
56.854 4294967295
56.8556 4294967295
56.8573 4294967295
61.452 4294967295
61.452 4294967295
61.4537 4294967295
61.4579 4294967295
61.4596 4294967295
61.4664 4294967295
61.4681 4294967295
61.4715 4294967295
61.474 4294967295
61.4783 4294967295
61.4834 4294967295
61.4868 4294967295
61.4885 4294967295
61.4919 4294967295
61.4944 4294967295
61.4978 4294967295
61.5003 4294967295
61.5037 4294967295
61.5071 4294967295
61.5088 4294967295
61.5131 4294967295
61.5156 4294967295
61.5182 4294967295
61.5215 4294967295
61.5241 4294967295
61.5266 4294967295
61.5334 4294967295
61.536 4294967295
61.5385 4294967295
61.5478 4294967295
61.5538 4294967295
61.5563 4294967295
61.5589 4294967295
61.5623 4294967295
61.5648 4294967295
61.5648 4294967295
61.5648 4294967295
61.5682 4294967295
61.5707 4294967295
61.5733 4294967295
61.5826 4294967295
61.5851 4294967295
61.5885 4294967295
61.5911 4294967295
61.5936 4294967295
61.597 4294967295
61.603 4294967295
61.6055 4294967295
61.6148 4294967295
61.6174 4294967295
61.6292 4294967295
61.6343 4294967295
61.6377 4294967295
61.6437 4294967295
61.6462 4294967295
61.6496 4294967295
61.6547 4294967295
61.6632 4294967295
61.6666 4294967295
61.6699 4294967295
61.675 4294967295
61.6784 4294967295
61.681 4294967295
61.6844 4294967295
61.6903 4294967295
61.6928 4294967295
61.6962 4294967295
61.6988 4294967295
61.7047 4294967295
61.7107 4294967295
61.7157 4294967295
61.7251 4294967295
61.731 4294967295
61.7369 4294967295
61.7429 4294967295
61.7437 4294967295
61.8031 4294967295
61.8065 4294967295
61.8116 4294967295
61.8158 4294967295
61.8167 4294967295
61.8183 4294967295
61.82 4294967295
61.8217 4294967295
61.8234 4294967295
61.8251 4294967295
61.826 4294967295
61.8277 4294967295
61.8285 4294967295
61.8294 4294967295
61.8311 4294967295
61.8336 4294967295
61.8345 4294967295
61.8353 4294967295
61.8362 4294967295
61.8379 4294967295
61.8404 4294967295
61.8412 4294967295
61.8421 4294967295
61.8429 4294967295
61.8438 4294967295
61.8455 4294967295
61.8463 4294967295
61.8472 4294967295
61.8489 4294967295
61.8506 4294967295
61.8548 4294967295
61.8582 4294967295
61.8591 4294967295
61.8607 4294967295
61.8641 4294967295
61.8675 4294967295
61.8718 4294967295
61.8752 4294967295
61.8794 4294967295
61.8836 4294967295
61.8862 4294967295
61.8879 4294967295
61.8887 4294967295
61.8904 4294967295
61.8913 4294967295
61.893 4294967295
61.8938 4294967295
61.8947 4294967295
61.8964 4294967295
61.8998 4294967295
61.904 4294967295
61.9065 4294967295
61.9082 4294967295
61.9099 4294967295
61.9116 4294967295
61.915 4294967295
61.9167 4294967295
61.9193 4294967295
61.921 4294967295
61.9243 4294967295
61.9277 4294967295
61.9286 4294967295
61.9345 4294967295
61.9371 4294967295
61.9404 4294967295
61.9447 4294967295
61.9498 4294967295
61.954 4294967295
61.9599 4294967295
61.965 4294967295
61.9676 4294967295
61.9718 4294967295
61.9744 4294967295
61.9752 4294967295
61.9761 4294967295
61.9769 4294967295
61.9778 4294967295
61.9786 4294967295
61.9803 4294967295
61.982 4294967295
61.9828 4294967295
61.9845 4294967295
61.9862 4294967295
61.9871 4294967295
61.9888 4294967295
61.9896 4294967295
61.9922 4294967295
61.9939 4294967295
61.9947 4294967295
61.9964 4294967295
61.9973 4294967295
61.9981 4294967295
61.9998 4294967295
62.0007 4294967295
62.0032 4294967295
62.0057 4294967295
62.0066 4294967295
62.0074 4294967295
62.0091 4294967295
62.0091 4294967295
67.3582 4294967295
67.7525 4294967295
69.665 4294967295
69.665 4294967295
69.665 4294967295
69.6684 4294967295
69.6701 4294967295
69.6743 4294967295
69.6768 4294967295
69.6794 4294967295
69.6828 4294967295
69.6879 4294967295
69.6913 4294967295
69.6947 4294967295
69.6972 4294967295
69.6997 4294967295
69.7031 4294967295
69.7091 4294967295
69.715 4294967295
69.7235 4294967295
69.7294 4294967295
69.732 4294967295
69.7345 4294967295
69.7438 4294967295
69.7464 4294967295
69.7498 4294967295
69.7515 4294967295
69.754 4294967295
69.7574 4294967295
69.76 4294967295
69.7617 4294967295
69.7642 4294967295
69.7667 4294967295
69.7693 4294967295
69.771 4294967295
69.7744 4294967295
69.7769 4294967295
69.7795 4294967295
69.7812 4294967295
69.7837 4294967295
69.7862 4294967295
69.7888 4294967295
69.7913 4294967295
69.7939 4294967295
69.7964 4294967295
69.799 4294967295
69.8015 4294967295
69.8066 4294967295
69.8108 4294967295
69.8159 4294967295
69.8193 4294967295
69.8236 4294967295
69.8312 4294967295
69.8337 4294967295
69.8363 4294967295
69.8388 4294967295
69.8414 4294967295
69.8439 4294967295
69.8456 4294967295
69.8481 4294967295
69.8507 4294967295
69.8524 4294967295
69.8549 4294967295
69.8575 4294967295
69.8609 4294967295
69.8626 4294967295
69.8651 4294967295
69.8668 4294967295
69.8693 4294967295
69.8719 4294967295
69.8727 4294967295
69.8761 4294967295
69.8778 4294967295
69.8812 4294967295
69.8821 4294967295
69.8846 4294967295
69.8872 4294967295
69.8897 4294967295
69.8914 4294967295
69.8939 4294967295
69.8965 4294967295
69.899 4294967295
69.9007 4294967295
69.905 4294967295
69.9092 4294967295
69.9126 4294967295
69.916 4294967295
69.9194 4294967295
69.9236 4294967295
69.927 4294967295
69.9313 4294967295
69.9346 4294967295
69.9397 4294967295
69.9431 4294967295
69.9448 4294967295
69.9465 4294967295
69.9474 4294967295
69.9728 4294967295
69.9737 4294967295
69.9753 4294967295
69.9779 4294967295
69.9813 4294967295
69.9838 4294967295
69.9881 4294967295
69.9931 4294967295
69.9999 4294967295
70.0025 4294967295
70.0033 4294967295
70.0041 4294967295
70.005 4294967295
70.0058 4294967295
70.0067 4294967295
70.0109 4294967295
70.0143 4294967295
70.0177 4294967295
70.022 4294967295
70.0245 4294967295
70.027 4294967295
70.0296 4294967295
70.0347 4294967295
70.0372 4294967295
70.0389 4294967295
70.0398 4294967295
70.0406 4294967295
70.0423 4294967295
70.044 4294967295
70.0457 4294967295
70.0457 4294967295
77.3343 4294967295
77.3343 4294967295
77.3368 4294967295
77.3402 4294967295
77.3436 4294967295
77.3461 4294967295
77.3478 4294967295
77.3512 4294967295
77.3538 4294967295
77.3555 4294967295
77.358 4294967295
77.3605 4294967295
77.3631 4294967295
77.3648 4294967295
77.3673 4294967295
77.369 4294967295
77.3716 4294967295
77.375 4294967295
77.3767 4294967295
77.3792 4294967295
77.3817 4294967295
77.3834 4294967295
77.386 4294967295
77.3877 4294967295
77.3902 4294967295
77.3928 4294967295
77.3945 4294967295
77.397 4294967295
77.3987 4294967295
77.4021 4294967295
77.4046 4294967295
77.4063 4294967295
77.4089 4294967295
77.4106 4294967295
77.4131 4294967295
77.4157 4294967295
77.4174 4294967295
77.4199 4294967295
77.4225 4294967295
77.4241 4294967295
77.4267 4294967295
77.4292 4294967295
77.4318 4294967295
77.4343 4294967295
77.4377 4294967295
77.442 4294967295
77.4462 4294967295
77.4513 4294967295
77.4555 4294967295
77.4589 4294967295
77.464 4294967295
77.4674 4294967295
77.4708 4294967295
77.4725 4294967295
77.475 4294967295
77.4776 4294967295
77.4801 4294967295
77.4818 4294967295
77.4844 4294967295
77.4861 4294967295
77.4886 4294967295
77.4911 4294967295
77.4928 4294967295
77.4954 4294967295
77.4988 4294967295
77.5013 4294967295
77.5056 4294967295
77.5081 4294967295
77.5123 4294967295
77.5149 4294967295
77.5183 4294967295
77.5208 4294967295
77.5251 4294967295
77.5276 4294967295
77.531 4294967295
77.5344 4294967295
77.5369 4294967295
77.5403 4294967295
77.5437 4294967295
77.5471 4294967295
77.5505 4294967295
77.5539 4294967295
77.5564 4294967295
77.5607 4294967295
77.5641 4294967295
77.5675 4294967295
77.5709 4294967295
77.5742 4294967295
77.5768 4294967295
77.5802 4294967295
77.5836 4294967295
77.587 4294967295
77.5904 4294967295
77.5937 4294967295
77.5963 4294967295
77.6005 4294967295
77.6048 4294967295
77.6082 4294967295
77.6116 4294967295
77.6158 4294967295
77.6158 4294967295
77.6183 4294967295
77.6183 4294967295
77.6209 4294967295
77.6209 4294967295
77.6209 4294967295
78.4729 4294967295
78.4729 4294967295
78.4763 4294967295
78.4823 4294967295
78.4907 4294967295
78.4941 4294967295
78.4967 4294967295
78.5052 4294967295
78.5085 4294967295
78.5111 4294967295
78.5128 4294967295
78.5153 4294967295
78.5179 4294967295
78.5204 4294967295
78.5204 4294967295
78.5204 4294967295
78.5238 4294967295
78.5255 4294967295
78.528 4294967295
78.5306 4294967295
78.5323 4294967295
78.5357 4294967295
78.5382 4294967295
78.5399 4294967295
78.5416 4294967295
78.545 4294967295
78.5476 4294967295
78.5492 4294967295
78.5509 4294967295
78.5535 4294967295
78.5569 4294967295
78.5586 4294967295
78.5611 4294967295
78.5628 4294967295
78.5679 4294967295
78.5713 4294967295
78.5764 4294967295
78.5815 4294967295
78.5866 4294967295
78.5916 4294967295
78.6044 4294967295
78.6103 4294967295
78.6128 4294967295
78.6154 4294967295
78.6188 4294967295
78.6222 4294967295
78.6256 4294967295
78.6273 4294967295
78.6307 4294967295
78.634 4294967295
78.6366 4294967295
78.6408 4294967295
78.6425 4294967295
78.6468 4294967295
78.6485 4294967295
78.651 4294967295
78.6536 4294967295
78.6578 4294967295
78.6612 4294967295
78.6629 4294967295
78.6671 4294967295
78.6697 4294967295
78.6731 4294967295
78.6764 4294967295
78.679 4294967295
78.6858 4294967295
78.6875 4294967295
78.69 4294967295
78.6943 4294967295
78.6976 4294967295
78.7002 4294967295
78.7053 4294967295
78.7087 4294967295
78.7121 4294967295
78.7138 4294967295
78.7163 4294967295
78.7205 4294967295
78.7231 4294967295
78.7256 4294967295
78.729 4294967295
78.7324 4294967295
78.7384 4294967295
78.7409 4294967295
78.7468 4294967295
78.7494 4294967295
78.7519 4294967295
78.7528 4294967295
78.7536 4294967295
78.7545 4294967295
78.7553 4294967295
78.7562 4294967295
78.7621 4294967295
78.7629 4294967295
78.7672 4294967295
78.7706 4294967295
78.774 4294967295
78.7748 4294967295
78.7757 4294967295
78.7765 4294967295
78.7774 4294967295
78.7782 4294967295
78.7799 4294967295
78.7808 4294967295
78.7824 4294967295
78.785 4294967295
78.7884 4294967295
78.7909 4294967295
78.7926 4294967295
78.7943 4294967295
78.7952 4294967295
78.796 4294967295
78.7977 4294967295
78.7994 4294967295
78.8011 4294967295
78.8036 4294967295
78.8045 4294967295
78.8053 4294967295
78.8062 4294967295
78.8079 4294967295
78.813 4294967295
78.8164 4294967295
78.8215 4294967295
78.824 4294967295
78.8274 4294967295
78.8299 4294967295
78.8333 4294967295
78.8376 4294967295
78.8418 4294967295
78.8435 4294967295
78.8444 4294967295
78.8477 4294967295
78.852 4294967295
78.8554 4294967295
78.8596 4294967295
78.8639 4294967295
78.8672 4294967295
78.8698 4294967295
78.8732 4294967295
78.8757 4294967295
78.8766 4294967295
78.8774 4294967295
78.88 4294967295
78.8825 4294967295
78.8893 4294967295
78.8935 4294967295
78.8969 4294967295
78.9029 4294967295
78.9088 4294967295
78.9139 4294967295
78.9147 4294967295
78.9156 4294967295
78.919 4294967295
78.9215 4294967295
78.9241 4294967295
78.9249 4294967295
78.9266 4294967295
78.93 4294967295
78.9351 4294967295
78.9368 4294967295
78.9385 4294967295
78.9419 4294967295
78.9461 4294967295
78.9478 4294967295
78.9486 4294967295
78.9495 4294967295
78.9512 4294967295
78.9546 4294967295
78.958 4294967295
78.9605 4294967295
78.9639 4294967295
78.9656 4294967295
78.9656 4294967295
81.3673 4294967295
81.9024 4294967295
83.2109 4294967295
83.2109 4294967295
83.2126 4294967295
83.2152 4294967295
83.2185 4294967295
83.2219 4294967295
83.2228 4294967295
83.2262 4294967295
83.2296 4294967295
83.2313 4294967295
83.2347 4294967295
83.2372 4294967295
83.238 4294967295
83.2423 4294967295
83.2448 4294967295
83.2474 4294967295
83.2491 4294967295
83.2525 4294967295
83.2542 4294967295
83.2567 4294967295
83.2592 4294967295
83.2626 4294967295
83.2652 4294967295
83.2669 4294967295
83.2694 4294967295
83.272 4294967295
83.2737 4294967295
83.2771 4294967295
83.2796 4294967295
83.2821 4294967295
83.2872 4294967295
83.2898 4294967295
83.2932 4294967295
83.2957 4294967295
83.2983 4294967295
83.3016 4294967295
83.3042 4294967295
83.3067 4294967295
83.3101 4294967295
83.3135 4294967295
83.3178 4294967295
83.3203 4294967295
83.3228 4294967295
83.3262 4294967295
83.3288 4294967295
83.3313 4294967295
83.3347 4294967295
83.3373 4294967295
83.3415 4294967295
83.3449 4294967295
83.3483 4294967295
83.3483 4294967295
83.3517 4294967295
83.3517 4294967295
83.3517 4294967295
83.3542 4294967295
83.3542 4294967295
83.3542 4294967295
83.3576 4294967295
83.3576 4294967295
83.3576 4294967295
83.361 4294967295
83.361 4294967295
83.361 4294967295
83.3627 4294967295
83.3627 4294967295
83.3627 4294967295
83.3661 4294967295
83.3661 4294967295
83.3661 4294967295
83.3695 4294967295
83.3695 4294967295
83.3695 4294967295
83.372 4294967295
83.372 4294967295
83.372 4294967295
83.3754 4294967295
83.3754 4294967295
83.3754 4294967295
83.3771 4294967295
83.3771 4294967295
83.3771 4294967295
83.3814 4294967295
83.3814 4294967295
83.3814 4294967295
83.3848 4294967295
83.3848 4294967295
83.3848 4294967295
83.3864 4294967295
83.3864 4294967295
83.3864 4294967295
83.3898 4294967295
83.3898 4294967295
83.3898 4294967295
83.3932 4294967295
83.3932 4294967295
83.3932 4294967295
83.3958 4294967295
83.3958 4294967295
83.3958 4294967295
83.3992 4294967295
83.3992 4294967295
83.3992 4294967295
83.4009 4294967295
83.4009 4294967295
83.4009 4294967295
83.4043 4294967295
83.4043 4294967295
83.4043 4294967295
83.4076 4294967295
83.4076 4294967295
83.4076 4294967295
83.411 4294967295
83.411 4294967295
83.411 4294967295
83.4153 4294967295
83.4153 4294967295
83.4153 4294967295
83.417 4294967295
83.417 4294967295
83.417 4294967295
83.4204 4294967295
83.4204 4294967295
83.4204 4294967295
83.4246 4294967295
83.4246 4294967295
83.4246 4294967295
83.4263 4294967295
83.4263 4294967295
83.4263 4294967295
83.4305 4294967295
83.4305 4294967295
83.4305 4294967295
83.4331 4294967295
83.4331 4294967295
83.4331 4294967295
83.4356 4294967295
83.4356 4294967295
83.4356 4294967295
83.4373 4294967295
83.4373 4294967295
83.4373 4294967295
83.4407 4294967295
83.4407 4294967295
83.4407 4294967295
83.4424 4294967295
83.4424 4294967295
83.4424 4294967295
83.4441 4294967295
83.4441 4294967295
83.4441 4294967295
83.4484 4294967295
83.4484 4294967295
83.4484 4294967295
83.45 4294967295
83.45 4294967295
83.45 4294967295
83.4534 4294967295
83.4534 4294967295
83.4534 4294967295
83.456 4294967295
83.456 4294967295
83.456 4294967295
83.4577 4294967295
83.4577 4294967295
83.4577 4294967295
83.4611 4294967295
83.4611 4294967295
83.4611 4294967295
83.4636 4294967295
83.4636 4294967295
83.4636 4294967295
83.4662 4294967295
83.4662 4294967295
83.4662 4294967295
83.4687 4294967295
83.4687 4294967295
83.4687 4294967295
83.4712 4294967295
83.4712 4294967295
83.4712 4294967295
83.4746 4294967295
83.4746 4294967295
83.4746 4294967295
83.4763 4294967295
83.4763 4294967295
83.4763 4294967295
83.4806 4294967295
83.4806 4294967295
83.4806 4294967295
83.4823 4294967295
83.4823 4294967295
83.4823 4294967295
83.484 4294967295
83.484 4294967295
83.484 4294967295
83.4857 4294967295
83.4857 4294967295
83.4857 4294967295
83.4865 4294967295
83.4865 4294967295
83.4865 4294967295
83.4882 4294967295
83.4882 4294967295
83.489 4294967295
83.489 4294967295
83.6527 4294967295
83.6527 4294967295
83.6527 4294967295
84.5855 4294967295
84.5855 4294967295
84.5889 4294967295
84.5914 4294967295
84.5948 4294967295
84.5965 4294967295
84.6008 4294967295
84.6033 4294967295
84.6118 4294967295
84.6152 4294967295
84.6177 4294967295
84.6211 4294967295
84.6237 4294967295
84.6288 4294967295
84.6322 4294967295
84.6347 4294967295
84.6407 4294967295
84.6432 4294967295
84.6466 4294967295
84.6491 4294967295
84.6525 4294967295
84.6542 4294967295
84.6585 4294967295
84.6619 4294967295
84.6636 4294967295
84.6669 4294967295
84.672 4294967295
84.6763 4294967295
84.6814 4294967295
84.6839 4294967295
84.6873 4294967295
84.6898 4294967295
84.6932 4294967295
84.6958 4294967295
84.6983 4294967295
84.7 4294967295
84.7034 4294967295
84.7051 4294967295
84.7076 4294967295
84.711 4294967295
84.7136 4294967295
84.7161 4294967295
84.7178 4294967295
84.7212 4294967295
84.7229 4294967295
84.7255 4294967295
84.7272 4294967295
84.7305 4294967295
84.7322 4294967295
84.7348 4294967295
84.7365 4294967295
84.7399 4294967295
84.7416 4294967295
84.7441 4294967295
84.7467 4294967295
84.7492 4294967295
84.7509 4294967295
84.7534 4294967295
84.7568 4294967295
84.7594 4294967295
84.7611 4294967295
84.7636 4294967295
84.7679 4294967295
84.7721 4294967295
84.7763 4294967295
84.7814 4294967295
84.7848 4294967295
84.7891 4294967295
84.7924 4294967295
84.7975 4294967295
84.8001 4294967295
84.8026 4294967295
84.8052 4294967295
84.8094 4294967295
84.8111 4294967295
84.8145 4294967295
84.8162 4294967295
84.8187 4294967295
84.8221 4294967295
84.8247 4294967295
84.8272 4294967295
84.8298 4294967295
84.8315 4294967295
84.8357 4294967295
84.8374 4294967295
84.8416 4294967295
84.8425 4294967295
84.8467 4294967295
84.8501 4294967295
84.8527 4294967295
84.8577 4294967295
84.8594 4294967295
84.8637 4294967295
84.8671 4294967295
84.8705 4294967295
84.8739 4294967295
84.8747 4294967295
84.9154 4294967295
84.9163 4294967295
84.918 4294967295
84.9196 4294967295
84.9222 4294967295
84.9238 4294967295
84.9238 4294967295
86.4808 4294967295
86.4808 4294967295
86.4833 4294967295
86.4859 4294967295
86.4893 4294967295
86.4927 4294967295
86.4952 4294967295
86.4986 4294967295
86.5037 4294967295
86.5071 4294967295
86.5122 4294967295
86.5173 4294967295
86.5207 4294967295
86.5232 4294967295
86.5258 4294967295
86.53 4294967295
86.5317 4294967295
86.5351 4294967295
86.5385 4294967295
86.541 4294967295
86.5461 4294967295
86.5495 4294967295
86.5529 4294967295
86.5563 4294967295
86.5597 4294967295
86.5614 4294967295
86.5631 4294967295
86.5656 4294967295
86.5673 4294967295
86.5699 4294967295
86.5716 4294967295
86.5732 4294967295
86.5758 4294967295
86.5783 4294967295
86.58 4294967295
86.5817 4294967295
86.5834 4294967295
86.586 4294967295
86.5885 4294967295
86.5902 4294967295
86.5919 4294967295
86.5936 4294967295
86.5961 4294967295
86.5987 4294967295
86.6004 4294967295
86.6029 4294967295
86.6046 4294967295
86.6072 4294967295
86.6089 4294967295
86.6114 4294967295
86.6131 4294967295
86.6165 4294967295
86.619 4294967295
86.6207 4294967295
86.6233 4294967295
86.6267 4294967295
86.6301 4294967295
86.6326 4294967295
86.636 4294967295
86.6394 4294967295
86.6428 4294967295
86.6462 4294967295
86.6487 4294967295
86.6513 4294967295
86.6547 4294967295
86.658 4294967295
86.6606 4294967295
86.664 4294967295
86.6682 4294967295
86.6733 4294967295
86.6776 4294967295
86.6826 4294967295
86.6869 4294967295
86.692 4294967295
86.6971 4294967295
86.7013 4294967295
86.7055 4294967295
86.7106 4294967295
86.7157 4294967295
86.7191 4294967295
86.7216 4294967295
86.725 4294967295
86.7301 4294967295
86.7327 4294967295
86.7361 4294967295
86.7395 4294967295
86.742 4294967295
86.7454 4294967295
86.7496 4294967295
86.7573 4294967295
86.7598 4294967295
86.7615 4294967295
86.7624 4294967295
86.7657 4294967295
86.7666 4294967295
86.7674 4294967295
86.7725 4294967295
86.7742 4294967295
86.7751 4294967295
86.7768 4294967295
86.7776 4294967295
86.7793 4294967295
86.7802 4294967295
86.7819 4294967295
86.7827 4294967295
86.7844 4294967295
86.7852 4294967295
86.7861 4294967295
86.7878 4294967295
86.7895 4294967295
86.7912 4294967295
86.7937 4294967295
86.7954 4294967295
86.7971 4294967295
86.7988 4294967295
86.8005 4294967295
86.8014 4294967295
86.8022 4294967295
86.8031 4294967295
86.8039 4294967295
86.8048 4294967295
86.8064 4294967295
86.809 4294967295
86.8107 4294967295
86.8132 4294967295
86.8158 4294967295
86.8166 4294967295
86.8175 4294967295
86.8209 4294967295
86.8243 4294967295
86.8276 4294967295
86.831 4294967295
86.8353 4294967295
86.8404 4294967295
86.8455 4294967295
86.8497 4294967295
86.8548 4294967295
86.8582 4294967295
86.859 4294967295
86.8599 4294967295
86.8607 4294967295
86.8616 4294967295
86.8624 4294967295
86.8633 4294967295
86.8641 4294967295
86.8658 4294967295
86.8709 4294967295
86.876 4294967295
86.8811 4294967295
86.8862 4294967295
86.8904 4294967295
86.8938 4294967295
86.8963 4294967295
86.8972 4294967295
86.898 4294967295
86.8989 4294967295
86.8997 4294967295
86.9006 4294967295
86.9014 4294967295
86.904 4294967295
86.9082 4294967295
86.9124 4294967295
86.9175 4294967295
86.9226 4294967295
86.9268 4294967295
86.9319 4294967295
86.9345 4294967295
86.9362 4294967295
86.9379 4294967295
86.9396 4294967295
86.9404 4294967295
86.9421 4294967295
86.9421 4294967295
88.2989 4294967295
88.2989 4294967295
88.3014 4294967295
88.304 4294967295
88.3074 4294967295
88.3099 4294967295
88.3133 4294967295
88.3167 4294967295
88.3184 4294967295
88.3218 4294967295
88.3252 4294967295
88.3277 4294967295
88.3303 4294967295
88.3328 4294967295
88.3362 4294967295
88.3396 4294967295
88.3447 4294967295
88.3481 4294967295
88.3515 4294967295
88.354 4294967295
88.3574 4294967295
88.3591 4294967295
88.3617 4294967295
88.3634 4294967295
88.3659 4294967295
88.3676 4294967295
88.3701 4294967295
88.3718 4294967295
88.3744 4294967295
88.3761 4294967295
88.3778 4294967295
88.3803 4294967295
88.382 4294967295
88.3854 4294967295
88.3871 4294967295
88.3888 4294967295
88.3913 4294967295
88.393 4294967295
88.3956 4294967295
88.3973 4294967295
88.3998 4294967295
88.3998 4294967295
88.3998 4294967295
88.4024 4294967295
88.4024 4294967295
88.4024 4294967295
88.4049 4294967295
88.4049 4294967295
88.4049 4294967295
88.4075 4294967295
88.4075 4294967295
88.4075 4294967295
88.4092 4294967295
88.4092 4294967295
88.4092 4294967295
88.4125 4294967295
88.4125 4294967295
88.4125 4294967295
88.4151 4294967295
88.4151 4294967295
88.4151 4294967295
88.4185 4294967295
88.4185 4294967295
88.4185 4294967295
88.4219 4294967295
88.4219 4294967295
88.4219 4294967295
88.4244 4294967295
88.4244 4294967295
88.4244 4294967295
88.4287 4294967295
88.4287 4294967295
88.4287 4294967295
88.4312 4294967295
88.4312 4294967295
88.4312 4294967295
88.4346 4294967295
88.4346 4294967295
88.4346 4294967295
88.4371 4294967295
88.4371 4294967295
88.4371 4294967295
88.4405 4294967295
88.4405 4294967295
88.4405 4294967295
88.4439 4294967295
88.4439 4294967295
88.4439 4294967295
88.4465 4294967295
88.4465 4294967295
88.4465 4294967295
88.4499 4294967295
88.4499 4294967295
88.4499 4294967295
88.4541 4294967295
88.4541 4294967295
88.4541 4294967295
88.4566 4294967295
88.4566 4294967295
88.4566 4294967295
88.46 4294967295
88.46 4294967295
88.46 4294967295
88.4634 4294967295
88.4634 4294967295
88.4634 4294967295
88.466 4294967295
88.466 4294967295
88.466 4294967295
88.4694 4294967295
88.4694 4294967295
88.4694 4294967295
88.4728 4294967295
88.4728 4294967295
88.4728 4294967295
88.4753 4294967295
88.4753 4294967295
88.4753 4294967295
88.4804 4294967295
88.4804 4294967295
88.4804 4294967295
88.4846 4294967295
88.4846 4294967295
88.4846 4294967295
88.4889 4294967295
88.4889 4294967295
88.4889 4294967295
88.494 4294967295
88.494 4294967295
88.494 4294967295
88.4982 4294967295
88.4982 4294967295
88.4982 4294967295
88.5033 4294967295
88.5033 4294967295
88.5033 4294967295
88.5075 4294967295
88.5075 4294967295
88.5075 4294967295
88.5109 4294967295
88.5109 4294967295
88.5109 4294967295
88.5135 4294967295
88.5135 4294967295
88.5135 4294967295
88.5168 4294967295
88.5168 4294967295
88.5168 4294967295
88.5185 4294967295
88.5185 4294967295
88.5185 4294967295
88.5228 4294967295
88.5228 4294967295
88.5228 4294967295
88.5245 4294967295
88.5245 4294967295
88.5245 4294967295
88.5279 4294967295
88.5279 4294967295
88.5279 4294967295
88.5313 4294967295
88.5313 4294967295
88.5313 4294967295
88.5338 4294967295
88.5338 4294967295
88.5338 4294967295
88.5372 4294967295
88.5372 4294967295
88.5372 4294967295
88.5406 4294967295
88.5406 4294967295
88.5406 4294967295
88.5457 4294967295
88.5457 4294967295
88.5457 4294967295
88.5482 4294967295
88.5482 4294967295
88.5482 4294967295
88.5508 4294967295
88.5508 4294967295
88.5508 4294967295
88.5542 4294967295
88.5542 4294967295
88.5542 4294967295
88.5576 4294967295
88.5576 4294967295
88.5576 4294967295
88.5593 4294967295
88.5593 4294967295
88.5593 4294967295
88.5627 4294967295
88.5627 4294967295
88.5627 4294967295
88.5652 4294967295
88.5652 4294967295
88.5652 4294967295
88.5677 4294967295
88.5677 4294967295
88.5677 4294967295
88.572 4294967295
88.572 4294967295
88.572 4294967295
88.5728 4294967295
88.5728 4294967295
88.5728 4294967295
88.5754 4294967295
88.5754 4294967295
88.5754 4294967295
88.5788 4294967295
88.5788 4294967295
88.5788 4294967295
88.5813 4294967295
88.5813 4294967295
88.5813 4294967295
88.5822 4294967295
88.5822 4294967295
88.5822 4294967295
88.5839 4294967295
88.5839 4294967295
88.5839 4294967295
88.5847 4294967295
88.5847 4294967295
88.5847 4294967295
88.7365 4294967295
88.7365 4294967295
88.7382 4294967295
88.739 4294967295
88.7407 4294967295
88.7407 4294967295
93.8932 4294967295
93.8932 4294967295
93.8958 4294967295
93.8983 4294967295
93.9009 4294967295
93.9026 4294967295
93.9059 4294967295
93.9076 4294967295
93.9102 4294967295
93.9127 4294967295
93.9161 4294967295
93.9178 4294967295
93.9204 4294967295
93.9229 4294967295
93.9246 4294967295
93.928 4294967295
93.9314 4294967295
93.9322 4294967295
93.9356 4294967295
93.9373 4294967295
93.9407 4294967295
93.9424 4294967295
93.945 4294967295
93.9475 4294967295
93.9492 4294967295
93.9517 4294967295
93.9534 4294967295
93.956 4294967295
93.9585 4294967295
93.9602 4294967295
93.9628 4294967295
93.9645 4294967295
93.967 4294967295
93.9687 4294967295
93.9712 4294967295
93.9746 4294967295
93.9763 4294967295
93.9789 4294967295
93.9806 4294967295
93.984 4294967295
93.9865 4294967295
93.9882 4294967295
93.9907 4294967295
93.9924 4294967295
93.995 4294967295
93.9975 4294967295
93.9992 4294967295
94.0018 4294967295
94.0035 4294967295
94.0069 4294967295
94.0077 4294967295
94.0111 4294967295
94.0153 4294967295
94.017 4294967295
94.0213 4294967295
94.0238 4294967295
94.0264 4294967295
94.0289 4294967295
94.0314 4294967295
94.034 4294967295
94.0365 4294967295
94.0382 4294967295
94.0408 4294967295
94.0459 4294967295
94.0484 4294967295
94.0518 4294967295
94.0543 4294967295
94.0577 4294967295
94.0611 4294967295
94.0645 4294967295
94.0679 4294967295
94.0705 4294967295
94.0747 4294967295
94.0764 4294967295
94.0806 4294967295
94.084 4294967295
94.0883 4294967295
94.09 4294967295
94.0934 4294967295
94.0967 4294967295
94.1001 4294967295
94.1027 4294967295
94.1061 4294967295
94.1095 4294967295
94.1129 4294967295
94.1154 4294967295
94.1196 4294967295
94.123 4294967295
94.1264 4294967295
94.1298 4294967295
94.1324 4294967295
94.1366 4294967295
94.14 4294967295
94.1434 4294967295
94.1468 4294967295
94.1502 4294967295
94.1527 4294967295
94.1561 4294967295
94.1595 4294967295
94.1637 4294967295
94.1637 4294967295
94.1671 4294967295
94.1671 4294967295
94.1714 4294967295
94.1714 4294967295
94.1714 4294967295
95.083 4294967295
95.083 4294967295
95.0847 4294967295
95.0872 4294967295
95.0906 4294967295
95.0923 4294967295
95.0949 4294967295
95.0974 4294967295
95.0999 4294967295
95.1033 4294967295
95.105 4294967295
95.1084 4294967295
95.1101 4294967295
95.1144 4294967295
95.1169 4294967295
95.1203 4294967295
95.1228 4294967295
95.1237 4294967295
95.1279 4294967295
95.1296 4294967295
95.1313 4294967295
95.1347 4294967295
95.1381 4294967295
95.1398 4294967295
95.1423 4294967295
95.1449 4294967295
95.1466 4294967295
95.1491 4294967295
95.1517 4294967295
95.1534 4294967295
95.1559 4294967295
95.1593 4294967295
95.161 4294967295
95.1635 4294967295
95.1652 4294967295
95.1669 4294967295
95.1695 4294967295
95.172 4294967295
95.1737 4294967295
95.1763 4294967295
95.1788 4294967295
95.1805 4294967295
95.183 4294967295
95.1847 4294967295
95.1873 4294967295
95.1898 4294967295
95.1924 4294967295
95.1949 4294967295
95.1975 4294967295
95.1992 4294967295
95.2017 4294967295
95.2034 4294967295
95.2034 4294967295
95.2051 4294967295
95.2051 4294967295
95.2051 4294967295
95.2076 4294967295
95.2076 4294967295
95.2076 4294967295
95.2102 4294967295
95.2102 4294967295
95.2102 4294967295
95.2136 4294967295
95.2136 4294967295
95.2136 4294967295
95.2178 4294967295
95.2178 4294967295
95.2178 4294967295
95.2229 4294967295
95.2229 4294967295
95.2229 4294967295
95.228 4294967295
95.228 4294967295
95.228 4294967295
95.2314 4294967295
95.2314 4294967295
95.2314 4294967295
95.2348 4294967295
95.2348 4294967295
95.2348 4294967295
95.239 4294967295
95.239 4294967295
95.239 4294967295
95.2433 4294967295
95.2433 4294967295
95.2433 4294967295
95.2466 4294967295
95.2466 4294967295
95.2466 4294967295
95.25 4294967295
95.25 4294967295
95.25 4294967295
95.2534 4294967295
95.2534 4294967295
95.2534 4294967295
95.2585 4294967295
95.2585 4294967295
95.2585 4294967295
95.2611 4294967295
95.2611 4294967295
95.2611 4294967295
95.2645 4294967295
95.2645 4294967295
95.2645 4294967295
95.2678 4294967295
95.2678 4294967295
95.2678 4294967295
95.2729 4294967295
95.2729 4294967295
95.2729 4294967295
95.2763 4294967295
95.2763 4294967295
95.2763 4294967295
95.2797 4294967295
95.2797 4294967295
95.2797 4294967295
95.2823 4294967295
95.2823 4294967295
95.2823 4294967295
95.2874 4294967295
95.2874 4294967295
95.2874 4294967295
95.2907 4294967295
95.2907 4294967295
95.2907 4294967295
95.295 4294967295
95.295 4294967295
95.295 4294967295
95.2984 4294967295
95.2984 4294967295
95.2984 4294967295
95.3035 4294967295
95.3035 4294967295
95.3035 4294967295
95.306 4294967295
95.306 4294967295
95.306 4294967295
95.3094 4294967295
95.3094 4294967295
95.3094 4294967295
95.3128 4294967295
95.3128 4294967295
95.3128 4294967295
95.317 4294967295
95.317 4294967295
95.317 4294967295
95.3213 4294967295
95.3213 4294967295
95.3213 4294967295
95.3238 4294967295
95.3238 4294967295
95.3238 4294967295
95.3264 4294967295
95.3264 4294967295
95.3264 4294967295
95.3332 4294967295
95.3332 4294967295
95.3332 4294967295
95.3416 4294967295
95.3416 4294967295
95.3416 4294967295
95.3442 4294967295
95.3442 4294967295
95.3442 4294967295
95.3476 4294967295
95.3535 4294967295
95.3561 4294967295
95.362 4294967295
95.3671 4294967295
95.3696 4294967295
95.3722 4294967295
95.373 4294967295
95.3739 4294967295
95.4328 4294967295
95.4357 4294967295
95.4391 4294967295
95.4425 4294967295
95.4467 4294967295
95.4518 4294967295
95.4577 4294967295
95.4603 4294967295
95.4645 4294967295
95.467 4294967295
95.4687 4294967295
95.4687 4294967295
96.3507 4294967295
96.3507 4294967295
96.3532 4294967295
96.3566 4294967295
96.3626 4294967295
96.371 4294967295
96.377 4294967295
96.3795 4294967295
96.3821 4294967295
96.3914 4294967295
96.3973 4294967295
96.4033 4294967295
96.4058 4294967295
96.4084 4294967295
96.4177 4294967295
96.4194 4294967295
96.4211 4294967295
96.4245 4294967295
96.427 4294967295
96.4296 4294967295
96.4329 4294967295
96.4346 4294967295
96.438 4294967295
96.4423 4294967295
96.4457 4294967295
96.4482 4294967295
96.4516 4294967295
96.4533 4294967295
96.4567 4294967295
96.4592 4294967295
96.4609 4294967295
96.4635 4294967295
96.4669 4294967295
96.4677 4294967295
96.4711 4294967295
96.472 4294967295
96.4745 4294967295
96.4779 4294967295
96.4796 4294967295
96.4821 4294967295
96.4847 4294967295
96.4864 4294967295
96.4898 4294967295
96.4923 4294967295
96.4932 4294967295
96.4957 4294967295
96.4982 4294967295
96.5008 4294967295
96.5033 4294967295
96.5059 4294967295
96.5076 4294967295
96.5118 4294967295
96.5135 4294967295
96.5161 4294967295
96.5186 4294967295
96.5203 4294967295
96.5237 4294967295
96.5262 4294967295
96.5296 4294967295
96.533 4294967295
96.5389 4294967295
96.5432 4294967295
96.5483 4294967295
96.5525 4294967295
96.5576 4294967295
96.5618 4294967295
96.5652 4294967295
96.5703 4294967295
96.5746 4294967295
96.5805 4294967295
96.583 4294967295
96.589 4294967295
96.5915 4294967295
96.5941 4294967295
96.6 4294967295
96.6034 4294967295
96.6076 4294967295
96.6119 4294967295
96.6153 4294967295
96.6178 4294967295
96.6204 4294967295
96.6237 4294967295
96.6288 4294967295
96.6348 4294967295
96.6373 4294967295
96.639 4294967295
96.6399 4294967295
96.6407 4294967295
96.656 4294967295
96.6568 4294967295
96.6577 4294967295
96.6602 4294967295
96.6619 4294967295
96.6636 4294967295
96.6661 4294967295
96.6678 4294967295
96.6687 4294967295
96.6695 4294967295
96.6704 4294967295
96.6712 4294967295
96.6721 4294967295
96.6729 4294967295
96.6746 4294967295
96.6772 4294967295
96.6789 4294967295
96.6806 4294967295
96.6814 4294967295
96.6823 4294967295
96.6831 4294967295
96.684 4294967295
96.6848 4294967295
96.6865 4294967295
96.689 4294967295
96.6907 4294967295
96.6924 4294967295
96.6933 4294967295
96.6941 4294967295
96.695 4294967295
96.6958 4294967295
96.6975 4294967295
96.6992 4294967295
96.7009 4294967295
96.7026 4294967295
96.7043 4294967295
96.7052 4294967295
96.706 4294967295
96.7069 4294967295
96.7077 4294967295
96.7111 4294967295
96.7145 4294967295
96.7179 4294967295
96.7213 4294967295
96.7221 4294967295
96.723 4294967295
96.7238 4294967295
96.7272 4294967295
96.7306 4294967295
96.734 4294967295
96.7374 4294967295
96.7382 4294967295
96.7391 4294967295
96.7399 4294967295
96.7425 4294967295
96.7459 4294967295
96.7501 4294967295
96.7543 4294967295
96.7569 4294967295
96.7611 4294967295
96.7662 4294967295
96.7705 4294967295
96.773 4294967295
96.7755 4294967295
96.7815 4294967295
96.784 4294967295
96.7866 4294967295
96.79 4294967295
96.795 4294967295
96.801 4294967295
96.8035 4294967295
96.8077 4294967295
96.8128 4294967295
96.8171 4294967295
96.8213 4294967295
96.8255 4294967295
96.8289 4294967295
96.8306 4294967295
96.8306 4294967295
100.119 4294967295
100.119 4294967295
100.123 4294967295
100.129 4294967295
100.137 4294967295
100.143 4294967295
100.148 4294967295
100.152 4294967295
100.154 4294967295
100.158 4294967295
100.163 4294967295
100.165 4294967295
100.167 4294967295
100.169 4294967295
100.173 4294967295
100.174 4294967295
100.177 4294967295
100.179 4294967295
100.181 4294967295
100.185 4294967295
100.186 4294967295
100.19 4294967295
100.192 4294967295
100.195 4294967295
100.197 4294967295
100.199 4294967295
100.202 4294967295
100.205 4294967295
100.208 4294967295
100.211 4294967295
100.214 4294967295
100.217 4294967295
100.219 4294967295
100.222 4294967295
100.226 4294967295
100.229 4294967295
100.234 4294967295
100.238 4294967295
100.242 4294967295
100.247 4294967295
100.251 4294967295
100.258 4294967295
100.261 4294967295
100.263 4294967295
100.264 4294967295
100.269 4294967295
100.271 4294967295
100.274 4294967295
100.275 4294967295
100.278 4294967295
100.28 4294967295
100.285 4294967295
100.287 4294967295
100.29 4294967295
100.292 4294967295
100.296 4294967295
100.299 4294967295
100.304 4294967295
100.308 4294967295
100.312 4294967295
100.314 4294967295
100.326 4294967295
100.329 4294967295
100.331 4294967295
100.335 4294967295
100.341 4294967295
100.347 4294967295
100.353 4294967295
100.355 4294967295
100.361 4294967295
100.364 4294967295
100.367 4294967295
100.369 4294967295
100.372 4294967295
100.375 4294967295
100.381 4294967295
100.384 4294967295
100.387 4294967295
100.39 4294967295
100.392 4294967295
100.395 4294967295
100.398 4294967295
100.4 4294967295
100.403 4294967295
100.404 4294967295
100.407 4294967295
100.408 4294967295
100.42 4294967295
100.421 4294967295
100.422 4294967295
100.423 4294967295
100.424 4294967295
100.426 4294967295
100.427 4294967295
100.428 4294967295
100.43 4294967295
100.431 4294967295
100.432 4294967295
100.434 4294967295
100.437 4294967295
100.439 4294967295
100.442 4294967295
100.446 4294967295
100.448 4294967295
100.451 4294967295
100.453 4294967295
100.455 4294967295
100.457 4294967295
100.459 4294967295
100.46 4294967295
100.461 4294967295
100.462 4294967295
100.463 4294967295
100.465 4294967295
100.466 4294967295
100.467 4294967295
100.469 4294967295
100.471 4294967295
100.473 4294967295
100.476 4294967295
100.477 4294967295
100.48 4294967295
100.481 4294967295
100.482 4294967295
100.483 4294967295
100.484 4294967295
100.485 4294967295
100.486 4294967295
100.487 4294967295
100.488 4294967295
100.492 4294967295
100.497 4294967295
100.501 4294967295
100.504 4294967295
100.505 4294967295
100.509 4294967295
100.514 4294967295
100.517 4294967295
100.521 4294967295
100.526 4294967295
100.532 4294967295
100.537 4294967295
100.543 4294967295
100.547 4294967295
100.552 4294967295
100.556 4294967295
100.559 4294967295
100.559 4294967295
100.563 4294967295
100.565 4294967295
100.565 4294967295
100.569 4294967295
100.571 4294967295
100.575 4294967295
100.576 4294967295
100.579 4294967295
100.582 4294967295
100.583 4294967295
100.587 4294967295
100.594 4294967295
100.599 4294967295
100.602 4294967295
100.602 4294967295
107.459 4294967295
108.039 4294967295
108.926 4294967295
108.926 4294967295
108.929 4294967295
108.935 4294967295
108.94 4294967295
108.946 4294967295
108.949 4294967295
108.955 4294967295
108.957 4294967295
108.961 4294967295
108.963 4294967295
108.966 4294967295
108.969 4294967295
108.972 4294967295
108.975 4294967295
108.978 4294967295
108.981 4294967295
108.984 4294967295
108.987 4294967295
108.99 4294967295
108.995 4294967295
108.997 4294967295
108.997 4294967295
108.997 4294967295
109 4294967295
109.002 4294967295
109.005 4294967295
109.007 4294967295
109.01 4294967295
109.013 4294967295
109.014 4294967295
109.017 4294967295
109.019 4294967295
109.023 4294967295
109.024 4294967295
109.028 4294967295
109.03 4294967295
109.032 4294967295
109.035 4294967295
109.038 4294967295
109.04 4294967295
109.043 4294967295
109.045 4294967295
109.048 4294967295
109.052 4294967295
109.055 4294967295
109.058 4294967295
109.062 4294967295
109.064 4294967295
109.067 4294967295
109.069 4294967295
109.072 4294967295
109.074 4294967295
109.076 4294967295
109.079 4294967295
109.081 4294967295
109.084 4294967295
109.086 4294967295
109.088 4294967295
109.091 4294967295
109.092 4294967295
109.095 4294967295
109.097 4294967295
109.1 4294967295
109.102 4294967295
109.106 4294967295
109.11 4294967295
109.114 4294967295
109.119 4294967295
109.123 4294967295
109.125 4294967295
109.13 4294967295
109.134 4294967295
109.138 4294967295
109.142 4294967295
109.146 4294967295
109.148 4294967295
109.152 4294967295
109.155 4294967295
109.158 4294967295
109.163 4294967295
109.166 4294967295
109.17 4294967295
109.179 4294967295
109.181 4294967295
109.184 4294967295
109.187 4294967295
109.19 4294967295
109.192 4294967295
109.198 4294967295
109.201 4294967295
109.204 4294967295
109.208 4294967295
109.21 4294967295
109.214 4294967295
109.217 4294967295
109.219 4294967295
109.227 4294967295
109.228 4294967295
109.23 4294967295
109.231 4294967295
109.234 4294967295
109.236 4294967295
109.237 4294967295
109.239 4294967295
109.241 4294967295
109.242 4294967295
109.243 4294967295
109.244 4294967295
109.246 4294967295
109.247 4294967295
109.249 4294967295
109.25 4294967295
109.251 4294967295
109.252 4294967295
109.253 4294967295
109.253 4294967295
109.254 4294967295
109.258 4294967295
109.262 4294967295
109.266 4294967295
109.269 4294967295
109.27 4294967295
109.272 4294967295
109.273 4294967295
109.274 4294967295
109.275 4294967295
109.275 4294967295
109.277 4294967295
109.281 4294967295
109.283 4294967295
109.286 4294967295
109.289 4294967295
109.292 4294967295
109.296 4294967295
109.299 4294967295
109.303 4294967295
109.305 4294967295
109.306 4294967295
109.307 4294967295
109.308 4294967295
109.309 4294967295
109.311 4294967295
109.314 4294967295
109.319 4294967295
109.324 4294967295
109.329 4294967295
109.331 4294967295
109.333 4294967295
109.335 4294967295
109.336 4294967295
109.339 4294967295
109.342 4294967295
109.346 4294967295
109.349 4294967295
109.353 4294967295
109.356 4294967295
109.359 4294967295
109.359 4294967295
109.361 4294967295
109.363 4294967295
109.364 4294967295
109.369 4294967295
109.373 4294967295
109.376 4294967295
109.379 4294967295
109.38 4294967295
109.381 4294967295
109.383 4294967295
109.386 4294967295
109.39 4294967295
109.393 4294967295
109.395 4294967295
109.396 4294967295
109.398 4294967295
109.399 4294967295
109.402 4294967295
109.409 4294967295
109.409 4294967295
109.411 4294967295
109.414 4294967295
109.414 4294967295
109.416 4294967295
109.418 4294967295
109.42 4294967295
109.421 4294967295
109.426 4294967295
109.43 4294967295
109.43 4294967295
112.438 4294967295
112.438 4294967295
112.444 4294967295
112.447 4294967295
112.45 4294967295
112.456 4294967295
112.459 4294967295
112.465 4294967295
112.467 4294967295
112.47 4294967295
112.473 4294967295
112.477 4294967295
112.485 4294967295
112.497 4294967295
112.505 4294967295
112.508 4294967295
112.513 4294967295
112.517 4294967295
112.519 4294967295
112.522 4294967295
112.526 4294967295
112.531 4294967295
112.534 4294967295
112.537 4294967295
112.542 4294967295
112.546 4294967295
112.549 4294967295
112.552 4294967295
112.555 4294967295
112.558 4294967295
112.56 4294967295
112.563 4294967295
112.566 4294967295
112.569 4294967295
112.572 4294967295
112.578 4294967295
112.581 4294967295
112.583 4294967295
112.587 4294967295
112.589 4294967295
112.593 4294967295
112.595 4294967295
112.599 4294967295
112.6 4294967295
112.603 4294967295
112.606 4294967295
112.608 4294967295
112.61 4294967295
112.612 4294967295
112.615 4294967295
112.617 4294967295
112.619 4294967295
112.622 4294967295
112.625 4294967295
112.628 4294967295
112.629 4294967295
112.632 4294967295
112.634 4294967295
112.636 4294967295
112.639 4294967295
112.641 4294967295
112.644 4294967295
112.645 4294967295
112.648 4294967295
112.651 4294967295
112.655 4294967295
112.659 4294967295
112.663 4294967295
112.667 4294967295
112.67 4294967295
112.673 4294967295
112.678 4294967295
112.681 4294967295
112.684 4294967295
112.688 4294967295
112.691 4294967295
112.695 4294967295
112.699 4294967295
112.702 4294967295
112.706 4294967295
112.715 4294967295
112.717 4294967295
112.721 4294967295
112.723 4294967295
112.751 4294967295
112.753 4294967295
112.755 4294967295
112.756 4294967295
112.756 4294967295
112.758 4294967295
112.76 4294967295
112.762 4294967295
112.762 4294967295
112.763 4294967295
112.764 4294967295
112.766 4294967295
112.768 4294967295
112.769 4294967295
112.77 4294967295
112.772 4294967295
112.773 4294967295
112.775 4294967295
112.776 4294967295
125.419 4294967295
126.23 4294967295
126.23 4294967295
126.235 4294967295
126.238 4294967295
126.241 4294967295
126.243 4294967295
126.247 4294967295
126.249 4294967295
126.252 4294967295
126.255 4294967295
126.258 4294967295
126.26 4294967295
126.264 4294967295
126.267 4294967295
126.27 4294967295
126.273 4294967295
126.276 4294967295
126.278 4294967295
126.281 4294967295
126.284 4294967295
126.288 4294967295
126.29 4294967295
126.293 4294967295
126.296 4294967295
126.299 4294967295
126.302 4294967295
126.305 4294967295
126.308 4294967295
126.31 4294967295
126.314 4294967295
126.316 4294967295
126.319 4294967295
126.322 4294967295
126.325 4294967295
126.328 4294967295
126.331 4294967295
126.334 4294967295
126.352 4294967295
126.355 4294967295
126.361 4294967295
126.366 4294967295
126.369 4294967295
126.372 4294967295
126.375 4294967295
126.379 4294967295
126.383 4294967295
126.386 4294967295
126.392 4294967295
126.395 4294967295
126.4 4294967295
126.404 4294967295
126.407 4294967295
126.412 4294967295
126.415 4294967295
126.422 4294967295
126.424 4294967295
126.427 4294967295
126.429 4294967295
126.433 4294967295
126.436 4294967295
126.441 4294967295
126.444 4294967295
126.448 4294967295
126.45 4294967295
126.453 4294967295
126.456 4294967295
126.459 4294967295
126.462 4294967295
126.465 4294967295
126.467 4294967295
126.47 4294967295
126.473 4294967295
126.476 4294967295
126.482 4294967295
126.484 4294967295
126.488 4294967295
126.493 4294967295
126.494 4294967295
126.494 4294967295
126.495 4294967295
126.496 4294967295
126.497 4294967295
126.498 4294967295
126.5 4294967295
126.5 4294967295
126.501 4294967295
126.502 4294967295
126.503 4294967295
126.517 4294967295
126.517 4294967295
126.518 4294967295
126.519 4294967295
126.521 4294967295
126.528 4294967295
126.533 4294967295
126.537 4294967295
126.538 4294967295
126.539 4294967295
126.539 4294967295
126.545 4294967295
126.553 4294967295
126.556 4294967295
126.556 4294967295
126.557 4294967295
126.559 4294967295
126.564 4294967295
126.571 4294967295
126.575 4294967295
126.577 4294967295
126.578 4294967295
126.58 4294967295
126.584 4294967295
126.588 4294967295
126.592 4294967295
126.595 4294967295
126.595 4294967295
126.6 4294967295
126.606 4294967295
126.607 4294967295
126.61 4294967295
126.612 4294967295
126.613 4294967295
126.617 4294967295
126.622 4294967295
126.623 4294967295
126.624 4294967295
126.628 4294967295
126.632 4294967295
126.636 4294967295
126.639 4294967295
126.64 4294967295
126.642 4294967295
126.645 4294967295
126.646 4294967295
126.647 4294967295
126.651 4294967295
126.653 4294967295
126.654 4294967295
126.656 4294967295
126.658 4294967295
126.662 4294967295
126.662 4294967295
126.666 4294967295
126.668 4294967295
126.669 4294967295
126.671 4294967295
126.673 4294967295
126.677 4294967295
126.678 4294967295
126.681 4294967295
126.683 4294967295
126.686 4294967295
126.688 4294967295
126.689 4294967295
126.692 4294967295
126.697 4294967295
126.701 4294967295
126.703 4294967295
126.708 4294967295
126.712 4294967295
126.714 4294967295
126.717 4294967295
126.723 4294967295
126.728 4294967295
126.731 4294967295
126.737 4294967295
126.743 4294967295
126.75 4294967295
126.754 4294967295
126.754 4294967295
126.835 4294967295
126.835 4294967295
126.837 4294967295
126.841 4294967295
126.846 4294967295
126.846 4294967295
126.849 4294967295
126.852 4294967295
126.854 4294967295
126.856 4294967295
126.857 4294967295
126.861 4294967295
126.865 4294967295
126.87 4294967295
126.874 4294967295
126.877 4294967295
126.878 4294967295
126.879 4294967295
126.879 4294967295
126.881 4294967295
126.883 4294967295
126.885 4294967295
126.885 4294967295
126.886 4294967295
126.887 4294967295
126.89 4294967295
126.89 4294967295
126.892 4294967295
126.895 4294967295
126.896 4294967295
126.897 4294967295
126.898 4294967295
126.899 4294967295
126.904 4294967295
126.905 4294967295
126.907 4294967295
126.91 4294967295
126.912 4294967295
126.916 4294967295
126.917 4294967295
126.919 4294967295
126.922 4294967295
126.924 4294967295
126.926 4294967295
126.929 4294967295
126.931 4294967295
126.932 4294967295
126.934 4294967295
126.935 4294967295
126.936 4294967295
126.937 4294967295
126.938 4294967295
126.94 4294967295
126.941 4294967295
126.941 4294967295
126.942 4294967295
126.943 4294967295
126.944 4294967295
126.945 4294967295
126.946 4294967295
126.946 4294967295
126.947 4294967295
126.948 4294967295
126.949 4294967295
126.95 4294967295
126.951 4294967295
126.952 4294967295
126.952 4294967295
126.953 4294967295
126.954 4294967295
126.955 4294967295
126.956 4294967295
126.957 4294967295
126.957 4294967295
126.958 4294967295
126.959 4294967295
126.96 4294967295
126.961 4294967295
126.962 4294967295
126.963 4294967295
126.963 4294967295
126.964 4294967295
126.965 4294967295
126.966 4294967295
126.97 4294967295
126.974 4294967295
126.979 4294967295
126.983 4294967295
126.987 4294967295
126.991 4294967295
126.996 4294967295
127.001 4294967295
127.005 4294967295
127.009 4294967295
127.013 4294967295
127.018 4294967295
127.022 4294967295
127.026 4294967295
127.031 4294967295
127.035 4294967295
127.035 4294967295
127.04 4294967295
127.04 4294967295
127.044 4294967295
127.044 4294967295
127.048 4294967295
127.048 4294967295
127.053 4294967295
127.053 4294967295
127.058 4294967295
127.058 4294967295
127.062 4294967295
127.062 4294967295
127.066 4294967295
127.066 4294967295
127.07 4294967295
127.07 4294967295
127.074 4294967295
127.074 4294967295
127.079 4294967295
127.079 4294967295
127.083 4294967295
127.083 4294967295
127.087 4294967295
127.087 4294967295
127.091 4294967295
127.091 4294967295
127.096 4294967295
127.096 4294967295
127.1 4294967295
127.1 4294967295
127.102 4294967295
127.102 4294967295
127.102 4294967295
135.699 4294967295
136.151 4294967295
137.147 4294967295
137.147 4294967295
137.149 4294967295
137.152 4294967295
137.154 4294967295
137.156 4294967295
137.159 4294967295
137.162 4294967295
137.164 4294967295
137.166 4294967295
137.169 4294967295
137.171 4294967295
137.174 4294967295
137.176 4294967295
137.178 4294967295
137.181 4294967295
137.184 4294967295
137.186 4294967295
137.188 4294967295
137.191 4294967295
137.193 4294967295
137.196 4294967295
137.198 4294967295
137.2 4294967295
137.203 4294967295
137.206 4294967295
137.208 4294967295
137.21 4294967295
137.213 4294967295
137.215 4294967295
137.218 4294967295
137.22 4294967295
137.222 4294967295
137.227 4294967295
137.233 4294967295
137.238 4294967295
137.243 4294967295
137.248 4294967295
137.254 4294967295
137.266 4294967295
137.269 4294967295
137.272 4294967295
137.275 4294967295
137.278 4294967295
137.281 4294967295
137.284 4294967295
137.286 4294967295
137.289 4294967295
137.292 4294967295
137.295 4294967295
137.298 4294967295
137.301 4294967295
137.304 4294967295
137.307 4294967295
137.309 4294967295
137.314 4294967295
137.314 4294967295
137.314 4294967295
137.319 4294967295
137.319 4294967295
137.319 4294967295
137.326 4294967295
137.326 4294967295
137.326 4294967295
137.327 4294967295
137.331 4294967295
137.332 4294967295
137.337 4294967295
137.34 4294967295
137.342 4294967295
137.344 4294967295
137.347 4294967295
137.35 4294967295
137.353 4294967295
137.355 4294967295
137.357 4294967295
137.36 4294967295
137.363 4294967295
137.365 4294967295
137.368 4294967295
137.371 4294967295
137.374 4294967295
137.376 4294967295
137.379 4294967295
137.381 4294967295
137.384 4294967295
137.387 4294967295
137.388 4294967295
137.392 4294967295
137.394 4294967295
137.396 4294967295
137.398 4294967295
137.401 4294967295
137.404 4294967295
137.406 4294967295
137.409 4294967295
137.41 4294967295
137.414 4294967295
137.416 4294967295
137.418 4294967295
137.42 4294967295
137.423 4294967295
137.427 4294967295
137.43 4294967295
137.536 4294967295
137.538 4294967295
137.538 4294967295
137.54 4294967295
137.541 4294967295
137.541 4294967295
138.208 4294967295
138.208 4294967295
138.21 4294967295
138.213 4294967295
138.214 4294967295
138.217 4294967295
138.22 4294967295
138.223 4294967295
138.225 4294967295
138.227 4294967295
138.23 4294967295
138.232 4294967295
138.235 4294967295
138.237 4294967295
138.241 4294967295
138.243 4294967295
138.247 4294967295
138.25 4294967295
138.253 4294967295
138.255 4294967295
138.258 4294967295
138.261 4294967295
138.264 4294967295
138.267 4294967295
138.27 4294967295
138.274 4294967295
138.276 4294967295
138.276 4294967295
138.276 4294967295
138.278 4294967295
138.278 4294967295
138.278 4294967295
138.282 4294967295
138.282 4294967295
138.282 4294967295
138.285 4294967295
138.285 4294967295
138.285 4294967295
138.288 4294967295
138.288 4294967295
138.288 4294967295
138.291 4294967295
138.291 4294967295
138.291 4294967295
138.294 4294967295
138.294 4294967295
138.294 4294967295
138.297 4294967295
138.297 4294967295
138.297 4294967295
138.301 4294967295
138.301 4294967295
138.301 4294967295
138.305 4294967295
138.305 4294967295
138.305 4294967295
138.309 4294967295
138.309 4294967295
138.309 4294967295
138.313 4294967295
138.313 4294967295
138.313 4294967295
138.315 4294967295
138.315 4294967295
138.315 4294967295
138.319 4294967295
138.319 4294967295
138.319 4294967295
138.321 4294967295
138.321 4294967295
138.321 4294967295
138.324 4294967295
138.324 4294967295
138.324 4294967295
138.327 4294967295
138.327 4294967295
138.327 4294967295
138.331 4294967295
138.331 4294967295
138.331 4294967295
138.335 4294967295
138.335 4294967295
138.335 4294967295
138.338 4294967295
138.338 4294967295
138.338 4294967295
138.342 4294967295
138.345 4294967295
138.347 4294967295
138.35 4294967295
138.353 4294967295
138.356 4294967295
138.359 4294967295
138.361 4294967295
138.364 4294967295
138.368 4294967295
138.371 4294967295
138.374 4294967295
138.376 4294967295
138.38 4294967295
138.382 4294967295
138.388 4294967295
138.391 4294967295
138.394 4294967295
138.396 4294967295
138.4 4294967295
138.403 4294967295
138.405 4294967295
138.408 4294967295
138.411 4294967295
138.414 4294967295
138.417 4294967295
138.42 4294967295
138.422 4294967295
138.426 4294967295
138.428 4294967295
138.432 4294967295
138.434 4294967295
138.437 4294967295
138.44 4294967295
138.443 4294967295
138.446 4294967295
138.449 4294967295
138.452 4294967295
138.455 4294967295
138.458 4294967295
138.464 4294967295
138.466 4294967295
138.47 4294967295
138.472 4294967295
138.476 4294967295
138.478 4294967295
138.482 4294967295
138.482 4294967295
138.483 4294967295
138.484 4294967295
138.485 4294967295
138.486 4294967295
138.487 4294967295
138.487 4294967295
138.581 4294967295
138.582 4294967295
138.585 4294967295
138.588 4294967295
138.59 4294967295
138.592 4294967295
138.593 4294967295
138.596 4294967295
138.599 4294967295
138.601 4294967295
138.602 4294967295
138.604 4294967295
138.606 4294967295
138.608 4294967295
138.609 4294967295
138.61 4294967295
138.613 4294967295
138.614 4294967295
138.616 4294967295
138.618 4294967295
138.62 4294967295
138.621 4294967295
138.627 4294967295
138.628 4294967295
138.633 4294967295
138.638 4294967295
138.641 4294967295
138.648 4294967295
138.649 4294967295
138.65 4294967295
138.651 4294967295
138.652 4294967295
138.653 4294967295
138.654 4294967295
138.654 4294967295
138.655 4294967295
138.656 4294967295
138.657 4294967295
138.658 4294967295
138.659 4294967295
138.66 4294967295
138.66 4294967295
138.661 4294967295
138.662 4294967295
138.663 4294967295
138.664 4294967295
138.664 4294967295
149.1 4294967295
149.576 4294967295
150.347 4294967295
150.347 4294967295
150.361 4294967295
150.364 4294967295
150.367 4294967295
150.37 4294967295
150.376 4294967295
150.382 4294967295
150.388 4294967295
150.396 4294967295
150.402 4294967295
150.408 4294967295
150.41 4294967295
150.422 4294967295
150.425 4294967295
150.428 4294967295
150.431 4294967295
150.437 4294967295
150.443 4294967295
150.445 4294967295
150.447 4294967295
150.451 4294967295
150.454 4294967295
150.456 4294967295
150.459 4294967295
150.462 4294967295
150.465 4294967295
150.468 4294967295
150.471 4294967295
150.474 4294967295
150.477 4294967295
150.479 4294967295
150.482 4294967295
150.486 4294967295
150.488 4294967295
150.491 4294967295
150.494 4294967295
150.497 4294967295
150.499 4294967295
150.503 4294967295
150.505 4294967295
150.508 4294967295
150.51 4294967295
150.512 4294967295
150.514 4294967295
150.517 4294967295
150.52 4294967295
150.521 4294967295
150.524 4294967295
150.528 4294967295
150.533 4294967295
150.538 4294967295
150.544 4294967295
150.55 4294967295
150.565 4294967295
150.567 4294967295
150.571 4294967295
150.575 4294967295
150.578 4294967295
150.582 4294967295
150.584 4294967295
150.588 4294967295
150.591 4294967295
150.594 4294967295
150.596 4294967295
150.599 4294967295
150.602 4294967295
150.605 4294967295
150.607 4294967295
150.611 4294967295
150.614 4294967295
150.616 4294967295
150.619 4294967295
150.626 4294967295
150.63 4294967295
150.632 4294967295
150.633 4294967295
150.634 4294967295
150.635 4294967295
150.659 4294967295
150.664 4294967295
150.666 4294967295
150.667 4294967295
150.668 4294967295
150.669 4294967295
150.673 4294967295
150.678 4294967295
150.679 4294967295
150.68 4294967295
150.682 4294967295
150.683 4294967295
150.689 4294967295
150.693 4294967295
150.694 4294967295
150.696 4294967295
150.698 4294967295
150.699 4294967295
150.701 4294967295
150.707 4294967295
150.71 4294967295
150.711 4294967295
150.712 4294967295
150.714 4294967295
150.717 4294967295
150.722 4294967295
150.726 4294967295
150.728 4294967295
150.729 4294967295
150.731 4294967295
150.733 4294967295
150.735 4294967295
150.737 4294967295
150.739 4294967295
150.742 4294967295
150.746 4294967295
150.75 4294967295
150.753 4294967295
150.754 4294967295
150.755 4294967295
150.758 4294967295
150.761 4294967295
150.766 4294967295
150.769 4294967295
150.771 4294967295
150.772 4294967295
150.773 4294967295
150.775 4294967295
150.778 4294967295
150.784 4294967295
150.789 4294967295
150.795 4294967295
150.8 4294967295
150.806 4294967295
150.81 4294967295
150.812 4294967295
150.815 4294967295
150.817 4294967295
150.823 4294967295
150.828 4294967295
150.834 4294967295
150.84 4294967295
150.842 4294967295
150.845 4294967295
150.847 4294967295
150.85 4294967295
150.853 4294967295
150.856 4294967295
150.859 4294967295
150.865 4294967295
150.872 4294967295
150.878 4294967295
150.878 4294967295
150.882 4294967295
150.883 4294967295
150.884 4294967295
150.887 4294967295
150.887 4294967295
162.009 4294967295
162.587 4294967295
163.497 4294967295
163.497 4294967295
163.503 4294967295
163.512 4294967295
163.518 4294967295
163.524 4294967295
163.535 4294967295
163.538 4294967295
163.541 4294967295
163.543 4294967295
163.547 4294967295
163.549 4294967295
163.553 4294967295
163.555 4294967295
163.558 4294967295
163.56 4294967295
163.564 4294967295
163.567 4294967295
163.57 4294967295
163.572 4294967295
163.575 4294967295
163.578 4294967295
163.581 4294967295
163.584 4294967295
163.587 4294967295
163.59 4294967295
163.592 4294967295
163.596 4294967295
163.598 4294967295
163.601 4294967295
163.603 4294967295
163.608 4294967295
163.614 4294967295
163.62 4294967295
163.626 4294967295
163.634 4294967295
163.64 4294967295
163.645 4294967295
163.648 4294967295
163.65 4294967295
163.654 4294967295
163.656 4294967295
163.659 4294967295
163.661 4294967295
163.665 4294967295
163.668 4294967295
163.671 4294967295
163.674 4294967295
163.676 4294967295
163.68 4294967295
163.683 4294967295
163.685 4294967295
163.689 4294967295
163.694 4294967295
163.698 4294967295
163.7 4294967295
163.706 4294967295
163.709 4294967295
163.715 4294967295
163.721 4294967295
163.726 4294967295
163.732 4294967295
163.735 4294967295
163.741 4294967295
163.75 4294967295
163.753 4294967295
163.756 4294967295
163.758 4294967295
163.76 4294967295
163.762 4294967295
163.763 4294967295
163.764 4294967295
163.765 4294967295
163.765 4294967295
163.766 4294967295
163.767 4294967295
163.768 4294967295
163.771 4294967295
163.773 4294967295
163.775 4294967295
163.799 4294967295
163.799 4294967295
163.802 4294967295
163.806 4294967295
163.81 4294967295
163.812 4294967295
163.814 4294967295
163.815 4294967295
163.818 4294967295
163.821 4294967295
163.825 4294967295
163.828 4294967295
163.831 4294967295
163.832 4294967295
163.832 4294967295
163.834 4294967295
163.837 4294967295
163.838 4294967295
163.841 4294967295
163.842 4294967295
163.843 4294967295
163.846 4294967295
163.848 4294967295
163.849 4294967295
163.852 4294967295
163.853 4294967295
163.854 4294967295
163.855 4294967295
163.856 4294967295
163.858 4294967295
163.86 4294967295
163.866 4294967295
163.87 4294967295
163.874 4294967295
163.875 4294967295
163.879 4294967295
163.882 4294967295
163.886 4294967295
163.889 4294967295
163.893 4294967295
163.896 4294967295
163.899 4294967295
163.9 4294967295
163.906 4294967295
163.912 4294967295
163.917 4294967295
163.923 4294967295
163.925 4294967295
163.927 4294967295
163.929 4294967295
163.933 4294967295
163.939 4294967295
163.946 4294967295
163.951 4294967295
163.955 4294967295
163.956 4294967295
163.962 4294967295
163.967 4294967295
163.975 4294967295
163.977 4294967295
163.982 4294967295
163.988 4294967295
163.995 4294967295
163.999 4294967295
164.002 4294967295
164.006 4294967295
164.01 4294967295
164.014 4294967295
164.016 4294967295
164.019 4294967295
164.023 4294967295
164.026 4294967295
164.027 4294967295
164.03 4294967295
164.034 4294967295
164.034 4294967295
165.18 4294967295
165.18 4294967295
165.18 4294967295
165.186 4294967295
165.192 4294967295
165.194 4294967295
165.2 4294967295
165.204 4294967295
165.208 4294967295
165.21 4294967295
165.212 4294967295
165.215 4294967295
165.216 4294967295
165.219 4294967295
165.221 4294967295
165.223 4294967295
165.225 4294967295
165.227 4294967295
165.229 4294967295
165.232 4294967295
165.233 4294967295
165.235 4294967295
165.238 4294967295
165.239 4294967295
165.242 4294967295
165.244 4294967295
165.244 4294967295
165.246 4294967295
165.248 4294967295
165.25 4294967295
165.253 4294967295
165.255 4294967295
165.257 4294967295
165.26 4294967295
165.261 4294967295
165.264 4294967295
165.266 4294967295
165.268 4294967295
165.27 4294967295
165.272 4294967295
165.274 4294967295
165.277 4294967295
165.278 4294967295
165.28 4294967295
165.283 4294967295
165.284 4294967295
165.287 4294967295
165.288 4294967295
165.291 4294967295
165.293 4294967295
165.295 4294967295
165.297 4294967295
165.299 4294967295
165.305 4294967295
165.309 4294967295
165.314 4294967295
165.318 4294967295
165.322 4294967295
165.327 4294967295
165.332 4294967295
165.337 4294967295
165.341 4294967295
165.346 4294967295
165.35 4294967295
165.355 4294967295
165.36 4294967295
165.364 4294967295
165.369 4294967295
165.373 4294967295
165.378 4294967295
165.383 4294967295
165.387 4294967295
165.392 4294967295
165.395 4294967295
165.398 4294967295
165.401 4294967295
165.407 4294967295
165.413 4294967295
165.416 4294967295
165.419 4294967295
165.422 4294967295
165.428 4294967295
165.43 4294967295
165.436 4294967295
165.439 4294967295
165.444 4294967295
165.45 4294967295
165.456 4294967295
165.456 4294967295
165.458 4294967295
165.459 4294967295
165.46 4294967295
165.461 4294967295
165.461 4294967295
165.462 4294967295
165.463 4294967295
165.464 4294967295
165.465 4294967295
165.466 4294967295
165.467 4294967295
165.467 4294967295
165.468 4294967295
165.469 4294967295
165.47 4294967295
165.471 4294967295
165.472 4294967295
165.472 4294967295
165.473 4294967295
165.474 4294967295
165.475 4294967295
165.476 4294967295
165.477 4294967295
165.478 4294967295
165.478 4294967295
165.479 4294967295
165.48 4294967295
165.481 4294967295
165.482 4294967295
165.483 4294967295
165.483 4294967295
165.484 4294967295
165.485 4294967295
165.486 4294967295
165.487 4294967295
165.488 4294967295
165.489 4294967295
165.489 4294967295
165.49 4294967295
165.491 4294967295
165.492 4294967295
165.493 4294967295
165.494 4294967295
165.495 4294967295
165.495 4294967295
165.496 4294967295
165.498 4294967295
165.499 4294967295
165.5 4294967295
165.5 4294967295
165.501 4294967295
165.502 4294967295
165.503 4294967295
165.504 4294967295
165.505 4294967295
165.506 4294967295
165.506 4294967295
165.507 4294967295
165.508 4294967295
165.509 4294967295
165.51 4294967295
165.511 4294967295
165.511 4294967295
165.512 4294967295
165.513 4294967295
165.514 4294967295
165.515 4294967295
165.516 4294967295
165.517 4294967295
165.517 4294967295
165.52 4294967295
165.523 4294967295
165.526 4294967295
165.529 4294967295
165.532 4294967295
165.535 4294967295
165.538 4294967295
165.543 4294967295
165.548 4294967295
165.552 4294967295
165.553 4294967295
165.556 4294967295
165.557 4294967295
165.558 4294967295
165.558 4294967295
165.558 4294967295
166.319 4294967295
166.319 4294967295
166.325 4294967295
166.331 4294967295
166.337 4294967295
166.344 4294967295
166.35 4294967295
166.355 4294967295
166.358 4294967295
166.36 4294967295
166.363 4294967295
166.365 4294967295
166.368 4294967295
166.37 4294967295
166.373 4294967295
166.376 4294967295
166.378 4294967295
166.381 4294967295
166.383 4294967295
166.386 4294967295
166.388 4294967295
166.391 4294967295
166.393 4294967295
166.396 4294967295
166.398 4294967295
166.401 4294967295
166.404 4294967295
166.406 4294967295
166.409 4294967295
166.411 4294967295
166.414 4294967295
166.415 4294967295
166.419 4294967295
166.421 4294967295
166.424 4294967295
166.426 4294967295
166.429 4294967295
166.432 4294967295
166.434 4294967295
166.437 4294967295
166.439 4294967295
166.442 4294967295
166.444 4294967295
166.448 4294967295
166.454 4294967295
166.459 4294967295
166.465 4294967295
166.471 4294967295
166.478 4294967295
166.482 4294967295
166.484 4294967295
166.487 4294967295
166.49 4294967295
166.493 4294967295
166.499 4294967295
166.504 4294967295
166.51 4294967295
166.516 4294967295
166.522 4294967295
166.531 4294967295
166.537 4294967295
166.543 4294967295
166.549 4294967295
166.554 4294967295
166.56 4294967295
166.565 4294967295
166.568 4294967295
166.571 4294967295
166.573 4294967295
166.576 4294967295
166.578 4294967295
166.581 4294967295
166.583 4294967295
166.586 4294967295
166.588 4294967295
166.591 4294967295
166.594 4294967295
166.597 4294967295
166.598 4294967295
166.599 4294967295
166.599 4294967295
166.6 4294967295
166.601 4294967295
166.603 4294967295
166.604 4294967295
166.605 4294967295
166.605 4294967295
166.606 4294967295
166.607 4294967295
166.608 4294967295
166.609 4294967295
166.61 4294967295
166.61 4294967295
166.611 4294967295
166.612 4294967295
166.613 4294967295
166.614 4294967295
166.615 4294967295
166.616 4294967295
166.616 4294967295
166.618 4294967295
166.619 4294967295
166.62 4294967295
166.621 4294967295
166.621 4294967295
166.622 4294967295
166.623 4294967295
166.624 4294967295
166.625 4294967295
166.626 4294967295
166.627 4294967295
166.627 4294967295
166.628 4294967295
166.629 4294967295
166.63 4294967295
166.631 4294967295
166.632 4294967295
166.638 4294967295
166.642 4294967295
166.646 4294967295
166.652 4294967295
166.658 4294967295
166.665 4294967295
166.671 4294967295
166.677 4294967295
166.683 4294967295
166.684 4294967295
166.685 4294967295
166.686 4294967295
166.687 4294967295
166.688 4294967295
166.688 4294967295
166.689 4294967295
166.69 4294967295
166.695 4294967295
166.701 4294967295
166.707 4294967295
166.712 4294967295
166.716 4294967295
166.721 4294967295
166.725 4294967295
166.727 4294967295
166.727 4294967295
166.728 4294967295
166.729 4294967295
166.73 4294967295
166.731 4294967295
166.732 4294967295
166.733 4294967295
166.733 4294967295
173.831 4294967295
173.831 4294967295
173.834 4294967295
173.836 4294967295
173.839 4294967295
173.842 4294967295
173.844 4294967295
173.847 4294967295
173.85 4294967295
173.852 4294967295
173.855 4294967295
173.858 4294967295
173.861 4294967295
173.863 4294967295
173.866 4294967295
173.87 4294967295
173.872 4294967295
173.875 4294967295
173.877 4294967295
173.881 4294967295
173.883 4294967295
173.887 4294967295
173.89 4294967295
173.894 4294967295
173.898 4294967295
173.902 4294967295
173.905 4294967295
173.909 4294967295
173.911 4294967295
173.916 4294967295
173.92 4294967295
173.922 4294967295
173.926 4294967295
173.928 4294967295
173.944 4294967295
173.95 4294967295
173.964 4294967295
173.969 4294967295
173.975 4294967295
173.978 4294967295
173.983 4294967295
173.987 4294967295
173.989 4294967295
173.993 4294967295
173.995 4294967295
173.999 4294967295
174.004 4294967295
174.007 4294967295
174.011 4294967295
174.013 4294967295
174.016 4294967295
174.019 4294967295
174.024 4294967295
174.028 4294967295
174.031 4294967295
174.034 4294967295
174.036 4294967295
174.039 4294967295
174.041 4294967295
174.045 4294967295
174.047 4294967295
174.05 4294967295
174.052 4294967295
174.056 4294967295
174.058 4294967295
174.061 4294967295
174.063 4294967295
174.067 4294967295
174.071 4294967295
174.077 4294967295
174.08 4294967295
174.082 4294967295
174.084 4294967295
174.088 4294967295
174.09 4294967295
174.093 4294967295
174.095 4294967295
174.097 4294967295
174.099 4294967295
174.101 4294967295
174.105 4294967295
174.107 4294967295
174.11 4294967295
174.113 4294967295
174.114 4294967295
174.116 4294967295
174.117 4294967295
174.174 4294967295
174.179 4294967295
174.183 4294967295
174.184 4294967295
174.184 4294967295
174.188 4294967295
174.193 4294967295
174.197 4294967295
174.198 4294967295
174.199 4294967295
174.201 4294967295
174.207 4294967295
174.211 4294967295
174.212 4294967295
174.213 4294967295
174.215 4294967295
174.22 4294967295
174.227 4294967295
174.233 4294967295
174.237 4294967295
174.238 4294967295
174.239 4294967295
174.24 4294967295
174.244 4294967295
174.249 4294967295
174.253 4294967295
174.255 4294967295
174.256 4294967295
174.257 4294967295
174.257 4294967295
174.26 4294967295
174.262 4294967295
174.265 4294967295
174.268 4294967295
174.268 4294967295
174.975 4294967295
174.975 4294967295
174.975 4294967295
174.978 4294967295
174.981 4294967295
174.982 4294967295
174.986 4294967295
174.989 4294967295
174.992 4294967295
174.995 4294967295
174.999 4294967295
175.001 4294967295
175.003 4294967295
175.007 4294967295
175.01 4294967295
175.012 4294967295
175.016 4294967295
175.019 4294967295
175.021 4294967295
175.024 4294967295
175.027 4294967295
175.031 4294967295
175.033 4294967295
175.033 4294967295
175.033 4294967295
175.036 4294967295
175.038 4294967295
175.041 4294967295
175.043 4294967295
175.046 4294967295
175.049 4294967295
175.052 4294967295
175.055 4294967295
175.058 4294967295
175.06 4294967295
175.063 4294967295
175.066 4294967295
175.069 4294967295
175.071 4294967295
175.075 4294967295
175.077 4294967295
175.081 4294967295
175.086 4294967295
175.098 4294967295
175.112 4294967295
175.116 4294967295
175.12 4294967295
175.123 4294967295
175.126 4294967295
175.129 4294967295
175.133 4294967295
175.135 4294967295
175.138 4294967295
175.143 4294967295
175.146 4294967295
175.151 4294967295
175.155 4294967295
175.159 4294967295
175.161 4294967295
175.163 4294967295
175.167 4294967295
175.169 4294967295
175.172 4294967295
175.177 4294967295
175.182 4294967295
175.188 4294967295
175.189 4294967295
175.193 4294967295
175.195 4294967295
175.197 4294967295
175.2 4294967295
175.203 4294967295
175.205 4294967295
175.208 4294967295
175.211 4294967295
175.212 4294967295
175.215 4294967295
175.218 4294967295
175.22 4294967295
175.223 4294967295
175.226 4294967295
175.228 4294967295
175.232 4294967295
175.234 4294967295
175.237 4294967295
175.239 4294967295
175.241 4294967295
175.243 4294967295
175.244 4294967295
175.245 4294967295
175.246 4294967295
175.247 4294967295
175.248 4294967295
175.249 4294967295
175.259 4294967295
175.26 4294967295
175.263 4294967295
175.267 4294967295
175.272 4294967295
175.276 4294967295
175.278 4294967295
175.282 4294967295
175.285 4294967295
175.289 4294967295
175.292 4294967295
175.293 4294967295
175.294 4294967295
175.295 4294967295
175.295 4294967295
175.296 4294967295
175.297 4294967295
175.299 4294967295
175.303 4294967295
175.307 4294967295
175.309 4294967295
175.31 4294967295
175.312 4294967295
175.316 4294967295
175.322 4294967295
175.328 4294967295
175.33 4294967295
175.332 4294967295
175.334 4294967295
175.335 4294967295
175.338 4294967295
175.339 4294967295
175.34 4294967295
175.342 4294967295
175.344 4294967295
175.346 4294967295
175.35 4294967295
175.35 4294967295
175.354 4294967295
175.359 4294967295
175.363 4294967295
175.364 4294967295
175.366 4294967295
175.371 4294967295
175.377 4294967295
175.379 4294967295
175.381 4294967295
175.385 4294967295
175.39 4294967295
175.393 4294967295
175.395 4294967295
175.4 4294967295
175.405 4294967295
175.406 4294967295
175.408 4294967295
175.408 4294967295
177.532 4294967295
177.904 4294967295
186.28 4294967295
186.28 4294967295
186.28 4294967295
186.283 4294967295
186.286 4294967295
186.287 4294967295
186.291 4294967295
186.293 4294967295
186.296 4294967295
186.298 4294967295
186.301 4294967295
186.303 4294967295
186.307 4294967295
186.308 4294967295
186.311 4294967295
186.313 4294967295
186.317 4294967295
186.318 4294967295
186.321 4294967295
186.324 4294967295
186.325 4294967295
186.328 4294967295
186.33 4294967295
186.333 4294967295
186.335 4294967295
186.337 4294967295
186.339 4294967295
186.341 4294967295
186.344 4294967295
186.347 4294967295
186.349 4294967295
186.351 4294967295
186.353 4294967295
186.356 4294967295
186.358 4294967295
186.36 4294967295
186.363 4294967295
186.364 4294967295
186.368 4294967295
186.369 4294967295
186.372 4294967295
186.375 4294967295
186.376 4294967295
186.38 4294967295
186.381 4294967295
186.384 4294967295
186.386 4294967295
186.388 4294967295
186.392 4294967295
186.397 4294967295
186.401 4294967295
186.405 4294967295
186.405 4294967295
186.409 4294967295
186.409 4294967295
186.409 4294967295
186.414 4294967295
186.414 4294967295
186.414 4294967295
186.416 4294967295
186.416 4294967295
186.416 4294967295
186.419 4294967295
186.419 4294967295
186.419 4294967295
186.42 4294967295
186.42 4294967295
186.42 4294967295
186.423 4294967295
186.423 4294967295
186.423 4294967295
186.425 4294967295
186.425 4294967295
186.425 4294967295
186.427 4294967295
186.427 4294967295
186.427 4294967295
186.43 4294967295
186.43 4294967295
186.43 4294967295
186.433 4294967295
186.433 4294967295
186.433 4294967295
186.437 4294967295
186.437 4294967295
186.437 4294967295
186.439 4294967295
186.439 4294967295
186.439 4294967295
186.443 4294967295
186.443 4294967295
186.443 4294967295
186.446 4294967295
186.446 4294967295
186.446 4294967295
186.449 4294967295
186.449 4294967295
186.449 4294967295
186.452 4294967295
186.452 4294967295
186.452 4294967295
186.455 4294967295
186.455 4294967295
186.455 4294967295
186.458 4294967295
186.458 4294967295
186.458 4294967295
186.462 4294967295
186.462 4294967295
186.462 4294967295
186.465 4294967295
186.465 4294967295
186.465 4294967295
186.468 4294967295
186.468 4294967295
186.468 4294967295
186.471 4294967295
186.471 4294967295
186.471 4294967295
186.474 4294967295
186.474 4294967295
186.474 4294967295
186.478 4294967295
186.478 4294967295
186.478 4294967295
186.48 4294967295
186.48 4294967295
186.48 4294967295
186.484 4294967295
186.484 4294967295
186.484 4294967295
186.486 4294967295
186.486 4294967295
186.486 4294967295
186.49 4294967295
186.49 4294967295
186.49 4294967295
186.492 4294967295
186.492 4294967295
186.492 4294967295
186.497 4294967295
186.497 4294967295
186.497 4294967295
186.499 4294967295
186.499 4294967295
186.499 4294967295
186.503 4294967295
186.503 4294967295
186.503 4294967295
186.506 4294967295
186.506 4294967295
186.506 4294967295
186.508 4294967295
186.508 4294967295
186.508 4294967295
186.513 4294967295
186.513 4294967295
186.513 4294967295
186.515 4294967295
186.515 4294967295
186.515 4294967295
186.519 4294967295
186.519 4294967295
186.519 4294967295
186.522 4294967295
186.522 4294967295
186.522 4294967295
186.525 4294967295
186.525 4294967295
186.525 4294967295
186.528 4294967295
186.528 4294967295
186.528 4294967295
186.532 4294967295
186.532 4294967295
186.532 4294967295
186.535 4294967295
186.535 4294967295
186.535 4294967295
186.538 4294967295
186.538 4294967295
186.538 4294967295
186.541 4294967295
186.541 4294967295
186.541 4294967295
186.544 4294967295
186.544 4294967295
186.544 4294967295
186.548 4294967295
186.548 4294967295
186.548 4294967295
186.551 4294967295
186.551 4294967295
186.551 4294967295
186.554 4294967295
186.554 4294967295
186.554 4294967295
186.558 4294967295
186.558 4294967295
186.558 4294967295
186.56 4294967295
186.56 4294967295
186.56 4294967295
186.563 4294967295
186.563 4294967295
186.565 4294967295
186.565 4294967295
186.565 4294967295
188.117 4294967295
188.137 4294967295
188.137 4294967295
188.137 4294967295
188.14 4294967295
188.14 4294967295
188.143 4294967295
188.143 4294967295
188.143 4294967295
188.144 4294967295
188.144 4294967295
188.144 4294967295
188.147 4294967295
188.147 4294967295
188.147 4294967295
188.149 4294967295
188.149 4294967295
188.149 4294967295
188.152 4294967295
188.152 4294967295
188.152 4294967295
188.154 4294967295
188.154 4294967295
188.154 4294967295
188.157 4294967295
188.157 4294967295
188.157 4294967295
188.158 4294967295
188.158 4294967295
188.158 4294967295
188.16 4294967295
188.16 4294967295
188.16 4294967295
188.163 4294967295
188.163 4294967295
188.163 4294967295
188.165 4294967295
188.165 4294967295
188.165 4294967295
188.168 4294967295
188.168 4294967295
188.168 4294967295
188.171 4294967295
188.171 4294967295
188.171 4294967295
188.173 4294967295
188.173 4294967295
188.173 4294967295
188.176 4294967295
188.176 4294967295
188.176 4294967295
188.178 4294967295
188.178 4294967295
188.178 4294967295
188.18 4294967295
188.18 4294967295
188.18 4294967295
188.183 4294967295
188.183 4294967295
188.183 4294967295
188.188 4294967295
188.188 4294967295
188.188 4294967295
188.191 4294967295
188.191 4294967295
188.191 4294967295
188.195 4294967295
188.195 4294967295
188.195 4294967295
188.199 4294967295
188.199 4294967295
188.199 4294967295
188.204 4294967295
188.204 4294967295
188.204 4294967295
188.207 4294967295
188.207 4294967295
188.207 4294967295
188.211 4294967295
188.211 4294967295
188.211 4294967295
188.216 4294967295
188.216 4294967295
188.216 4294967295
188.218 4294967295
188.218 4294967295
188.218 4294967295
188.222 4294967295
188.222 4294967295
188.222 4294967295
188.227 4294967295
188.227 4294967295
188.227 4294967295
188.229 4294967295
188.229 4294967295
188.229 4294967295
188.232 4294967295
188.232 4294967295
188.232 4294967295
188.235 4294967295
188.235 4294967295
188.235 4294967295
188.241 4294967295
188.241 4294967295
188.241 4294967295
188.247 4294967295
188.247 4294967295
188.247 4294967295
188.249 4294967295
188.249 4294967295
188.249 4294967295
188.255 4294967295
188.255 4294967295
188.255 4294967295
188.258 4294967295
188.258 4294967295
188.258 4294967295
188.261 4294967295
188.261 4294967295
188.267 4294967295
188.267 4294967295
188.27 4294967295
188.27 4294967295
188.276 4294967295
188.276 4294967295
188.278 4294967295
188.278 4294967295
188.282 4294967295
188.282 4294967295
188.288 4294967295
188.288 4294967295
188.29 4294967295
188.29 4294967295
188.302 4294967295
188.302 4294967295
188.308 4294967295
188.308 4294967295
188.311 4294967295
188.311 4294967295
188.316 4294967295
188.316 4294967295
188.319 4294967295
188.319 4294967295
188.322 4294967295
188.322 4294967295
188.328 4294967295
188.328 4294967295
188.331 4294967295
188.331 4294967295
188.337 4294967295
188.337 4294967295
188.343 4294967295
188.343 4294967295
188.345 4294967295
188.345 4294967295
188.349 4294967295
188.349 4294967295
188.351 4294967295
188.351 4294967295
188.357 4294967295
188.357 4294967295
188.36 4294967295
188.36 4294967295
188.363 4294967295
188.363 4294967295
188.366 4294967295
188.366 4294967295
188.369 4294967295
188.369 4294967295
188.372 4294967295
188.372 4294967295
188.373 4294967295
188.373 4294967295
188.377 4294967295
188.377 4294967295
188.382 4294967295
188.382 4294967295
188.384 4294967295
188.384 4294967295
188.387 4294967295
188.387 4294967295
188.389 4294967295
188.389 4294967295
188.391 4294967295
188.391 4294967295
188.394 4294967295
188.394 4294967295
188.396 4294967295
188.396 4294967295
188.399 4294967295
188.399 4294967295
188.401 4294967295
188.401 4294967295
188.414 4294967295
188.414 4294967295
188.539 4294967295
188.539 4294967295
188.545 4294967295
188.545 4294967295
188.549 4294967295
188.549 4294967295
188.562 4294967295
188.562 4294967295
188.565 4294967295
188.565 4294967295
188.674 4294967295
188.674 4294967295
188.676 4294967295
188.679 4294967295
188.681 4294967295
188.682 4294967295
188.684 4294967295
188.689 4294967295
188.69 4294967295
188.759 4294967295
188.76 4294967295
188.76 4294967295
