0.0 0
0.034232 4760
0.034232 4760
0.0594108 5236
0.0611068 6188
0.0628028 7140
0.0644988 8092
0.0661948 9044
10.0344 1904
40.9351 2380
40.9351 1428
40.936 476
40.936 952
40.936 1904
40.9623 952
40.9623 1428
40.9623 1904
40.9631 1428
40.9631 1904
40.9631 9044
40.9656 1904
60.649 2380
60.649 1904
60.6625 1428
60.6625 1904
60.7073 476
60.7168 9044
65.0331 9520
65.0331 9044
65.0339 8568
65.0466 8092
65.0483 7616
65.0636 7140
65.0644 6664
65.0746 6188
65.0967 5712
65.0975 5236
65.1179 4284
65.1187 3332
65.1315 2380
65.1332 1428
65.1332 1904
65.1467 952
65.1467 1428
65.1467 1904
65.1484 952
65.1484 1428
65.1484 1904
65.1527 952
65.1527 1428
65.1527 1904
65.1543 952
65.1543 6188
65.156 5712
65.1628 5236
65.1645 4760
65.2256 4284
65.2256 9520
70.9665 1904
71.2803 9520
71.4321 9996
71.4321 7616
71.4329 5236
71.4338 2856
71.4346 476
71.4346 952
71.4346 1904
71.4355 4294966820
71.4363 4294964440
71.4372 4294962060
71.438 4294959680
71.5466 4294957300
71.5474 4294954920
71.55 4294952540
71.5508 4294950160
71.5584 4294947780
71.5593 4294945400
71.5601 4294943020
71.561 4294940640
71.5618 4294938736
71.5627 4294937308
71.5635 4294936356
71.5652 4294935880
71.65 83300
71.65 82348
71.6517 80920
71.6526 79492
71.6534 77588
71.6543 75684
71.6551 73780
71.656 71876
71.6568 69972
71.6577 68068
71.6585 66164
71.6594 64260
71.6602 62356
71.6611 60452
71.6653 58548
71.6662 56644
71.667 52836
71.6687 49028
71.6696 45220
71.6704 40936
71.6712 36652
71.6721 32368
71.6729 28084
71.6738 23800
71.6746 19516
71.6755 15232
71.6763 10948
71.678 6664
71.6789 2380
71.6797 4294964916
71.6806 4294960156
71.6814 4294955396
71.6823 4294950636
71.6831 4294945876
71.684 4294941116
71.6848 4294936356
71.6857 4294931596
71.6865 4294926836
71.6874 4294922076
71.6891 4294916840
71.6908 4294911604
71.6916 4294905892
71.6924 4294899704
71.6933 4294893516
71.6941 4294887328
71.695 4294881140
71.6958 4294874952
71.6984 4294868764
71.7035 4294862576
71.7043 4294855436
71.7077 4294845916
71.7086 4294836396
71.7094 4294825448
71.7103 4294814500
71.7128 4294803552
71.7136 4294792604
71.7145 4294780704
71.7153 4294768804
71.717 4294756904
71.7179 4294745004
71.7187 4294732628
71.7196 4294720252
71.7204 4294707876
71.7213 4294695500
71.7221 4294683124
71.723 4294670748
71.7238 4294658372
71.7247 4294645996
71.7255 4294633620
71.7264 4294621244
71.7272 4294608868
71.7315 4294596016
71.7323 4294583164
71.734 4294568408
71.7357 4294553652
71.7365 4294538420
71.7374 4294522712
71.7382 4294507004
71.7391 4294491296
71.7399 4294475588
71.7408 4294459880
71.7416 4294444172
71.7425 4294428464
71.7433 4294412756
71.7442 4294397048
71.745 4294381340
71.7459 4294365632
71.7467 4294349924
71.7476 4294334216
71.7484 4294318508
71.7493 4294302800
71.7501 4294287092
71.751 4294271384
71.7518 4294255676
71.7527 4294239968
71.7535 4294224260
71.7544 4294208552
71.7552 4294192844
71.756 4294177136
71.7569 4294161428
71.7577 4294145720
71.7586 4294130012
71.7603 4294114304
71.7611 4294098596
71.762 4294082412
71.7628 4294066228
71.7637 4294050044
71.7645 4294033860
71.7654 4294017676
71.7662 4294001492
71.7696 4293985308
71.7705 4293969124
71.7747 4293951036
71.7756 4293932948
71.7798 4293912956
71.7806 4293892964
71.7815 4293871068
71.7849 4293849172
71.7857 4293827276
71.7866 4293803952
71.7874 4293780628
71.7951 4293757780
71.7959 4293735408
71.7968 4293713512
71.7976 4293692092
71.7984 4293671148
71.7993 4293650680
71.8001 4293630688
71.801 4293611172
71.8018 4293591656
71.8027 4293572140
71.8035 4293550244
71.8052 4293528348
71.8061 4293506928
71.8069 4293485508
71.8078 4293464088
71.8086 4293443144
71.8095 4293422676
71.8112 4293402208
71.812 4293381740
71.8129 4293361272
71.8137 4293340804
71.8146 4293320336
71.8154 4293299868
71.8171 4293279400
71.818 4293258932
71.8188 4293238464
71.8196 4293217996
71.8222 4293197528
71.8247 4293177060
71.8273 4293156592
71.829 4293136600
71.8307 4293117084
71.8324 4293097568
71.8341 4293078052
71.8349 4293059012
71.8358 4293040448
71.8366 4293022360
71.8375 4293004748
71.8383 4292987612
71.8392 4292970952
71.84 4292954768
71.8408 4292939060
71.8417 4292923828
71.8425 4292909072
71.8442 4292894316
71.8451 4292879560
71.8458 476
71.8468 1904
79.1553 2380
79.1553 1904
79.1561 1428
79.1561 1904
79.2205 1428
79.2205 1904
79.2231 1428
79.2231 1904
79.2231 2380
82.3857 1904
82.6706 2380
89.5021 2856
89.5021 1904
89.5547 952
89.5547 1428
89.5547 1904
89.5648 952
89.5648 1904
89.5674 1428
89.5674 1904
89.5691 1428
89.5691 1904
89.5699 1428
89.5699 1904
89.5699 2856
89.9346 3332
89.9346 2856
90.0236 2380
90.0245 1904
90.0253 1428
90.0253 1904
90.0287 1428
90.0287 1904
90.0312 1428
90.0312 1904
90.0312 3332
90.8089 3808
90.8089 3332
90.8097 1904
90.8945 476
90.8945 952
90.8945 1904
90.9225 476
90.9225 1904
90.9233 952
90.9233 1428
90.9233 1904
90.9411 952
90.9411 1904
90.9428 952
90.9428 1428
90.9428 1904
90.9742 952
90.9742 1428
90.9742 1904
90.9751 1428
90.9751 1904
90.9759 1428
90.9759 1904
90.9759 3808
91.4584 4284
91.4584 3808
91.5322 3332
91.5432 2856
91.5441 1904
91.5627 952
91.5627 1428
91.5627 1904
91.5797 952
91.5797 1428
91.5797 1904
91.5805 952
91.5805 2856
91.5814 2380
91.6119 1904
91.6119 4284
104.245 4760
104.245 4284
104.246 3808
104.284 3332
104.285 2856
104.322 2380
104.324 1904
104.358 1428
104.358 1904
104.358 1428
104.358 1904
104.374 1428
104.374 1904
104.374 4760
104.748 5236
104.748 4284
104.748 3332
104.754 2380
104.755 1428
104.755 1904
104.761 952
104.761 1428
104.761 1904
104.762 952
104.762 1428
104.762 1904
104.82 476
104.842 1904
116.247 5236
119.921 5712
119.921 5236
119.931 4284
119.933 3332
119.943 2380
119.944 1428
119.944 1904
120.031 952
120.031 1428
120.031 1904
120.031 952
120.031 1428
120.031 1904
120.047 952
120.047 1428
120.047 1904
120.055 952
120.055 1428
120.055 1904
120.056 952
120.056 1904
120.057 1428
120.057 1904
120.121 1428
120.121 1904
120.121 5712
121.355 6188
121.355 5712
121.371 5236
121.372 4760
121.388 4284
121.389 3808
121.4 3332
121.401 2856
121.425 2380
121.452 1904
121.453 1428
121.453 1904
121.455 952
121.455 1428
121.455 1904
121.518 952
121.518 1428
121.518 1904
121.52 1428
121.52 1904
121.521 1428
121.521 1904
121.521 6188
122.249 6664
122.249 6188
122.25 5712
122.266 5236
122.266 4760
122.283 4284
122.283 3808
122.297 3332
122.298 2856
122.338 2380
122.339 1904
122.341 1428
122.341 1904
122.342 1428
122.342 1904
122.344 1428
122.344 1904
122.344 6664
131.626 1904
131.914 6664
132.171 7140
132.171 6188
132.172 4760
132.174 3332
132.174 1904
132.177 476
132.177 952
132.177 1904
132.178 476
132.178 952
132.178 1904
132.183 476
132.183 952
132.183 1904
132.184 476
132.184 952
132.184 1904
132.275 476
132.275 952
132.275 1904
132.276 476
132.276 952
132.276 1904
132.277 476
132.277 952
132.277 1904
132.278 476
132.278 952
132.278 1904
132.279 952
132.279 1904
132.336 1428
132.336 1904
132.336 7140
142.809 1904
143.195 7140
147.036 7616
147.036 7140
147.038 6664
147.07 6188
147.072 5712
147.091 5236
147.105 4760
147.106 4284
147.115 3332
147.117 2380
147.125 1428
147.125 1904
147.126 952
147.126 1428
147.126 1904
147.139 952
147.139 1428
147.139 1904
147.14 952
147.14 1428
147.14 1904
147.163 952
147.163 4760
147.164 4284
147.189 3808
147.189 7616
147.546 8092
147.546 7140
147.554 5712
147.556 4284
147.606 2856
147.607 1428
147.607 1904
147.616 476
147.616 952
147.616 1904
147.617 476
147.617 952
147.617 1904
147.623 476
147.623 952
147.623 1904
147.624 476
147.624 952
147.624 1904
147.631 476
147.631 952
147.631 1904
147.632 476
147.632 952
147.632 1904
147.661 476
147.661 952
147.661 1904
147.664 476
147.664 952
147.664 1904
147.665 476
147.665 952
147.665 1904
147.665 952
147.665 1904
147.686 1428
147.686 1904
147.686 8092
153.475 1904
153.867 8092
168.106 1904
168.408 8092
178.478 1904
178.779 8092
184.16 8568
184.16 7140
184.169 5712
184.17 4284
184.179 2856
184.18 1428
184.18 1904
184.189 476
184.189 952
184.189 1904
184.19 476
184.19 952
184.19 1904
184.201 476
184.201 952
184.201 1904
184.202 476
184.202 952
184.202 1904
184.222 476
184.222 952
184.222 1904
184.223 476
184.223 952
184.223 1904
184.256 476
184.256 952
184.256 1904
184.257 476
184.257 952
184.257 1904
184.258 476
184.258 952
184.258 1904
184.259 476
184.259 952
184.259 1904
184.26 952
184.26 1428
184.26 1904
184.311 1428
184.311 1904
184.311 8568
188.863 1904
189.125 8568
