0.0 3
0.214139 0.612
0.418851 0.51
0.432958 0.441375
0.447075 0.390266
0.461193 0.351154
0.475311 0.321139
0.623552 0.448781
0.637669 0.403731
0.651787 0.36905
0.665905 0.341352
0.680022 0.318226
0.69414 0.299731
0.708258 0.284851
0.722376 0.27281
0.736493 0.263008
0.828252 0.334331
0.84237 0.318851
0.856488 0.305354
0.870606 0.293579
0.884723 0.283302
0.898841 0.275205
0.912959 0.267885
0.927076 0.260428
0.941194 0.254021
1.03295 0.326262
1.04707 0.312889
1.06119 0.30096
1.07531 0.290352
1.08942 0.280941
1.10354 0.272612
1.11766 0.265251
1.13178 0.259631
1.14589 0.254424
1.23765 0.326588
1.25177 0.313981
1.26589 0.30249
1.28001 0.291214
1.29412 0.281339
1.30824 0.272692
1.32236 0.265121
1.33648 0.258492
1.3506 0.252689
1.44235 0.326306
1.45647 0.313154
1.47059 0.301362
1.48471 0.290831
1.49883 0.282332
1.51294 0.274525
1.52706 0.266541
1.54118 0.259598
1.5553 0.253554
1.64706 0.32693
1.66117 0.31365
1.67529 0.301757
1.68941 0.291148
1.70353 0.281713
1.71764 0.273342
1.73176 0.266807
1.74588 0.260774
1.76 0.25526
1.85176 0.327229
1.86587 0.314446
1.87999 0.302824
1.89411 0.291453
1.90823 0.281507
1.92234 0.272809
1.93646 0.2652
1.95058 0.258544
1.9647 0.252722
2.05646 0.32521
2.07057 0.312187
2.08469 0.300509
2.09881 0.290955
2.11293 0.282187
2.12705 0.273333
2.14116 0.265606
2.15528 0.25886
2.1694 0.252968
2.26116 0.326513
2.27528 0.313312
2.28939 0.301483
2.30351 0.290924
2.31763 0.281528
2.33175 0.273189
2.34586 0.26668
2.35998 0.260668
2.3741 0.254295
2.46586 0.326403
2.47998 0.313942
2.49409 0.301672
2.50821 0.290818
2.52233 0.281232
2.53645 0.272778
2.55057 0.26533
2.56468 0.258776
2.5788 0.253888
2.67056 0.326114
2.68468 0.312832
2.6988 0.301839
2.71291 0.291787
2.72703 0.28179
2.74115 0.273049
2.75527 0.265405
2.76938 0.258719
2.7835 0.252872
2.87526 0.326435
2.88938 0.31326
2.9035 0.30145
2.91761 0.290905
2.93173 0.281518
2.94585 0.274061
2.95997 0.267196
2.97408 0.26006
2.9882 0.253876
3.07996 0.326064
3.09408 0.31284
3.1082 0.30101
3.12231 0.290466
3.13643 0.281094
3.15055 0.272784
3.16467 0.265431
3.17879 0.259811
3.1929 0.254598
3.28466 0.326692
3.29878 0.314089
3.3129 0.302597
3.32702 0.291318
3.34113 0.281437
3.35525 0.272783
3.36937 0.265204
3.38349 0.258568
3.3976 0.252758
3.48936 0.32635
3.50348 0.313196
3.5176 0.301401
3.53172 0.290867
3.54583 0.282365
3.55995 0.274555
3.57407 0.266569
3.58819 0.259622
3.6023 0.253576
3.69406 0.326944
3.70818 0.313663
3.7223 0.30177
3.73642 0.29116
3.75053 0.281723
3.76465 0.273351
3.77877 0.266815
3.79289 0.260782
3.80701 0.254391
3.89876 0.326468
3.91288 0.313999
3.927 0.302597
3.94112 0.291377
3.95524 0.281534
3.96935 0.272901
3.98347 0.265333
3.99759 0.258699
4.01171 0.252887
4.10347 0.3253
4.11758 0.312292
4.1317 0.300621
4.14582 0.291067
4.15994 0.282296
4.17405 0.273436
4.18817 0.265702
4.20229 0.258949
4.21641 0.25305
4.30817 0.326564
4.32228 0.313362
4.3364 0.30153
4.35052 0.290968
4.36464 0.281568
4.37875 0.273226
4.39287 0.266713
4.40699 0.260698
4.42111 0.254322
4.51287 0.32642
4.52698 0.313958
4.5411 0.301687
4.55522 0.290832
4.56934 0.281245
4.58346 0.272789
4.59757 0.26534
4.61169 0.258785
4.62581 0.253897
4.71757 0.326119
4.73169 0.312837
4.7458 0.301844
4.75992 0.291791
4.77404 0.281794
4.78816 0.273052
4.80227 0.265408
4.81639 0.258722
4.83051 0.252874
4.92227 0.326436
4.93639 0.313262
4.9505 0.301452
4.96462 0.290906
4.97874 0.281519
4.99286 0.274062
5.00697 0.267197
5.02109 0.260061
5.03521 0.253876
5.12697 0.326064
5.14109 0.31284
5.1552 0.301011
5.16932 0.290466
5.18344 0.281094
5.19756 0.272784
5.21168 0.265432
5.22579 0.259812
5.23991 0.254598
5.33167 0.326692
5.34579 0.314089
5.35991 0.302597
5.37402 0.291318
5.38814 0.281437
5.40226 0.272783
5.41638 0.265204
5.43049 0.258568
5.44461 0.252758
5.53637 0.32635
5.55049 0.313196
5.56461 0.301401
5.57872 0.290868
5.59284 0.282365
5.60696 0.274555
5.62108 0.266569
5.63519 0.259622
5.64931 0.253576
5.74107 0.326944
5.75519 0.313663
5.76931 0.30177
5.78342 0.29116
5.79754 0.281723
5.81166 0.273351
5.82578 0.266815
5.8399 0.260782
5.85401 0.254392
5.94577 0.326468
5.95989 0.313999
5.97401 0.301722
5.98813 0.290862
6.00224 0.28127
6.01636 0.272811
6.03048 0.265359
6.0446 0.258802
6.05871 0.253036
6.15047 0.325363
6.16459 0.312394
6.17871 0.300746
6.19283 0.291203
6.20694 0.282435
6.22106 0.273573
6.23518 0.265833
6.2493 0.259072
6.26341 0.253164
6.35517 0.326635
6.36929 0.313431
6.38341 0.301597
6.39753 0.29103
6.41164 0.281626
6.42576 0.274154
6.43988 0.267277
6.454 0.261005
6.46812 0.254452
6.55987 0.326586
6.57399 0.314005
6.58811 0.301655
6.60223 0.290748
6.61635 0.28113
6.63046 0.272658
6.64458 0.265202
6.6587 0.258647
6.67282 0.253762
6.76458 0.326039
6.77869 0.312753
6.79281 0.301761
6.80693 0.291711
6.82105 0.281718
6.83516 0.272982
6.84928 0.265343
6.8634 0.258663
6.87752 0.252821
6.96928 0.326402
6.98339 0.313229
6.99751 0.301421
7.01163 0.290878
7.02575 0.281494
7.03986 0.274039
7.05398 0.267176
7.0681 0.260042
7.08222 0.253859
7.17398 0.326053
7.18809 0.31283
7.20221 0.301001
7.21633 0.290457
7.23045 0.281086
7.24457 0.272777
7.25868 0.265425
7.2728 0.259806
7.28692 0.254593
7.37868 0.326689
7.3928 0.314086
7.40691 0.302594
7.42103 0.291315
7.43515 0.281435
7.44927 0.272781
7.46338 0.265202
7.4775 0.258566
7.49162 0.252756
7.58338 0.326349
7.5975 0.313195
7.61161 0.301401
7.62573 0.290867
7.63985 0.282364
7.65397 0.274554
7.66809 0.266568
7.6822 0.259622
7.69632 0.253575
7.78808 0.326944
7.8022 0.313663
7.81631 0.301769
7.83043 0.291159
7.84455 0.281723
7.85867 0.273351
7.87279 0.266815
7.8869 0.260782
7.90102 0.254391
7.99278 0.326468
8.0069 0.313999
8.02102 0.301722
8.03513 0.290862
8.04925 0.28127
8.06337 0.272811
8.07749 0.265359
8.0916 0.258802
8.10572 0.253036
8.19748 0.325363
8.2116 0.312394
8.22572 0.300746
8.23983 0.291203
8.25395 0.282435
8.26807 0.273573
8.28219 0.265833
8.29631 0.259072
8.31042 0.253164
8.40218 0.326635
8.4163 0.313431
8.43042 0.301597
8.44454 0.29103
8.45865 0.281626
8.47277 0.274154
8.48689 0.267277
8.50101 0.26013
8.51512 0.253936
8.60688 0.326104
8.621 0.312876
8.63512 0.301043
8.64924 0.290495
8.66335 0.28112
8.67747 0.272807
8.69159 0.265452
8.70571 0.258955
8.71982 0.254099
8.81158 0.32622
8.8257 0.31297
8.83982 0.301994
8.85394 0.291947
8.86805 0.28195
8.88217 0.273203
8.89629 0.26555
8.91041 0.258855
8.92453 0.252996
9.01628 0.326512
9.0304 0.313336
9.04452 0.301522
9.05864 0.290972
9.07276 0.281581
9.08687 0.274118
9.10099 0.267248
9.11511 0.260107
9.12923 0.253918
9.22099 0.326091
9.2351 0.312865
9.24922 0.301034
9.26334 0.290487
9.27746 0.281113
9.29157 0.272802
9.30569 0.265448
9.31981 0.259826
9.33393 0.254611
9.42569 0.3267
9.4398 0.314097
9.45392 0.302604
9.46804 0.291324
9.48216 0.281443
9.49627 0.272788
9.51039 0.265209
9.52451 0.258572
9.53863 0.252762
9.63039 0.326352
9.6445 0.313198
9.65862 0.301404
9.67274 0.290869
9.68686 0.282367
9.70098 0.274557
9.71509 0.26657
9.72921 0.259624
9.74333 0.253577
9.83509 0.326945
9.84921 0.313664
9.86332 0.30177
9.87744 0.29116
9.89156 0.281724
9.90568 0.273352
9.91979 0.266816
9.93391 0.260782
9.94803 0.254392
10.0398 0.326468
10.0539 0.313999
10.068 0.301722
10.0821 0.290862
10.0963 0.28127
10.1104 0.272811
10.1245 0.265359
10.1386 0.258802
10.1527 0.253036
10.2445 0.325363
10.2586 0.312394
10.2727 0.300746
10.2868 0.291203
10.301 0.282435
10.3151 0.273573
10.3292 0.265833
10.3433 0.259072
10.3574 0.253164
10.4492 0.326635
10.4633 0.313431
10.4774 0.301597
10.4915 0.29103
10.5057 0.281626
10.5198 0.274154
10.5339 0.267277
10.548 0.26013
10.5621 0.253936
10.7527 0.437479
10.7739 0.411204
10.9645 0.38683
10.9857 0.365371
11.1762 0.346496
11.1974 0.329906
11.388 0.316209
11.4092 0.303058
11.5998 0.291582
11.6209 0.282439
11.8115 0.273331
11.8327 0.265438
12.0233 0.258588
12.0444 0.252637
12.235 0.247461
12.2562 0.242957
12.4468 0.239908
12.468 0.237004
12.6586 0.233411
12.6797 0.230384
12.8703 0.227823
12.8915 0.225647
13.0821 0.223793
13.1032 0.222208
13.2938 0.221724
13.315 0.220196
13.5056 0.218937
13.5268 0.218769
13.7173 0.217541
13.7385 0.216562
13.9291 0.215777
13.9503 0.215144
14.1409 0.215505
14.162 0.214726
14.3526 0.21413
14.3738 0.214547
14.5644 0.213969
14.5856 0.213528
14.7761 0.213191
14.7973 0.212961
14.9879 0.21353
15.0091 0.213287
15.1997 0.213087
15.2208 0.213553
15.4114 0.213368
15.4326 0.213203
15.6232 0.213058
15.6444 0.212929
15.8349 0.213419
15.8561 0.213278
16.0467 0.213145
16.0679 0.213524
16.2585 0.213395
16.2796 0.213267
16.4702 0.213143
16.4914 0.213027
16.682 0.213455
16.7032 0.21333
16.8937 0.213206
16.9149 0.213545
17.1055 0.213428
17.1267 0.213307
17.3173 0.213186
17.3384 0.21307
17.529 0.21296
17.5502 0.212862
17.7408 0.213363
17.762 0.213621
17.9525 0.213513
17.9737 0.213395
18.1643 0.213274
18.1855 0.213155
18.3761 0.213041
18.3972 0.212933
18.5878 0.213403
18.609 0.213637
18.7996 0.213535
18.8208 0.21342
19.0113 0.2133
19.0325 0.213181
19.2231 0.213066
19.2443 0.212957
19.4349 0.213416
19.456 0.213292
19.6466 0.21317
19.6678 0.213526
19.8584 0.213408
19.8796 0.213287
20.0701 0.213167
20.0913 0.213052
20.2819 0.213465
20.3031 0.213343
20.4937 0.213221
20.5148 0.21355
20.7054 0.213436
20.7266 0.213316
20.9172 0.213196
20.9384 0.21308
21.1289 0.213479
21.1502 0.213359
21.3407 0.213237
21.362 0.213558
21.5528 0.213445
21.574 0.213325
21.765 0.214331
21.786 0.214949
21.9768 0.215142
21.998 0.214428
22.1889 0.213884
22.2102 0.213468
22.401 0.213149
22.4222 0.212958
22.6129 0.212963
22.634 0.21337
22.8251 0.21429
22.846 0.214853
23.0369 0.215143
23.0582 0.21438
23.2486 0.213804
23.2704 0.21337
23.4607 0.213042
23.4825 0.212987
23.6729 0.212989
23.6947 0.21299
23.8851 0.213483
23.9069 0.213243
24.0972 0.213089
24.1188 0.213078
24.3094 0.213068
24.3305 0.21306
24.5216 0.213052
24.5424 0.213046
24.7337 0.21304
24.7542 0.213035
24.9455 0.213031
24.9663 0.213027
25.1575 0.213023
25.1782 0.21302
25.3697 0.213018
25.3899 0.213022
25.5815 0.212904
25.6019 0.212916
25.7932 0.212927
25.814 0.213655
26.005 0.214185
26.0262 0.213701
26.2169 0.213331
26.2384 0.213046
26.429 0.213952
26.4506 0.213557
26.6412 0.213249
26.6627 0.213056
26.8534 0.213049
26.8749 0.213043
27.0656 0.213037
27.0871 0.213505
27.2777 0.213306
27.2992 0.213134
27.4899 0.213106
27.5114 0.213092
27.7021 0.213688
27.7236 0.213498
27.9142 0.213326
27.9358 0.213172
28.1264 0.213121
28.1479 0.213106
28.3386 0.213092
28.3599 0.213081
28.5508 0.213071
28.5717 0.213062
28.7629 0.213054
28.7838 0.213047
28.9747 0.213041
28.996 0.213365
29.1864 0.213205
29.2082 0.213123
29.3985 0.213108
29.4204 0.213095
29.6107 0.213083
29.6325 0.213072
29.8229 0.213063
29.8447 0.213055
30.0351 0.213444
30.0565 0.213278
30.2472 0.213133
30.2685 0.213116
30.4594 0.213102
30.4804 0.213089
30.6712 0.213078
30.6921 0.213068
30.8829 0.2134
30.9039 0.213851
31.0951 0.214673
31.1159 0.214035
31.307 0.213552
31.328 0.214312
31.519 0.213849
31.5401 0.213487
31.7311 0.213203
31.7522 0.21306
31.9432 0.213052
31.9643 0.213046
32.1553 0.21304
32.1764 0.213035
32.3674 0.213031
32.3885 0.213027
32.5795 0.213023
32.6006 0.213021
32.7916 0.213018
32.8127 0.213016
33.0037 0.213014
33.0248 0.213012
33.2158 0.213011
33.237 0.213009
33.4279 0.213008
33.4491 0.213177
33.6401 0.213892
33.6609 0.214565
33.8522 0.21402
33.8726 0.213599
34.0639 0.214148
34.0844 0.21367
34.2757 0.213304
34.2961 0.213024
34.4875 0.21296
34.5079 0.213436
34.6992 0.213217
34.7197 0.213035
34.911 0.213514
34.9318 0.213338
35.1228 0.213181
35.1439 0.213041
35.3346 0.212917
35.356 0.213932
35.5467 0.213456
35.5682 0.213098
35.7589 0.213004
35.7803 0.213004
35.971 0.213003
35.9924 0.213003
36.1831 0.213391
36.2045 0.213187
36.3952 0.213098
36.4166 0.213085
36.6073 0.213075
36.6288 0.213065
36.8195 0.213057
36.8409 0.21305
37.0316 0.213044
37.053 0.2134
37.2437 0.213234
37.2651 0.213125
37.4558 0.213109
37.4773 0.213096
37.668 0.213084
37.6894 0.213073
37.8801 0.213546
37.9015 0.213372
38.0922 0.213216
38.1136 0.213127
38.3043 0.213111
38.3258 0.213097
38.5165 0.213085
38.5379 0.213074
38.7286 0.213065
38.75 0.213057
38.9407 0.21305
38.9621 0.213411
39.1528 0.213248
39.1742 0.213129
39.3649 0.213113
39.3864 0.213099
39.5771 0.21368
39.5981 0.213498
39.7892 0.213332
39.8099 0.214056
40.0013 0.213561
40.0216 0.213187
40.2131 0.213011
40.2334 0.21301
40.4248 0.213404
40.4452 0.213155
40.6366 0.212955
40.6569 0.213491
40.8484 0.213296
40.869 0.213127
41.0601 0.212982
41.0811 0.21398
41.2719 0.214367
41.2932 0.21388
41.484 0.213502
41.5053 0.213206
41.6961 0.2141
41.7174 0.213637
41.9082 0.213281
41.9296 0.213037
42.1204 0.213032
42.1417 0.213028
42.3325 0.213025
42.3538 0.213022
42.5446 0.213019
42.5659 0.213016
42.7567 0.213014
42.7781 0.213278
42.9689 0.21312
42.9902 0.213105
43.181 0.213092
43.2023 0.213081
43.3931 0.213608
43.4144 0.213426
43.6052 0.213262
43.6266 0.213131
43.8174 0.213115
43.8387 0.2131
44.0295 0.213088
44.0508 0.213077
44.2416 0.213067
44.2629 0.213059
44.4537 0.213051
44.475 0.213421
44.6658 0.213257
44.6872 0.21313
44.878 0.213114
44.8993 0.2131
45.0901 0.213685
45.1114 0.213502
45.3022 0.213335
45.3235 0.213184
45.5143 0.213124
45.5353 0.213109
45.7265 0.213095
45.7471 0.213083
45.9386 0.213073
45.9588 0.213432
46.1503 0.213128
46.1706 0.212953
46.3621 0.212959
46.3823 0.212964
46.5739 0.213261
46.5941 0.213083
46.7856 0.212932
46.8062 0.212895
46.9974 0.212908
47.0183 0.21292
47.2091 0.21293
47.2305 0.212939
47.4212 0.212946
47.4426 0.212953
47.6333 0.212959
47.6547 0.212964
47.8454 0.212968
47.8668 0.212972
48.0575 0.212976
48.079 0.212979
48.2697 0.212982
48.2911 0.213239
48.4818 0.213095
48.5032 0.213083
48.6939 0.213073
48.7153 0.213064
48.906 0.213561
48.9275 0.213375
49.1178 0.214084
49.1392 0.213578
49.3296 0.213197
49.351 0.213784
49.5416 0.21344
49.5627 0.213169
49.7533 0.212954
49.7748 0.212932
49.9655 0.212941
49.9866 0.212948
50.1772 0.212954
50.1986 0.21296
50.3887 0.213112
50.4101 0.212974
50.6003 0.212878
50.6217 0.213377
50.8118 0.213647
50.8332 0.213522
51.0233 0.213393
51.0447 0.213637
51.2348 0.213715
51.2562 0.213659
51.4465 0.213571
51.4679 0.213686
51.658 0.213624
51.6795 0.213533
51.8696 0.213671
51.8912 0.213603
52.0811 0.213509
52.1027 0.213662
52.2927 0.213679
52.3142 0.21367
52.5042 0.213611
52.5257 0.21368
52.7157 0.213641
52.7373 0.213676
52.9272 0.213647
52.9489 0.213672
53.1388 0.213604
53.1604 0.213669
53.3503 0.21366
53.3719 0.213661
53.5619 0.213579
53.5835 0.213662
53.7734 0.213665
53.795 0.213615
53.985 0.213674
54.0065 0.21363
54.1965 0.213673
54.2181 0.213649
54.408 0.213581
54.4296 0.213673
54.6195 0.21365
54.6412 0.213673
54.8311 0.213637
54.8527 0.213673
55.0427 0.213614
55.0642 0.213671
55.2542 0.213656
55.2758 0.213664
55.4657 0.213585
55.4873 0.213664
55.6773 0.213664
55.6991 0.213612
55.8888 0.213674
55.9106 0.213632
56.1003 0.213673
56.1223 0.213647
56.3119 0.213669
56.3338 0.213599
56.5234 0.213668
56.5454 0.21366
56.7349 0.213659
56.7569 0.213576
56.9464 0.213661
56.9686 0.213666
57.158 0.213652
57.1801 0.21367
57.3695 0.213629
57.3917 0.213673
57.5811 0.213653
57.6032 0.213588
57.7926 0.213674
57.8148 0.213647
58.0043 0.213674
58.0263 0.213639
58.2159 0.213673
58.2378 0.213611
58.4274 0.21367
58.4493 0.213657
58.6389 0.213663
58.6609 0.213584
58.8505 0.213664
58.8724 0.213664
59.0621 0.213612
59.084 0.213674
59.2736 0.213632
59.2955 0.213673
59.4851 0.213648
59.5071 0.21358
59.6967 0.213673
59.7186 0.21365
59.9082 0.213673
59.9301 0.213636
60.1197 0.213673
60.1417 0.213614
60.3313 0.213671
60.3532 0.213656
60.5428 0.213664
60.5648 0.213586
60.7544 0.213664
60.7763 0.213664
60.9659 0.213655
60.9878 0.213567
61.1774 0.213659
61.1993 0.213667
61.389 0.213649
61.4109 0.213555
61.6005 0.213655
61.6224 0.213668
61.812 0.213625
61.834 0.213673
62.0236 0.213621
62.0455 0.213671
62.2351 0.213652
62.257 0.213588
62.4466 0.213674
62.4686 0.213646
62.6582 0.213673
62.6801 0.213639
62.8697 0.213672
62.8916 0.213611
63.0812 0.21367
63.1031 0.213657
63.2927 0.213663
63.3147 0.213583
63.5043 0.213664
63.5262 0.213664
63.7158 0.213655
63.7377 0.213565
63.9273 0.213658
63.9493 0.213667
64.1389 0.213649
64.1608 0.213554
64.3504 0.213654
64.3723 0.213669
64.5619 0.213645
64.5839 0.213547
64.7735 0.213652
64.7954 0.213669
64.985 0.213643
65.0069 0.213543
65.1965 0.213651
65.2185 0.21367
65.408 0.21363
65.43 0.213672
65.6196 0.213617
65.6415 0.213671
65.8311 0.213654
65.853 0.213591
66.0426 0.213674
66.0646 0.213644
66.2542 0.213673
66.2761 0.21364
66.4657 0.213672
66.4876 0.213609
66.6772 0.21367
66.6992 0.213658
66.8888 0.213662
66.9107 0.213582
67.1003 0.213663
67.1222 0.213664
67.3118 0.213654
67.3338 0.213565
67.5233 0.213658
67.5453 0.213667
67.7349 0.213649
67.7568 0.213554
67.9464 0.213654
67.9684 0.213669
68.158 0.213645
68.1799 0.213547
68.3695 0.213652
68.3915 0.213669
68.581 0.213628
68.6032 0.213551
68.7928 0.213667
68.8147 0.213661
69.0043 0.213671
69.0264 0.213626
69.216 0.213675
69.2379 0.213624
69.4275 0.213673
69.4494 0.213652
69.639 0.213587
69.661 0.213674
69.8506 0.213647
69.8725 0.213674
70.0621 0.213639
70.084 0.213565
70.2736 0.213671
70.2956 0.213657
70.4851 0.213673
70.5071 0.213631
70.6967 0.213675
70.7186 0.21362
70.9082 0.213672
70.9301 0.213654
71.1197 0.213666
71.1417 0.21359
71.3313 0.213665
71.3532 0.213663
71.5428 0.213657
71.5647 0.213569
71.7543 0.213659
71.7763 0.213667
71.9659 0.21365
71.9879 0.213557
72.1775 0.213655
72.1994 0.213668
72.389 0.213646
72.4109 0.213549
72.6005 0.213653
72.6224 0.213669
72.812 0.213628
72.834 0.21355
73.0236 0.213667
73.0456 0.213661
73.2351 0.213671
73.2571 0.213626
73.4467 0.213675
73.4688 0.213624
73.6582 0.213673
73.6803 0.213652
73.8697 0.213667
73.892 0.213664
74.0813 0.21361
74.1035 0.213675
74.2928 0.213634
74.3151 0.213673
74.5045 0.213647
74.5266 0.213669
74.716 0.213661
74.7381 0.213604
74.9277 0.213675
74.9496 0.213638
75.1392 0.213674
75.1612 0.213645
75.3508 0.21367
75.3727 0.213604
75.5623 0.213669
75.5842 0.213659
75.7738 0.213661
75.7958 0.213579
75.9854 0.213662
76.0073 0.213665
76.1969 0.213653
76.2188 0.213562
76.4084 0.213657
76.4304 0.213668
76.62 0.213648
76.6419 0.213552
76.8315 0.213654
76.8534 0.213669
77.043 0.213626
77.0649 0.213673
77.2545 0.21362
77.2765 0.213671
77.4661 0.213653
77.488 0.213589
77.6776 0.213674
77.6995 0.213646
77.8891 0.213673
77.9111 0.213639
78.1007 0.213672
78.1226 0.21361
78.3122 0.21367
78.3341 0.213657
78.5237 0.213663
78.5457 0.213583
78.7353 0.213663
78.7572 0.213664
78.9468 0.213654
78.9688 0.213565
79.1583 0.213658
79.1803 0.213667
79.3699 0.213649
79.3918 0.213554
79.5814 0.213654
79.6034 0.213669
79.7929 0.213645
79.8149 0.213547
80.0044 0.213652
80.0266 0.213669
80.216 0.213643
80.2381 0.213671
80.4275 0.213637
80.4498 0.213671
80.639 0.213657
80.6613 0.213595
80.8506 0.213674
80.8729 0.213643
81.0621 0.213674
81.0844 0.213642
81.2737 0.213672
81.2959 0.213608
81.4852 0.21367
81.5075 0.213658
81.6967 0.213662
81.719 0.213581
81.9085 0.213663
81.9305 0.213665
82.12 0.213654
82.1421 0.213669
82.3317 0.213627
82.3536 0.213673
82.5432 0.213652
82.5651 0.213586
82.7547 0.213674
82.7766 0.213648
82.9662 0.213674
82.9882 0.213638
83.1778 0.213673
83.1997 0.213612
83.3893 0.213671
83.4112 0.213657
83.6008 0.213663
83.6227 0.213584
83.8124 0.213664
83.8343 0.213664
84.0239 0.213655
84.0458 0.213566
84.2354 0.213658
84.2574 0.213667
84.447 0.213649
84.4689 0.213554
84.6585 0.213654
84.6804 0.213668
84.87 0.213626
84.892 0.213673
85.0815 0.213621
85.1035 0.213671
85.2931 0.213652
85.315 0.213588
85.5046 0.213674
85.5265 0.213646
85.7161 0.213673
85.7381 0.213639
85.9277 0.213672
85.9496 0.213611
86.1392 0.21367
86.1611 0.213657
86.3507 0.213663
86.3727 0.213583
86.5623 0.213664
86.5842 0.213664
86.7738 0.213655
86.7957 0.213565
86.9853 0.213658
87.0073 0.213667
87.1969 0.213649
87.2188 0.213554
87.4084 0.213654
87.4303 0.213669
87.6199 0.213645
87.6419 0.213547
87.8315 0.213652
87.8534 0.213669
88.043 0.213643
88.0649 0.213543
88.2545 0.213651
88.2764 0.21367
88.466 0.21363
88.488 0.213672
88.6776 0.213617
88.6995 0.213671
88.8891 0.213654
88.911 0.213591
89.1006 0.213674
89.1226 0.213644
89.3122 0.213673
89.3341 0.21364
89.5238 0.213672
89.5457 0.213609
89.7353 0.21367
89.7572 0.213658
89.9468 0.213662
89.9689 0.213582
90.1585 0.213663
90.1805 0.213664
90.37 0.213613
90.392 0.213674
90.5817 0.213631
90.6035 0.213673
90.7933 0.213648
90.8152 0.21358
91.0048 0.213673
91.0267 0.21365
91.2163 0.213673
91.2382 0.213636
91.4278 0.213673
91.4498 0.213614
91.6394 0.213671
91.6613 0.213656
91.8509 0.213664
91.8728 0.213586
92.0624 0.213664
92.0844 0.213664
92.274 0.213655
92.2959 0.213567
92.4855 0.213659
92.5074 0.213667
92.697 0.21362
92.719 0.213674
92.9086 0.213625
92.9305 0.213672
93.1201 0.213651
93.142 0.213585
93.3316 0.213673
93.3536 0.213648
93.5431 0.213673
93.5651 0.213638
93.7547 0.213673
93.7766 0.213612
93.9662 0.213671
93.9881 0.213657
94.1777 0.213663
94.1997 0.213584
94.3893 0.213664
94.4112 0.213664
94.6008 0.213655
94.6227 0.213566
94.8123 0.213658
94.8343 0.213667
95.0239 0.213649
95.0458 0.213554
95.2354 0.213654
95.2573 0.213668
95.4469 0.213645
95.4689 0.213547
95.6585 0.213652
95.6804 0.213669
95.87 0.213643
95.8919 0.213543
96.0815 0.213651
96.1034 0.21367
96.2931 0.21363
96.315 0.213673
96.5046 0.213617
96.5265 0.213671
96.7161 0.213654
96.738 0.213591
96.9276 0.213674
96.9496 0.213645
97.1392 0.213673
97.1611 0.21364
97.3507 0.213672
97.3726 0.213609
97.5622 0.21367
97.5842 0.213658
97.7738 0.213662
97.7957 0.213582
97.9853 0.213663
98.0072 0.213664
98.1968 0.213654
98.2188 0.213565
98.4084 0.213658
98.4303 0.213667
98.6199 0.213649
98.6418 0.213554
98.8314 0.213654
98.8534 0.213669
99.043 0.213645
99.0649 0.213547
99.2545 0.213652
99.2764 0.213669
99.466 0.213628
99.4879 0.213673
99.6775 0.213618
99.6995 0.213671
99.8891 0.213653
99.911 0.21359
100.101 0.213674
100.123 0.213645
100.312 0.213673
100.334 0.21364
100.525 0.213566
100.546 0.213469
100.736 0.21336
100.758 0.213245
100.948 0.213131
100.971 0.213021
101.16 0.212917
101.183 0.212868
101.372 0.213341
101.395 0.213216
101.584 0.213097
101.607 0.212984
101.796 0.212879
101.819 0.212877
102.008 0.212892
102.031 0.213741
102.219 0.21334
102.243 0.213035
102.431 0.21302
102.455 0.213018
102.643 0.213016
102.667 0.213014
102.855 0.213012
102.879 0.21301
103.067 0.213009
103.091 0.213008
103.279 0.213007
103.304 0.213006
103.491 0.212958
103.516 0.212895
103.703 0.213834
103.728 0.213413
103.915 0.213093
103.94 0.213022
104.127 0.21302
104.152 0.213604
104.339 0.213363
104.364 0.214037
104.551 0.214385
104.576 0.21391
104.763 0.213539
104.788 0.213248
104.974 0.213017
105 0.212929
105.186 0.212938
105.212 0.213696
105.398 0.213351
105.424 0.213082
105.61 0.213047
105.636 0.213041
105.822 0.213036
105.848 0.213032
106.034 0.213028
106.061 0.213024
106.247 0.213021
106.273 0.213019
106.459 0.213016
106.485 0.213014
106.671 0.213012
106.697 0.213217
106.883 0.213119
106.909 0.213104
107.095 0.213734
107.121 0.213543
107.307 0.21337
107.333 0.213214
107.519 0.213127
107.546 0.213111
107.732 0.213097
107.758 0.213085
107.944 0.213074
107.97 0.213065
108.156 0.213057
108.182 0.21345
108.368 0.213284
108.394 0.213135
108.58 0.213859
108.606 0.213667
108.792 0.213488
108.818 0.213325
109.004 0.213176
109.031 0.213124
109.217 0.213109
109.243 0.213095
109.429 0.213083
109.455 0.213073
109.641 0.213064
109.667 0.213486
109.853 0.214081
109.879 0.213879
110.065 0.213688
110.091 0.214385
110.277 0.213862
110.303 0.21346
110.489 0.213151
110.515 0.21395
110.701 0.213646
110.727 0.213395
110.913 0.213186
110.939 0.213095
111.126 0.213084
111.151 0.213073
111.338 0.213064
111.363 0.213056
111.55 0.213049
111.576 0.213043
111.762 0.213037
111.788 0.213033
111.974 0.213029
112 0.213025
112.186 0.213022
112.212 0.213259
112.398 0.213126
112.424 0.21311
112.61 0.213757
112.636 0.213567
112.822 0.213394
112.848 0.213236
113.034 0.21313
113.061 0.213114
113.247 0.213099
113.273 0.213087
113.459 0.213076
113.485 0.213067
113.671 0.213058
113.697 0.213457
113.883 0.214064
113.909 0.213862
114.095 0.213671
114.121 0.213494
114.307 0.213331
114.333 0.213182
114.519 0.213125
114.546 0.21311
114.732 0.213096
114.758 0.213084
114.944 0.213073
114.97 0.213064
115.155 0.213056
115.182 0.213049
115.367 0.213043
115.393 0.213038
115.579 0.213033
115.605 0.213029
115.791 0.213025
115.817 0.213022
116.003 0.213019
116.029 0.213017
116.215 0.213015
116.241 0.213013
116.427 0.212976
116.453 0.212901
116.639 0.212913
116.665 0.212924
116.851 0.212933
116.877 0.212942
117.063 0.212949
117.089 0.21311
117.275 0.212981
117.301 0.21287
117.487 0.212886
117.513 0.212901
117.699 0.212913
117.725 0.212924
117.911 0.212933
117.937 0.212942
118.122 0.212949
118.148 0.212955
118.334 0.212961
118.36 0.212966
118.546 0.21297
118.572 0.212997
118.758 0.213453
118.784 0.213315
118.97 0.213183
118.995 0.21306
119.181 0.212945
119.208 0.212868
119.393 0.212885
119.42 0.212899
119.605 0.212912
119.632 0.212923
119.817 0.213174
119.844 0.213049
120.029 0.21406
120.056 0.214689
120.241 0.214136
120.268 0.213705
120.453 0.21337
120.48 0.213107
120.665 0.213054
120.692 0.213047
120.878 0.213041
120.905 0.213036
121.09 0.213032
121.117 0.213028
121.302 0.213024
121.329 0.213021
121.514 0.213019
121.541 0.213016
121.726 0.213244
121.753 0.213936
121.938 0.21373
121.965 0.21354
122.15 0.213368
122.177 0.213212
122.362 0.213127
122.389 0.213111
122.574 0.213097
122.602 0.213085
122.787 0.213074
122.814 0.213065
122.999 0.213057
123.026 0.21305
123.211 0.213043
123.238 0.213038
123.423 0.213033
123.45 0.213318
123.635 0.213978
123.662 0.213776
123.847 0.213588
123.874 0.21429
124.059 0.213773
124.086 0.213378
124.271 0.213076
124.297 0.213029
124.484 0.213025
124.509 0.213022
124.695 0.213019
124.721 0.213212
124.907 0.213003
124.933 0.212917
125.119 0.213408
125.145 0.213229
125.331 0.213073
125.357 0.212937
125.543 0.212884
125.569 0.212899
125.755 0.212911
125.781 0.213671
125.967 0.213307
125.993 0.213036
126.179 0.213032
126.205 0.213028
126.391 0.213584
126.417 0.213356
126.603 0.213164
126.63 0.2131
126.815 0.213088
126.842 0.213077
127.027 0.213067
127.054 0.213059
127.24 0.213051
127.266 0.213045
127.452 0.213039
127.478 0.213366
127.664 0.213204
127.69 0.213122
127.876 0.213107
127.902 0.213093
128.088 0.213658
128.114 0.213476
128.3 0.21331
128.327 0.213161
128.512 0.213901
128.538 0.213429
128.724 0.213075
128.75 0.212997
128.935 0.212998
128.962 0.213329
129.147 0.213108
129.174 0.212928
129.359 0.212915
129.386 0.212926
129.571 0.212935
129.597 0.212943
129.783 0.21295
129.809 0.212956
129.995 0.213088
130.021 0.212959
130.207 0.212875
130.233 0.212891
130.418 0.212904
130.446 0.212916
130.63 0.212927
130.658 0.212936
130.842 0.212944
130.87 0.212951
131.054 0.212957
131.082 0.213386
131.267 0.213138
131.294 0.213067
131.479 0.213059
131.506 0.213051
131.691 0.213045
131.719 0.213039
131.903 0.213034
131.931 0.21303
132.115 0.213346
132.143 0.21318
132.327 0.213116
132.355 0.213101
132.539 0.213089
132.567 0.213642
132.752 0.21346
132.779 0.213294
132.964 0.213145
132.991 0.213119
133.176 0.213104
133.203 0.213091
133.388 0.21308
133.416 0.21307
133.6 0.21352
133.628 0.213349
133.812 0.213195
133.84 0.213125
134.024 0.213109
134.052 0.213729
134.237 0.213545
134.264 0.21425
134.449 0.213737
134.476 0.213346
134.661 0.213047
134.688 0.213026
134.873 0.213022
134.9 0.21302
135.084 0.213017
135.112 0.213015
135.296 0.213013
135.323 0.213011
135.508 0.21301
135.535 0.213009
135.72 0.213008
135.748 0.213007
135.932 0.212953
135.96 0.212896
136.144 0.212909
136.172 0.21292
136.356 0.21293
136.384 0.213581
136.567 0.213258
136.596 0.213049
136.779 0.213043
136.808 0.213037
136.992 0.213033
137.02 0.213029
137.204 0.213025
137.233 0.213022
137.416 0.213019
137.445 0.213017
137.628 0.213266
137.657 0.213122
137.84 0.213107
137.869 0.213757
138.052 0.213564
138.081 0.213388
138.264 0.213229
138.293 0.213128
138.477 0.213112
138.505 0.213098
138.689 0.213086
138.718 0.213075
138.901 0.213066
138.929 0.213058
139.112 0.21305
139.141 0.213044
139.324 0.213039
139.353 0.213175
139.536 0.212961
139.565 0.21293
139.748 0.213389
139.776 0.213205
139.96 0.213046
139.988 0.212909
140.172 0.213916
140.201 0.213455
140.384 0.213982
140.413 0.213585
140.596 0.213275
140.624 0.213032
140.807 0.212934
140.836 0.212942
141.02 0.212949
141.049 0.212956
141.232 0.212961
141.261 0.212966
141.444 0.21297
141.473 0.212974
141.655 0.212977
141.685 0.21298
141.867 0.212983
141.897 0.213248
142.079 0.213096
142.109 0.213084
142.292 0.213074
142.321 0.213064
142.504 0.213056
142.534 0.213049
142.716 0.213043
142.746 0.213038
142.928 0.213366
142.958 0.213202
143.14 0.213121
143.17 0.213106
143.352 0.213093
143.382 0.213656
143.564 0.213474
143.594 0.213308
143.777 0.213159
143.806 0.213121
143.989 0.213106
144.019 0.213092
144.201 0.213081
144.231 0.213071
144.413 0.213526
144.442 0.213355
144.625 0.2132
144.654 0.213125
144.837 0.21311
144.866 0.213701
145.049 0.213301
145.078 0.214123
145.261 0.213708
145.29 0.213382
145.473 0.214
145.502 0.213549
145.685 0.213205
145.714 0.21373
145.897 0.21344
145.926 0.213205
146.109 0.213012
146.138 0.212905
146.321 0.213849
146.35 0.213434
146.533 0.213991
146.562 0.213575
146.745 0.213253
146.774 0.213002
146.957 0.212945
146.986 0.212952
147.169 0.212958
147.198 0.212963
147.381 0.212968
147.41 0.213422
147.592 0.213175
147.622 0.213074
147.805 0.213065
147.834 0.213057
148.017 0.21305
148.046 0.213044
148.229 0.213038
148.259 0.213033
148.441 0.213029
148.471 0.213026
148.653 0.213298
148.683 0.213139
148.865 0.213113
148.895 0.213776
149.077 0.213584
149.107 0.213408
149.29 0.213249
149.319 0.213131
149.502 0.213115
149.531 0.2131
149.713 0.213088
149.743 0.213077
149.925 0.213067
149.955 0.213391
150.137 0.213101
150.167 0.214002
150.349 0.213585
150.379 0.214137
150.561 0.214401
150.59 0.213962
150.772 0.213613
150.802 0.213926
150.984 0.21404
151.013 0.213829
151.195 0.213634
151.225 0.213455
151.407 0.213708
151.437 0.21379
151.618 0.213701
151.648 0.21359
151.83 0.213714
151.86 0.213711
152.041 0.213699
152.071 0.213637
152.253 0.213694
152.283 0.213647
152.464 0.213684
152.494 0.213655
152.676 0.213585
152.706 0.213677
152.888 0.213654
152.917 0.213676
153.099 0.213638
153.129 0.213675
153.311 0.213616
153.34 0.213672
153.522 0.213657
153.552 0.213595
153.734 0.213675
153.764 0.213644
153.945 0.213674
153.975 0.213641
154.157 0.213672
154.187 0.213608
154.368 0.21367
154.398 0.213658
154.58 0.213662
154.61 0.213582
154.791 0.213663
154.821 0.213665
155.003 0.213614
155.033 0.213674
155.215 0.213631
155.244 0.213673
155.426 0.213648
155.456 0.213668
155.638 0.213598
155.667 0.213667
155.849 0.213661
155.879 0.213659
156.061 0.213575
156.091 0.213661
156.272 0.213666
156.302 0.213617
156.484 0.213674
156.514 0.213628
156.695 0.213672
156.725 0.213649
156.907 0.213668
156.937 0.213597
157.118 0.213667
157.148 0.213661
157.33 0.213605
157.36 0.213675
157.542 0.213636
157.571 0.213673
157.753 0.213645
157.783 0.21367
157.965 0.213603
157.994 0.213668
158.176 0.21366
158.206 0.21366
158.388 0.213578
158.418 0.213662
158.599 0.213665
158.629 0.213615
158.811 0.213674
158.841 0.213629
159.022 0.213673
159.052 0.213649
159.234 0.213668
159.264 0.213597
159.445 0.213667
159.475 0.213661
159.657 0.213605
159.687 0.213675
159.869 0.213637
159.898 0.213673
160.08 0.213645
160.11 0.21367
160.292 0.213603
160.321 0.213669
160.503 0.213659
160.533 0.213661
160.715 0.213578
160.744 0.213662
160.926 0.213665
160.956 0.213615
161.138 0.213674
161.168 0.213629
161.349 0.213673
161.379 0.213649
161.561 0.213668
161.591 0.213597
161.772 0.213667
161.802 0.213661
161.984 0.213659
162.014 0.213574
162.196 0.213661
162.225 0.213666
162.407 0.213617
162.437 0.213674
162.619 0.213628
162.648 0.213672
162.83 0.213649
162.86 0.213668
163.042 0.213596
163.071 0.213667
163.253 0.213661
163.283 0.213659
163.465 0.213574
163.494 0.213661
163.676 0.213666
163.706 0.213652
163.888 0.213559
163.918 0.213656
164.099 0.213668
164.129 0.213624
164.311 0.213673
164.341 0.213623
164.522 0.213672
164.552 0.213652
164.734 0.213666
164.764 0.213592
164.945 0.213666
164.975 0.213662
165.157 0.213657
165.187 0.213571
165.368 0.21366
165.398 0.213666
165.58 0.213618
165.61 0.213674
165.792 0.213627
165.821 0.213672
166.003 0.21365
166.033 0.213667
166.215 0.213595
166.244 0.213667
166.426 0.213661
166.456 0.213658
166.638 0.213573
166.667 0.213661
166.849 0.213666
166.879 0.213651
167.061 0.213559
167.09 0.213656
167.272 0.213668
167.302 0.213624
167.484 0.213673
167.514 0.213623
167.695 0.213672
167.725 0.213652
167.907 0.213666
167.937 0.213592
168.118 0.213666
168.148 0.213662
168.33 0.213657
168.36 0.213571
168.541 0.21366
168.571 0.213666
168.753 0.213618
168.783 0.213674
168.965 0.213627
168.994 0.213672
169.176 0.21365
169.206 0.213583
169.388 0.213673
169.418 0.213649
169.599 0.213673
169.629 0.213637
169.811 0.213673
169.841 0.213613
170.022 0.213671
170.052 0.213657
170.234 0.213663
170.264 0.213585
170.446 0.213664
170.475 0.213664
170.657 0.213612
170.687 0.213674
170.869 0.213632
170.898 0.213673
171.08 0.213647
171.11 0.213669
171.292 0.213599
171.321 0.213668
171.503 0.21366
171.533 0.213659
171.715 0.213576
171.745 0.213661
171.926 0.213666
171.956 0.213616
172.138 0.213674
172.168 0.213629
172.349 0.213672
172.379 0.213649
172.561 0.213668
172.591 0.213597
172.772 0.213667
172.802 0.213661
172.984 0.213659
173.014 0.213574
173.195 0.213661
173.225 0.213666
173.407 0.213617
173.437 0.213674
173.619 0.213628
173.648 0.213672
173.83 0.213649
173.86 0.213668
174.042 0.213596
174.071 0.213667
174.253 0.213661
174.283 0.213659
174.465 0.213574
174.494 0.213661
174.676 0.213666
174.706 0.213651
174.888 0.213559
174.918 0.213656
175.099 0.213668
175.129 0.213624
175.311 0.213673
175.341 0.213623
175.522 0.213672
175.552 0.213652
175.734 0.213666
175.764 0.213592
175.945 0.213666
175.975 0.213662
176.157 0.213657
176.187 0.213571
176.368 0.21366
176.398 0.213666
176.58 0.213618
176.61 0.213674
176.792 0.213627
176.821 0.213672
177.003 0.21365
177.033 0.213667
177.215 0.213595
177.244 0.213667
177.426 0.213661
177.456 0.213658
177.638 0.213573
177.667 0.213661
177.849 0.213666
177.879 0.213651
178.061 0.213559
178.09 0.213656
178.272 0.213668
178.302 0.213624
178.484 0.213673
178.514 0.213623
178.695 0.213672
178.725 0.213652
178.907 0.213666
178.937 0.213592
179.118 0.213666
179.148 0.213662
179.33 0.213657
179.36 0.213571
179.541 0.21366
179.571 0.213666
179.753 0.213618
179.783 0.213674
179.965 0.213627
179.995 0.213672
180.176 0.21365
180.206 0.213583
180.388 0.213673
180.418 0.213649
180.599 0.213673
180.629 0.213637
180.811 0.213563
180.841 0.213671
181.023 0.213658
181.052 0.213673
181.234 0.21363
181.264 0.213675
181.446 0.213621
181.475 0.213672
181.657 0.213654
181.687 0.213666
181.869 0.21359
181.898 0.213666
182.08 0.213663
182.11 0.213657
182.292 0.21357
182.321 0.21366
182.503 0.213667
182.533 0.213619
182.715 0.213674
182.745 0.213626
182.926 0.213672
182.956 0.21365
183.138 0.213667
183.168 0.213595
183.349 0.213667
183.379 0.213661
183.561 0.213658
183.591 0.213573
183.772 0.21366
183.802 0.213666
183.984 0.213651
184.014 0.213559
184.195 0.213656
184.225 0.213668
184.407 0.213624
184.437 0.213673
184.619 0.213623
184.648 0.213672
184.83 0.213652
184.86 0.213587
185.042 0.213674
185.072 0.213647
185.253 0.213673
185.283 0.213639
185.465 0.213672
185.495 0.213611
185.676 0.21367
185.706 0.213657
185.888 0.213663
185.918 0.213666
186.099 0.213616
186.13 0.213675
186.311 0.21363
186.341 0.213673
186.522 0.213649
186.553 0.213668
186.734 0.213597
186.764 0.213667
186.946 0.213661
186.976 0.213605
187.157 0.213518
187.188 0.21366
187.369 0.21367
187.399 0.213668
187.581 0.213615
187.611 0.213677
187.792 0.213646
187.823 0.213573
188.004 0.213673
188.034 0.213624
188.215 0.213541
188.246 0.213667
188.427 0.213607
188.457 0.213518
188.639 0.213662
188.669 0.213595
188.85 0.213501
188.881 0.213658
189.062 0.213678
189.092 0.213668
189.274 0.213609
189.304 0.213679
189.485 0.213643
189.515 0.213568
189.697 0.213673
189.727 0.213659
189.908 0.213674
189.938 0.213632
190.12 0.213676
190.15 0.213621
190.331 0.213673
190.361 0.213654
190.543 0.213666
190.573 0.21359
190.754 0.213666
190.784 0.213663
190.966 0.213657
190.996 0.213569
191.177 0.213659
191.208 0.213667
191.389 0.21365
191.419 0.21367
191.601 0.213631
191.631 0.213673
191.812 0.213654
191.842 0.213589
192.024 0.213674
192.054 0.213646
192.235 0.213674
192.265 0.213639
192.447 0.213672
192.477 0.213658
192.658 0.213596
192.689 0.213675
192.87 0.213643
192.9 0.213674
193.082 0.213642
193.112 0.21357
193.293 0.213473
193.324 0.213647
193.505 0.213678
193.535 0.213662
193.716 0.213599
193.747 0.213678
193.928 0.213638
193.959 0.21356
194.14 0.213672
194.17 0.213617
194.351 0.213531
194.382 0.213665
194.563 0.21367
194.593 0.213671
194.775 0.213619
194.805 0.213678
194.986 0.213648
195.016 0.213577
195.198 0.213674
195.228 0.213626
195.41 0.213543
195.44 0.213668
195.621 0.213609
195.651 0.213519
195.833 0.213662
195.863 0.213673
196.044 0.21367
196.074 0.213615
196.256 0.213678
196.286 0.213636
196.467 0.213675
196.497 0.213648
196.679 0.21367
196.709 0.213601
196.89 0.213669
196.92 0.213661
197.102 0.21366
197.132 0.213668
197.313 0.213621
197.344 0.213674
197.525 0.213626
197.555 0.213672
197.737 0.213651
197.767 0.213585
197.948 0.213492
197.979 0.213653
198.16 0.213675
198.19 0.213665
198.371 0.213606
198.402 0.213677
198.583 0.213641
198.614 0.213566
198.795 0.213672
198.825 0.21362
199.006 0.213535
199.037 0.213666
199.218 0.213669
199.248 0.213671
199.429 0.213621
199.46 0.213677
199.641 0.213631
199.671 0.213674
199.852 0.21365
199.883 0.213669
200.064 0.213597
200.094 0.213668
200.276 0.213661
200.306 0.213606
200.487 0.213519
200.518 0.21366
200.699 0.213595
200.73 0.213503
200.911 0.213395
200.941 0.213281
