0.0 0
0.214139 4294967295
0.418851 4294967295
0.432958 4294967295
0.447075 4294967295
0.461193 4294967295
0.475311 4294967295
10.421 4294967295
10.4351 4294967295
10.4351 4294967295
10.4492 4294967295
10.4492 4294967295
10.4633 4294967295
10.4633 4294967295
10.4774 4294967295
10.4774 4294967295
10.4916 4294967295
10.4916 4294967295
10.5763 4294967295
10.5763 4294967295
10.5904 4294967295
10.5904 4294967295
10.6045 4294967295
10.6045 4294967295
10.6186 4294967295
10.6186 4294967295
10.8233 4294967295
10.8233 4294967295
11.028 4294967295
11.028 4294967295
11.2327 4294967295
11.2327 4294967295
11.4374 4294967295
11.4374 4294967295
11.6421 4294967295
11.6421 4294967295
11.8468 4294967295
11.8468 4294967295
12.0515 4294967295
12.0515 4294967295
12.2562 4294967295
12.2562 4294967295
12.4609 4294967295
12.4609 4294967295
12.6656 4294967295
12.6656 4294967295
12.8703 4294967295
12.8703 4294967295
13.075 4294967295
13.075 4294967295
13.2797 4294967295
13.2797 4294967295
13.4844 4294967295
13.4844 4294967295
13.6891 4294967295
13.6891 4294967295
13.8938 4294967295
13.8938 4294967295
14.0985 4294967295
14.0985 4294967295
14.3032 4294967295
14.3032 4294967295
14.5079 4294967295
14.5079 4294967295
14.7126 4294967295
14.7126 4294967295
14.9173 4294967295
14.9173 4294967295
15.122 4294967295
15.122 4294967295
15.3267 4294967295
15.3267 4294967295
15.5314 4294967295
15.5314 4294967295
15.7361 4294967295
15.7361 4294967295
15.9408 4294967295
15.9408 4294967295
16.1455 4294967295
16.1455 4294967295
16.3502 4294967295
16.3502 4294967295
16.5549 4294967295
16.5549 4294967295
16.7596 4294967295
16.7596 4294967295
16.9643 4294967295
16.9643 4294967295
17.169 4294967295
17.169 4294967295
17.3737 4294967295
17.3737 4294967295
17.5784 4294967295
17.5784 4294967295
17.7831 4294967295
17.7831 4294967295
17.9878 4294967295
17.9878 4294967295
18.1925 4294967295
18.1925 4294967295
18.3972 4294967295
18.3972 4294967295
18.6019 4294967295
18.6019 4294967295
18.8066 4294967295
18.8066 4294967295
19.0113 4294967295
19.0113 4294967295
19.216 4294967295
19.216 4294967295
19.4207 4294967295
19.4207 4294967295
19.6254 4294967295
19.6254 4294967295
19.8301 4294967295
19.8301 4294967295
20.0348 4294967295
20.0348 4294967295
20.2395 4294967295
20.2395 4294967295
20.4442 4294967295
20.4442 4294967295
20.6489 4294967295
20.6489 4294967295
20.8536 4294967295
20.8536 4294967295
21.0583 4294967295
21.0583 4294967295
21.2631 4294967295
21.2631 4294967295
21.468 4294967295
21.468 4294967295
21.6731 4294967295
21.6731 4294967295
21.8778 4294967295
21.8778 4294967295
22.0825 4294967295
22.0825 4294967295
22.2872 4294967295
22.2872 4294967295
22.4923 4294967295
22.4923 4294967295
22.6974 4294967295
22.6974 4294967295
22.9021 4294967295
22.9021 4294967295
23.1068 4294967295
23.1068 4294967295
23.3115 4294967295
23.3115 4294967295
23.5162 4294967295
23.5162 4294967295
23.7209 4294967295
23.7209 4294967295
23.9256 4294967295
23.9256 4294967295
24.1303 4294967295
24.1303 4294967295
24.335 4294967295
24.335 4294967295
24.5397 4294967295
24.5397 4294967295
24.7444 4294967295
24.7444 4294967295
24.9491 4294967295
24.9491 4294967295
25.1538 4294967295
25.1538 4294967295
25.3585 4294967295
25.3585 4294967295
25.5632 4294967295
25.5632 4294967295
25.7679 4294967295
25.7679 4294967295
25.9726 4294967295
25.9726 4294967295
26.1773 4294967295
26.1773 4294967295
26.382 4294967295
26.382 4294967295
26.5867 4294967295
26.5867 4294967295
26.7914 4294967295
26.7914 4294967295
26.9961 4294967295
26.9961 4294967295
27.2008 4294967295
27.2008 4294967295
27.4055 4294967295
27.4055 4294967295
27.6102 4294967295
27.6102 4294967295
27.8149 4294967295
27.8149 4294967295
28.0196 4294967295
28.0196 4294967295
28.2243 4294967295
28.2243 4294967295
28.429 4294967295
28.429 4294967295
28.6337 4294967295
28.6337 4294967295
28.8384 4294967295
28.8384 4294967295
29.0431 4294967295
29.0431 4294967295
29.2478 4294967295
29.2478 4294967295
29.4525 4294967295
29.4525 4294967295
29.6572 4294967295
29.6572 4294967295
29.8619 4294967295
29.8619 4294967295
30.0666 4294967295
30.0666 4294967295
30.2713 4294967295
30.2713 4294967295
30.476 4294967295
30.476 4294967295
30.6807 4294967295
30.6807 4294967295
30.8854 4294967295
30.8854 4294967295
31.0901 4294967295
31.0901 4294967295
31.2948 4294967295
31.2948 4294967295
31.4995 4294967295
31.4995 4294967295
31.7042 4294967295
31.7042 4294967295
31.9089 4294967295
31.9089 4294967295
32.1136 4294967295
32.1136 4294967295
32.3183 4294967295
32.3183 4294967295
32.523 4294967295
32.523 4294967295
32.7277 4294967295
32.7277 4294967295
32.9324 4294967295
32.9324 4294967295
33.1371 4294967295
33.1371 4294967295
33.3418 4294967295
33.3418 4294967295
33.5465 4294967295
33.5465 4294967295
33.7512 4294967295
33.7512 4294967295
33.9559 4294967295
33.9559 4294967295
34.1606 4294967295
34.1606 4294967295
34.3653 4294967295
34.3653 4294967295
34.57 4294967295
34.57 4294967295
34.7747 4294967295
34.7747 4294967295
34.9794 4294967295
34.9794 4294967295
35.1841 4294967295
35.1841 4294967295
35.3888 4294967295
35.3888 4294967295
35.5935 4294967295
35.5935 4294967295
35.7982 4294967295
35.7982 4294967295
36.0029 4294967295
36.0029 4294967295
36.2076 4294967295
36.2076 4294967295
36.4123 4294967295
36.4123 4294967295
36.617 4294967295
36.617 4294967295
36.8217 4294967295
36.8217 4294967295
37.0264 4294967295
37.0264 4294967295
37.2311 4294967295
37.2311 4294967295
37.4358 4294967295
37.4358 4294967295
37.6405 4294967295
37.6405 4294967295
37.8452 4294967295
37.8452 4294967295
38.0499 4294967295
38.0499 4294967295
38.2546 4294967295
38.2546 4294967295
38.4593 4294967295
38.4593 4294967295
38.664 4294967295
38.664 4294967295
38.8687 4294967295
38.8687 4294967295
39.0734 4294967295
39.0734 4294967295
39.2781 4294967295
39.2781 4294967295
39.4828 4294967295
39.4828 4294967295
39.6875 4294967295
39.6875 4294967295
39.8922 4294967295
39.8922 4294967295
40.0969 4294967295
40.0969 4294967295
40.3016 4294967295
40.3016 4294967295
40.5063 4294967295
40.5063 4294967295
40.711 4294967295
40.711 4294967295
40.9157 4294967295
40.9157 4294967295
41.1206 4294967295
41.1206 4294967295
41.3253 4294967295
41.3253 4294967295
41.53 4294967295
41.53 4294967295
41.7371 4294967295
41.7371 4294967295
41.7504 4294967295
41.7504 4294967295
41.9653 4294967295
41.9653 4294967295
42.1696 4294967295
42.1696 4294967295
42.2209 4294967295
42.2209 4294967295
42.449 4294967295
42.449 4294967295
42.6541 4294967295
42.6541 4294967295
42.6835 4294967295
42.6835 4294967295
42.9133 4294967295
42.9133 4294967295
43.1179 4294967295
43.1179 4294967295
43.1486 4294967295
43.1486 4294967295
43.3788 4294967295
43.3788 4294967295
43.5852 4294967295
43.5852 4294967295
43.6163 4294967295
43.6163 4294967295
43.8478 4294967295
43.8478 4294967295
44.0554 4294967295
44.0554 4294967295
44.0873 4294967295
44.0873 4294967295
44.3201 4294967295
44.3201 4294967295
44.5273 4294967295
44.5273 4294967295
44.5567 4294967295
44.5567 4294967295
44.7856 4294967295
44.7856 4294967295
44.9933 4294967295
44.9933 4294967295
45.0248 4294967295
45.0248 4294967295
45.2576 4294967295
45.2576 4294967295
45.4652 4294967295
45.4652 4294967295
45.498 4294967295
45.498 4294967295
45.7312 4294967295
45.7312 4294967295
45.9384 4294967295
45.9384 4294967295
45.9716 4294967295
45.9716 4294967295
46.1976 4294967295
46.1976 4294967295
46.4048 4294967295
46.4048 4294967295
46.432 4294967295
46.432 4294967295
46.6631 4294967295
46.6631 4294967295
46.8703 4294967295
46.8703 4294967295
46.9027 4294967295
46.9027 4294967295
47.1359 4294967295
47.1359 4294967295
47.3431 4294967295
47.3431 4294967295
47.3763 4294967295
47.3763 4294967295
47.6095 4294967295
47.6095 4294967295
47.8167 4294967295
47.8167 4294967295
47.8431 4294967295
47.8431 4294967295
48.0704 4294967295
48.0704 4294967295
48.2776 4294967295
48.2776 4294967295
48.3082 4294967295
48.3082 4294967295
48.5402 4294967295
48.5402 4294967295
48.7478 4294967295
48.7478 4294967295
48.7802 4294967295
48.7802 4294967295
49.0134 4294967295
49.0134 4294967295
49.2206 4294967295
49.2206 4294967295
49.2538 4294967295
49.2538 4294967295
49.4802 4294967295
49.4802 4294967295
49.687 4294967295
49.687 4294967295
49.7138 4294967295
49.7138 4294967295
49.944 4294967295
49.944 4294967295
50.1512 4294967295
50.1512 4294967295
50.1832 4294967295
50.1832 4294967295
50.4159 4294967295
50.4159 4294967295
50.6236 4294967295
50.6236 4294967295
50.6564 4294967295
50.6564 4294967295
50.8896 4294967295
50.8896 4294967295
51.0968 4294967295
51.0968 4294967295
51.1236 4294967295
51.1236 4294967295
51.3504 4294967295
51.3504 4294967295
51.5576 4294967295
51.5576 4294967295
51.5883 4294967295
51.5883 4294967295
51.8207 4294967295
51.8207 4294967295
52.0279 4294967295
52.0279 4294967295
52.0611 4294967295
52.0611 4294967295
52.2663 4294967295
52.2663 4294967295
52.4715 4294967295
52.4715 4294967295
52.6791 4294967295
52.6791 4294967295
52.6988 4294967295
52.6988 4294967295
52.926 4294967295
52.926 4294967295
53.1332 4294967295
53.1332 4294967295
53.1643 4294967295
53.1643 4294967295
53.3975 4294967295
53.3975 4294967295
53.6047 4294967295
53.6047 4294967295
53.6345 4294967295
53.6345 4294967295
53.8597 4294967295
53.8597 4294967295
54.0669 4294967295
54.0669 4294967295
54.0967 4294967295
54.0967 4294967295
54.329 4294967295
54.329 4294967295
54.5362 4294967295
54.5362 4294967295
54.5694 4294967295
54.5694 4294967295
54.8026 4294967295
54.8026 4294967295
55.0094 4294967295
55.0094 4294967295
55.0426 4294967295
55.0426 4294967295
55.2737 4294967295
55.2737 4294967295
55.4809 4294967295
55.4809 4294967295
55.5052 4294967295
55.5052 4294967295
55.7346 4294967295
55.7346 4294967295
55.9418 4294967295
55.9418 4294967295
55.9733 4294967295
55.9733 4294967295
56.2061 4294967295
56.2061 4294967295
56.4133 4294967295
56.4133 4294967295
56.4461 4294967295
56.4461 4294967295
56.6793 4294967295
56.6793 4294967295
56.8865 4294967295
56.8865 4294967295
56.918 4294967295
56.918 4294967295
57.1423 4294967295
57.1423 4294967295
57.3495 4294967295
57.3495 4294967295
57.3784 4294967295
57.3784 4294967295
57.6104 4294967295
57.6104 4294967295
57.8176 4294967295
57.8176 4294967295
57.8504 4294967295
57.8504 4294967295
58.0831 4294967295
58.0831 4294967295
58.2908 4294967295
58.2908 4294967295
58.3235 4294967295
58.3235 4294967295
58.5559 4294967295
58.5559 4294967295
58.7627 4294967295
58.7627 4294967295
58.787 4294967295
58.787 4294967295
59.0155 4294967295
59.0155 4294967295
59.2227 4294967295
59.2227 4294967295
59.2538 4294967295
59.2538 4294967295
59.4862 4294967295
59.4862 4294967295
59.6934 4294967295
59.6934 4294967295
59.7261 4294967295
59.7261 4294967295
59.9589 4294967295
59.9589 4294967295
60.1665 4294967295
60.1665 4294967295
60.1993 4294967295
60.1993 4294967295
60.4228 4294967295
60.4228 4294967295
60.63 4294967295
60.63 4294967295
60.6585 4294967295
60.6585 4294967295
60.8896 4294967295
60.8896 4294967295
61.0968 4294967295
61.0968 4294967295
61.1292 4294967295
61.1292 4294967295
61.3619 4294967295
61.3619 4294967295
61.5696 4294967295
61.5696 4294967295
61.6023 4294967295
61.6023 4294967295
61.8355 4294967295
61.8355 4294967295
62.0427 4294967295
62.0427 4294967295
62.0658 4294967295
62.0658 4294967295
62.2943 4294967295
62.2943 4294967295
62.4994 4294967295
62.4994 4294967295
62.7042 4294967295
62.7042 4294967295
62.9114 4294967295
62.9114 4294967295
62.9306 4294967295
62.9306 4294967295
63.157 4294967295
63.157 4294967295
63.3646 4294967295
63.3646 4294967295
63.3974 4294967295
63.3974 4294967295
63.6264 4294967295
63.6264 4294967295
63.8332 4294967295
63.8332 4294967295
63.8591 4294967295
63.8591 4294967295
64.089 4294967295
64.089 4294967295
64.2962 4294967295
64.2962 4294967295
64.3281 4294967295
64.3281 4294967295
64.5609 4294967295
64.5609 4294967295
64.7685 4294967295
64.7685 4294967295
64.8013 4294967295
64.8013 4294967295
65.0345 4294967295
65.0345 4294967295
65.2417 4294967295
65.2417 4294967295
65.2715 4294967295
65.2715 4294967295
65.4966 4294967295
65.4966 4294967295
65.7038 4294967295
65.7038 4294967295
65.7336 4294967295
65.7336 4294967295
65.9656 4294967295
65.9656 4294967295
66.1728 4294967295
66.1728 4294967295
66.206 4294967295
66.206 4294967295
66.4392 4294967295
66.4392 4294967295
66.6464 4294967295
66.6464 4294967295
66.6796 4294967295
66.6796 4294967295
66.9098 4294967295
66.9098 4294967295
67.1166 4294967295
67.1166 4294967295
67.1418 4294967295
67.1418 4294967295
67.3711 4294967295
67.3711 4294967295
67.5783 4294967295
67.5783 4294967295
67.6098 4294967295
67.6098 4294967295
67.8426 4294967295
67.8426 4294967295
68.0498 4294967295
68.0498 4294967295
68.0826 4294967295
68.0826 4294967295
68.3158 4294967295
68.3158 4294967295
68.523 4294967295
68.523 4294967295
68.5537 4294967295
68.5537 4294967295
68.7784 4294967295
68.7784 4294967295
68.9856 4294967295
68.9856 4294967295
69.015 4294967295
69.015 4294967295
69.2469 4294967295
69.2469 4294967295
69.4541 4294967295
69.4541 4294967295
69.4873 4294967295
69.4873 4294967295
69.7205 4294967295
69.7205 4294967295
69.9277 4294967295
69.9277 4294967295
69.9609 4294967295
69.9609 4294967295
70.1924 4294967295
70.1924 4294967295
70.3992 4294967295
70.3992 4294967295
70.4239 4294967295
70.4239 4294967295
70.6529 4294967295
70.6529 4294967295
70.8601 4294967295
70.8601 4294967295
70.8916 4294967295
70.8916 4294967295
71.124 4294967295
71.124 4294967295
71.3316 4294967295
71.3316 4294967295
71.3644 4294967295
71.3644 4294967295
71.5971 4294967295
71.5971 4294967295
71.8048 4294967295
71.8048 4294967295
71.8363 4294967295
71.8363 4294967295
72.0597 4294967295
72.0597 4294967295
72.2674 4294967295
72.2674 4294967295
72.2955 4294967295
72.2955 4294967295
72.5266 4294967295
72.5266 4294967295
72.7338 4294967295
72.7338 4294967295
72.7661 4294967295
72.7661 4294967295
72.9708 4294967295
72.9708 4294967295
73.176 4294967295
73.176 4294967295
73.3832 4294967295
73.3832 4294967295
73.4029 4294967295
73.4029 4294967295
73.631 4294967295
73.631 4294967295
73.8386 4294967295
73.8386 4294967295
73.8697 4294967295
73.8697 4294967295
74.0948 4294967295
74.0948 4294967295
74.302 4294967295
74.302 4294967295
74.3319 4294967295
74.3319 4294967295
74.5638 4294967295
74.5638 4294967295
74.771 4294967295
74.771 4294967295
74.8042 4294967295
74.8042 4294967295
75.037 4294967295
75.037 4294967295
75.2446 4294967295
75.2446 4294967295
75.2774 4294967295
75.2774 4294967295
75.5089 4294967295
75.5089 4294967295
75.7157 4294967295
75.7157 4294967295
75.74 4294967295
75.74 4294967295
75.9685 4294967295
75.9685 4294967295
76.177 4294967295
76.177 4294967295
76.2072 4294967295
76.2072 4294967295
76.4396 4294967295
76.4396 4294967295
76.6468 4294967295
76.6468 4294967295
76.68 4294967295
76.68 4294967295
76.9127 4294967295
76.9127 4294967295
77.1199 4294967295
77.1199 4294967295
77.1519 4294967295
77.1519 4294967295
77.3753 4294967295
77.3753 4294967295
77.583 4294967295
77.583 4294967295
77.6115 4294967295
77.6115 4294967295
77.843 4294967295
77.843 4294967295
78.0506 4294967295
78.0506 4294967295
78.0834 4294967295
78.0834 4294967295
78.3162 4294967295
78.3162 4294967295
78.5238 4294967295
78.5238 4294967295
78.5566 4294967295
78.5566 4294967295
78.7898 4294967295
78.7898 4294967295
78.997 4294967295
78.997 4294967295
79.0204 4294967295
79.0204 4294967295
79.249 4294967295
79.249 4294967295
79.4562 4294967295
79.4562 4294967295
79.4873 4294967295
79.4873 4294967295
79.7196 4294967295
79.7196 4294967295
79.9273 4294967295
79.9273 4294967295
79.96 4294967295
79.96 4294967295
80.1928 4294967295
80.1928 4294967295
80.4004 4294967295
80.4004 4294967295
80.4332 4294967295
80.4332 4294967295
80.6562 4294967295
80.6562 4294967295
80.8634 4294967295
80.8634 4294967295
80.892 4294967295
80.892 4294967295
81.1231 4294967295
81.1231 4294967295
81.3303 4294967295
81.3303 4294967295
81.3626 4294967295
81.3626 4294967295
81.5958 4294967295
81.5958 4294967295
81.803 4294967295
81.803 4294967295
81.8362 4294967295
81.8362 4294967295
82.0694 4294967295
82.0694 4294967295
82.2766 4294967295
82.2766 4294967295
82.3005 4294967295
82.3005 4294967295
82.529 4294967295
82.529 4294967295
82.7363 4294967295
82.7363 4294967295
82.7678 4294967295
82.7678 4294967295
83.0005 4294967295
83.0005 4294967295
83.2077 4294967295
83.2077 4294967295
83.2409 4294967295
83.2409 4294967295
83.4741 4294967295
83.4741 4294967295
83.6789 4294967295
83.6789 4294967295
83.8846 4294967295
83.8846 4294967295
84.0918 4294967295
84.0918 4294967295
84.1118 4294967295
84.1118 4294967295
84.3387 4294967295
84.3387 4294967295
84.5463 4294967295
84.5463 4294967295
84.5765 4294967295
84.5765 4294967295
84.8089 4294967295
84.8089 4294967295
85.0165 4294967295
85.0165 4294967295
85.0489 4294967295
85.0489 4294967295
85.2723 4294967295
85.2723 4294967295
85.48 4294967295
85.48 4294967295
85.5085 4294967295
85.5085 4294967295
85.74 4294967295
85.74 4294967295
85.9476 4294967295
85.9476 4294967295
85.9804 4294967295
85.9804 4294967295
86.2132 4294967295
86.2132 4294967295
86.4208 4294967295
86.4208 4294967295
86.4536 4294967295
86.4536 4294967295
86.6868 4294967295
86.6868 4294967295
86.8936 4294967295
86.8936 4294967295
86.917 4294967295
86.917 4294967295
87.146 4294967295
87.146 4294967295
87.3532 4294967295
87.3532 4294967295
87.3847 4294967295
87.3847 4294967295
87.617 4294967295
87.617 4294967295
87.8247 4294967295
87.8247 4294967295
87.8575 4294967295
87.8575 4294967295
88.0902 4294967295
88.0902 4294967295
88.2979 4294967295
88.2979 4294967295
88.3306 4294967295
88.3306 4294967295
88.5537 4294967295
88.5537 4294967295
88.7613 4294967295
88.7613 4294967295
88.7894 4294967295
88.7894 4294967295
89.0205 4294967295
89.0205 4294967295
89.2281 4294967295
89.2281 4294967295
89.2605 4294967295
89.2605 4294967295
89.4932 4294967295
89.4932 4294967295
89.7009 4294967295
89.7009 4294967295
89.7337 4294967295
89.7337 4294967295
89.9669 4294967295
89.9669 4294967295
90.1741 4294967295
90.1741 4294967295
90.1975 4294967295
90.1975 4294967295
90.4265 4294967295
90.4265 4294967295
90.6337 4294967295
90.6337 4294967295
90.6652 4294967295
90.6652 4294967295
90.898 4294967295
90.898 4294967295
91.1052 4294967295
91.1052 4294967295
91.1384 4294967295
91.1384 4294967295
91.3716 4294967295
91.3716 4294967295
91.5788 4294967295
91.5788 4294967295
91.612 4294967295
91.612 4294967295
91.8358 4294967295
91.8358 4294967295
92.0426 4294967295
92.0426 4294967295
92.0716 4294967295
92.0716 4294967295
92.3031 4294967295
92.3031 4294967295
92.5103 4294967295
92.5103 4294967295
92.5431 4294967295
92.5431 4294967295
92.7763 4294967295
92.7763 4294967295
92.9835 4294967295
92.9835 4294967295
93.0167 4294967295
93.0167 4294967295
93.2499 4294967295
93.2499 4294967295
93.4571 4294967295
93.4571 4294967295
93.4814 4294967295
93.4814 4294967295
93.7095 4294967295
93.7095 4294967295
93.9167 4294967295
93.9167 4294967295
93.9427 4294967295
93.9427 4294967295
94.1478 4294967295
94.1478 4294967295
94.355 4294967295
94.355 4294967295
94.366 4294967295
94.366 4294967295
94.5882 4294967295
94.5882 4294967295
94.7966 4294967295
94.7966 4294967295
94.8243 4294967295
94.8243 4294967295
95.0554 4294967295
95.0554 4294967295
95.2626 4294967295
95.2626 4294967295
95.295 4294967295
95.295 4294967295
95.5282 4294967295
95.5282 4294967295
95.7349 4294967295
95.7349 4294967295
95.7631 4294967295
95.7631 4294967295
95.9895 4294967295
95.9895 4294967295
96.1967 4294967295
96.1967 4294967295
96.2269 4294967295
96.2269 4294967295
96.4593 4294967295
96.4593 4294967295
96.6665 4294967295
96.6665 4294967295
96.6997 4294967295
96.6997 4294967295
96.9329 4294967295
96.9329 4294967295
97.1405 4294967295
97.1405 4294967295
97.1737 4294967295
97.1737 4294967295
97.4027 4294967295
97.4027 4294967295
97.6095 4294967295
97.6095 4294967295
97.6359 4294967295
97.6359 4294967295
97.8661 4294967295
97.8661 4294967295
98.0733 4294967295
98.0733 4294967295
98.1052 4294967295
98.1052 4294967295
98.3384 4294967295
98.3384 4294967295
98.5456 4294967295
98.5456 4294967295
98.5788 4294967295
98.5788 4294967295
98.812 4294967295
98.812 4294967295
99.0193 4294967295
99.0193 4294967295
99.0478 4294967295
99.0478 4294967295
99.2734 4294967295
99.2734 4294967295
99.4806 4294967295
99.4806 4294967295
99.5104 4294967295
99.5104 4294967295
99.7419 4294967295
99.7419 4294967295
99.9495 4294967295
99.9495 4294967295
99.9819 4294967295
99.9819 4294967295
100.215 4294967295
100.215 4294967295
100.422 4294967295
100.422 4294967295
100.455 4294967295
100.455 4294967295
100.684 4294967295
100.684 4294967295
100.892 4294967295
100.892 4294967295
100.917 4294967295
100.917 4294967295
101.146 4294967295
101.146 4294967295
101.354 4294967295
101.354 4294967295
101.385 4294967295
101.385 4294967295
101.618 4294967295
101.618 4294967295
101.825 4294967295
101.825 4294967295
101.858 4294967295
101.858 4294967295
102.092 4294967295
102.092 4294967295
102.299 4294967295
102.299 4294967295
102.328 4294967295
102.328 4294967295
102.554 4294967295
102.554 4294967295
102.761 4294967295
102.761 4294967295
102.791 4294967295
102.791 4294967295
103.023 4294967295
103.023 4294967295
103.23 4294967295
103.23 4294967295
103.263 4294967295
103.263 4294967295
103.496 4294967295
103.496 4294967295
103.704 4294967295
103.704 4294967295
103.737 4294967295
103.737 4294967295
103.967 4294967295
103.967 4294967295
104.174 4294967295
104.174 4294967295
104.199 4294967295
104.199 4294967295
104.428 4294967295
104.428 4294967295
104.633 4294967295
104.633 4294967295
104.839 4294967295
104.839 4294967295
105.046 4294967295
105.046 4294967295
105.065 4294967295
105.065 4294967295
105.292 4294967295
105.292 4294967295
105.5 4294967295
105.5 4294967295
105.533 4294967295
105.533 4294967295
105.756 4294967295
105.756 4294967295
105.964 4294967295
105.964 4294967295
105.991 4294967295
105.991 4294967295
106.223 4294967295
106.223 4294967295
106.43 4294967295
106.43 4294967295
106.462 4294967295
106.462 4294967295
106.695 4294967295
106.695 4294967295
106.903 4294967295
106.903 4294967295
106.935 4294967295
106.935 4294967295
107.168 4294967295
107.168 4294967295
107.376 4294967295
107.376 4294967295
107.399 4294967295
107.399 4294967295
107.628 4294967295
107.628 4294967295
107.835 4294967295
107.835 4294967295
107.866 4294967295
107.866 4294967295
108.098 4294967295
108.098 4294967295
108.306 4294967295
108.306 4294967295
108.338 4294967295
108.338 4294967295
108.572 4294967295
108.572 4294967295
108.779 4294967295
108.779 4294967295
108.812 4294967295
108.812 4294967295
109.035 4294967295
109.035 4294967295
109.243 4294967295
109.243 4294967295
109.271 4294967295
109.271 4294967295
109.503 4294967295
109.503 4294967295
109.71 4294967295
109.71 4294967295
109.743 4294967295
109.743 4294967295
109.975 4294967295
109.975 4294967295
110.183 4294967295
110.183 4294967295
110.216 4294967295
110.216 4294967295
110.449 4294967295
110.449 4294967295
110.656 4294967295
110.656 4294967295
110.68 4294967295
110.68 4294967295
110.909 4294967295
110.909 4294967295
111.116 4294967295
111.116 4294967295
111.147 4294967295
111.147 4294967295
111.379 4294967295
111.379 4294967295
111.586 4294967295
111.586 4294967295
111.62 4294967295
111.62 4294967295
111.853 4294967295
111.853 4294967295
112.06 4294967295
112.06 4294967295
112.093 4294967295
112.093 4294967295
112.317 4294967295
112.317 4294967295
112.524 4294967295
112.524 4294967295
112.552 4294967295
112.552 4294967295
112.784 4294967295
112.784 4294967295
112.991 4294967295
112.991 4294967295
113.024 4294967295
113.024 4294967295
113.257 4294967295
113.257 4294967295
113.464 4294967295
113.464 4294967295
113.497 4294967295
113.497 4294967295
113.73 4294967295
113.73 4294967295
113.938 4294967295
113.938 4294967295
113.963 4294967295
113.963 4294967295
114.19 4294967295
114.19 4294967295
114.398 4294967295
114.398 4294967295
114.428 4294967295
114.428 4294967295
114.66 4294967295
114.66 4294967295
114.868 4294967295
114.868 4294967295
114.9 4294967295
114.9 4294967295
115.105 4294967295
115.105 4294967295
115.311 4294967295
115.311 4294967295
115.518 4294967295
115.518 4294967295
115.538 4294967295
115.538 4294967295
115.765 4294967295
115.765 4294967295
115.972 4294967295
115.972 4294967295
116.002 4294967295
116.002 4294967295
116.235 4294967295
116.235 4294967295
116.443 4294967295
116.443 4294967295
116.472 4294967295
116.472 4294967295
116.697 4294967295
116.697 4294967295
116.904 4294967295
116.904 4294967295
116.933 4294967295
116.933 4294967295
117.165 4294967295
117.165 4294967295
117.372 4294967295
117.372 4294967295
117.405 4294967295
117.405 4294967295
117.638 4294967295
117.638 4294967295
117.845 4294967295
117.845 4294967295
117.878 4294967295
117.878 4294967295
118.109 4294967295
118.109 4294967295
118.316 4294967295
118.316 4294967295
118.341 4294967295
118.341 4294967295
118.569 4294967295
118.569 4294967295
118.777 4294967295
118.777 4294967295
118.808 4294967295
118.808 4294967295
119.041 4294967295
119.041 4294967295
119.248 4294967295
119.248 4294967295
119.281 4294967295
119.281 4294967295
119.514 4294967295
119.514 4294967295
119.721 4294967295
119.721 4294967295
119.753 4294967295
119.753 4294967295
119.977 4294967295
119.977 4294967295
120.184 4294967295
120.184 4294967295
120.213 4294967295
120.213 4294967295
120.445 4294967295
120.445 4294967295
120.652 4294967295
120.652 4294967295
120.685 4294967295
120.685 4294967295
120.918 4294967295
120.918 4294967295
121.126 4294967295
121.126 4294967295
121.158 4294967295
121.158 4294967295
121.391 4294967295
121.391 4294967295
121.598 4294967295
121.598 4294967295
121.622 4294967295
121.622 4294967295
121.85 4294967295
121.85 4294967295
122.058 4294967295
122.058 4294967295
122.089 4294967295
122.089 4294967295
122.321 4294967295
122.321 4294967295
122.528 4294967295
122.528 4294967295
122.561 4294967295
122.561 4294967295
122.794 4294967295
122.794 4294967295
123.001 4294967295
123.001 4294967295
123.034 4294967295
123.034 4294967295
123.257 4294967295
123.257 4294967295
123.465 4294967295
123.465 4294967295
123.493 4294967295
123.493 4294967295
123.724 4294967295
123.724 4294967295
123.932 4294967295
123.932 4294967295
123.964 4294967295
123.964 4294967295
124.197 4294967295
124.197 4294967295
124.404 4294967295
124.404 4294967295
124.437 4294967295
124.437 4294967295
124.67 4294967295
124.67 4294967295
124.878 4294967295
124.878 4294967295
124.901 4294967295
124.901 4294967295
125.13 4294967295
125.13 4294967295
125.335 4294967295
125.335 4294967295
125.539 4294967295
125.539 4294967295
125.747 4294967295
125.747 4294967295
125.766 4294967295
125.766 4294967295
125.993 4294967295
125.993 4294967295
126.201 4294967295
126.201 4294967295
126.231 4294967295
126.231 4294967295
126.463 4294967295
126.463 4294967295
126.671 4294967295
126.671 4294967295
126.704 4294967295
126.704 4294967295
126.937 4294967295
126.937 4294967295
127.144 4294967295
127.144 4294967295
127.168 4294967295
127.168 4294967295
127.397 4294967295
127.397 4294967295
127.604 4294967295
127.604 4294967295
127.635 4294967295
127.635 4294967295
127.868 4294967295
127.868 4294967295
128.075 4294967295
128.075 4294967295
128.108 4294967295
128.108 4294967295
128.342 4294967295
128.342 4294967295
128.549 4294967295
128.549 4294967295
128.582 4294967295
128.582 4294967295
128.807 4294967295
128.807 4294967295
129.014 4294967295
129.014 4294967295
129.042 4294967295
129.042 4294967295
129.273 4294967295
129.273 4294967295
129.48 4294967295
129.48 4294967295
129.513 4294967295
129.513 4294967295
129.746 4294967295
129.746 4294967295
129.954 4294967295
129.954 4294967295
129.987 4294967295
129.987 4294967295
130.22 4294967295
130.22 4294967295
130.427 4294967295
130.427 4294967295
130.452 4294967295
130.452 4294967295
130.68 4294967295
130.68 4294967295
130.887 4294967295
130.887 4294967295
130.917 4294967295
130.917 4294967295
131.149 4294967295
131.149 4294967295
131.357 4294967295
131.357 4294967295
131.389 4294967295
131.389 4294967295
131.622 4294967295
131.622 4294967295
131.83 4294967295
131.83 4294967295
131.863 4294967295
131.863 4294967295
132.088 4294967295
132.088 4294967295
132.295 4294967295
132.295 4294967295
132.322 4294967295
132.322 4294967295
132.552 4294967295
132.552 4294967295
132.76 4294967295
132.76 4294967295
132.792 4294967295
132.792 4294967295
133.025 4294967295
133.025 4294967295
133.232 4294967295
133.232 4294967295
133.265 4294967295
133.265 4294967295
133.498 4294967295
133.498 4294967295
133.705 4294967295
133.705 4294967295
133.732 4294967295
133.732 4294967295
133.959 4294967295
133.959 4294967295
134.166 4294967295
134.166 4294967295
134.197 4294967295
134.197 4294967295
134.429 4294967295
134.429 4294967295
134.637 4294967295
134.637 4294967295
134.67 4294967295
134.67 4294967295
134.903 4294967295
134.903 4294967295
135.11 4294967295
135.11 4294967295
135.143 4294967295
135.143 4294967295
135.37 4294967295
135.37 4294967295
135.577 4294967295
135.577 4294967295
135.604 4294967295
135.604 4294967295
135.83 4294967295
135.83 4294967295
136.034 4294967295
136.034 4294967295
136.043 4294967295
136.043 4294967295
136.254 4294967295
136.254 4294967295
136.465 4294967295
136.465 4294967295
136.485 4294967295
136.485 4294967295
136.714 4294967295
136.714 4294967295
136.923 4294967295
136.923 4294967295
136.953 4294967295
136.953 4294967295
137.178 4294967295
137.178 4294967295
137.385 4294967295
137.385 4294967295
137.414 4294967295
137.414 4294967295
137.646 4294967295
137.646 4294967295
137.853 4294967295
137.853 4294967295
137.886 4294967295
137.886 4294967295
138.118 4294967295
138.118 4294967295
138.326 4294967295
138.326 4294967295
138.359 4294967295
138.359 4294967295
138.591 4294967295
138.591 4294967295
138.798 4294967295
138.798 4294967295
138.822 4294967295
138.822 4294967295
139.051 4294967295
139.051 4294967295
139.258 4294967295
139.258 4294967295
139.289 4294967295
139.289 4294967295
139.522 4294967295
139.522 4294967295
139.729 4294967295
139.729 4294967295
139.762 4294967295
139.762 4294967295
139.995 4294967295
139.995 4294967295
140.202 4294967295
140.202 4294967295
140.235 4294967295
140.235 4294967295
140.459 4294967295
140.459 4294967295
140.666 4294967295
140.666 4294967295
140.695 4294967295
140.695 4294967295
140.927 4294967295
140.927 4294967295
141.134 4294967295
141.134 4294967295
141.167 4294967295
141.167 4294967295
141.4 4294967295
141.4 4294967295
141.607 4294967295
141.607 4294967295
141.64 4294967295
141.64 4294967295
141.873 4294967295
141.873 4294967295
142.081 4294967295
142.081 4294967295
142.104 4294967295
142.104 4294967295
142.333 4294967295
142.333 4294967295
142.54 4294967295
142.54 4294967295
142.571 4294967295
142.571 4294967295
142.804 4294967295
142.804 4294967295
143.011 4294967295
143.011 4294967295
143.044 4294967295
143.044 4294967295
143.277 4294967295
143.277 4294967295
143.484 4294967295
143.484 4294967295
143.517 4294967295
143.517 4294967295
143.74 4294967295
143.74 4294967295
143.948 4294967295
143.948 4294967295
143.975 4294967295
143.975 4294967295
144.206 4294967295
144.206 4294967295
144.413 4294967295
144.413 4294967295
144.445 4294967295
144.445 4294967295
144.678 4294967295
144.678 4294967295
144.885 4294967295
144.885 4294967295
144.919 4294967295
144.919 4294967295
145.152 4294967295
145.152 4294967295
145.359 4294967295
145.359 4294967295
145.382 4294967295
145.382 4294967295
145.611 4294967295
145.611 4294967295
145.818 4294967295
145.818 4294967295
145.85 4294967295
145.85 4294967295
146.082 4294967295
146.082 4294967295
146.287 4294967295
146.287 4294967295
146.492 4294967295
146.492 4294967295
146.7 4294967295
146.7 4294967295
146.719 4294967295
146.719 4294967295
146.946 4294967295
146.946 4294967295
147.153 4294967295
147.153 4294967295
147.184 4294967295
147.184 4294967295
147.417 4294967295
147.417 4294967295
147.624 4294967295
147.624 4294967295
147.65 4294967295
147.65 4294967295
147.878 4294967295
147.878 4294967295
148.085 4294967295
148.085 4294967295
148.115 4294967295
148.115 4294967295
148.348 4294967295
148.348 4294967295
148.555 4294967295
148.555 4294967295
148.588 4294967295
148.588 4294967295
148.821 4294967295
148.821 4294967295
149.029 4294967295
149.029 4294967295
149.062 4294967295
149.062 4294967295
149.289 4294967295
149.289 4294967295
149.496 4294967295
149.496 4294967295
149.523 4294967295
149.523 4294967295
149.753 4294967295
149.753 4294967295
149.961 4294967295
149.961 4294967295
149.993 4294967295
149.993 4294967295
150.226 4294967295
150.226 4294967295
150.433 4294967295
150.433 4294967295
150.467 4294967295
150.467 4294967295
150.7 4294967295
150.7 4294967295
150.907 4294967295
150.907 4294967295
150.934 4294967295
150.934 4294967295
151.161 4294967295
151.161 4294967295
151.368 4294967295
151.368 4294967295
151.399 4294967295
151.399 4294967295
151.631 4294967295
151.631 4294967295
151.838 4294967295
151.838 4294967295
151.872 4294967295
151.872 4294967295
152.105 4294967295
152.105 4294967295
152.312 4294967295
152.312 4294967295
152.345 4294967295
152.345 4294967295
152.573 4294967295
152.573 4294967295
152.78 4294967295
152.78 4294967295
152.807 4294967295
152.807 4294967295
153.036 4294967295
153.036 4294967295
153.244 4294967295
153.244 4294967295
153.276 4294967295
153.276 4294967295
153.508 4294967295
153.508 4294967295
153.716 4294967295
153.716 4294967295
153.749 4294967295
153.749 4294967295
153.982 4294967295
153.982 4294967295
154.189 4294967295
154.189 4294967295
154.218 4294967295
154.218 4294967295
154.444 4294967295
154.444 4294967295
154.651 4294967295
154.651 4294967295
154.681 4294967295
154.681 4294967295
154.913 4294967295
154.913 4294967295
155.12 4294967295
155.12 4294967295
155.153 4294967295
155.153 4294967295
155.386 4294967295
155.386 4294967295
155.593 4294967295
155.593 4294967295
155.626 4294967295
155.626 4294967295
155.855 4294967295
155.855 4294967295
156.062 4294967295
156.062 4294967295
156.088 4294967295
156.088 4294967295
156.317 4294967295
156.317 4294967295
156.525 4294967295
156.525 4294967295
156.556 4294967295
156.556 4294967295
156.789 4294967295
156.789 4294967295
156.993 4294967295
156.993 4294967295
157.001 4294967295
157.001 4294967295
157.209 4294967295
157.209 4294967295
157.42 4294967295
157.42 4294967295
157.439 4294967295
157.439 4294967295
157.667 4294967295
157.667 4294967295
157.874 4294967295
157.874 4294967295
157.906 4294967295
157.906 4294967295
158.139 4294967295
158.139 4294967295
158.346 4294967295
158.346 4294967295
158.375 4294967295
158.375 4294967295
158.601 4294967295
158.601 4294967295
158.809 4294967295
158.809 4294967295
158.838 4294967295
158.838 4294967295
159.07 4294967295
159.07 4294967295
159.277 4294967295
159.277 4294967295
159.31 4294967295
159.31 4294967295
159.543 4294967295
159.543 4294967295
159.751 4294967295
159.751 4294967295
159.784 4294967295
159.784 4294967295
160.014 4294967295
160.014 4294967295
160.22 4294967295
160.22 4294967295
160.246 4294967295
160.246 4294967295
160.475 4294967295
160.475 4294967295
160.682 4294967295
160.682 4294967295
160.714 4294967295
160.714 4294967295
160.946 4294967295
160.946 4294967295
161.154 4294967295
161.154 4294967295
161.187 4294967295
161.187 4294967295
161.42 4294967295
161.42 4294967295
161.627 4294967295
161.627 4294967295
161.658 4294967295
161.658 4294967295
161.883 4294967295
161.883 4294967295
162.09 4294967295
162.09 4294967295
162.119 4294967295
162.119 4294967295
162.351 4294967295
162.351 4294967295
162.558 4294967295
162.558 4294967295
162.592 4294967295
162.592 4294967295
162.825 4294967295
162.825 4294967295
163.032 4294967295
163.032 4294967295
163.065 4294967295
163.065 4294967295
163.296 4294967295
163.296 4294967295
163.503 4294967295
163.503 4294967295
163.528 4294967295
163.528 4294967295
163.757 4294967295
163.757 4294967295
163.964 4294967295
163.964 4294967295
163.996 4294967295
163.996 4294967295
164.229 4294967295
164.229 4294967295
164.436 4294967295
164.436 4294967295
164.469 4294967295
164.469 4294967295
164.702 4294967295
164.702 4294967295
164.909 4294967295
164.909 4294967295
164.941 4294967295
164.941 4294967295
165.165 4294967295
165.165 4294967295
165.372 4294967295
165.372 4294967295
165.401 4294967295
165.401 4294967295
165.633 4294967295
165.633 4294967295
165.84 4294967295
165.84 4294967295
165.872 4294967295
165.872 4294967295
166.105 4294967295
166.105 4294967295
166.312 4294967295
166.312 4294967295
166.346 4294967295
166.346 4294967295
166.578 4294967295
166.578 4294967295
166.785 4294967295
166.785 4294967295
166.809 4294967295
166.809 4294967295
167.037 4294967295
167.037 4294967295
167.242 4294967295
167.242 4294967295
167.447 4294967295
167.447 4294967295
167.654 4294967295
167.654 4294967295
167.673 4294967295
167.673 4294967295
167.899 4294967295
167.899 4294967295
168.107 4294967295
168.107 4294967295
168.136 4294967295
168.136 4294967295
168.368 4294967295
168.368 4294967295
168.575 4294967295
168.575 4294967295
168.608 4294967295
168.608 4294967295
168.841 4294967295
168.841 4294967295
169.048 4294967295
169.048 4294967295
169.074 4294967295
169.074 4294967295
169.302 4294967295
169.302 4294967295
169.509 4294967295
169.509 4294967295
169.54 4294967295
169.54 4294967295
169.772 4294967295
169.772 4294967295
169.979 4294967295
169.979 4294967295
170.012 4294967295
170.012 4294967295
170.245 4294967295
170.245 4294967295
170.453 4294967295
170.453 4294967295
170.486 4294967295
170.486 4294967295
170.712 4294967295
170.712 4294967295
170.92 4294967295
170.92 4294967295
170.947 4294967295
170.947 4294967295
171.177 4294967295
171.177 4294967295
171.385 4294967295
171.385 4294967295
171.417 4294967295
171.417 4294967295
171.65 4294967295
171.65 4294967295
171.857 4294967295
171.857 4294967295
171.891 4294967295
171.891 4294967295
172.124 4294967295
172.124 4294967295
172.331 4294967295
172.331 4294967295
172.358 4294967295
172.358 4294967295
172.585 4294967295
172.585 4294967295
172.792 4294967295
172.792 4294967295
172.823 4294967295
172.823 4294967295
173.055 4294967295
173.055 4294967295
173.263 4294967295
173.263 4294967295
173.296 4294967295
173.296 4294967295
173.529 4294967295
173.529 4294967295
173.736 4294967295
173.736 4294967295
173.769 4294967295
173.769 4294967295
173.997 4294967295
173.997 4294967295
174.204 4294967295
174.204 4294967295
174.23 4294967295
174.23 4294967295
174.46 4294967295
174.46 4294967295
174.668 4294967295
174.668 4294967295
174.7 4294967295
174.7 4294967295
174.933 4294967295
174.933 4294967295
175.14 4294967295
175.14 4294967295
175.173 4294967295
175.173 4294967295
175.406 4294967295
175.406 4294967295
175.613 4294967295
175.613 4294967295
175.641 4294967295
175.641 4294967295
175.868 4294967295
175.868 4294967295
176.075 4294967295
176.075 4294967295
176.105 4294967295
176.105 4294967295
176.338 4294967295
176.338 4294967295
176.545 4294967295
176.545 4294967295
176.578 4294967295
176.578 4294967295
176.811 4294967295
176.811 4294967295
177.018 4294967295
177.018 4294967295
177.052 4294967295
177.052 4294967295
177.28 4294967295
177.28 4294967295
177.487 4294967295
177.487 4294967295
177.513 4294967295
177.513 4294967295
177.718 4294967295
177.718 4294967295
177.924 4294967295
177.924 4294967295
178.131 4294967295
178.131 4294967295
178.151 4294967295
178.151 4294967295
178.378 4294967295
178.378 4294967295
178.585 4294967295
178.585 4294967295
178.618 4294967295
178.618 4294967295
178.841 4294967295
178.841 4294967295
179.048 4294967295
179.048 4294967295
179.077 4294967295
179.077 4294967295
179.307 4294967295
179.307 4294967295
179.515 4294967295
179.515 4294967295
179.547 4294967295
179.547 4294967295
179.78 4294967295
179.78 4294967295
179.987 4294967295
179.987 4294967295
180.02 4294967295
180.02 4294967295
180.253 4294967295
180.253 4294967295
180.46 4294967295
180.46 4294967295
180.484 4294967295
180.484 4294967295
180.713 4294967295
180.713 4294967295
180.92 4294967295
180.92 4294967295
180.951 4294967295
180.951 4294967295
181.184 4294967295
181.184 4294967295
181.391 4294967295
181.391 4294967295
181.424 4294967295
181.424 4294967295
181.658 4294967295
181.658 4294967295
181.865 4294967295
181.865 4294967295
181.898 4294967295
181.898 4294967295
182.123 4294967295
182.123 4294967295
182.33 4294967295
182.33 4294967295
182.358 4294967295
182.358 4294967295
182.589 4294967295
182.589 4294967295
182.796 4294967295
182.796 4294967295
182.829 4294967295
182.829 4294967295
183.062 4294967295
183.062 4294967295
183.27 4294967295
183.27 4294967295
183.303 4294967295
183.303 4294967295
183.536 4294967295
183.536 4294967295
183.743 4294967295
183.743 4294967295
183.769 4294967295
183.769 4294967295
183.996 4294967295
183.996 4294967295
184.204 4294967295
184.204 4294967295
184.234 4294967295
184.234 4294967295
184.466 4294967295
184.466 4294967295
184.673 4294967295
184.673 4294967295
184.706 4294967295
184.706 4294967295
184.939 4294967295
184.939 4294967295
185.146 4294967295
185.146 4294967295
185.179 4294967295
185.179 4294967295
185.405 4294967295
185.405 4294967295
185.612 4294967295
185.612 4294967295
185.639 4294967295
185.639 4294967295
185.869 4294967295
185.869 4294967295
186.076 4294967295
186.076 4294967295
186.108 4294967295
186.108 4294967295
186.34 4294967295
186.34 4294967295
186.548 4294967295
186.548 4294967295
186.581 4294967295
186.581 4294967295
186.814 4294967295
186.814 4294967295
187.021 4294967295
187.021 4294967295
187.048 4294967295
187.048 4294967295
187.275 4294967295
187.275 4294967295
187.482 4294967295
187.482 4294967295
187.512 4294967295
187.512 4294967295
187.745 4294967295
187.745 4294967295
187.952 4294967295
187.952 4294967295
187.957 4294967295
187.957 4294967295
188.164 4294967295
188.164 4294967295
188.371 4294967295
188.371 4294967295
188.391 4294967295
188.391 4294967295
188.618 4294967295
188.618 4294967295
188.826 4294967295
188.826 4294967295
188.857 4294967295
188.857 4294967295
189.082 4294967295
189.082 4294967295
189.289 4294967295
189.289 4294967295
189.318 4294967295
189.318 4294967295
189.55 4294967295
189.55 4294967295
189.757 4294967295
189.757 4294967295
189.79 4294967295
189.79 4294967295
190.023 4294967295
190.023 4294967295
190.23 4294967295
190.23 4294967295
190.263 4294967295
190.263 4294967295
190.495 4294967295
190.495 4294967295
190.702 4294967295
190.702 4294967295
190.726 4294967295
190.726 4294967295
190.955 4294967295
190.955 4294967295
191.162 4294967295
191.162 4294967295
191.193 4294967295
191.193 4294967295
191.426 4294967295
191.426 4294967295
191.633 4294967295
191.633 4294967295
191.666 4294967295
191.666 4294967295
191.899 4294967295
191.899 4294967295
192.107 4294967295
192.107 4294967295
192.139 4294967295
192.139 4294967295
192.362 4294967295
192.362 4294967295
192.57 4294967295
192.57 4294967295
192.598 4294967295
192.598 4294967295
192.83 4294967295
192.83 4294967295
193.038 4294967295
193.038 4294967295
193.07 4294967295
193.07 4294967295
193.303 4294967295
193.303 4294967295
193.511 4294967295
193.511 4294967295
193.544 4294967295
193.544 4294967295
193.777 4294967295
193.777 4294967295
193.984 4294967295
193.984 4294967295
194.007 4294967295
194.007 4294967295
194.236 4294967295
194.236 4294967295
194.443 4294967295
194.443 4294967295
194.474 4294967295
194.474 4294967295
194.707 4294967295
194.707 4294967295
194.914 4294967295
194.914 4294967295
194.947 4294967295
194.947 4294967295
195.18 4294967295
195.18 4294967295
195.387 4294967295
195.387 4294967295
195.42 4294967295
195.42 4294967295
195.643 4294967295
195.643 4294967295
195.85 4294967295
195.85 4294967295
195.879 4294967295
195.879 4294967295
196.11 4294967295
196.11 4294967295
196.317 4294967295
196.317 4294967295
196.35 4294967295
196.35 4294967295
196.583 4294967295
196.583 4294967295
196.79 4294967295
196.79 4294967295
196.823 4294967295
196.823 4294967295
197.056 4294967295
197.056 4294967295
197.264 4294967295
197.264 4294967295
197.287 4294967295
197.287 4294967295
197.516 4294967295
197.516 4294967295
197.723 4294967295
197.723 4294967295
197.755 4294967295
197.755 4294967295
197.988 4294967295
197.988 4294967295
198.195 4294967295
198.195 4294967295
198.228 4294967295
198.228 4294967295
198.434 4294967295
198.434 4294967295
198.638 4294967295
198.638 4294967295
198.846 4294967295
198.846 4294967295
198.865 4294967295
198.865 4294967295
199.092 4294967295
199.092 4294967295
199.297 4294967295
199.297 4294967295
199.501 4294967295
199.501 4294967295
199.706 4294967295
199.706 4294967295
199.911 4294967295
199.911 4294967295
200.123 4294967295
200.123 4294967295
200.334 4294967295
200.334 4294967295
200.539 4294967295
200.539 4294967295
200.744 4294967295
200.744 4294967295
200.948 4294967295
200.948 4294967295
