0.010001 1 -0
0.110001 1 1.74897
0.110001 2 0.0727846
0.210001 1 2.30794
0.210001 2 0.114677
0.310001 1 2.49387
0.310001 2 0.124546
0.410001 1 2.59135
0.410001 2 0.129159
0.510001 1 2.64605
0.510001 2 0.131832
0.610001 1 2.68254
0.610001 2 0.133576
0.710001 1 2.7086
0.710001 2 0.134803
0.810001 1 2.7303
0.810001 2 0.135715
0.910001 1 2.74526
0.910001 2 0.136417
1.01 1 2.75724
1.01 2 0.136976
1.11 1 2.76703
1.11 2 0.137431
1.21 1 2.7752
1.21 2 0.137809
1.31 1 2.7834
1.31 2 0.138127
1.41 1 2.78923
1.41 2 0.138399
1.51 1 2.79428
1.51 2 0.138634
1.61 1 2.7987
1.61 2 0.13884
1.71 1 2.80261
1.71 2 0.13902
1.81 1 2.80699
1.81 2 0.139181
1.91 1 2.81005
1.91 2 0.139239
2.01 1 2.8268
2.01 2 0.139372
2.11 1 2.82941
2.11 2 0.139493
2.21 1 2.83179
2.21 2 0.139529
2.31 1 2.83395
2.31 2 0.139632
2.41 1 2.83593
2.41 2 0.139659
2.51 1 2.83775
2.51 2 0.139749
2.61 1 2.83943
2.61 2 0.139831
2.71 1 2.84099
2.71 2 0.139848
2.81 1 2.84243
2.81 2 0.139921
2.91 1 2.84377
2.91 2 0.139934
3.01 1 2.84502
3.01 2 0.139999
3.11 1 2.84619
3.11 2 0.14006
3.21 1 2.84729
3.21 2 0.140067
3.31 1 2.84832
3.31 2 0.140122
3.41 1 2.84929
3.41 2 0.140127
3.51 1 2.8502
3.51 2 0.140178
3.61 1 2.85062
3.61 2 0.140225
3.71 1 2.85101
3.71 2 0.140227
3.81 1 2.85138
3.81 2 0.14027
3.91 1 2.85214
3.91 2 0.140629
4.01 1 2.85247
4.01 2 0.140661
4.11 1 2.85278
4.11 2 0.140691
4.21 1 2.85307
4.21 2 0.140719
4.31 1 2.85335
4.31 2 0.140746
4.41 1 2.85399
4.41 2 0.140772
4.51 1 2.85423
4.51 2 0.140796
4.61 1 2.85447
4.61 2 0.14082
4.71 1 2.8547
4.71 2 0.140843
4.81 1 2.85525
4.81 2 0.140864
4.91 1 2.85545
4.91 2 0.140885
5.01 1 2.85564
5.01 2 0.140905
5.11 1 2.85583
5.11 2 0.140924
5.21 1 2.85601
5.21 2 0.140942
5.31 1 2.85649
5.31 2 0.14096
5.41 1 2.85665
5.41 2 0.140977
5.51 1 2.8568
5.51 2 0.140993
5.61 1 2.85695
5.61 2 0.141009
5.71 1 2.86207
5.71 2 0.140997
5.81 1 2.8624
5.81 2 0.141012
5.91 1 2.86271
5.91 2 0.141
6.01 1 2.86302
6.01 2 0.141014
6.11 1 2.86332
6.11 2 0.141028
6.21 1 2.86361
6.21 2 0.141017
6.31 1 2.86389
6.31 2 0.14103
6.41 1 2.86416
6.41 2 0.141019
6.51 1 2.86442
6.51 2 0.141032
6.61 1 2.86467
6.61 2 0.141045
6.71 1 2.86492
6.71 2 0.141034
6.81 1 2.86516
6.81 2 0.141046
6.91 1 2.86539
6.91 2 0.141035
7.01 1 2.86561
7.01 2 0.141047
7.11 1 2.86583
7.11 2 0.141059
7.21 1 2.86604
7.21 2 0.141048
7.31 1 2.86603
7.31 2 0.14106
7.41 1 2.86624
7.41 2 0.141049
7.51 1 2.86622
7.51 2 0.14106
7.61 1 2.86621
7.61 2 0.141071
7.71 1 2.86619
7.71 2 0.141243
7.81 1 2.86618
7.81 2 0.141251
7.91 1 2.86637
7.91 2 0.141259
8.01 1 2.86635
8.01 2 0.141267
8.11 1 2.86634
8.11 2 0.141274
8.21 1 2.86632
8.21 2 0.141282
8.31 1 2.86631
8.31 2 0.141289
8.41 1 2.86649
8.41 2 0.141296
8.51 1 2.86647
8.51 2 0.141302
8.61 1 2.86646
8.61 2 0.141309
8.71 1 2.86644
8.71 2 0.141316
8.81 1 2.86643
8.81 2 0.141322
8.91 1 2.86659
8.91 2 0.141328
9.01 1 2.86658
9.01 2 0.141334
9.11 1 2.86656
9.11 2 0.14134
9.21 1 2.86654
9.21 2 0.141346
9.31 1 2.8667
9.31 2 0.141352
9.41 1 2.86668
9.41 2 0.14134
9.51 1 2.86966
9.51 2 0.141346
9.61 1 2.86978
9.61 2 0.141351
9.71 1 2.8699
9.71 2 0.141341
9.81 1 2.87001
9.81 2 0.141346
9.91 1 2.87012
9.91 2 0.141336
10.01 1 2.87023
10.01 2 0.141341
10.11 1 2.85725
10.11 2 0.140756
10.21 1 2.83441
10.21 2 0.13991
10.31 1 2.81202
10.31 2 0.138801
10.41 1 2.78992
10.41 2 0.137715
10.51 1 2.77391
10.51 2 0.13665
10.61 1 2.75272
10.61 2 0.135606
10.71 1 2.73195
10.71 2 0.134582
10.81 1 2.71157
10.81 2 0.133573
10.91 1 2.69159
10.91 2 0.132838
11.01 1 2.67198
11.01 2 0.131868
11.11 1 2.65262
11.11 2 0.130915
11.21 1 2.63854
11.21 2 0.129981
11.31 1 2.61992
11.31 2 0.129063
11.41 1 2.60164
11.41 2 0.128157
11.51 1 2.58369
11.51 2 0.127498
11.61 1 2.56607
11.61 2 0.126626
11.71 1 2.54859
11.71 2 0.125769
11.81 1 2.53597
11.81 2 0.124927
11.91 1 2.51919
11.91 2 0.1241
12.01 1 2.50269
12.01 2 0.123288
12.11 1 2.48648
12.11 2 0.122687
12.21 1 2.47055
12.21 2 0.121899
12.31 1 2.45489
12.31 2 0.121124
12.41 1 2.43918
12.41 2 0.120362
12.51 1 2.42811
12.51 2 0.119613
12.61 1 2.41315
12.61 2 0.118876
12.71 1 2.39844
12.71 2 0.118144
12.81 1 2.38397
12.81 2 0.117615
12.91 1 2.36973
12.91 2 0.116911
13.01 1 2.35556
13.01 2 0.116218
13.11 1 2.34536
13.11 2 0.115536
13.21 1 2.33174
13.21 2 0.114865
13.31 1 2.31832
13.31 2 0.114204
13.41 1 2.30512
13.41 2 0.113715
13.51 1 2.29212
13.51 2 0.113072
13.61 1 2.27932
13.61 2 0.112439
13.71 1 2.26985
13.71 2 0.111816
13.81 1 2.25739
13.81 2 0.111202
13.91 1 2.24511
13.91 2 0.110597
14.01 1 2.23302
14.01 2 0.109993
14.11 1 2.22111
14.11 2 0.10956
14.21 1 2.20937
14.21 2 0.10898
14.31 1 2.19763
14.31 2 0.108408
14.41 1 2.18923
14.41 2 0.107844
14.51 1 2.17795
14.51 2 0.107288
14.61 1 2.16684
14.61 2 0.106732
14.71 1 2.15588
14.71 2 0.106335
14.81 1 2.14507
14.81 2 0.1058
14.91 1 2.13426
14.91 2 0.105274
15.01 1 2.12652
15.01 2 0.104754
15.11 1 2.11612
15.11 2 0.104242
15.21 1 2.10586
15.21 2 0.103736
15.31 1 2.09575
15.31 2 0.103362
15.41 1 2.08577
15.41 2 0.102869
15.51 1 2.07592
15.51 2 0.102382
15.61 1 2.06588
15.61 2 0.101902
15.71 1 2.05901
15.71 2 0.101428
15.81 1 2.04952
15.81 2 0.10096
15.91 1 2.04015
15.91 2 0.10049
16.01 1 2.03091
16.01 2 0.100157
16.11 1 2.02178
16.11 2 0.0997056
16.21 1 2.01259
16.21 2 0.0992604
16.31 1 2.00609
16.31 2 0.0988208
16.41 1 1.99728
16.41 2 0.0983869
16.51 1 1.98859
16.51 2 0.0979584
16.61 1 1.98
16.61 2 0.0976405
16.71 1 1.97152
16.71 2 0.0972214
16.81 1 1.96314
16.81 2 0.0968075
16.91 1 1.95693
16.91 2 0.0963986
17.01 1 1.94873
17.01 2 0.0959948
17.11 1 1.94064
17.11 2 0.0955959
17.21 1 1.93264
17.21 2 0.0951928
17.31 1 1.92473
17.31 2 0.0949094
17.41 1 1.91693
17.41 2 0.0945235
17.51 1 1.90903
17.51 2 0.0941423
17.61 1 1.90349
17.61 2 0.0937656
17.71 1 1.89593
17.71 2 0.0933933
17.81 1 1.88846
17.81 2 0.0930163
17.91 1 1.88108
17.91 2 0.0927522
18.01 1 1.87378
18.01 2 0.0923917
18.11 1 1.86644
18.11 2 0.0920354
18.21 1 1.86122
18.21 2 0.0916831
18.31 1 1.85415
18.31 2 0.0913348
18.41 1 1.84716
18.41 2 0.0909905
18.51 1 1.84025
18.51 2 0.0907348
18.61 1 1.83342
18.61 2 0.0903973
18.71 1 1.82666
18.71 2 0.0900635
18.81 1 1.81967
18.81 2 0.0897334
18.91 1 1.81502
18.91 2 0.0894069
19.01 1 1.80846
19.01 2 0.089084
19.11 1 1.80198
19.11 2 0.0887557
19.21 1 1.79557
19.21 2 0.0885274
19.31 1 1.78923
19.31 2 0.088214
19.41 1 1.78277
19.41 2 0.087904
19.51 1 1.77829
19.51 2 0.0875974
19.61 1 1.77213
19.61 2 0.087294
19.71 1 1.76604
19.71 2 0.0869937
19.81 1 1.76001
19.81 2 0.0867707
19.91 1 1.75404
19.91 2 0.086476
20.01 1 1.74814
20.01 2 0.0861843
20.01 3 -0
20.11 1 1.74355
20.11 2 0.0858858
20.11 3 1.74897
20.11 4 0.0727846
20.21 1 1.73784
20.21 2 0.0856044
20.21 3 3.09236
20.21 4 0.150235
20.31 1 1.73223
20.31 2 0.085328
20.31 3 3.59228
20.31 4 0.176578
20.41 1 1.72113
20.41 2 0.084797
20.41 3 3.80158
20.41 4 0.188104
20.51 1 1.71628
20.51 2 0.0845426
20.51 3 3.92706
20.51 4 0.193453
20.61 1 1.7095
20.61 2 0.0842084
20.61 3 4.01068
20.61 4 0.197653
20.71 1 1.70236
20.71 2 0.0838568
20.71 3 4.07039
20.71 4 0.200629
20.81 1 1.6953
20.81 2 0.0835088
20.81 3 4.11516
20.81 4 0.202847
20.91 1 1.68858
20.91 2 0.0831777
20.91 3 4.14941
20.91 4 0.204564
21.01 1 1.68192
21.01 2 0.0828499
21.01 3 4.17734
21.01 4 0.205933
21.11 1 1.67533
21.11 2 0.0825253
21.11 3 4.20019
21.11 4 0.20705
21.21 1 1.66894
21.21 2 0.0822103
21.21 3 4.21922
21.21 4 0.207979
21.31 1 1.66274
21.31 2 0.0819048
21.31 3 4.23532
21.31 4 0.208763
21.41 1 1.6566
21.41 2 0.0816022
21.41 3 4.24912
21.41 4 0.209434
21.51 1 1.65051
21.51 2 0.0813023
21.51 3 4.26108
21.51 4 0.210014
21.61 1 1.64448
21.61 2 0.0810052
21.61 3 4.27154
21.61 4 0.210522
21.71 1 1.6385
21.71 2 0.0807107
21.71 3 4.28077
21.71 4 0.210969
21.81 1 1.63258
21.81 2 0.0804189
21.81 3 4.28897
21.81 4 0.211366
21.91 1 1.62671
21.91 2 0.0801298
21.91 3 4.29631
21.91 4 0.211721
22.01 1 1.62089
22.01 2 0.0798432
22.01 3 4.30292
22.01 4 0.21204
22.11 1 1.61512
22.11 2 0.0795592
22.11 3 4.30889
22.11 4 0.212329
22.21 1 1.60941
22.21 2 0.0792777
22.21 3 4.31416
22.21 4 0.212591
22.31 1 1.60375
22.31 2 0.0789987
22.31 3 4.31913
22.31 4 0.212831
22.41 1 1.59559
22.41 2 0.0787221
22.41 3 4.32353
22.41 4 0.21305
22.51 1 1.59017
22.51 2 0.078448
22.51 3 4.32465
22.51 4 0.213251
22.61 1 1.58467
22.61 2 0.0781763
22.61 3 4.32864
22.61 4 0.213437
22.71 1 1.57922
22.71 2 0.0779069
22.71 3 4.33233
22.71 4 0.21361
22.81 1 1.57382
22.81 2 0.0776398
22.81 3 4.33576
22.81 4 0.213769
22.91 1 1.56846
22.91 2 0.0773751
22.91 3 4.33896
22.91 4 0.213918
23.01 1 1.5627
23.01 2 0.0771126
23.01 3 4.34182
23.01 4 0.214057
23.11 1 1.55755
23.11 2 0.0768524
23.11 3 4.34213
23.11 4 0.214176
23.21 1 1.55234
23.21 2 0.0764826
23.21 3 4.34482
23.21 4 0.214287
23.31 1 1.54717
23.31 2 0.0762276
23.31 3 4.34735
23.31 4 0.214292
23.41 1 1.54204
23.41 2 0.0759748
23.41 3 4.34974
23.41 4 0.214403
23.51 1 1.53695
23.51 2 0.0757241
23.51 3 4.35198
23.51 4 0.214508
23.61 1 1.53191
23.61 2 0.0754756
23.61 3 4.35401
23.61 4 0.214607
23.71 1 1.52691
23.71 2 0.075229
23.71 3 4.35602
23.71 4 0.214701
23.81 1 1.52195
23.81 2 0.0749691
23.81 3 4.35793
23.81 4 0.214781
23.91 1 1.51703
23.91 2 0.0747268
23.91 3 4.35973
23.91 4 0.214772
24.01 1 1.51215
24.01 2 0.0744865
24.01 3 4.36145
24.01 4 0.214854
24.11 1 1.50732
24.11 2 0.0742482
24.11 3 4.36308
24.11 4 0.214933
24.21 1 1.50252
24.21 2 0.0740118
24.21 3 4.36464
24.21 4 0.215008
24.31 1 1.49776
24.31 2 0.0737773
24.31 3 4.36612
24.31 4 0.215079
24.41 1 1.49303
24.41 2 0.0735447
24.41 3 4.36753
24.41 4 0.215147
24.51 1 1.48835
24.51 2 0.0733139
24.51 3 4.36888
24.51 4 0.215212
24.61 1 1.4837
24.61 2 0.073085
24.61 3 4.37018
24.61 4 0.215274
24.71 1 1.47909
24.71 2 0.072858
24.71 3 4.37141
24.71 4 0.215334
24.81 1 1.47452
24.81 2 0.0726327
24.81 3 4.3726
24.81 4 0.215391
24.91 1 1.46999
24.91 2 0.0724092
24.91 3 4.37367
24.91 4 0.215445
25.01 1 1.46549
25.01 2 0.0721875
25.01 3 4.37477
25.01 4 0.215498
25.11 1 1.46102
25.11 2 0.0719675
25.11 3 4.37582
25.11 4 0.215548
25.21 1 1.45659
25.21 2 0.0717493
25.21 3 4.37683
25.21 4 0.215597
25.31 1 1.45219
25.31 2 0.0715327
25.31 3 4.3778
25.31 4 0.215643
25.41 1 1.44581
25.41 2 0.0713178
25.41 3 4.37868
25.41 4 0.215688
25.51 1 1.44161
25.51 2 0.0711046
25.51 3 4.37817
25.51 4 0.215731
25.61 1 1.43733
25.61 2 0.070893
25.61 3 4.37907
25.61 4 0.215773
25.71 1 1.43308
25.71 2 0.0706831
25.71 3 4.37993
25.71 4 0.215813
25.81 1 1.42887
25.81 2 0.0704747
25.81 3 4.38077
25.81 4 0.215847
25.91 1 1.42468
25.91 2 0.070268
25.91 3 4.38158
25.91 4 0.215885
26.01 1 1.42018
26.01 2 0.0700628
26.01 3 4.3823
26.01 4 0.215921
26.11 1 1.41617
26.11 2 0.0698591
26.11 3 4.38179
26.11 4 0.215956
26.21 1 1.41208
26.21 2 0.0695684
26.21 3 4.38249
26.21 4 0.215985
26.31 1 1.40802
26.31 2 0.0693684
26.31 3 4.38322
26.31 4 0.21596
26.41 1 1.40399
26.41 2 0.0691699
26.41 3 4.38392
26.41 4 0.215993
26.51 1 1.4
26.51 2 0.0689729
26.51 3 4.38461
26.51 4 0.216025
26.61 1 1.39603
26.61 2 0.0687774
26.61 3 4.38527
26.61 4 0.216056
26.71 1 1.39209
26.71 2 0.0685833
26.71 3 4.38591
26.71 4 0.216086
26.81 1 1.38818
26.81 2 0.0683794
26.81 3 4.38654
26.81 4 0.216111
26.91 1 1.3843
26.91 2 0.0681883
26.91 3 4.38714
26.91 4 0.216086
27.01 1 1.38045
27.01 2 0.0679985
27.01 3 4.38773
27.01 4 0.216114
27.11 1 1.37663
27.11 2 0.0678101
27.11 3 4.3883
27.11 4 0.216141
27.21 1 1.37283
27.21 2 0.0676231
27.21 3 4.38886
27.21 4 0.216168
27.31 1 1.36906
27.31 2 0.0674374
27.31 3 4.3894
27.31 4 0.216194
27.41 1 1.36532
27.41 2 0.0672531
27.41 3 4.38993
27.41 4 0.216219
27.51 1 1.36161
27.51 2 0.0670701
27.51 3 4.3904
27.51 4 0.216244
27.61 1 1.35792
27.61 2 0.0668884
27.61 3 4.3909
27.61 4 0.216268
27.71 1 1.35425
27.71 2 0.0667079
27.71 3 4.39138
27.71 4 0.216291
27.81 1 1.35062
27.81 2 0.0665288
27.81 3 4.39186
27.81 4 0.216314
27.91 1 1.34701
27.91 2 0.0663509
27.91 3 4.39232
27.91 4 0.216336
28.01 1 1.34342
28.01 2 0.0661743
28.01 3 4.39277
28.01 4 0.216358
28.11 1 1.33986
28.11 2 0.0659989
28.11 3 4.39321
28.11 4 0.216379
28.21 1 1.33633
28.21 2 0.0658247
28.21 3 4.39364
28.21 4 0.2164
28.31 1 1.33282
28.31 2 0.0656518
28.31 3 4.39405
28.31 4 0.21642
28.41 1 1.32769
28.41 2 0.06548
28.41 3 4.39443
28.41 4 0.216439
28.51 1 1.32433
28.51 2 0.0653095
28.51 3 4.39391
28.51 4 0.216455
28.61 1 1.32091
28.61 2 0.0651401
28.61 3 4.39431
28.61 4 0.216474
28.71 1 1.3175
28.71 2 0.0649719
28.71 3 4.39471
28.71 4 0.216492
28.81 1 1.31412
28.81 2 0.0648048
28.81 3 4.39509
28.81 4 0.21651
28.91 1 1.31076
28.91 2 0.0646389
28.91 3 4.39543
28.91 4 0.216527
29.01 1 1.30743
29.01 2 0.0644741
29.01 3 4.39579
29.01 4 0.216544
29.11 1 1.30393
29.11 2 0.0643104
29.11 3 4.39608
29.11 4 0.216561
29.21 1 1.30064
29.21 2 0.0640756
29.21 3 4.39562
29.21 4 0.216574
29.31 1 1.29738
29.31 2 0.0639146
29.31 3 4.39598
29.31 4 0.216551
29.41 1 1.29413
29.41 2 0.0637546
29.41 3 4.39632
29.41 4 0.216567
29.51 1 1.29091
29.51 2 0.0635957
29.51 3 4.39666
29.51 4 0.216582
29.61 1 1.28771
29.61 2 0.0634379
29.61 3 4.39699
29.61 4 0.216598
29.71 1 1.28452
29.71 2 0.0632811
29.71 3 4.39731
29.71 4 0.216613
29.81 1 1.28136
29.81 2 0.0631254
29.81 3 4.39763
29.81 4 0.216625
29.91 1 1.27822
29.91 2 0.0629625
29.91 3 4.39794
29.91 4 0.216602
30.01 1 1.27511
30.01 2 0.0628089
30.01 3 4.39824
30.01 4 0.216617
30.11 1 1.27223
30.11 2 0.0626951
30.11 3 4.38897
30.11 4 0.216182
30.21 1 1.26998
30.21 2 0.062584
30.21 3 4.35037
30.21 4 0.214752
30.31 1 1.26758
30.31 2 0.0624738
30.31 3 4.31258
30.31 4 0.21288
30.41 1 1.2652
30.41 2 0.0623662
30.41 3 4.31105
30.41 4 0.212395
30.51 1 1.26295
30.51 2 0.06221
30.51 3 4.31217
30.51 4 0.212373
30.61 1 1.25921
30.61 2 0.0620437
30.61 3 4.31327
30.61 4 0.212464
30.71 1 1.25552
30.71 2 0.061928
30.71 3 4.31581
30.71 4 0.212554
30.81 1 1.25329
30.81 2 0.0617339
30.81 3 4.31689
30.81 4 0.212605
30.91 1 1.24938
30.91 2 0.0615588
30.91 3 4.31791
30.91 4 0.212692
31.01 1 1.24743
31.01 2 0.0614455
31.01 3 4.32038
31.01 4 0.212777
31.11 1 1.24357
31.11 2 0.0612552
31.11 3 4.32135
31.11 4 0.212821
31.21 1 1.24008
31.21 2 0.0611606
31.21 3 4.32303
31.21 4 0.212939
31.31 1 1.23796
31.31 2 0.0609791
31.31 3 4.32467
31.31 4 0.212984
31.41 1 1.23444
31.41 2 0.0608055
31.41 3 4.32558
31.41 4 0.213029
31.51 1 1.23094
31.51 2 0.06065
31.51 3 4.32645
31.51 4 0.213107
31.61 1 1.22781
31.61 2 0.0605476
31.61 3 4.32802
31.61 4 0.213184
31.71 1 1.22575
31.71 2 0.0603772
31.71 3 4.32957
31.71 4 0.213226
31.81 1 1.22231
31.81 2 0.060208
31.81 3 4.3304
31.81 4 0.213267
31.91 1 1.2189
31.91 2 0.0600563
31.91 3 4.33123
31.91 4 0.213341
32.01 1 1.21585
32.01 2 0.0599565
32.01 3 4.33271
32.01 4 0.213413
32.11 1 1.21383
32.11 2 0.0597904
32.11 3 4.33417
32.11 4 0.213452
32.21 1 1.21049
32.21 2 0.0596254
32.21 3 4.33494
32.21 4 0.21349
32.31 1 1.20716
32.31 2 0.0594775
32.31 3 4.3363
32.31 4 0.213559
32.41 1 1.20418
32.41 2 0.0593802
32.41 3 4.33769
32.41 4 0.213628
32.51 1 1.20222
32.51 2 0.0592182
32.51 3 4.33847
32.51 4 0.213663
32.61 1 1.19895
32.61 2 0.0590728
32.61 3 4.33918
32.61 4 0.213727
32.71 1 1.19602
32.71 2 0.0589773
32.71 3 4.34052
32.71 4 0.213792
32.81 1 1.1941
32.81 2 0.0588181
32.81 3 4.34181
32.81 4 0.213828
32.91 1 1.19089
32.91 2 0.0586601
32.91 3 4.34248
32.91 4 0.213861
33.01 1 1.1877
33.01 2 0.0585182
33.01 3 4.34314
33.01 4 0.213924
33.11 1 1.18484
33.11 2 0.0584251
33.11 3 4.34441
33.11 4 0.213986
33.21 1 1.18297
33.21 2 0.0582697
33.21 3 4.34565
33.21 4 0.214017
33.31 1 1.17983
33.31 2 0.0581155
33.31 3 4.34627
33.31 4 0.214047
33.41 1 1.17672
33.41 2 0.0579769
33.41 3 4.34689
33.41 4 0.214107
33.51 1 1.17393
33.51 2 0.0578861
33.51 3 4.34809
33.51 4 0.214166
33.61 1 1.1721
33.61 2 0.0577345
33.61 3 4.34927
33.61 4 0.214195
33.71 1 1.16904
33.71 2 0.057584
33.71 3 4.34985
33.71 4 0.214223
33.81 1 1.16601
33.81 2 0.0574486
33.81 3 4.35042
33.81 4 0.214277
33.91 1 1.16328
33.91 2 0.05736
33.91 3 4.35156
33.91 4 0.214333
34.01 1 1.16149
34.01 2 0.057212
34.01 3 4.35268
34.01 4 0.21436
34.11 1 1.15851
34.11 2 0.057065
34.11 3 4.35322
34.11 4 0.214412
34.21 1 1.15583
34.21 2 0.0569328
34.21 3 4.35429
34.21 4 0.214465
34.31 1 1.15407
34.31 2 0.0568464
34.31 3 4.35537
34.31 4 0.214493
34.41 1 1.15114
34.41 2 0.0567018
34.41 3 4.35588
34.41 4 0.214518
34.51 1 1.14822
34.51 2 0.0565718
34.51 3 4.35638
34.51 4 0.21457
34.61 1 1.1456
34.61 2 0.0564868
34.61 3 4.35742
34.61 4 0.214621
34.71 1 1.14389
34.71 2 0.0563446
34.71 3 4.35845
34.71 4 0.214644
34.81 1 1.14102
34.81 2 0.0562034
34.81 3 4.35893
34.81 4 0.214667
34.91 1 1.13817
34.91 2 0.0560763
34.91 3 4.35939
34.91 4 0.214717
35.01 1 1.13561
35.01 2 0.0559934
35.01 3 4.36039
35.01 4 0.214766
35.11 1 1.13394
35.11 2 0.0558545
35.11 3 4.36137
35.11 4 0.214787
35.21 1 1.13114
35.21 2 0.0557165
35.21 3 4.36181
35.21 4 0.214809
35.31 1 1.12835
35.31 2 0.0555922
35.31 3 4.36225
35.31 4 0.214856
35.41 1 1.12585
35.41 2 0.0555112
35.41 3 4.3632
35.41 4 0.214903
35.51 1 1.12421
35.51 2 0.0553754
35.51 3 4.36412
35.51 4 0.214923
35.61 1 1.12147
35.61 2 0.0552406
35.61 3 4.36453
35.61 4 0.214943
35.71 1 1.11901
35.71 2 0.055119
35.71 3 4.36545
35.71 4 0.214989
35.81 1 1.1174
35.81 2 0.0550399
35.81 3 4.36636
35.81 4 0.215033
35.91 1 1.11471
35.91 2 0.0549072
35.91 3 4.36675
35.91 4 0.215052
36.01 1 1.11203
36.01 2 0.0547876
36.01 3 4.36714
36.01 4 0.215096
36.11 1 1.10962
36.11 2 0.0547097
36.11 3 4.36802
36.11 4 0.215139
36.21 1 1.10805
36.21 2 0.0545791
36.21 3 4.36889
36.21 4 0.215157
36.31 1 1.10541
36.31 2 0.0544494
36.31 3 4.36925
36.31 4 0.215175
36.41 1 1.1028
36.41 2 0.0543323
36.41 3 4.36961
36.41 4 0.215215
36.51 1 1.10043
36.51 2 0.0542563
36.51 3 4.37046
36.51 4 0.215256
36.61 1 1.0989
36.61 2 0.0541286
36.61 3 4.37129
36.61 4 0.215273
36.71 1 1.09632
36.71 2 0.0540016
36.71 3 4.37163
36.71 4 0.21529
36.81 1 1.09376
36.81 2 0.0538871
36.81 3 4.37195
36.81 4 0.21533
36.91 1 1.09145
36.91 2 0.0538128
36.91 3 4.37276
36.91 4 0.21537
37.01 1 1.08995
37.01 2 0.0536878
37.01 3 4.37356
37.01 4 0.215385
37.11 1 1.08743
37.11 2 0.0535636
37.11 3 4.37388
37.11 4 0.215401
37.21 1 1.08516
37.21 2 0.0534515
37.21 3 4.37467
37.21 4 0.21544
37.31 1 1.08368
37.31 2 0.0533788
37.31 3 4.37544
37.31 4 0.215478
37.41 1 1.0812
37.41 2 0.0532566
37.41 3 4.37575
37.41 4 0.215493
37.51 1 1.07873
37.51 2 0.0531461
37.51 3 4.37605
37.51 4 0.21553
37.61 1 1.07651
37.61 2 0.0530746
37.61 3 4.3768
37.61 4 0.215567
37.71 1 1.07506
37.71 2 0.0529542
37.71 3 4.37755
37.71 4 0.215581
37.81 1 1.07263
37.81 2 0.0528346
37.81 3 4.37783
37.81 4 0.215595
37.91 1 1.07022
37.91 2 0.0527264
37.91 3 4.37812
37.91 4 0.215631
38.01 1 1.06804
38.01 2 0.0526565
38.01 3 4.37884
38.01 4 0.215667
38.11 1 1.06663
38.11 2 0.0525386
38.11 3 4.37954
38.11 4 0.21568
38.21 1 1.06425
38.21 2 0.0524215
38.21 3 4.37981
38.21 4 0.215693
38.31 1 1.06188
38.31 2 0.0523155
38.31 3 4.38008
38.31 4 0.215728
38.41 1 1.05975
38.41 2 0.0522471
38.41 3 4.38078
38.41 4 0.215762
38.51 1 1.05837
38.51 2 0.0521317
38.51 3 4.38147
38.51 4 0.215774
38.61 1 1.05604
38.61 2 0.052017
38.61 3 4.38172
38.61 4 0.215787
38.71 1 1.05364
38.71 2 0.0519132
38.71 3 4.38239
38.71 4 0.21582
38.81 1 1.05155
38.81 2 0.0518463
38.81 3 4.38306
38.81 4 0.215853
38.91 1 1.05028
38.91 2 0.0517333
38.91 3 4.38332
38.91 4 0.215865
39.01 1 1.048
39.01 2 0.051631
39.01 3 4.38355
39.01 4 0.215896
39.11 1 1.04593
39.11 2 0.051565
39.11 3 4.38421
39.11 4 0.215928
39.21 1 1.0446
39.21 2 0.0514537
39.21 3 4.38486
39.21 4 0.215939
39.31 1 1.04236
39.31 2 0.051343
39.31 3 4.38508
39.31 4 0.21595
39.41 1 1.04012
39.41 2 0.0512428
39.41 3 4.38531
39.41 4 0.215981
39.51 1 1.0381
39.51 2 0.0511782
39.51 3 4.38592
39.51 4 0.216012
39.61 1 1.0368
39.61 2 0.0510692
39.61 3 4.38655
39.61 4 0.216023
39.71 1 1.0346
39.71 2 0.0509607
39.71 3 4.38676
39.71 4 0.216033
39.81 1 1.03241
39.81 2 0.0508625
39.81 3 4.38697
39.81 4 0.216063
39.91 1 1.03042
39.91 2 0.0507992
39.91 3 4.38759
39.91 4 0.216093
40.01 1 1.02915
40.01 2 0.0506924
40.01 3 4.38819
40.01 4 0.216103
40.11 1 1.02699
40.11 2 0.0505861
40.11 3 4.38839
40.11 4 0.216113
40.21 1 1.02485
40.21 2 0.0504898
40.21 3 4.38896
40.21 4 0.216142
40.31 1 1.0229
40.31 2 0.0504279
40.31 3 4.38955
40.31 4 0.216171
40.41 1 1.02139
40.41 2 0.0503182
40.41 3 4.38947
40.41 4 0.216176
40.51 1 1.02052
40.51 2 0.0502722
40.51 3 4.37026
40.51 4 0.215231
40.61 1 1.01949
40.61 2 0.0502214
40.61 3 4.35126
40.61 4 0.214528
40.71 1 1.01813
40.71 2 0.0501668
40.71 3 4.34618
40.71 4 0.214042
40.81 1 1.01687
40.81 2 0.0501027
40.81 3 4.34599
40.81 4 0.214042
40.91 1 1.01511
40.91 2 0.0500293
40.91 3 4.34639
40.91 4 0.214062
41.01 1 1.01345
41.01 2 0.0499189
41.01 3 4.34715
41.01 4 0.214081
41.11 1 1.01178
41.11 2 0.0498366
41.11 3 4.34791
41.11 4 0.214118
41.21 1 1.00956
41.21 2 0.0497547
41.21 3 4.34864
41.21 4 0.214156
41.31 1 1.00791
41.31 2 0.0496731
41.31 3 4.34905
41.31 4 0.214193
41.41 1 1.00632
41.41 2 0.0495679
41.41 3 4.34979
41.41 4 0.214211
41.51 1 1.00422
41.51 2 0.0494892
41.51 3 4.35016
41.51 4 0.214247
41.61 1 1.00263
41.61 2 0.0494128
41.61 3 4.35089
41.61 4 0.214282
41.71 1 1.00117
41.71 2 0.0493141
41.71 3 4.35162
41.71 4 0.214301
41.81 1 0.999179
41.81 2 0.0492385
41.81 3 4.35197
41.81 4 0.214335
41.91 1 0.997651
41.91 2 0.0491408
41.91 3 4.35269
41.91 4 0.214352
42.01 1 0.995679
42.01 2 0.0490698
42.01 3 4.35303
42.01 4 0.214387
42.11 1 0.994247
42.11 2 0.048973
42.11 3 4.35374
42.11 4 0.214403
42.21 1 0.992293
42.21 2 0.0488988
42.21 3 4.35408
42.21 4 0.214438
42.31 1 0.990815
42.31 2 0.048804
42.31 3 4.35476
42.31 4 0.214454
42.41 1 0.988879
42.41 2 0.0487344
42.41 3 4.35508
42.41 4 0.214488
42.51 1 0.987474
42.51 2 0.0486394
42.51 3 4.35577
42.51 4 0.214504
42.61 1 0.985557
42.61 2 0.0485666
42.61 3 4.35609
42.61 4 0.214537
42.71 1 0.984087
42.71 2 0.0484726
42.71 3 4.35676
42.71 4 0.214553
42.81 1 0.982188
42.81 2 0.0484043
42.81 3 4.35708
42.81 4 0.214585
42.91 1 0.98081
42.91 2 0.0483111
42.91 3 4.35774
42.91 4 0.214601
43.01 1 0.978929
43.01 2 0.0482396
43.01 3 4.35805
43.01 4 0.214633
43.11 1 0.977486
43.11 2 0.0481474
43.11 3 4.3587
43.11 4 0.214664
43.21 1 0.976126
43.21 2 0.0480804
43.21 3 4.35935
43.21 4 0.21468
43.31 1 0.974269
43.31 2 0.0479889
43.31 3 4.35964
43.31 4 0.21471
43.41 1 0.972846
43.41 2 0.0479188
43.41 3 4.36028
43.41 4 0.214725
43.51 1 0.971007
43.51 2 0.0478527
43.51 3 4.36057
43.51 4 0.214757
43.61 1 0.969672
43.61 2 0.0477624
43.61 3 4.36119
43.61 4 0.214771
43.71 1 0.96785
43.71 2 0.0476932
43.71 3 4.36147
43.71 4 0.214801
43.81 1 0.966452
43.81 2 0.0476038
43.81 3 4.36209
43.81 4 0.214815
43.91 1 0.964647
43.91 2 0.0475389
43.91 3 4.36237
43.91 4 0.214845
44.01 1 0.963337
44.01 2 0.0474504
44.01 3 4.36298
44.01 4 0.214859
44.11 1 0.961548
44.11 2 0.0473824
44.11 3 4.36325
44.11 4 0.214888
44.21 1 0.960176
44.21 2 0.0472946
44.21 3 4.36385
44.21 4 0.214901
44.31 1 0.958404
44.31 2 0.0472309
44.31 3 4.36412
44.31 4 0.214931
44.41 1 0.957117
44.41 2 0.047144
44.41 3 4.36471
44.41 4 0.214944
44.51 1 0.955361
44.51 2 0.0470772
44.51 3 4.36497
44.51 4 0.214973
44.61 1 0.954013
44.61 2 0.046991
44.61 3 4.36555
44.61 4 0.214999
44.71 1 0.952743
44.71 2 0.0469285
44.71 3 4.36613
44.71 4 0.215012
44.81 1 0.951009
44.81 2 0.0468431
44.81 3 4.36639
44.81 4 0.215039
44.91 1 0.949679
44.91 2 0.0467775
44.91 3 4.36694
44.91 4 0.215053
45.01 1 0.947961
45.01 2 0.0467158
45.01 3 4.36719
45.01 4 0.215081
45.11 1 0.946714
45.11 2 0.0466315
45.11 3 4.36776
45.11 4 0.215093
45.21 1 0.945011
45.21 2 0.0465667
45.21 3 4.368
45.21 4 0.21512
45.31 1 0.943704
45.31 2 0.0464832
45.31 3 4.36855
45.31 4 0.215132
45.41 1 0.942016
45.41 2 0.0464225
45.41 3 4.36879
45.41 4 0.215159
45.51 1 0.940791
45.51 2 0.0463397
45.51 3 4.36934
45.51 4 0.21517
45.61 1 0.939118
45.61 2 0.0462761
45.61 3 4.36957
45.61 4 0.215197
45.71 1 0.937834
45.71 2 0.046194
45.71 3 4.37011
45.71 4 0.215208
45.81 1 0.936176
45.81 2 0.0461345
45.81 3 4.37034
45.81 4 0.215235
45.91 1 0.934973
45.91 2 0.0460531
45.91 3 4.37087
45.91 4 0.215246
46.01 1 0.933329
46.01 2 0.0459906
46.01 3 4.37109
46.01 4 0.215272
46.11 1 0.932067
46.11 2 0.04591
46.11 3 4.37162
46.11 4 0.215283
46.21 1 0.930368
46.21 2 0.0458514
46.21 3 4.37213
46.21 4 0.215308
46.31 1 0.929256
46.31 2 0.0457715
46.31 3 4.37235
46.31 4 0.215319
46.41 1 0.92801
46.41 2 0.0457101
46.41 3 4.37286
46.41 4 0.215344
46.51 1 0.926401
46.51 2 0.0456523
46.51 3 4.37307
46.51 4 0.21537
46.61 1 0.925233
46.61 2 0.0455733
46.61 3 4.37358
46.61 4 0.21538
46.71 1 0.923638
46.71 2 0.0455127
46.71 3 4.37379
46.71 4 0.215405
46.81 1 0.922413
46.81 2 0.0454344
46.81 3 4.37429
46.81 4 0.215414
46.91 1 0.920832
46.91 2 0.0453776
46.91 3 4.37449
46.91 4 0.215439
47.01 1 0.919684
47.01 2 0.0452999
47.01 3 4.37499
47.01 4 0.215449
47.11 1 0.918116
47.11 2 0.0452403
47.11 3 4.37519
47.11 4 0.215473
47.21 1 0.916912
47.21 2 0.0451634
47.21 3 4.37568
47.21 4 0.215481
47.31 1 0.915358
47.31 2 0.0451075
47.31 3 4.37587
47.31 4 0.215505
47.41 1 0.91423
47.41 2 0.0450312
47.41 3 4.37636
47.41 4 0.215515
47.51 1 0.912688
47.51 2 0.0449727
47.51 3 4.37655
47.51 4 0.215539
47.61 1 0.911505
47.61 2 0.044897
47.61 3 4.37702
47.61 4 0.215548
47.71 1 0.909908
47.71 2 0.0448421
47.71 3 4.37748
47.71 4 0.215571
47.81 1 0.908868
47.81 2 0.0447671
47.81 3 4.37768
47.81 4 0.21558
47.91 1 0.907284
47.91 2 0.0447095
47.91 3 4.37813
47.91 4 0.215603
48.01 1 0.906188
48.01 2 0.0446552
48.01 3 4.37832
48.01 4 0.215626
48.11 1 0.905093
48.11 2 0.0445811
48.11 3 4.37879
48.11 4 0.215635
48.21 1 0.903595
48.21 2 0.0445242
48.21 3 4.37897
48.21 4 0.215658
48.31 1 0.902445
48.31 2 0.0444507
48.31 3 4.37942
48.31 4 0.215666
48.41 1 0.90096
48.41 2 0.0443974
48.41 3 4.3796
48.41 4 0.215688
48.51 1 0.899883
48.51 2 0.0443245
48.51 3 4.38005
48.51 4 0.215697
48.61 1 0.89841
48.61 2 0.0442685
48.61 3 4.38022
48.61 4 0.215719
48.71 1 0.897279
48.71 2 0.0441962
48.71 3 4.38067
48.71 4 0.215727
48.81 1 0.895819
48.81 2 0.0441438
48.81 3 4.38083
48.81 4 0.215749
48.91 1 0.894759
48.91 2 0.0440721
48.91 3 4.38127
48.91 4 0.215757
49.01 1 0.893311
49.01 2 0.044017
49.01 3 4.38143
49.01 4 0.215779
49.11 1 0.892198
49.11 2 0.0439459
49.11 3 4.38187
49.11 4 0.215786
49.21 1 0.890762
49.21 2 0.0438943
49.21 3 4.38228
49.21 4 0.215808
49.31 1 0.88972
49.31 2 0.0438238
49.31 3 4.38246
49.31 4 0.215816
49.41 1 0.888295
49.41 2 0.0437697
49.41 3 4.38287
49.41 4 0.215837
49.51 1 0.8872
49.51 2 0.0436997
49.51 3 4.38304
49.51 4 0.215857
49.61 1 0.88617
49.61 2 0.043649
49.61 3 4.38347
49.61 4 0.215865
49.71 1 0.884762
49.71 2 0.0435796
49.71 3 4.38362
49.71 4 0.215885
49.81 1 0.88368
49.81 2 0.0435263
49.81 3 4.38404
49.81 4 0.215893
49.91 1 0.882283
49.91 2 0.0434761
49.91 3 4.38419
49.91 4 0.215913
50.01 1 0.88127
50.01 2 0.0434076
50.01 3 4.3846
50.01 4 0.21592
50.11 1 0.879884
50.11 2 0.0433549
50.11 3 4.38475
50.11 4 0.21594
50.21 1 0.878819
50.21 2 0.0432869
50.21 3 4.38515
50.21 4 0.215947
50.31 1 0.877445
50.31 2 0.0432375
50.31 3 4.38529
50.31 4 0.215967
50.41 1 0.876448
50.41 2 0.04317
50.41 3 4.3857
50.41 4 0.215974
50.51 1 0.875084
50.51 2 0.0431182
50.51 3 4.38584
50.51 4 0.215994
50.61 1 0.874036
50.61 2 0.0430512
50.61 3 4.38624
50.61 4 0.216001
50.71 1 0.87292
50.71 2 0.0430027
50.71 3 4.38653
50.71 4 0.216021
50.81 1 0.872401
50.81 2 0.042977
50.81 3 4.37375
50.81 4 0.21555
50.91 1 0.87169
50.91 2 0.0429515
50.91 3 4.36108
50.91 4 0.214925
51.01 1 0.87127
51.01 2 0.0429129
51.01 3 4.35731
51.01 4 0.214589
51.11 1 0.870423
51.11 2 0.0428747
51.11 3 4.35702
51.11 4 0.214586
51.21 1 0.869568
51.21 2 0.042831
51.21 3 4.35725
51.21 4 0.214573
51.31 1 0.868313
51.31 2 0.0427693
51.31 3 4.35773
51.31 4 0.214608
51.41 1 0.867322
51.41 2 0.0427204
51.41 3 4.35822
51.41 4 0.21462
51.51 1 0.865834
51.51 2 0.0426591
51.51 3 4.35867
51.51 4 0.214643
51.61 1 0.865093
51.61 2 0.0426106
51.61 3 4.35917
51.61 4 0.214666
51.71 1 0.863616
51.71 2 0.0425497
51.71 3 4.35939
51.71 4 0.21469
51.81 1 0.862386
51.81 2 0.0425016
51.81 3 4.35985
51.81 4 0.214713
51.91 1 0.861414
51.91 2 0.0424294
51.91 3 4.36031
51.91 4 0.214723
52.01 1 0.860067
52.01 2 0.0423747
52.01 3 4.36053
52.01 4 0.214746
52.11 1 0.858962
52.11 2 0.04233
52.11 3 4.36099
52.11 4 0.214769
52.21 1 0.858058
52.21 2 0.0422641
52.21 3 4.36145
52.21 4 0.214779
52.31 1 0.856726
52.31 2 0.04221
52.31 3 4.36166
52.31 4 0.214801
52.41 1 0.855634
52.41 2 0.0421447
52.41 3 4.36211
52.41 4 0.214823
52.51 1 0.854739
52.51 2 0.0421006
52.51 3 4.36256
52.51 4 0.214834
52.61 1 0.853423
52.61 2 0.0420472
52.61 3 4.36276
52.61 4 0.214856
52.71 1 0.852343
52.71 2 0.0419825
52.71 3 4.36321
52.71 4 0.214866
52.81 1 0.851458
52.81 2 0.041939
52.81 3 4.36366
52.81 4 0.214887
52.91 1 0.850156
52.91 2 0.0418748
52.91 3 4.36385
52.91 4 0.214897
53.01 1 0.849089
53.01 2 0.0418222
53.01 3 4.36429
53.01 4 0.214919
53.11 1 0.847797
53.11 2 0.0417792
53.11 3 4.36449
53.11 4 0.21494
53.21 1 0.846927
53.21 2 0.0417157
53.21 3 4.36491
53.21 4 0.21495
53.31 1 0.845871
53.31 2 0.0416637
53.31 3 4.36534
53.31 4 0.214971
53.41 1 0.844593
53.41 2 0.0416211
53.41 3 4.36553
53.41 4 0.214992
53.51 1 0.843733
53.51 2 0.0415584
53.51 3 4.36596
53.51 4 0.215001
53.61 1 0.842465
53.61 2 0.0415069
53.61 3 4.36615
53.61 4 0.215022
53.71 1 0.841425
53.71 2 0.0414648
53.71 3 4.36657
53.71 4 0.215043
53.81 1 0.840574
53.81 2 0.0414028
53.81 3 4.36699
53.81 4 0.215052
53.91 1 0.839321
53.91 2 0.0413519
53.91 3 4.36717
53.91 4 0.215073
54.01 1 0.838292
54.01 2 0.0413103
54.01 3 4.36759
54.01 4 0.215093
54.11 1 0.837451
54.11 2 0.0412489
54.11 3 4.368
54.11 4 0.215101
54.21 1 0.836211
54.21 2 0.0411986
54.21 3 4.36818
54.21 4 0.215121
54.31 1 0.835193
54.31 2 0.0411377
54.31 3 4.36859
54.31 4 0.21514
54.41 1 0.834361
54.41 2 0.0410967
54.41 3 4.369
54.41 4 0.21515
54.51 1 0.833134
54.51 2 0.0410469
54.51 3 4.36916
54.51 4 0.21517
54.61 1 0.832127
54.61 2 0.0409867
54.61 3 4.36956
54.61 4 0.215178
54.71 1 0.831305
54.71 2 0.0409462
54.71 3 4.36997
54.71 4 0.215198
54.81 1 0.830091
54.81 2 0.0408864
54.81 3 4.37013
54.81 4 0.215206
54.91 1 0.829095
54.91 2 0.0408373
54.91 3 4.37053
54.91 4 0.215226
55.01 1 0.827891
55.01 2 0.0407972
55.01 3 4.3707
55.01 4 0.215245
55.11 1 0.827081
55.11 2 0.0407381
55.11 3 4.37109
55.11 4 0.215253
55.21 1 0.825826
55.21 2 0.0406896
55.21 3 4.37147
55.21 4 0.215272
55.31 1 0.824905
55.31 2 0.0406499
55.31 3 4.37164
55.31 4 0.215291
55.41 1 0.824103
55.41 2 0.0405914
55.41 3 4.37203
55.41 4 0.215299
55.51 1 0.822921
55.51 2 0.0405434
55.51 3 4.37219
55.51 4 0.215318
55.61 1 0.82195
55.61 2 0.0405042
55.61 3 4.37257
55.61 4 0.215337
55.71 1 0.821157
55.71 2 0.0404463
55.71 3 4.37296
55.71 4 0.215345
55.81 1 0.819988
55.81 2 0.0403987
55.81 3 4.3731
55.81 4 0.215363
55.91 1 0.819027
55.91 2 0.0403599
55.91 3 4.37348
55.91 4 0.215382
56.01 1 0.818242
56.01 2 0.0403027
56.01 3 4.37386
56.01 4 0.215389
56.11 1 0.817085
56.11 2 0.0402556
56.11 3 4.37401
56.11 4 0.215408
56.21 1 0.816134
56.21 2 0.0401988
56.21 3 4.37438
56.21 4 0.215415
56.31 1 0.815358
56.31 2 0.0401606
56.31 3 4.37475
56.31 4 0.215433
56.41 1 0.814213
56.41 2 0.0401042
56.41 3 4.3749
56.41 4 0.215451
56.51 1 0.813272
56.51 2 0.0400578
56.51 3 4.37526
56.51 4 0.215459
56.61 1 0.812504
56.61 2 0.04002
56.61 3 4.37563
56.61 4 0.215477
56.71 1 0.811371
56.71 2 0.0399642
56.71 3 4.37577
56.71 4 0.215484
56.81 1 0.81044
56.81 2 0.0399183
56.81 3 4.37614
56.81 4 0.215501
56.91 1 0.809315
56.91 2 0.0398809
56.91 3 4.37628
56.91 4 0.215518
57.01 1 0.808559
57.01 2 0.0398257
57.01 3 4.37664
57.01 4 0.215525
57.11 1 0.807383
57.11 2 0.0397802
57.11 3 4.37697
57.11 4 0.215543
57.21 1 0.806524
57.21 2 0.0397432
57.21 3 4.37712
57.21 4 0.21556
57.31 1 0.805776
57.31 2 0.0396886
57.31 3 4.37747
57.31 4 0.215567
57.41 1 0.80467
57.41 2 0.0396436
57.41 3 4.37761
57.41 4 0.215584
57.51 1 0.803762
57.51 2 0.039607
57.51 3 4.37796
57.51 4 0.215601
57.61 1 0.803021
57.61 2 0.0395529
57.61 3 4.37831
57.61 4 0.215608
57.71 1 0.801927
57.71 2 0.0395084
57.71 3 4.37844
57.71 4 0.215625
57.81 1 0.801028
57.81 2 0.0394721
57.81 3 4.37879
57.81 4 0.215642
57.91 1 0.800295
57.91 2 0.0394186
57.91 3 4.37913
57.91 4 0.215648
58.01 1 0.799212
58.01 2 0.0393745
58.01 3 4.37926
58.01 4 0.215665
58.11 1 0.798322
58.11 2 0.0393214
58.11 3 4.3796
58.11 4 0.215671
58.21 1 0.797597
58.21 2 0.0392857
58.21 3 4.37994
58.21 4 0.215688
58.31 1 0.796525
58.31 2 0.0392329
58.31 3 4.38007
58.31 4 0.215704
58.41 1 0.795643
58.41 2 0.0391894
58.41 3 4.3804
58.41 4 0.215711
58.51 1 0.794926
58.51 2 0.0391541
58.51 3 4.38073
58.51 4 0.215727
58.61 1 0.793865
58.61 2 0.0391018
58.61 3 4.38085
58.61 4 0.215733
58.71 1 0.792992
58.71 2 0.0390588
58.71 3 4.38118
58.71 4 0.21575
58.81 1 0.791939
58.81 2 0.0390238
58.81 3 4.3813
58.81 4 0.215766
58.91 1 0.791231
58.91 2 0.0389721
58.91 3 4.38163
58.91 4 0.215772
59.01 1 0.790186
59.01 2 0.0389295
59.01 3 4.38194
59.01 4 0.215788
59.11 1 0.789325
59.11 2 0.0388949
59.11 3 4.38208
59.11 4 0.215804
59.21 1 0.788625
59.21 2 0.0388437
59.21 3 4.3824
59.21 4 0.215809
59.31 1 0.787589
59.31 2 0.0388015
59.31 3 4.38252
59.31 4 0.215825
59.41 1 0.786737
59.41 2 0.0387672
59.41 3 4.38284
59.41 4 0.21584
59.51 1 0.786044
59.51 2 0.0387165
59.51 3 4.38316
59.51 4 0.215846
59.61 1 0.785018
59.61 2 0.0386748
59.61 3 4.38327
59.61 4 0.215861
59.71 1 0.784174
59.71 2 0.0386409
59.71 3 4.38359
59.71 4 0.215877
59.81 1 0.783488
59.81 2 0.0385907
59.81 3 4.38389
59.81 4 0.215883
59.91 1 0.782473
59.91 2 0.0385493
59.91 3 4.384
59.91 4 0.215898
60.01 1 0.781637
60.01 2 0.0384995
60.01 3 4.38432
60.01 4 0.215903
60.11 1 0.780958
60.11 2 0.038466
60.11 3 4.38463
60.11 4 0.215919
60.21 1 0.779953
60.21 2 0.0384165
60.21 3 4.38474
60.21 4 0.215933
60.31 1 0.779125
60.31 2 0.0383757
60.31 3 4.38504
60.31 4 0.215939
60.41 1 0.778072
60.41 2 0.0383426
60.41 3 4.38534
60.41 4 0.215954
60.51 1 0.777458
60.51 2 0.0382936
60.51 3 4.38546
60.51 4 0.215959
60.61 1 0.776638
60.61 2 0.0382532
60.61 3 4.38576
60.61 4 0.215974
60.71 1 0.77565
60.71 2 0.0382204
60.71 3 4.38587
60.71 4 0.215989
60.81 1 0.774987
60.81 2 0.0381719
60.81 3 4.38617
60.81 4 0.215994
60.91 1 0.774005
60.91 2 0.0381319
60.91 3 4.38627
60.91 4 0.216009
61.01 1 0.773197
61.01 2 0.0380994
61.01 3 4.38657
61.01 4 0.216024
61.11 1 0.772935
61.11 2 0.038074
61.11 3 4.3795
61.11 4 0.215789
61.21 1 0.772607
61.21 2 0.0380611
61.21 3 4.36998
61.21 4 0.21532
61.31 1 0.772389
61.31 2 0.0380439
61.31 3 4.36495
61.31 4 0.214957
61.41 1 0.771864
61.41 2 0.0380205
61.41 3 4.3647
61.41 4 0.214946
61.51 1 0.771118
61.51 2 0.0379813
61.51 3 4.36505
61.51 4 0.214954
61.61 1 0.770491
61.61 2 0.0379504
61.61 3 4.3654
61.61 4 0.214971
61.71 1 0.769489
61.71 2 0.037901
61.71 3 4.36555
61.71 4 0.214978
61.81 1 0.768612
61.81 2 0.0378578
61.81 3 4.36589
61.81 4 0.215004
61.91 1 0.767992
61.91 2 0.0378272
61.91 3 4.36623
61.91 4 0.215012
62.01 1 0.766999
62.01 2 0.0377843
62.01 3 4.36638
62.01 4 0.215029
62.11 1 0.766162
62.11 2 0.0377539
62.11 3 4.36672
62.11 4 0.215045
62.21 1 0.765569
62.21 2 0.0377079
62.21 3 4.36706
62.21 4 0.215053
62.31 1 0.764627
62.31 2 0.0376674
62.31 3 4.3672
62.31 4 0.215069
62.41 1 0.763809
62.41 2 0.0376212
62.41 3 4.36753
62.41 4 0.215085
62.51 1 0.763221
62.51 2 0.0375922
62.51 3 4.36787
62.51 4 0.215093
62.61 1 0.762288
62.61 2 0.0375463
62.61 3 4.36801
62.61 4 0.2151
62.71 1 0.761478
62.71 2 0.0375063
62.71 3 4.36833
62.71 4 0.215116
62.81 1 0.760528
62.81 2 0.0374782
62.81 3 4.36865
62.81 4 0.215132
62.91 1 0.760023
62.91 2 0.0374347
62.91 3 4.3688
62.91 4 0.215139
63.01 1 0.759143
63.01 2 0.0373971
63.01 3 4.36894
63.01 4 0.215155
63.11 1 0.758383
63.11 2 0.0373697
63.11 3 4.36926
63.11 4 0.21517
63.21 1 0.757829
63.21 2 0.0373266
63.21 3 4.36959
63.21 4 0.215177
63.31 1 0.756957
63.31 2 0.0372837
63.31 3 4.36972
63.31 4 0.215184
63.41 1 0.756089
63.41 2 0.0372466
63.41 3 4.36986
63.41 4 0.2152
63.51 1 0.755338
63.51 2 0.0372195
63.51 3 4.37018
63.51 4 0.215216
63.61 1 0.754792
63.61 2 0.037177
63.61 3 4.37049
63.61 4 0.215222
63.71 1 0.753931
63.71 2 0.0371346
63.71 3 4.37063
63.71 4 0.215228
63.81 1 0.75302
63.81 2 0.0370979
63.81 3 4.37094
63.81 4 0.215243
63.91 1 0.752332
63.91 2 0.0370712
63.91 3 4.37107
63.91 4 0.215259
64.01 1 0.751792
64.01 2 0.0370292
64.01 3 4.37139
64.01 4 0.215265
64.11 1 0.750942
64.11 2 0.0369929
64.11 3 4.37151
64.11 4 0.215281
64.21 1 0.750208
64.21 2 0.0369512
64.21 3 4.37182
64.21 4 0.215287
64.31 1 0.749363
64.31 2 0.0369248
64.31 3 4.37211
64.31 4 0.215302
64.41 1 0.748831
64.41 2 0.0368833
64.41 3 4.37226
64.41 4 0.215308
64.51 1 0.747991
64.51 2 0.0368474
64.51 3 4.37238
64.51 4 0.215323
64.61 1 0.747265
64.61 2 0.0368062
64.61 3 4.37269
64.61 4 0.215338
64.71 1 0.746738
64.71 2 0.0367802
64.71 3 4.37299
64.71 4 0.215345
64.81 1 0.745906
64.81 2 0.0367392
64.81 3 4.37312
64.81 4 0.215351
64.91 1 0.745077
64.91 2 0.0367038
64.91 3 4.37324
64.91 4 0.215366
65.01 1 0.74436
65.01 2 0.036678
65.01 3 4.37354
65.01 4 0.21538
65.11 1 0.743839
65.11 2 0.0366374
65.11 3 4.37384
65.11 4 0.215386
65.21 1 0.743017
65.21 2 0.0365969
65.21 3 4.37396
65.21 4 0.215392
65.31 1 0.742198
65.31 2 0.0365619
65.31 3 4.37425
65.31 4 0.215407
65.41 1 0.74149
65.41 2 0.0365365
65.41 3 4.37437
65.41 4 0.215422
65.51 1 0.740976
65.51 2 0.0364964
65.51 3 4.37467
65.51 4 0.215427
65.61 1 0.740164
65.61 2 0.0364617
65.61 3 4.37479
65.61 4 0.215441
65.71 1 0.739462
65.71 2 0.0364218
65.71 3 4.37508
65.71 4 0.215448
65.81 1 0.738656
65.81 2 0.0363967
65.81 3 4.3752
65.81 4 0.215462
65.91 1 0.738148
65.91 2 0.0363571
65.91 3 4.37549
65.91 4 0.215468
66.01 1 0.737346
66.01 2 0.0363228
66.01 3 4.3756
66.01 4 0.215482
66.11 1 0.736652
66.11 2 0.0362834
66.11 3 4.37589
66.11 4 0.215487
66.21 1 0.736149
66.21 2 0.0362586
66.21 3 4.37618
66.21 4 0.215502
66.31 1 0.735354
66.31 2 0.0362195
66.31 3 4.37629
66.31 4 0.215506
66.41 1 0.734562
66.41 2 0.0361856
66.41 3 4.3764
66.41 4 0.215521
66.51 1 0.733876
66.51 2 0.036161
66.51 3 4.37669
66.51 4 0.215535
66.61 1 0.733379
66.61 2 0.0361222
66.61 3 4.37697
66.61 4 0.21554
66.71 1 0.732594
66.71 2 0.0360835
66.71 3 4.37708
66.71 4 0.215545
66.81 1 0.731812
66.81 2 0.03605
66.81 3 4.37734
66.81 4 0.215559
66.91 1 0.731134
66.91 2 0.0360257
66.91 3 4.37747
66.91 4 0.215573
67.01 1 0.730643
67.01 2 0.0359874
67.01 3 4.37775
67.01 4 0.215578
67.11 1 0.729868
67.11 2 0.0359492
67.11 3 4.37785
67.11 4 0.215591
67.21 1 0.729196
67.21 2 0.0359161
67.21 3 4.37813
67.21 4 0.215597
67.31 1 0.728425
67.31 2 0.0358921
67.31 3 4.37824
67.31 4 0.215611
67.41 1 0.72794
67.41 2 0.0358542
67.41 3 4.37851
67.41 4 0.215616
67.51 1 0.727174
67.51 2 0.0358214
67.51 3 4.37862
67.51 4 0.21563
67.61 1 0.72651
67.61 2 0.0357838
67.61 3 4.37889
67.61 4 0.215635
67.71 1 0.726029
67.71 2 0.0357601
67.71 3 4.37916
67.71 4 0.215648
67.81 1 0.725269
67.81 2 0.0357227
67.81 3 4.37927
67.81 4 0.215653
67.91 1 0.724512
67.91 2 0.0356902
67.91 3 4.37937
67.91 4 0.215666
68.01 1 0.723855
68.01 2 0.0356667
68.01 3 4.37963
68.01 4 0.21568
68.11 1 0.723381
68.11 2 0.0356296
68.11 3 4.3799
68.11 4 0.215685
68.21 1 0.72263
68.21 2 0.0355926
68.21 3 4.38
68.21 4 0.21569
68.31 1 0.721882
68.31 2 0.0355606
68.31 3 4.3801
68.31 4 0.215703
68.41 1 0.721232
68.41 2 0.0355374
68.41 3 4.38037
68.41 4 0.215716
68.51 1 0.720764
68.51 2 0.0355007
68.51 3 4.38063
68.51 4 0.215721
68.61 1 0.720022
68.61 2 0.0354641
68.61 3 4.38073
68.61 4 0.215725
68.71 1 0.719378
68.71 2 0.0354324
68.71 3 4.38099
68.71 4 0.215738
68.81 1 0.71864
68.81 2 0.0354095
68.81 3 4.38109
68.81 4 0.215751
68.91 1 0.718177
68.91 2 0.0353733
68.91 3 4.38135
68.91 4 0.215756
69.01 1 0.717444
69.01 2 0.0353418
69.01 3 4.38145
69.01 4 0.215768
69.11 1 0.716807
69.11 2 0.0353058
69.11 3 4.38171
69.11 4 0.215773
69.21 1 0.716029
69.21 2 0.0352832
69.21 3 4.38196
69.21 4 0.215786
69.31 1 0.715621
69.31 2 0.0352474
69.31 3 4.38206
69.31 4 0.21579
69.41 1 0.714896
69.41 2 0.0352163
69.41 3 4.38215
69.41 4 0.215803
69.51 1 0.714267
69.51 2 0.0351938
69.51 3 4.3824
69.51 4 0.215815
69.61 1 0.713813
69.61 2 0.0351583
69.61 3 4.38266
69.61 4 0.21582
69.71 1 0.713094
69.71 2 0.0351229
69.71 3 4.38275
69.71 4 0.215824
69.81 1 0.712378
69.81 2 0.0350921
69.81 3 4.38284
69.81 4 0.215837
69.91 1 0.711756
69.91 2 0.03507
69.91 3 4.3831
69.91 4 0.215849
70.01 1 0.711307
70.01 2 0.0350349
70.01 3 4.38335
70.01 4 0.215854
70.11 1 0.710597
70.11 2 0.0349999
70.11 3 4.38344
70.11 4 0.215858
70.21 1 0.709979
70.21 2 0.0349694
70.21 3 4.38369
70.21 4 0.21587
70.31 1 0.709273
70.31 2 0.0349476
70.31 3 4.38378
70.31 4 0.215883
70.41 1 0.70883
70.41 2 0.0349128
70.41 3 4.38402
70.41 4 0.215887
70.51 1 0.708128
70.51 2 0.0348827
70.51 3 4.38411
70.51 4 0.215899
70.61 1 0.707517
70.61 2 0.0348482
70.61 3 4.38436
70.61 4 0.215904
70.71 1 0.70677
70.71 2 0.0348265
70.71 3 4.38459
70.71 4 0.215916
70.81 1 0.706381
70.81 2 0.0347922
70.81 3 4.38468
70.81 4 0.21592
70.91 1 0.705687
70.91 2 0.0347624
70.91 3 4.38477
70.91 4 0.215932
71.01 1 0.705083
71.01 2 0.0347409
71.01 3 4.38501
71.01 4 0.215943
71.11 1 0.704649
71.11 2 0.0347069
71.11 3 4.38526
71.11 4 0.215948
71.21 1 0.70396
71.21 2 0.0346729
71.21 3 4.38534
71.21 4 0.215952
71.31 1 0.703274
71.31 2 0.0346434
71.31 3 4.38542
71.31 4 0.215964
71.41 1 0.703054
71.41 2 0.0346235
71.41 3 4.38183
71.41 4 0.215783
71.51 1 0.702932
71.51 2 0.0346238
71.51 3 4.37421
71.51 4 0.215411
71.61 1 0.702672
71.61 2 0.0346162
71.61 3 4.36835
71.61 4 0.215123
71.71 1 0.702399
71.71 2 0.0346028
71.71 3 4.36816
71.71 4 0.215113
71.81 1 0.70194
71.81 2 0.034576
71.81 3 4.36819
71.81 4 0.215111
71.91 1 0.701559
71.91 2 0.0345546
71.91 3 4.36854
71.91 4 0.215124
72.01 1 0.700792
72.01 2 0.0345168
72.01 3 4.36866
72.01 4 0.215137
72.11 1 0.700072
72.11 2 0.0344978
72.11 3 4.36893
72.11 4 0.215151
72.21 1 0.699634
72.21 2 0.0344598
72.21 3 4.36919
72.21 4 0.215156
72.31 1 0.698818
72.31 2 0.0344245
72.31 3 4.36945
72.31 4 0.215169
72.41 1 0.698482
72.41 2 0.034403
72.41 3 4.36972
72.41 4 0.215182
72.51 1 0.697717
72.51 2 0.0343679
72.51 3 4.36983
72.51 4 0.215195
72.61 1 0.697072
72.61 2 0.0343482
72.61 3 4.3701
72.61 4 0.215208
72.71 1 0.696673
72.71 2 0.0343139
72.71 3 4.37036
72.71 4 0.215214
72.81 1 0.695979
72.81 2 0.0342797
72.81 3 4.37047
72.81 4 0.215219
72.91 1 0.695339
72.91 2 0.0342482
72.91 3 4.37073
72.91 4 0.215239
73.01 1 0.694943
73.01 2 0.0342287
73.01 3 4.371
73.01 4 0.215245
73.11 1 0.694255
73.11 2 0.0341948
73.11 3 4.3711
73.11 4 0.21525
73.21 1 0.693522
73.21 2 0.0341635
73.21 3 4.37136
73.21 4 0.215263
73.31 1 0.693227
73.31 2 0.0341442
73.31 3 4.37162
73.31 4 0.215276
73.41 1 0.692545
73.41 2 0.0341106
73.41 3 4.37173
73.41 4 0.215281
73.51 1 0.691865
73.51 2 0.0340795
73.51 3 4.37183
73.51 4 0.215294
73.61 1 0.691236
73.61 2 0.0340603
73.61 3 4.37222
73.61 4 0.215306
73.71 1 0.690848
73.71 2 0.034027
73.71 3 4.37234
73.71 4 0.215311
73.81 1 0.690174
73.81 2 0.0339962
73.81 3 4.37244
73.81 4 0.215324
73.91 1 0.68955
73.91 2 0.0339772
73.91 3 4.37269
73.91 4 0.215336
74.01 1 0.689166
74.01 2 0.0339441
74.01 3 4.37295
74.01 4 0.215341
74.11 1 0.688496
74.11 2 0.0339135
74.11 3 4.37305
74.11 4 0.215354
74.21 1 0.687878
74.21 2 0.0338947
74.21 3 4.3733
74.21 4 0.215366
74.31 1 0.687496
74.31 2 0.0338619
74.31 3 4.37355
74.31 4 0.215371
74.41 1 0.686832
74.41 2 0.0338292
74.41 3 4.37365
74.41 4 0.215383
74.51 1 0.686219
74.51 2 0.0338128
74.51 3 4.3739
74.51 4 0.215395
74.61 1 0.68584
74.61 2 0.0337803
74.61 3 4.37415
74.61 4 0.2154
74.71 1 0.685182
74.71 2 0.0337478
74.71 3 4.37424
74.71 4 0.215405
74.81 1 0.684573
74.81 2 0.0337178
74.81 3 4.37448
74.81 4 0.215423
74.91 1 0.684198
74.91 2 0.0336994
74.91 3 4.37473
74.91 4 0.215429
75.01 1 0.683544
75.01 2 0.0336672
75.01 3 4.37483
75.01 4 0.215433
75.11 1 0.682847
75.11 2 0.0336374
75.11 3 4.37506
75.11 4 0.215445
75.21 1 0.682568
75.21 2 0.0336191
75.21 3 4.37531
75.21 4 0.215457
75.31 1 0.681919
75.31 2 0.0335871
75.31 3 4.37541
75.31 4 0.215462
75.41 1 0.681273
75.41 2 0.0335576
75.41 3 4.3755
75.41 4 0.215474
75.51 1 0.680675
75.51 2 0.0335394
75.51 3 4.37574
75.51 4 0.215486
75.61 1 0.680307
75.61 2 0.0335077
75.61 3 4.37598
75.61 4 0.21549
75.71 1 0.679666
75.71 2 0.0334784
75.71 3 4.37608
75.71 4 0.215502
75.81 1 0.679072
75.81 2 0.0334604
75.81 3 4.37632
75.81 4 0.215514
75.91 1 0.678708
75.91 2 0.0334289
75.91 3 4.37655
75.91 4 0.215518
76.01 1 0.678072
76.01 2 0.0333998
76.01 3 4.37665
76.01 4 0.21553
76.11 1 0.677482
76.11 2 0.033382
76.11 3 4.37688
76.11 4 0.215542
76.21 1 0.677121
76.21 2 0.0333508
76.21 3 4.37711
76.21 4 0.215546
76.31 1 0.67649
76.31 2 0.0333197
76.31 3 4.3772
76.31 4 0.215557
76.41 1 0.675905
76.41 2 0.0333041
76.41 3 4.37744
76.41 4 0.215569
76.51 1 0.675546
76.51 2 0.0332732
76.51 3 4.37767
76.51 4 0.215574
76.61 1 0.67492
76.61 2 0.0332423
76.61 3 4.37776
76.61 4 0.215578
76.71 1 0.674339
76.71 2 0.0332137
76.71 3 4.37799
76.71 4 0.215589
76.81 1 0.673984
76.81 2 0.0331962
76.81 3 4.37822
76.81 4 0.215601
76.91 1 0.673362
76.91 2 0.0331656
76.91 3 4.37831
76.91 4 0.215605
77.01 1 0.672743
77.01 2 0.0331372
77.01 3 4.37853
77.01 4 0.215616
77.11 1 0.672433
77.11 2 0.0331198
77.11 3 4.37877
77.11 4 0.215627
77.21 1 0.671817
77.21 2 0.0330895
77.21 3 4.37885
77.21 4 0.215631
77.31 1 0.671202
77.31 2 0.0330613
77.31 3 4.37894
77.31 4 0.215642
77.41 1 0.670632
77.41 2 0.0330441
77.41 3 4.37916
77.41 4 0.215654
77.51 1 0.670283
77.51 2 0.0330139
77.51 3 4.37939
77.51 4 0.215658
77.61 1 0.669673
77.61 2 0.0329859
77.61 3 4.37947
77.61 4 0.215669
77.71 1 0.669107
77.71 2 0.0329689
77.71 3 4.37969
77.71 4 0.21568
77.81 1 0.668761
77.81 2 0.0329389
77.81 3 4.37992
77.81 4 0.215684
77.91 1 0.668155
77.91 2 0.0329112
77.91 3 4.38
77.91 4 0.215695
78.01 1 0.667593
78.01 2 0.0328942
78.01 3 4.38022
78.01 4 0.215706
78.11 1 0.66725
78.11 2 0.0328645
78.11 3 4.38045
78.11 4 0.21571
78.21 1 0.666649
78.21 2 0.0328349
78.21 3 4.38053
78.21 4 0.21572
78.31 1 0.666092
78.31 2 0.0328201
78.31 3 4.38075
78.31 4 0.215732
78.41 1 0.665751
78.41 2 0.0327907
78.41 3 4.38097
78.41 4 0.215736
78.51 1 0.665155
78.51 2 0.0327613
78.51 3 4.38105
78.51 4 0.21574
78.61 1 0.664601
78.61 2 0.032734
78.61 3 4.38127
78.61 4 0.21575
78.71 1 0.664264
78.71 2 0.0327174
78.71 3 4.38148
78.71 4 0.215761
78.81 1 0.663672
78.81 2 0.0326882
78.81 3 4.38156
78.81 4 0.215765
78.91 1 0.663081
78.91 2 0.0326611
78.91 3 4.38176
78.91 4 0.215776
79.01 1 0.662787
79.01 2 0.0326446
79.01 3 4.38199
79.01 4 0.215786
79.11 1 0.662199
79.11 2 0.0326157
79.11 3 4.38207
79.11 4 0.21579
79.21 1 0.661614
79.21 2 0.0325888
79.21 3 4.38215
79.21 4 0.215801
79.31 1 0.661069
79.31 2 0.0325725
79.31 3 4.38236
79.31 4 0.215811
79.41 1 0.660738
79.41 2 0.0325437
79.41 3 4.38257
79.41 4 0.215815
79.51 1 0.660157
79.51 2 0.032517
79.51 3 4.38265
79.51 4 0.215825
79.61 1 0.659617
79.61 2 0.0325008
79.61 3 4.38286
79.61 4 0.215836
79.71 1 0.659288
79.71 2 0.0324723
79.71 3 4.38307
79.71 4 0.215839
79.81 1 0.658711
79.81 2 0.0324458
79.81 3 4.38315
79.81 4 0.215849
79.91 1 0.658175
79.91 2 0.0324297
79.91 3 4.38336
79.91 4 0.21586
80.01 1 0.657849
80.01 2 0.0324014
80.01 3 4.38357
80.01 4 0.215863
80.11 1 0.657276
80.11 2 0.0323732
80.11 3 4.38364
80.11 4 0.215873
80.21 1 0.656743
80.21 2 0.0323591
80.21 3 4.38385
80.21 4 0.215884
80.31 1 0.65642
80.31 2 0.032331
80.31 3 4.38405
80.31 4 0.215887
80.41 1 0.655851
80.41 2 0.032303
80.41 3 4.38413
80.41 4 0.215891
80.51 1 0.655322
80.51 2 0.0322769
80.51 3 4.38433
80.51 4 0.215901
80.61 1 0.655002
80.61 2 0.0322611
80.61 3 4.38454
80.61 4 0.215911
80.71 1 0.654437
80.71 2 0.0322333
80.71 3 4.38461
80.71 4 0.215915
80.81 1 0.653874
80.81 2 0.0322075
80.81 3 4.38468
80.81 4 0.215925
80.91 1 0.653308
80.91 2 0.0321918
80.91 3 4.38501
80.91 4 0.215935
81.01 1 0.653033
81.01 2 0.0321642
81.01 3 4.38509
81.01 4 0.215938
81.11 1 0.652475
81.11 2 0.0321385
81.11 3 4.38516
81.11 4 0.215948
81.21 1 0.651955
81.21 2 0.0321229
81.21 3 4.38536
81.21 4 0.215958
81.31 1 0.65164
81.31 2 0.0320955
81.31 3 4.38556
81.31 4 0.215962
81.41 1 0.651085
81.41 2 0.03207
81.41 3 4.38563
81.41 4 0.215972
81.51 1 0.650569
81.51 2 0.0320546
81.51 3 4.38583
81.51 4 0.215981
81.61 1 0.650257
81.61 2 0.0320274
81.61 3 4.38603
81.61 4 0.215985
81.71 1 0.649938
81.71 2 0.0320117
81.71 3 4.3845
81.71 4 0.215913
81.81 1 0.649897
81.81 2 0.0320055
81.81 3 4.37814
81.81 4 0.2156
81.91 1 0.649837
81.91 2 0.0320082
81.91 3 4.37161
81.91 4 0.215366
82.01 1 0.64966
82.01 2 0.0319965
82.01 3 4.37144
82.01 4 0.215272
82.11 1 0.649355
82.11 2 0.0319829
82.11 3 4.37153
82.11 4 0.21527
82.21 1 0.64876
82.21 2 0.0319575
82.21 3 4.37174
82.21 4 0.215281
82.31 1 0.648517
82.31 2 0.0319416
82.31 3 4.37197
82.31 4 0.215292
82.41 1 0.647947
82.41 2 0.0319136
82.41 3 4.37206
82.41 4 0.215296
82.51 1 0.647414
82.51 2 0.0318996
82.51 3 4.37228
82.51 4 0.215314
82.61 1 0.647095
82.61 2 0.0318716
82.61 3 4.3725
82.61 4 0.215318
82.71 1 0.646529
82.71 2 0.0318455
82.71 3 4.37259
82.71 4 0.215329
82.81 1 0.646
82.81 2 0.0318298
82.81 3 4.3728
82.81 4 0.215339
82.91 1 0.645696
82.91 2 0.0318027
82.91 3 4.37302
82.91 4 0.215344
83.01 1 0.645161
83.01 2 0.0317781
83.01 3 4.37311
83.01 4 0.215354
83.11 1 0.644662
83.11 2 0.0317632
83.11 3 4.37332
83.11 4 0.215365
83.21 1 0.644361
83.21 2 0.0317369
83.21 3 4.37353
83.21 4 0.215369
83.31 1 0.643829
83.31 2 0.0317107
83.31 3 4.37362
83.31 4 0.215373
83.41 1 0.643333
83.41 2 0.0316863
83.41 3 4.37383
83.41 4 0.21539
83.51 1 0.643035
83.51 2 0.0316716
83.51 3 4.37404
83.51 4 0.215394
83.61 1 0.642507
83.61 2 0.0316456
83.61 3 4.37413
83.61 4 0.215399
83.71 1 0.642014
83.71 2 0.0316213
83.71 3 4.37434
83.71 4 0.215409
83.81 1 0.641718
83.81 2 0.0316067
83.81 3 4.37455
83.81 4 0.215419
83.91 1 0.641194
83.91 2 0.0315809
83.91 3 4.37464
83.91 4 0.215423
84.01 1 0.640671
84.01 2 0.0315568
84.01 3 4.37472
84.01 4 0.215433
84.11 1 0.640183
84.11 2 0.0315423
84.11 3 4.37505
84.11 4 0.215444
84.21 1 0.63989
84.21 2 0.0315167
84.21 3 4.37514
84.21 4 0.215448
84.31 1 0.639371
84.31 2 0.0314928
84.31 3 4.37522
84.31 4 0.215458
84.41 1 0.638887
84.41 2 0.0314784
84.41 3 4.37542
84.41 4 0.215468
84.51 1 0.638596
84.51 2 0.0314529
84.51 3 4.37563
84.51 4 0.215472
84.61 1 0.63808
84.61 2 0.0314292
84.61 3 4.37571
84.61 4 0.215482
84.71 1 0.637599
84.71 2 0.0314149
84.71 3 4.37592
84.71 4 0.215492
84.81 1 0.63731
84.81 2 0.0313896
84.81 3 4.37612
84.81 4 0.215496
84.91 1 0.636798
84.91 2 0.031366
84.91 3 4.3762
84.91 4 0.215506
85.01 1 0.63632
85.01 2 0.0313518
85.01 3 4.37641
85.01 4 0.215517
85.11 1 0.636034
85.11 2 0.0313267
85.11 3 4.37661
85.11 4 0.21552
85.21 1 0.635526
85.21 2 0.0313017
85.21 3 4.37669
85.21 4 0.215524
85.31 1 0.635051
85.31 2 0.0312783
85.31 3 4.37689
85.31 4 0.21554
85.41 1 0.634766
85.41 2 0.0312643
85.41 3 4.3771
85.41 4 0.215544
85.51 1 0.634261
85.51 2 0.0312394
85.51 3 4.37717
85.51 4 0.215548
85.61 1 0.633717
85.61 2 0.0312162
85.61 3 4.37737
85.61 4 0.215558
85.71 1 0.633507
85.71 2 0.0312023
85.71 3 4.37757
85.71 4 0.215568
85.81 1 0.633006
85.81 2 0.0311776
85.81 3 4.37765
85.81 4 0.215572
85.91 1 0.632506
85.91 2 0.0311545
85.91 3 4.37772
85.91 4 0.215581
86.01 1 0.632039
86.01 2 0.0311407
86.01 3 4.37804
86.01 4 0.215591
86.11 1 0.631759
86.11 2 0.0311162
86.11 3 4.37812
86.11 4 0.215595
86.21 1 0.631263
86.21 2 0.0310932
86.21 3 4.3782
86.21 4 0.215605
86.31 1 0.630799
86.31 2 0.0310795
86.31 3 4.37839
86.31 4 0.215614
86.41 1 0.630521
86.41 2 0.0310552
86.41 3 4.37859
86.41 4 0.215618
86.51 1 0.630028
86.51 2 0.0310324
86.51 3 4.37867
86.51 4 0.215628
86.61 1 0.629567
86.61 2 0.0310188
86.61 3 4.37886
86.61 4 0.215637
86.71 1 0.629292
86.71 2 0.0309946
86.71 3 4.37906
86.71 4 0.21564
86.81 1 0.628802
86.81 2 0.030972
86.81 3 4.37913
86.81 4 0.21565
86.91 1 0.628344
86.91 2 0.0309585
86.91 3 4.37932
86.91 4 0.21566
87.01 1 0.62807
87.01 2 0.0309344
87.01 3 4.37951
87.01 4 0.215663
87.11 1 0.627584
87.11 2 0.0309105
87.11 3 4.37959
87.11 4 0.215667
87.21 1 0.627129
87.21 2 0.0308881
87.21 3 4.37978
87.21 4 0.215682
87.31 1 0.626857
87.31 2 0.0308747
87.31 3 4.37997
87.31 4 0.215686
87.41 1 0.626375
87.41 2 0.0308509
87.41 3 4.38004
87.41 4 0.215689
87.51 1 0.625853
87.51 2 0.0308286
87.51 3 4.38023
87.51 4 0.215699
87.61 1 0.625653
87.61 2 0.0308153
87.61 3 4.38042
87.61 4 0.215708
87.71 1 0.625173
87.71 2 0.0307917
87.71 3 4.38049
87.71 4 0.215711
87.81 1 0.624695
87.81 2 0.0307696
87.81 3 4.38056
87.81 4 0.215721
87.91 1 0.624247
87.91 2 0.0307564
87.91 3 4.38075
87.91 4 0.21573
88.01 1 0.62398
88.01 2 0.0307329
88.01 3 4.38094
88.01 4 0.215733
88.11 1 0.623505
88.11 2 0.0307109
88.11 3 4.38101
88.11 4 0.215743
88.21 1 0.623059
88.21 2 0.0306978
88.21 3 4.3812
88.21 4 0.215752
88.31 1 0.622794
88.31 2 0.0306745
88.31 3 4.38139
88.31 4 0.215755
88.41 1 0.622323
88.41 2 0.0306527
88.41 3 4.38145
88.41 4 0.215764
88.51 1 0.62188
88.51 2 0.0306397
88.51 3 4.38164
88.51 4 0.215774
88.61 1 0.621617
88.61 2 0.0306165
88.61 3 4.38182
88.61 4 0.215777
88.71 1 0.621148
88.71 2 0.0305934
88.71 3 4.38189
88.71 4 0.215786
88.81 1 0.620709
88.81 2 0.0305819
88.81 3 4.38207
88.81 4 0.215795
88.91 1 0.620448
88.91 2 0.0305589
88.91 3 4.38226
88.91 4 0.215798
89.01 1 0.619982
89.01 2 0.030536
89.01 3 4.38233
89.01 4 0.215802
89.11 1 0.619545
89.11 2 0.0305145
89.11 3 4.38251
89.11 4 0.215811
89.21 1 0.619286
89.21 2 0.0305017
89.21 3 4.38269
89.21 4 0.21582
89.31 1 0.618823
89.31 2 0.0304789
89.31 3 4.38276
89.31 4 0.215823
89.41 1 0.618362
89.41 2 0.0304575
89.41 3 4.38293
89.41 4 0.215831
89.51 1 0.618132
89.51 2 0.0304449
89.51 3 4.38312
89.51 4 0.21584
89.61 1 0.617672
89.61 2 0.0304222
89.61 3 4.38319
89.61 4 0.215844
89.71 1 0.617214
89.71 2 0.030401
89.71 3 4.38325
89.71 4 0.215852
89.81 1 0.616784
89.81 2 0.0303884
89.81 3 4.38343
89.81 4 0.215861
89.91 1 0.616529
89.91 2 0.0303659
89.91 3 4.3836
89.91 4 0.215864
90.01 1 0.616074
90.01 2 0.0303448
90.01 3 4.38367
90.01 4 0.215873
90.11 1 0.615646
90.11 2 0.0303323
90.11 3 4.38385
90.11 4 0.215882
90.21 1 0.615393
90.21 2 0.0303099
90.21 3 4.38403
90.21 4 0.215885
90.31 1 0.614941
90.31 2 0.030289
90.31 3 4.38409
90.31 4 0.215894
90.41 1 0.614516
90.41 2 0.0302765
90.41 3 4.38427
90.41 4 0.215903
90.51 1 0.614265
90.51 2 0.0302544
90.51 3 4.38444
90.51 4 0.215906
90.61 1 0.613815
90.61 2 0.0302322
90.61 3 4.38451
90.61 4 0.215914
90.71 1 0.613393
90.71 2 0.0302212
90.71 3 4.38468
90.71 4 0.215923
90.81 1 0.613144
90.81 2 0.0301991
90.81 3 4.38486
90.81 4 0.215926
90.91 1 0.612697
90.91 2 0.0301771
90.91 3 4.38492
90.91 4 0.215929
91.01 1 0.612278
91.01 2 0.0301565
91.01 3 4.38509
91.01 4 0.215938
91.11 1 0.61203
91.11 2 0.0301443
91.11 3 4.38526
91.11 4 0.215946
91.21 1 0.611587
91.21 2 0.0301224
91.21 3 4.38532
91.21 4 0.215949
91.31 1 0.611144
91.31 2 0.0301019
91.31 3 4.38549
91.31 4 0.215958
91.41 1 0.610924
91.41 2 0.0300898
91.41 3 4.38567
91.41 4 0.215966
91.51 1 0.610483
91.51 2 0.0300681
91.51 3 4.38573
91.51 4 0.215969
91.61 1 0.610044
91.61 2 0.0300476
91.61 3 4.38579
91.61 4 0.215978
91.71 1 0.60963
91.71 2 0.0300356
91.71 3 4.38596
91.71 4 0.215986
91.81 1 0.609387
91.81 2 0.0300141
91.81 3 4.38613
91.81 4 0.215989
91.91 1 0.60895
91.91 2 0.0299938
91.91 3 4.38619
91.91 4 0.215997
92.01 1 0.608717
92.01 2 0.029981
92.01 3 4.38636
92.01 4 0.216003
92.11 1 0.608727
92.11 2 0.0299815
92.11 3 4.3809
92.11 4 0.215734
92.21 1 0.608737
92.21 2 0.0299819
92.21 3 4.37547
92.21 4 0.215467
92.31 1 0.608653
92.31 2 0.0299779
92.31 3 4.3739
92.31 4 0.215386
92.41 1 0.608365
92.41 2 0.0299637
92.41 3 4.37397
92.41 4 0.21539
92.51 1 0.607901
92.51 2 0.0299519
92.51 3 4.37416
92.51 4 0.215405
92.61 1 0.60765
92.61 2 0.0299285
92.61 3 4.37434
92.61 4 0.215408
92.71 1 0.607175
92.71 2 0.0299057
92.71 3 4.37441
92.71 4 0.215417
92.81 1 0.606937
92.81 2 0.0298934
92.81 3 4.37471
92.81 4 0.215426
92.91 1 0.606464
92.91 2 0.0298701
92.91 3 4.37478
92.91 4 0.21543
93.01 1 0.606005
93.01 2 0.0298584
93.01 3 4.37497
93.01 4 0.215444
93.11 1 0.605779
93.11 2 0.0298363
93.11 3 4.37515
93.11 4 0.215448
93.21 1 0.605353
93.21 2 0.0298153
93.21 3 4.37522
93.21 4 0.215452
93.31 1 0.604941
93.31 2 0.029795
93.31 3 4.37541
93.31 4 0.215466
93.41 1 0.604716
93.41 2 0.029784
93.41 3 4.37559
93.41 4 0.21547
93.51 1 0.604293
93.51 2 0.0297631
93.51 3 4.37566
93.51 4 0.215473
93.61 1 0.603871
93.61 2 0.0297429
93.61 3 4.37583
93.61 4 0.215482
93.71 1 0.60366
93.71 2 0.0297319
93.71 3 4.37602
93.71 4 0.21549
93.81 1 0.60324
93.81 2 0.0297112
93.81 3 4.37609
93.81 4 0.215494
93.91 1 0.60282
93.91 2 0.0296912
93.91 3 4.37616
93.91 4 0.215503
94.01 1 0.602376
94.01 2 0.0296802
94.01 3 4.37644
94.01 4 0.215512
94.11 1 0.602193
94.11 2 0.0296597
94.11 3 4.37652
94.11 4 0.215515
94.21 1 0.601776
94.21 2 0.0296397
94.21 3 4.37659
94.21 4 0.215524
94.31 1 0.601372
94.31 2 0.0296289
94.31 3 4.37676
94.31 4 0.215533
94.41 1 0.601153
94.41 2 0.0296084
94.41 3 4.37694
94.41 4 0.215536
94.51 1 0.600738
94.51 2 0.0295886
94.51 3 4.37701
94.51 4 0.215545
94.61 1 0.600337
94.61 2 0.0295778
94.61 3 4.37719
94.61 4 0.215553
94.71 1 0.600119
94.71 2 0.0295575
94.71 3 4.37736
94.71 4 0.215557
94.81 1 0.599707
94.81 2 0.0295372
94.81 3 4.37743
94.81 4 0.215565
94.91 1 0.599308
94.91 2 0.0295271
94.91 3 4.37761
94.91 4 0.215574
95.01 1 0.599092
95.01 2 0.0295069
95.01 3 4.37778
95.01 4 0.215577
95.11 1 0.598683
95.11 2 0.0294867
95.11 3 4.37785
95.11 4 0.215581
95.21 1 0.598286
95.21 2 0.0294672
95.21 3 4.37803
95.21 4 0.215594
95.31 1 0.598071
95.31 2 0.0294566
95.31 3 4.37819
95.31 4 0.215598
95.41 1 0.597664
95.41 2 0.0294366
95.41 3 4.37826
95.41 4 0.215601
95.51 1 0.597259
95.51 2 0.0294171
95.51 3 4.37843
95.51 4 0.21561
95.61 1 0.597056
95.61 2 0.0294066
95.61 3 4.37861
95.61 4 0.215618
95.71 1 0.596652
95.71 2 0.0293867
95.71 3 4.37867
95.71 4 0.215621
95.81 1 0.596249
95.81 2 0.0293674
95.81 3 4.37874
95.81 4 0.21563
95.91 1 0.595858
95.91 2 0.029357
95.91 3 4.37901
95.91 4 0.215638
96.01 1 0.595647
96.01 2 0.0293372
96.01 3 4.37908
96.01 4 0.215641
96.11 1 0.595246
96.11 2 0.029318
96.11 3 4.37915
96.11 4 0.21565
96.21 1 0.594857
96.21 2 0.0293076
96.21 3 4.37932
96.21 4 0.215658
96.31 1 0.594647
96.31 2 0.029288
96.31 3 4.37949
96.31 4 0.215661
96.41 1 0.594249
96.41 2 0.0292689
96.41 3 4.37955
96.41 4 0.215669
96.51 1 0.593863
96.51 2 0.0292586
96.51 3 4.37972
96.51 4 0.215678
96.61 1 0.593654
96.61 2 0.029239
96.61 3 4.37988
96.61 4 0.215681
96.71 1 0.593258
96.71 2 0.0292195
96.71 3 4.37995
96.71 4 0.215689
96.81 1 0.592874
96.81 2 0.0292098
96.81 3 4.38011
96.81 4 0.215697
96.91 1 0.592667
96.91 2 0.0291904
96.91 3 4.38028
96.91 4 0.2157
97.01 1 0.592273
97.01 2 0.029171
97.01 3 4.38034
97.01 4 0.215703
97.11 1 0.591891
97.11 2 0.0291522
97.11 3 4.38051
97.11 4 0.215716
97.21 1 0.591685
97.21 2 0.029142
97.21 3 4.38068
97.21 4 0.21572
97.31 1 0.591295
97.31 2 0.0291228
97.31 3 4.38074
97.31 4 0.215723
97.41 1 0.590905
97.41 2 0.0291041
97.41 3 4.3808
97.41 4 0.215731
97.51 1 0.59071
97.51 2 0.029094
97.51 3 4.38107
97.51 4 0.215739
97.61 1 0.590322
97.61 2 0.0290749
97.61 3 4.38113
97.61 4 0.215742
97.71 1 0.589934
97.71 2 0.0290563
97.71 3 4.38119
97.71 4 0.21575
97.81 1 0.589557
97.81 2 0.0290463
97.81 3 4.38136
97.81 4 0.215758
97.91 1 0.589355
97.91 2 0.0290272
97.91 3 4.38152
97.91 4 0.215761
98.01 1 0.58897
98.01 2 0.0290087
98.01 3 4.38158
98.01 4 0.215769
98.11 1 0.588595
98.11 2 0.0289988
98.11 3 4.38174
98.11 4 0.215777
98.21 1 0.588394
98.21 2 0.0289799
98.21 3 4.3819
98.21 4 0.21578
98.31 1 0.588011
98.31 2 0.0289615
98.31 3 4.38196
98.31 4 0.215788
98.41 1 0.587638
98.41 2 0.0289516
98.41 3 4.38212
98.41 4 0.215796
98.51 1 0.587438
98.51 2 0.0289328
98.51 3 4.38228
98.51 4 0.215799
98.61 1 0.587058
98.61 2 0.0289141
98.61 3 4.38234
98.61 4 0.215802
98.71 1 0.586687
98.71 2 0.0289047
98.71 3 4.3825
98.71 4 0.215815
98.81 1 0.586489
98.81 2 0.0288861
98.81 3 4.38266
98.81 4 0.215818
98.91 1 0.58611
98.91 2 0.0288674
98.91 3 4.38272
98.91 4 0.21582
99.01 1 0.585742
99.01 2 0.0288493
99.01 3 4.38288
99.01 4 0.215833
99.11 1 0.585545
99.11 2 0.0288396
99.11 3 4.38304
99.11 4 0.215836
99.21 1 0.585169
99.21 2 0.028821
99.21 3 4.3831
99.21 4 0.215839
99.31 1 0.585064
99.31 2 0.0288159
99.31 3 4.38178
99.31 4 0.21585
99.41 1 0.5851
99.41 2 0.0288176
99.41 3 4.38178
99.41 4 0.21585
99.51 1 0.585136
99.51 2 0.0288166
99.51 3 4.38178
99.51 4 0.21585
99.61 1 0.585172
99.61 2 0.0288207
99.61 3 4.38178
99.61 4 0.21585
99.71 1 0.585207
99.71 2 0.0288225
99.71 3 4.38178
99.71 4 0.21585
99.81 1 0.585208
99.81 2 0.0288242
99.81 3 4.38178
99.81 4 0.21585
99.91 1 0.585187
99.91 2 0.028826
99.91 3 4.38178
99.91 4 0.21585
100.01 1 0.585305
100.01 2 0.0288277
100.01 3 4.38178
100.01 4 0.21585
100.11 1 0.585344
100.11 2 0.0288334
100.11 3 4.38178
100.11 4 0.21585
100.21 1 0.58538
100.21 2 0.0288324
100.21 3 4.38178
100.21 4 0.21585
100.31 1 0.585415
100.31 2 0.0288364
100.31 3 4.38178
100.31 4 0.21585
100.41 1 0.58545
100.41 2 0.0288381
100.41 3 4.38178
100.41 4 0.21585
100.51 1 0.58543
100.51 2 0.0288399
100.51 3 4.38178
100.51 4 0.21585
100.61 1 0.585512
100.61 2 0.0288416
100.61 3 4.38178
100.61 4 0.21585
100.71 1 0.585547
100.71 2 0.0288433
100.71 3 4.38178
100.71 4 0.21585
100.81 1 0.585582
100.81 2 0.0288423
100.81 3 4.38178
100.81 4 0.21585
100.91 1 0.585581
100.91 2 0.0288463
100.91 3 4.38178
100.91 4 0.21585
