0.0 0
0.034232 0.024
0.0594108 0.024125
0.0611068 0.0243594
0.0628028 0.0245645
0.0644988 0.0247439
0.0661948 0.0249009
0.0845788 0.0271633
0.0862748 0.0270179
0.0879708 0.0268906
0.0896668 0.0267793
0.0913628 0.0266819
0.0930588 0.0267217
0.0947548 0.0266315
0.0964508 0.0265525
0.0981468 0.0266085
0.109747 0.0277824
0.111443 0.0275596
0.113139 0.0273646
0.114835 0.0271941
0.116531 0.0270448
0.118227 0.0269142
0.119923 0.0267999
0.121619 0.0266999
0.123315 0.0266124
0.134915 0.0277859
0.136611 0.0275627
0.138307 0.0273673
0.140003 0.0273214
0.141699 0.0271562
0.143395 0.0270117
0.145091 0.0268852
0.146787 0.0267746
0.148483 0.0266778
0.160083 0.027843
0.161779 0.0276127
0.163475 0.0274111
0.165171 0.0272347
0.166867 0.0270804
0.168563 0.0269453
0.170259 0.0268271
0.171955 0.0267238
0.173651 0.0266333
0.185251 0.0278041
0.186947 0.0275786
0.188643 0.0273813
0.190339 0.0272086
0.192035 0.0270575
0.193731 0.0269253
0.195427 0.0268097
0.197123 0.0267085
0.198819 0.0266199
0.210419 0.0277924
0.212115 0.0275684
0.213811 0.0273723
0.215507 0.0272008
0.217203 0.0270507
0.218899 0.0269193
0.220595 0.0268044
0.222291 0.0267039
0.223987 0.0266159
0.235587 0.0277889
0.237283 0.0275653
0.238979 0.0273696
0.240675 0.0271984
0.242371 0.0270486
0.244067 0.0269175
0.245763 0.0268028
0.247459 0.0267025
0.249155 0.0266147
0.260755 0.0277878
0.262451 0.0275644
0.264147 0.0273688
0.265843 0.0271977
0.267539 0.027048
0.269235 0.026917
0.270931 0.0268024
0.272627 0.0267021
0.274323 0.0266143
0.285923 0.0277875
0.287619 0.0275641
0.289315 0.0273686
0.291011 0.0273225
0.292707 0.0271572
0.294403 0.0270125
0.296099 0.026886
0.297795 0.0267752
0.299491 0.0266783
0.311091 0.0278435
0.312787 0.0276131
0.314483 0.0274115
0.316179 0.027235
0.317875 0.0270806
0.319571 0.0269456
0.321267 0.0268274
0.322963 0.0267239
0.324659 0.0266335
0.336259 0.0278043
0.337955 0.0275787
0.339651 0.0273814
0.341347 0.0272087
0.343043 0.0270576
0.344739 0.0269254
0.346435 0.0268097
0.348131 0.0267085
0.349827 0.02662
0.361427 0.0277925
0.363123 0.0275684
0.364819 0.0273724
0.366515 0.0272008
0.368211 0.0270507
0.369907 0.0269194
0.371603 0.0268044
0.373299 0.0267039
0.374995 0.0266159
0.386595 0.0277889
0.388291 0.0275653
0.389987 0.0273696
0.391683 0.0271984
0.393379 0.0270486
0.395075 0.0269175
0.396771 0.0268029
0.398467 0.0267025
0.400163 0.0266147
0.411763 0.0277878
0.413459 0.0275644
0.415155 0.0273688
0.416851 0.0271977
0.418547 0.027048
0.420243 0.026917
0.421939 0.0268024
0.423635 0.0267021
0.425331 0.0266143
0.436931 0.0277875
0.438627 0.0275641
0.440323 0.0273686
0.442019 0.0273225
0.443715 0.0271572
0.445411 0.0270125
0.447107 0.026886
0.448803 0.0267752
0.450499 0.0266783
0.462099 0.0278435
0.463795 0.0276131
0.465491 0.0274115
0.467187 0.027235
0.468883 0.0270806
0.470579 0.0269456
0.472275 0.0268274
0.473971 0.0267239
0.475667 0.0266335
0.487267 0.0278043
0.488963 0.0275787
0.490659 0.0273814
0.492355 0.0272087
0.494051 0.0270576
0.495747 0.0269254
0.497443 0.0268097
0.499139 0.0267085
0.500835 0.02662
0.512435 0.0277925
0.514131 0.0275684
0.515827 0.0273724
0.517523 0.0272008
0.519219 0.0270507
0.520915 0.0269194
0.522611 0.0268044
0.524307 0.0267039
0.526003 0.0267409
0.537603 0.0278983
0.539299 0.027661
0.540995 0.0274534
0.542691 0.0272717
0.544387 0.0271127
0.546083 0.0269736
0.547779 0.0268519
0.549475 0.0267454
0.551171 0.0266523
0.562771 0.0278207
0.564467 0.0275931
0.566163 0.027394
0.567859 0.0272197
0.569555 0.0270673
0.571251 0.0269339
0.572947 0.0268171
0.574643 0.026715
0.576339 0.0266256
0.587939 0.0276724
0.589635 0.0274634
0.591331 0.0272804
0.593027 0.0272454
0.594723 0.0270897
0.596419 0.0269535
0.598115 0.0268343
0.599811 0.02673
0.601507 0.0266388
0.613107 0.0278089
0.614803 0.0275828
0.616499 0.027385
0.618195 0.0272118
0.619891 0.0270604
0.621587 0.0269278
0.623283 0.0268118
0.624979 0.0267104
0.626675 0.0266216
0.638275 0.0277939
0.639971 0.0275696
0.641667 0.0273734
0.643363 0.0272017
0.645059 0.0270515
0.646755 0.0269201
0.648451 0.0268051
0.650147 0.0267044
0.651843 0.0266164
0.663443 0.0277893
0.665139 0.0275657
0.666835 0.02737
0.668531 0.0271987
0.670227 0.0270489
0.671923 0.0269178
0.673619 0.026803
0.675315 0.0267027
0.677011 0.0267398
0.688611 0.0278974
0.690307 0.0276602
0.692003 0.0275777
0.693699 0.0273805
0.695395 0.0272079
0.697091 0.0270569
0.698787 0.0269248
0.700483 0.0268092
0.702179 0.026708
0.713779 0.0278695
0.715475 0.0276358
0.717171 0.0274314
0.718867 0.0272524
0.720563 0.0270959
0.722259 0.0269589
0.723955 0.026839
0.725651 0.0267342
0.727347 0.0266424
0.738947 0.0276871
0.740643 0.0274762
0.742339 0.0272917
0.744035 0.0271302
0.745731 0.0269889
0.747427 0.0268653
0.749123 0.0267572
0.750819 0.0266625
0.752515 0.0265797
0.764115 0.0277572
0.765811 0.0275376
0.767507 0.0273454
0.769203 0.0271772
0.770899 0.0270301
0.772595 0.0269013
0.774291 0.0267886
0.775987 0.0266901
0.777683 0.0266038
0.789283 0.0277783
0.790979 0.027556
0.792675 0.0273615
0.794371 0.0271913
0.796067 0.0270424
0.797763 0.0269121
0.799459 0.0267981
0.801155 0.0266983
0.802851 0.026611
0.814451 0.0277847
0.816147 0.0275616
0.817843 0.0273664
0.819539 0.0271956
0.821235 0.0270461
0.822931 0.0269154
0.824627 0.0268009
0.826323 0.0267008
0.828019 0.0267382
0.839619 0.0278959
0.841315 0.027659
0.843011 0.0275766
0.844707 0.0273795
0.846403 0.0272071
0.848099 0.0270562
0.849795 0.0269242
0.851491 0.0268086
0.853187 0.0267076
0.864787 0.0278691
0.866483 0.0276355
0.868179 0.027431
0.869875 0.0272522
0.871571 0.0270956
0.873267 0.0269587
0.874963 0.0268388
0.876659 0.026734
0.878355 0.0266422
0.889955 0.027687
0.891651 0.0274761
0.893347 0.0272916
0.895043 0.0271301
0.896739 0.0269889
0.898435 0.0268653
0.900131 0.0267571
0.901827 0.0266625
0.903523 0.0265797
0.915123 0.0277572
0.916819 0.0275375
0.918515 0.0273454
0.920211 0.0271772
0.921907 0.02703
0.923603 0.0269013
0.925299 0.0267886
0.926995 0.02669
0.928691 0.0266038
0.940291 0.0277783
0.941987 0.027556
0.943683 0.0273615
0.945379 0.0271913
0.947075 0.0270424
0.948771 0.0269121
0.950467 0.0267981
0.952163 0.0266983
0.953859 0.026611
0.965459 0.0277847
0.967155 0.0275616
0.968851 0.0273664
0.970547 0.0271956
0.972243 0.0270461
0.973939 0.0269154
0.975635 0.0268009
0.977331 0.0267008
0.979027 0.0267382
0.990627 0.0278959
0.992323 0.027659
0.994019 0.0275766
0.995715 0.0273795
0.997411 0.0272071
0.999107 0.0270562
1.0008 0.0269242
1.0025 0.0268086
1.00419 0.0267076
1.01579 0.0278691
1.01749 0.0276355
1.01919 0.027431
1.02088 0.0272522
1.02258 0.0270956
1.02427 0.0269587
1.02597 0.0268388
1.02767 0.026734
1.02936 0.0266422
1.04096 0.027687
1.04266 0.0274761
1.04435 0.0272916
1.04605 0.0271301
1.04775 0.0269889
1.04944 0.0268653
1.05114 0.0267571
1.05283 0.0266625
1.05453 0.0265797
1.06613 0.0277572
1.06783 0.0275375
1.06952 0.0273454
1.07122 0.0271772
1.07291 0.02703
1.07461 0.0269013
1.07631 0.0267886
1.078 0.026815
1.0797 0.0267132
1.0913 0.027874
1.09299 0.0276398
1.09469 0.0274348
1.09639 0.0272554
1.09808 0.0270985
1.09978 0.0269612
1.10147 0.026841
1.10317 0.0267359
1.10487 0.0266439
1.11647 0.0278134
1.11816 0.0275868
1.11986 0.0273884
1.12155 0.0272149
1.12325 0.027063
1.12495 0.0269301
1.12664 0.0268139
1.12834 0.0267121
1.13003 0.0266231
1.14163 0.0277952
1.14333 0.0275708
1.14503 0.0274995
1.14672 0.027312
1.14842 0.027148
1.15011 0.0270045
1.15181 0.026879
1.15351 0.0267691
1.1552 0.026673
1.1668 0.0278388
1.1685 0.027609
1.17019 0.0274079
1.17189 0.0272319
1.17359 0.0270779
1.17528 0.0269432
1.17698 0.0268253
1.17867 0.0267221
1.18037 0.0266318
1.19197 0.0276779
1.19367 0.0274681
1.19536 0.0272846
1.19706 0.027124
1.19875 0.0269835
1.20045 0.0268606
1.20215 0.026753
1.20384 0.0266589
1.20554 0.0265765
1.21714 0.0277545
1.21883 0.0275352
1.22053 0.0273433
1.22223 0.0271753
1.22392 0.0270284
1.22562 0.0268999
1.22731 0.0267874
1.22901 0.026814
1.23071 0.0267122
1.24231 0.0278732
1.244 0.027764
1.2457 0.0275435
1.24739 0.0273506
1.24909 0.0271818
1.25079 0.027034
1.25248 0.0269048
1.25418 0.0267917
1.25587 0.0266927
1.26747 0.0278561
1.26917 0.0276241
1.27087 0.0274211
1.27256 0.0272435
1.27426 0.027088
1.27595 0.026952
1.27765 0.026833
1.27935 0.0267289
1.28104 0.0266378
1.29264 0.0278081
1.29434 0.0275821
1.29603 0.0273843
1.29773 0.0272113
1.29943 0.0270599
1.30112 0.0269274
1.30282 0.0268114
1.30451 0.02671
1.30621 0.0266213
1.31781 0.0277936
1.31951 0.0275694
1.3212 0.0273732
1.3229 0.0272016
1.32459 0.0270514
1.32629 0.02692
1.32799 0.026805
1.32968 0.0267043
1.33138 0.0266163
1.34298 0.0276643
1.34467 0.0274562
1.34637 0.0272742
1.34807 0.0271149
1.34976 0.0269756
1.35146 0.0268536
1.35315 0.0267469
1.35485 0.0266535
1.35655 0.0265719
1.36815 0.0277504
1.36984 0.0275316
1.37154 0.0273401
1.37323 0.0271726
1.37493 0.027026
1.37663 0.0268978
1.37832 0.0267856
1.38002 0.0268124
1.38171 0.0267108
1.39331 0.027872
1.39501 0.027763
1.39671 0.0275426
1.3984 0.0273498
1.4001 0.027181
1.40179 0.0270334
1.40349 0.0269042
1.40519 0.0267912
1.40688 0.0266923
1.41848 0.0278558
1.42018 0.0276238
1.42187 0.0274208
1.42357 0.0272432
1.42527 0.0270878
1.42696 0.0269518
1.42866 0.0268329
1.43035 0.0267288
1.43205 0.0266377
1.44365 0.0278079
1.44535 0.027582
1.44704 0.0273842
1.44874 0.0272112
1.45043 0.0270598
1.45213 0.0269273
1.45383 0.0268114
1.45552 0.02671
1.45722 0.0266212
1.46882 0.0277936
1.47051 0.0275694
1.47221 0.0273732
1.47391 0.0272016
1.4756 0.0270514
1.4773 0.0269199
1.47899 0.0268049
1.48069 0.0267043
1.48239 0.0266163
1.49399 0.0276642
1.49568 0.0274562
1.49738 0.0272742
1.49907 0.0271149
1.50077 0.0269756
1.50247 0.0268536
1.50416 0.0267469
1.50586 0.0266535
1.50755 0.0265718
1.51915 0.0277504
1.52085 0.0275316
1.52255 0.0273401
1.52424 0.0271726
1.52594 0.027026
1.52763 0.0268978
1.52933 0.0267856
1.53103 0.0268124
1.53272 0.0267108
1.54432 0.027872
1.54602 0.027763
1.54771 0.0275426
1.54941 0.0273498
1.55111 0.027181
1.5528 0.0270334
1.5545 0.0269042
1.55619 0.0267912
1.55789 0.0266923
1.56949 0.0278558
1.57119 0.0276238
1.57288 0.0274208
1.57458 0.0272432
1.57627 0.0270878
1.57797 0.0269518
1.57967 0.0268329
1.58136 0.0267288
1.58306 0.0266377
1.59466 0.0278079
1.59635 0.027582
1.59805 0.0273842
1.59975 0.0272112
1.60144 0.0270598
1.60314 0.0269273
1.60483 0.0268114
1.60653 0.02671
1.60823 0.0266212
1.61983 0.0277936
1.62152 0.0275694
1.62322 0.0273732
1.62491 0.0272016
1.62661 0.0270514
1.62831 0.0269199
1.63 0.0269299
1.6317 0.0268137
1.63339 0.026712
1.64499 0.027748
1.64669 0.0275295
1.64839 0.0273383
1.65008 0.027171
1.65178 0.0270246
1.65347 0.0268966
1.65517 0.0267845
1.65687 0.0266864
1.65856 0.0266006
1.67016 0.0277755
1.67186 0.0275536
1.67355 0.0273594
1.67525 0.0271895
1.67695 0.0270408
1.67864 0.0269107
1.68034 0.0267969
1.68203 0.0266972
1.68373 0.0266101
1.69533 0.0277838
1.69703 0.0276859
1.69872 0.0274751
1.70042 0.0272907
1.70211 0.0271294
1.70381 0.0269882
1.70551 0.0268647
1.7072 0.0267566
1.7089 0.026662
1.7205 0.0278293
1.72219 0.0276006
1.72389 0.0274005
1.72559 0.0272255
1.72728 0.0270723
1.72898 0.0269382
1.73067 0.026821
1.73237 0.0267183
1.73407 0.0266286
1.74567 0.0278
1.74736 0.027575
1.74906 0.0273781
1.75075 0.0272058
1.75245 0.0270551
1.75415 0.0269232
1.75584 0.0268078
1.75754 0.0267068
1.75923 0.0266185
1.77083 0.0277912
1.77253 0.0275673
1.77423 0.0273714
1.77592 0.0271999
1.77762 0.02705
1.77931 0.0269187
1.78101 0.0269289
1.78271 0.0268128
1.7844 0.0267112
1.796 0.0278723
1.7977 0.0276382
1.79939 0.0274335
1.80109 0.0272543
1.80279 0.0270975
1.80448 0.0269603
1.80618 0.0268403
1.80787 0.0267352
1.80957 0.0266433
1.82117 0.0278129
1.82287 0.0275863
1.82456 0.027388
1.82626 0.0272145
1.82795 0.0270627
1.82965 0.0269299
1.83135 0.0268136
1.83304 0.0267119
1.83474 0.0266229
1.84634 0.0277951
1.84803 0.0275707
1.84973 0.0273743
1.85143 0.0272026
1.85312 0.0270522
1.85482 0.0269207
1.85651 0.0268056
1.85821 0.0267049
1.85991 0.0266168
1.87151 0.0277897
1.8732 0.027566
1.8749 0.0273702
1.87659 0.027199
1.87829 0.0270491
1.87999 0.0269179
1.88168 0.0268032
1.88338 0.0267028
1.88507 0.026615
1.89667 0.0277881
1.89837 0.0275646
1.90007 0.027369
1.90176 0.0271979
1.90346 0.0270481
1.90515 0.0269171
1.90685 0.0268025
1.90855 0.0267022
1.91024 0.0266144
1.92184 0.0277876
1.92354 0.0275641
1.92523 0.0273686
1.92693 0.0271976
1.92863 0.0270479
1.93032 0.0269169
1.93202 0.0269273
1.93371 0.0268114
1.93541 0.0267099
1.94701 0.0278712
1.94871 0.0276373
1.9504 0.0274326
1.9521 0.0272536
1.95379 0.0270969
1.95549 0.0269598
1.95719 0.0268398
1.95888 0.0267348
1.96058 0.026643
1.97218 0.0278126
1.97387 0.027586
1.97557 0.0273878
1.97727 0.0272143
1.97896 0.0270625
1.98066 0.0269297
1.98235 0.0268135
1.98405 0.0267118
1.98575 0.0266228
1.99735 0.027795
1.99904 0.0275706
2.00074 0.0273743
2.00243 0.0272025
2.00413 0.0270522
2.00583 0.0269207
2.00752 0.0268056
2.00922 0.0267049
2.01091 0.0266168
2.02251 0.0277897
2.02421 0.027566
2.02591 0.0273702
2.0276 0.0271989
2.0293 0.0270491
2.03099 0.0269179
2.03269 0.0268032
2.03439 0.0267028
2.03608 0.0266149
2.04768 0.0277881
2.04938 0.0275646
2.05107 0.027369
2.05277 0.0271979
2.05447 0.0270481
2.05616 0.0269171
2.05786 0.0268025
2.05955 0.0267022
2.06125 0.0266144
2.07285 0.0277876
2.07455 0.0275641
2.07624 0.0273686
2.07794 0.0271975
2.07963 0.0270479
2.08133 0.0269169
2.08303 0.0269273
2.08472 0.0268114
2.08642 0.0267099
2.09802 0.0278712
2.09971 0.0276373
2.10141 0.0274326
2.10311 0.0272536
2.1048 0.0270969
2.1065 0.0269598
2.10819 0.0268398
2.10989 0.0267348
2.11159 0.026643
2.12319 0.0278126
2.12488 0.027586
2.12658 0.0273878
2.12827 0.0272143
2.12997 0.0270625
2.13167 0.0269297
2.13336 0.0268135
2.13506 0.0267118
2.13675 0.0266228
2.14835 0.027795
2.15005 0.0275706
2.15175 0.0273743
2.15344 0.0272025
2.15514 0.0270522
2.15683 0.0269207
2.15853 0.0268056
2.16023 0.0267049
2.16192 0.0266168
2.17352 0.0277897
2.17522 0.027566
2.17691 0.0273702
2.17861 0.0271989
2.18031 0.0270491
2.182 0.0270429
2.1837 0.0269126
2.18539 0.0267985
2.18709 0.0266987
2.19869 0.0278613
2.20039 0.0276287
2.20208 0.0274251
2.20378 0.027247
2.20547 0.0270911
2.20717 0.0269547
2.20887 0.0268354
2.21056 0.0267309
2.21226 0.0266396
2.22386 0.0278096
2.22555 0.0275834
2.22725 0.0273855
2.22895 0.0272123
2.23064 0.0270608
2.23234 0.0269282
2.23403 0.0268121
2.23573 0.0267106
2.23743 0.0266218
2.24903 0.0277941
2.25072 0.0275698
2.25242 0.0273736
2.25411 0.0272019
2.25581 0.0270517
2.25751 0.0269202
2.2592 0.0268052
2.2609 0.0267045
2.26259 0.0266165
2.27419 0.0277894
2.27589 0.0275657
2.27759 0.02737
2.27928 0.0271988
2.28098 0.0270489
2.28267 0.0269178
2.28437 0.0268031
2.28607 0.0267027
2.28776 0.0266149
2.29936 0.027788
2.30106 0.0275645
2.30275 0.0273689
2.30445 0.0271978
2.30615 0.0270481
2.30784 0.0269171
2.30954 0.0268024
2.31123 0.0267021
2.31293 0.0266144
2.32453 0.0277876
2.32623 0.0275641
2.32792 0.0273686
2.32962 0.0271975
2.33131 0.0270478
2.33301 0.0270419
2.33471 0.0269116
2.3364 0.0267977
2.3381 0.026698
2.3497 0.0278607
2.35139 0.0276281
2.35309 0.0274246
2.35479 0.0272465
2.35648 0.0270907
2.35818 0.0269544
2.35987 0.0268351
2.36157 0.0267307
2.36327 0.0266394
2.37487 0.0278094
2.37656 0.0275833
2.37826 0.0273853
2.37995 0.0272122
2.38165 0.0270607
2.38335 0.0269281
2.38504 0.0268121
2.38674 0.0267106
2.38843 0.0266217
2.40003 0.027794
2.40173 0.0275698
2.40343 0.0273735
2.40512 0.0272019
2.40682 0.0270516
2.40851 0.0269202
2.41021 0.0268051
2.41191 0.0267045
2.4136 0.0266164
2.4252 0.0277894
2.4269 0.0275657
2.42859 0.02737
2.43029 0.0271987
2.43199 0.0270489
2.43368 0.0269178
2.43538 0.0268031
2.43707 0.0267027
2.43877 0.0266148
2.45037 0.027788
2.45207 0.0275645
2.45376 0.0273689
2.45546 0.0271978
2.45715 0.0270481
2.45885 0.0269171
2.46055 0.0268024
2.46224 0.0267021
2.46394 0.0266144
2.47554 0.0277876
2.47723 0.0275641
2.47893 0.0273686
2.48063 0.0271975
2.48232 0.0270478
2.48402 0.0270419
2.48571 0.0269116
2.48741 0.0267977
2.48911 0.026698
2.50071 0.0278607
2.5024 0.0276281
2.5041 0.0274246
2.50579 0.0272465
2.50749 0.0270907
2.50919 0.0269544
2.51088 0.0268351
2.51258 0.0267307
2.51427 0.0266394
2.52587 0.0278094
2.52757 0.0275833
2.52927 0.0273853
2.53096 0.0272122
2.53266 0.0270607
2.53435 0.0269281
2.53605 0.0268121
2.53775 0.0267106
2.53944 0.0266217
2.55104 0.027794
2.55274 0.0275698
2.55443 0.0273735
2.55613 0.0272019
2.55783 0.0270516
2.55952 0.0269202
2.56122 0.0268051
2.56291 0.0267045
2.56461 0.0266164
2.57621 0.0277894
2.57791 0.0275657
2.5796 0.02737
2.5813 0.0271987
2.58299 0.0270489
2.58469 0.0269178
2.58639 0.0268031
2.58808 0.0267027
2.58978 0.0266148
2.60138 0.027788
2.60307 0.0275645
2.60477 0.0273689
2.60647 0.0271978
2.60816 0.0270481
2.60986 0.0269171
2.61155 0.0268024
2.61325 0.0267021
2.61495 0.0266144
2.62655 0.0277876
2.62824 0.0275641
2.62994 0.0273686
2.63163 0.0271975
2.63333 0.0270478
2.63503 0.0270419
2.63672 0.0269116
2.63842 0.0267977
2.64011 0.026698
2.65171 0.0278607
2.65341 0.0276281
2.65511 0.0274246
2.6568 0.0272465
2.6585 0.0270907
2.66019 0.0269544
2.66189 0.0268351
2.66359 0.0267307
2.66528 0.0266394
2.67688 0.0278094
2.67858 0.0275833
2.68027 0.0273853
2.68197 0.0272122
2.68367 0.0270607
2.68536 0.0269281
2.68706 0.0268121
2.68875 0.0267106
2.69045 0.0266217
2.70205 0.027794
2.70375 0.0275698
2.70544 0.0273735
2.70714 0.0272019
2.70883 0.0270516
2.71053 0.0269202
2.71223 0.0268051
2.71392 0.0267045
2.71562 0.0266164
2.72722 0.0277894
2.72891 0.0275657
2.73061 0.02737
2.73231 0.0271987
2.734 0.0271739
2.7357 0.0270272
2.73739 0.0268988
2.73909 0.0267864
2.74079 0.0266881
2.75239 0.0278521
2.75408 0.0276206
2.75578 0.027418
2.75747 0.0272408
2.75917 0.0270857
2.76087 0.02695
2.76256 0.0268312
2.76426 0.0267273
2.76595 0.0266364
2.77755 0.0278068
2.77925 0.027581
2.78095 0.0273834
2.78264 0.0272104
2.78434 0.0270591
2.78603 0.0269267
2.78773 0.0268109
2.78943 0.0267095
2.79112 0.0266208
2.80272 0.0277932
2.80442 0.0275691
2.80611 0.027373
2.80781 0.0272013
2.80951 0.0270512
2.8112 0.0269198
2.8129 0.0268048
2.81459 0.0267042
2.81629 0.0266162
2.82789 0.0277891
2.82959 0.0275655
2.83128 0.0273698
2.83298 0.0271986
2.83467 0.0270488
2.83637 0.0269177
2.83807 0.026803
2.83976 0.0267026
2.84146 0.0266148
2.85306 0.0277879
2.85475 0.0275644
2.85645 0.0273689
2.85815 0.0271978
2.85984 0.027048
2.86154 0.026917
2.86323 0.0268024
2.86493 0.0267021
2.86663 0.0266143
2.87823 0.0277876
2.87992 0.0275641
2.88162 0.0273686
2.88331 0.0271975
2.88501 0.0271728
2.88671 0.0270262
2.8884 0.0268979
2.8901 0.0267857
2.89179 0.0266875
2.90339 0.0278516
2.90509 0.0276201
2.90679 0.0274176
2.90848 0.0272404
2.91018 0.0270853
2.91187 0.0269497
2.91357 0.026831
2.91527 0.0267271
2.91696 0.0266362
2.92856 0.0278067
2.93026 0.0275808
2.93195 0.0273832
2.93365 0.0272103
2.93535 0.027059
2.93704 0.0269267
2.93874 0.0268108
2.94043 0.0267095
2.94213 0.0266208
2.95373 0.0277932
2.95543 0.027569
2.95712 0.0273729
2.95882 0.0272013
2.96051 0.0270511
2.96221 0.0269197
2.96391 0.0268048
2.9656 0.0267042
2.9673 0.0266162
2.9789 0.0277891
2.98059 0.0275655
2.98229 0.0273698
2.98399 0.0271986
2.98568 0.0270488
2.98738 0.0269177
2.98907 0.026803
2.99077 0.0267026
2.99247 0.0266148
3.00407 0.0277879
3.00576 0.0275644
3.00746 0.0273689
3.00915 0.0271978
3.01085 0.027048
3.01255 0.026917
3.01424 0.0268024
3.01594 0.0267021
3.01763 0.0266143
3.02923 0.0277875
3.03093 0.0275641
3.03263 0.0273686
3.03432 0.0271975
3.03602 0.0271728
3.03771 0.0270262
3.03941 0.0268979
3.04111 0.0267857
3.0428 0.0266875
3.0544 0.0278516
3.0561 0.0276201
3.05779 0.0274176
3.05949 0.0272404
3.06119 0.0270853
3.06288 0.0269497
3.06458 0.026831
3.06627 0.0267271
3.06797 0.0266362
3.07957 0.0278067
3.08127 0.0275808
3.08296 0.0273832
3.08466 0.0272103
3.08635 0.027059
3.08805 0.0269267
3.08975 0.0268108
3.09144 0.0267095
3.09314 0.0266208
3.10474 0.0277932
3.10643 0.027569
3.10813 0.0273729
3.10983 0.0272013
3.11152 0.0270511
3.11322 0.0269197
3.11491 0.0268048
3.11661 0.0267042
3.11831 0.0266162
3.12991 0.0277891
3.1316 0.0275655
3.1333 0.0273698
3.13499 0.0271986
3.13669 0.0270488
3.13839 0.0269177
3.14008 0.026803
3.14178 0.0267026
3.14347 0.0266148
3.15507 0.0277879
3.15677 0.0275644
3.15847 0.0273689
3.16016 0.0271978
3.16186 0.027048
3.16355 0.026917
3.16525 0.0268024
3.16695 0.0267021
3.16864 0.0266143
3.18024 0.0277875
3.18194 0.0275641
3.18363 0.0273686
3.18533 0.0271975
3.18703 0.0271728
3.18872 0.0270262
3.19042 0.0268979
3.19211 0.0267857
3.19381 0.0266875
3.20541 0.0278516
3.20711 0.0276201
3.2088 0.0274176
3.2105 0.0272404
3.21219 0.0270853
3.21389 0.0269497
3.21559 0.026831
3.21728 0.0267271
3.21898 0.0266362
3.23058 0.0278067
3.23227 0.0275808
3.23397 0.0273832
3.23567 0.0272103
3.23736 0.027059
3.23906 0.0269267
3.24075 0.0268108
3.24245 0.0267095
3.24415 0.0266208
3.25575 0.0277932
3.25744 0.027569
3.25914 0.0273729
3.26083 0.0272013
3.26253 0.0270511
3.26423 0.0269197
3.26592 0.0268048
3.26762 0.0267042
3.26931 0.0266162
3.28091 0.0277891
3.28261 0.0275655
3.28431 0.0273698
3.286 0.0273236
3.2877 0.0271581
3.28939 0.0270134
3.29109 0.0268867
3.29279 0.0267759
3.29448 0.0266789
3.30608 0.027844
3.30778 0.0276135
3.30947 0.0274118
3.31117 0.0272353
3.31287 0.0270809
3.31456 0.0269458
3.31626 0.0268276
3.31795 0.0267241
3.31965 0.0266336
3.33125 0.0278044
3.33295 0.0275789
3.33464 0.0273815
3.33634 0.0272088
3.33803 0.0270577
3.33973 0.0269255
3.34143 0.0268098
3.34312 0.0267086
3.34482 0.02662
3.35642 0.0277925
3.35811 0.0275684
3.35981 0.0273724
3.36151 0.0272008
3.3632 0.0270507
3.3649 0.0269194
3.36659 0.0268045
3.36829 0.0267039
3.36999 0.0266159
3.38159 0.0277889
3.38328 0.0275653
3.38498 0.0273696
3.38667 0.0271984
3.38837 0.0270486
3.39007 0.0269176
3.39176 0.0268029
3.39346 0.0267025
3.39515 0.0266147
3.40675 0.0277879
3.40845 0.0275644
3.41015 0.0273688
3.41184 0.0271977
3.41354 0.027048
3.41523 0.026917
3.41693 0.0268024
3.41863 0.0267021
3.42032 0.0266143
3.43192 0.0277875
3.43362 0.0275641
3.43531 0.0273686
3.43701 0.0273225
3.43871 0.0271572
3.4404 0.0270125
3.4421 0.026886
3.44379 0.0267752
3.44549 0.0266783
3.45709 0.0278435
3.45879 0.0276131
3.46048 0.0274115
3.46218 0.027235
3.46387 0.0270806
3.46557 0.0269456
3.46727 0.0268274
3.46896 0.0267239
3.47066 0.0266335
3.48226 0.0278043
3.48395 0.0275787
3.48565 0.0273814
3.48735 0.0272087
3.48904 0.0270576
3.49074 0.0269254
3.49243 0.0268097
3.49413 0.0267085
3.49583 0.02662
3.50743 0.0277925
3.50912 0.0275684
3.51082 0.0273724
3.51251 0.0272008
3.51421 0.0270507
3.51591 0.0269194
3.5176 0.0268044
3.5193 0.0267039
3.52099 0.0266159
3.53259 0.0277889
3.53429 0.0275653
3.53599 0.0273696
3.53768 0.0271984
3.53938 0.0270486
3.54107 0.0269175
3.54277 0.0268029
3.54447 0.0267025
3.54616 0.0266147
3.55776 0.0277878
3.55946 0.0275644
3.56115 0.0273688
3.56285 0.0271977
3.56455 0.027048
3.56624 0.026917
3.56794 0.0268024
3.56963 0.0267021
3.57133 0.0266143
3.58293 0.0277875
3.58463 0.0275641
3.58632 0.0273686
3.58802 0.0273225
3.58971 0.0271572
3.59141 0.0270125
3.59311 0.026886
3.5948 0.0267752
3.5965 0.0266783
3.6081 0.0278435
3.60979 0.0276131
3.61149 0.0274115
3.61319 0.027235
3.61488 0.0270806
3.61658 0.0269456
3.61827 0.0268274
3.61997 0.0267239
3.62167 0.0266335
3.63327 0.0278043
3.63496 0.0275787
3.63666 0.0273814
3.63835 0.0272087
3.64005 0.0270576
3.64175 0.0269254
3.64344 0.0268097
3.64514 0.0267085
3.64683 0.02662
3.65843 0.0277925
3.66013 0.0275684
3.66183 0.0273724
3.66352 0.0272008
3.66522 0.0270507
3.66691 0.0269194
3.66861 0.0268044
3.67031 0.0267039
3.672 0.0267409
3.6836 0.0278983
3.6853 0.027661
3.68699 0.0274534
3.68869 0.0272717
3.69039 0.0271127
3.69208 0.0269736
3.69378 0.0268519
3.69547 0.0267454
3.69717 0.0266523
3.70877 0.0278207
3.71047 0.0275931
3.71216 0.027394
3.71386 0.0272197
3.71555 0.0270673
3.71725 0.0269339
3.71895 0.0268171
3.72064 0.026715
3.72234 0.0266256
3.73394 0.0276724
3.73563 0.0274634
3.73733 0.0272804
3.73903 0.0272454
3.74072 0.0270897
3.74242 0.0269535
3.74411 0.0268343
3.74581 0.02673
3.74751 0.0266388
3.75911 0.0278089
3.7608 0.0275828
3.7625 0.027385
3.76419 0.0272118
3.76589 0.0270604
3.76759 0.0269278
3.76928 0.0268118
3.77098 0.0267104
3.77267 0.0266216
3.78427 0.0277939
3.78597 0.0275696
3.78767 0.0273734
3.78936 0.0272017
3.79106 0.0270515
3.79275 0.0269201
3.79445 0.0268051
3.79615 0.0267044
3.79784 0.0266164
3.80944 0.0277893
3.81114 0.0275657
3.81283 0.02737
3.81453 0.0271987
3.81623 0.0270489
3.81792 0.0269178
3.81962 0.026803
3.82131 0.0267027
3.82301 0.0267398
3.83461 0.0278974
3.83631 0.0276602
3.838 0.0275777
3.8397 0.0273805
3.84139 0.0272079
3.84309 0.0270569
3.84479 0.0269248
3.84648 0.0268092
3.84818 0.026708
3.85978 0.0278695
3.86147 0.0276358
3.86317 0.0274314
3.86487 0.0272524
3.86656 0.0270959
3.86826 0.0269589
3.86995 0.026839
3.87165 0.0267342
3.87335 0.0266424
3.88495 0.0276871
3.88664 0.0274762
3.88834 0.0272917
3.89003 0.0271302
3.89173 0.0269889
3.89343 0.0268653
3.89512 0.0267572
3.89682 0.0266625
3.89851 0.0265797
3.91011 0.0277572
3.91181 0.0275376
3.91351 0.0273454
3.9152 0.0271772
3.9169 0.0270301
3.91859 0.0269013
3.92029 0.0267886
3.92199 0.0266901
3.92368 0.0266038
3.93528 0.0277783
3.93698 0.027556
3.93867 0.0273615
3.94037 0.0271913
3.94207 0.0270424
3.94376 0.0269121
3.94546 0.0267981
3.94715 0.0266983
3.94885 0.026611
3.96045 0.0277847
3.96215 0.0275616
3.96384 0.0273664
3.96554 0.0271956
3.96723 0.0270461
3.96893 0.0269154
3.97063 0.0268009
3.97232 0.0267008
3.97402 0.0267382
3.98562 0.0278959
3.98731 0.027659
3.98901 0.0275766
3.99071 0.0273795
3.9924 0.0272071
3.9941 0.0270562
3.99579 0.0269242
3.99749 0.0268086
3.99919 0.0267076
4.01079 0.0278691
4.01248 0.0276355
4.01418 0.027431
4.01587 0.0272522
4.01757 0.0270956
4.01927 0.0269587
4.02096 0.0268388
4.02266 0.026734
4.02435 0.0266422
4.03595 0.027687
4.03765 0.0274761
4.03935 0.0272916
4.04104 0.0271301
4.04274 0.0269889
4.04443 0.0268653
4.04613 0.0267571
4.04783 0.0266625
4.04952 0.0265797
4.06112 0.0277572
4.06282 0.0275375
4.06451 0.0273454
4.06621 0.0271772
4.06791 0.02703
4.0696 0.0269013
4.0713 0.0267886
4.07299 0.02669
4.07469 0.0266038
4.08629 0.0277783
4.08799 0.027556
4.08968 0.0273615
4.09138 0.0271913
4.09307 0.0270424
4.09477 0.0269121
4.09647 0.0267981
4.09816 0.0266983
4.09986 0.026611
4.11146 0.0277847
4.11315 0.0275616
4.11485 0.0273664
4.11655 0.0271956
4.11824 0.0270461
4.11994 0.0269154
4.12163 0.0268009
4.12333 0.0267008
4.12503 0.0267382
4.13663 0.0278959
4.13832 0.027659
4.14002 0.0275766
4.14171 0.0273795
4.14341 0.0272071
4.14511 0.0270562
4.1468 0.0269242
4.1485 0.0268086
4.15019 0.0267076
4.16179 0.0278691
4.16349 0.0276355
4.16519 0.027431
4.16688 0.0272522
4.16858 0.0270956
4.17027 0.0269587
4.17197 0.0268388
4.17367 0.026734
4.17536 0.0266422
4.18696 0.027687
4.18866 0.0274761
4.19035 0.0272916
4.19205 0.0271301
4.19375 0.0269889
4.19544 0.0268653
4.19714 0.0267571
4.19883 0.0266625
4.20053 0.0265797
4.21213 0.0277572
4.21383 0.0275375
4.21552 0.0273454
4.21722 0.0271772
4.21891 0.02703
4.22061 0.0269013
4.22231 0.0267886
4.224 0.026815
4.2257 0.0267132
4.2373 0.027874
4.23899 0.0276398
4.24069 0.0274348
4.24239 0.0272554
4.24408 0.0270985
4.24578 0.0269612
4.24747 0.026841
4.24917 0.0267359
4.25087 0.0266439
4.26247 0.0278134
4.26416 0.0275868
4.26586 0.0273884
4.26755 0.0272149
4.26925 0.027063
4.27095 0.0269301
4.27264 0.0268139
4.27434 0.0267121
4.27603 0.0266231
4.28763 0.0277952
4.28933 0.0275708
4.29103 0.0274995
4.29272 0.027312
4.29442 0.027148
4.29611 0.0270045
4.29781 0.026879
4.29951 0.0267691
4.3012 0.026673
4.3128 0.0278388
4.3145 0.027609
4.31619 0.0274079
4.31789 0.0272319
4.31959 0.0270779
4.32128 0.0269432
4.32298 0.0268253
4.32467 0.0267221
4.32637 0.0266318
4.33797 0.0276779
4.33967 0.0274681
4.34136 0.0272846
4.34306 0.027124
4.34475 0.0269835
4.34645 0.0268606
4.34815 0.026753
4.34984 0.0266589
4.35154 0.0265765
4.36314 0.0277545
4.36483 0.0275352
4.36653 0.0273433
4.36823 0.0271753
4.36992 0.0270284
4.37162 0.0268999
4.37331 0.0267874
4.37501 0.026814
4.37671 0.0267122
4.38831 0.0278732
4.39 0.027764
4.3917 0.0275435
4.39339 0.0273506
4.39509 0.0271818
4.39679 0.027034
4.39848 0.0269048
4.40018 0.0267917
4.40187 0.0266927
4.41347 0.0278561
4.41517 0.0276241
4.41687 0.0274211
4.41856 0.0272435
4.42026 0.027088
4.42195 0.026952
4.42365 0.026833
4.42535 0.0267289
4.42704 0.0266378
4.43864 0.0278081
4.44034 0.0275821
4.44203 0.0273843
4.44373 0.0272113
4.44543 0.0270599
4.44712 0.0269274
4.44882 0.0268114
4.45051 0.02671
4.45221 0.0266213
4.46381 0.0277936
4.46551 0.0275694
4.4672 0.0273732
4.4689 0.0272016
4.47059 0.0270514
4.47229 0.02692
4.47399 0.026805
4.47568 0.0267043
4.47738 0.0266163
4.48898 0.0276643
4.49067 0.0274562
4.49237 0.0272742
4.49407 0.0271149
4.49576 0.0269756
4.49746 0.0268536
4.49915 0.0267469
4.50085 0.0266535
4.50255 0.0265719
4.51415 0.0277504
4.51584 0.0275316
4.51754 0.0273401
4.51923 0.0271726
4.52093 0.027026
4.52263 0.0268978
4.52432 0.0267856
4.52602 0.0268124
4.52771 0.0267108
4.53931 0.027872
4.54101 0.027763
4.54271 0.0275426
4.5444 0.0273498
4.5461 0.027181
4.54779 0.0270334
4.54949 0.0269042
4.55119 0.0267912
4.55288 0.0266923
4.56448 0.0278558
4.56618 0.0276238
4.56787 0.0274208
4.56957 0.0272432
4.57127 0.0270878
4.57296 0.0269518
4.57466 0.0268329
4.57635 0.0267288
4.57805 0.0266377
4.58965 0.0278079
4.59135 0.027582
4.59304 0.0273842
4.59474 0.0272112
4.59643 0.0270598
4.59813 0.0269273
4.59983 0.0268114
4.60152 0.02671
4.60322 0.0266212
4.61482 0.0277936
4.61651 0.0275694
4.61821 0.0273732
4.61991 0.0272016
4.6216 0.0270514
4.6233 0.0269199
4.62499 0.0268049
4.62669 0.0267043
4.62839 0.0266163
4.63999 0.0276642
4.64168 0.0274562
4.64338 0.0272742
4.64507 0.0271149
4.64677 0.0269756
4.64847 0.0268536
4.65016 0.0267469
4.65186 0.0266535
4.65355 0.0265718
4.66515 0.0277504
4.66685 0.0275316
4.66855 0.0273401
4.67024 0.0271726
4.67194 0.027026
4.67363 0.0268978
4.67533 0.0267856
4.67703 0.0268124
4.67872 0.0267108
4.69032 0.027872
4.69202 0.027763
4.69371 0.0275426
4.69541 0.0273498
4.69711 0.027181
4.6988 0.0270334
4.7005 0.0269042
4.70219 0.0267912
4.70389 0.0266923
4.71549 0.0278558
4.71719 0.0276238
4.71888 0.0274208
4.72058 0.0272432
4.72227 0.0270878
4.72397 0.0269518
4.72567 0.0268329
4.72736 0.0267288
4.72906 0.0266377
4.74066 0.0278079
4.74235 0.027582
4.74405 0.0273842
4.74575 0.0272112
4.74744 0.0270598
4.74914 0.0269273
4.75083 0.0268114
4.75253 0.02671
4.75423 0.0266212
4.76583 0.0277936
4.76752 0.0275694
4.76922 0.0273732
4.77091 0.0272016
4.77261 0.0270514
4.77431 0.0269199
4.776 0.0269299
4.7777 0.0268137
4.77939 0.026712
4.79099 0.027748
4.79269 0.0275295
4.79439 0.0273383
4.79608 0.027171
4.79778 0.0270246
4.79947 0.0268966
4.80117 0.0267845
4.80287 0.0266864
4.80456 0.0266006
4.81616 0.0277755
4.81786 0.0275536
4.81955 0.0273594
4.82125 0.0271895
4.82295 0.0270408
4.82464 0.0269107
4.82634 0.0267969
4.82803 0.0266972
4.82973 0.0266101
4.84133 0.0277838
4.84303 0.0276859
4.84472 0.0274751
4.84642 0.0272907
4.84811 0.0271294
4.84981 0.0269882
4.85151 0.0268647
4.8532 0.0267566
4.8549 0.026662
4.8665 0.0278293
4.86819 0.0276006
4.86989 0.0274005
4.87159 0.0272255
4.87328 0.0270723
4.87498 0.0269382
4.87667 0.026821
4.87837 0.0267183
4.88007 0.0266286
4.89167 0.0278
4.89336 0.027575
4.89506 0.0273781
4.89675 0.0272058
4.89845 0.0270551
4.90015 0.0269232
4.90184 0.0268078
4.90354 0.0267068
4.90523 0.0266185
4.91683 0.0277912
4.91853 0.0275673
4.92023 0.0273714
4.92192 0.0271999
4.92362 0.02705
4.92531 0.0269187
4.92701 0.0269289
4.92871 0.0268128
4.9304 0.0267112
4.942 0.0278723
4.9437 0.0276382
4.94539 0.0274335
4.94709 0.0272543
4.94879 0.0270975
4.95048 0.0269603
4.95218 0.0268403
4.95387 0.0267352
4.95557 0.0266433
4.96717 0.0278129
4.96887 0.0275863
4.97056 0.027388
4.97226 0.0272145
4.97395 0.0270627
4.97565 0.0269299
4.97735 0.0268136
4.97904 0.0267119
4.98074 0.0266229
4.99234 0.0277951
4.99403 0.0275707
4.99573 0.0273743
4.99743 0.0272026
4.99912 0.0270522
5.00082 0.0269207
5.00251 0.0268056
5.00421 0.0267049
5.00591 0.0266168
5.01751 0.0277897
5.0192 0.027566
5.0209 0.0273702
5.02259 0.027199
5.02429 0.0270491
5.02599 0.0269179
5.02768 0.0268032
5.02938 0.0267028
5.03107 0.026615
5.04267 0.0277881
5.04437 0.0275646
5.04607 0.027369
5.04776 0.0271979
5.04946 0.0270481
5.05115 0.0269171
5.05285 0.0268025
5.05455 0.0267022
5.05624 0.0266144
5.06784 0.0277876
5.06954 0.0275641
5.07123 0.0273686
5.07293 0.0271976
5.07463 0.0270479
5.07632 0.0269169
5.07802 0.0269273
5.07971 0.0268114
5.08141 0.0267099
5.09301 0.0278712
5.09471 0.0276373
5.0964 0.0274326
5.0981 0.0272536
5.09979 0.0270969
5.10149 0.0269598
5.10319 0.0268398
5.10488 0.0267348
5.10658 0.026643
5.11818 0.0278126
5.11987 0.027586
5.12157 0.0273878
5.12327 0.0272143
5.12496 0.0270625
5.12666 0.0269297
5.12835 0.0268135
5.13005 0.0267118
5.13175 0.0266228
5.14335 0.027795
5.14504 0.0275706
5.14674 0.0273743
5.14843 0.0272025
5.15013 0.0270522
5.15183 0.0269207
5.15352 0.0268056
5.15522 0.0267049
5.15691 0.0266168
5.16851 0.0277897
5.17021 0.027566
5.17191 0.0273702
5.1736 0.0271989
5.1753 0.0270491
5.17699 0.0269179
5.17869 0.0268032
5.18039 0.0267028
5.18208 0.0266149
5.19368 0.0277881
5.19538 0.0275646
5.19707 0.027369
5.19877 0.0271979
5.20047 0.0270481
5.20216 0.0269171
5.20386 0.0268025
5.20555 0.0267022
5.20725 0.0266144
5.21885 0.0277876
5.22055 0.0275641
5.22224 0.0273686
5.22394 0.0271975
5.22563 0.0270479
5.22733 0.0269169
5.22903 0.0269273
5.23072 0.0268114
5.23242 0.0267099
5.24402 0.0278712
5.24571 0.0276373
5.24741 0.0274326
5.24911 0.0272536
5.2508 0.0270969
5.2525 0.0269598
5.25419 0.0268398
5.25589 0.0267348
5.25759 0.026643
5.26919 0.0278126
5.27088 0.027586
5.27258 0.0273878
5.27427 0.0272143
5.27597 0.0270625
5.27767 0.0269297
5.27936 0.0268135
5.28106 0.0267118
5.28275 0.0266228
5.29435 0.027795
5.29605 0.0275706
5.29775 0.0273743
5.29944 0.0272025
5.30114 0.0270522
5.30283 0.0269207
5.30453 0.0268056
5.30623 0.0267049
5.30792 0.0266168
5.31952 0.0277897
5.32122 0.027566
5.32291 0.0273702
5.32461 0.0271989
5.32631 0.0270491
5.328 0.0270429
5.3297 0.0269126
5.33139 0.0267985
5.33309 0.0266987
5.34469 0.0278613
5.34639 0.0276287
5.34808 0.0274251
5.34978 0.027247
5.35147 0.0270911
5.35317 0.0269547
5.35487 0.0268354
5.35656 0.0267309
5.35826 0.0266396
5.36986 0.0278096
5.37155 0.0275834
5.37325 0.0273855
5.37495 0.0272123
5.37664 0.0270608
5.37834 0.0269282
5.38003 0.0268121
5.38173 0.0267106
5.38343 0.0266218
5.39503 0.0277941
5.39672 0.0275698
5.39842 0.0273736
5.40011 0.0272019
5.40181 0.0270517
5.40351 0.0269202
5.4052 0.0268052
5.4069 0.0267045
5.40859 0.0266165
5.42019 0.0277894
5.42189 0.0275657
5.42359 0.02737
5.42528 0.0271988
5.42698 0.0270489
5.42867 0.0269178
5.43037 0.0268031
5.43207 0.0267027
5.43376 0.0266149
5.44536 0.027788
5.44706 0.0275645
5.44875 0.0273689
5.45045 0.0271978
5.45215 0.0270481
5.45384 0.0269171
5.45554 0.0268024
5.45723 0.0267021
5.45893 0.0266144
5.47053 0.0277876
5.47223 0.0275641
5.47392 0.0273686
5.47562 0.0271975
5.47731 0.0270478
5.47901 0.0270419
5.48071 0.0269116
5.4824 0.0267977
5.4841 0.026698
5.4957 0.0278607
5.49739 0.0276281
5.49909 0.0274246
5.50079 0.0272465
5.50248 0.0270907
5.50418 0.0269544
5.50587 0.0268351
5.50757 0.0267307
5.50927 0.0266394
5.52087 0.0278094
5.52256 0.0275833
5.52426 0.0273853
5.52595 0.0272122
5.52765 0.0270607
5.52935 0.0269281
5.53104 0.0268121
5.53274 0.0267106
5.53443 0.0266217
5.54603 0.027794
5.54773 0.0275698
5.54943 0.0273735
5.55112 0.0272019
5.55282 0.0270516
5.55451 0.0269202
5.55621 0.0268051
5.55791 0.0267045
5.5596 0.0266164
5.5712 0.0277894
5.5729 0.0275657
5.57459 0.02737
5.57629 0.0271987
5.57799 0.0270489
5.57968 0.0269178
5.58138 0.0268031
5.58307 0.0267027
5.58477 0.0266148
5.59637 0.027788
5.59807 0.0275645
5.59976 0.0273689
5.60146 0.0271978
5.60315 0.0270481
5.60485 0.0269171
5.60655 0.0268024
5.60824 0.0267021
5.60994 0.0266144
5.62154 0.0277876
5.62323 0.0275641
5.62493 0.0273686
5.62663 0.0271975
5.62832 0.0270478
5.63002 0.0270419
5.63171 0.0269116
5.63341 0.0267977
5.63511 0.026698
5.64671 0.0278607
5.6484 0.0276281
5.6501 0.0274246
5.65179 0.0272465
5.65349 0.0270907
5.65519 0.0269544
5.65688 0.0268351
5.65858 0.0267307
5.66027 0.0266394
5.67187 0.0278094
5.67357 0.0275833
5.67527 0.0273853
5.67696 0.0272122
5.67866 0.0270607
5.68035 0.0269281
5.68205 0.0268121
5.68375 0.0267106
5.68544 0.0266217
5.69704 0.027794
5.69874 0.0275698
5.70043 0.0273735
5.70213 0.0272019
5.70383 0.0270516
5.70552 0.0269202
5.70722 0.0268051
5.70891 0.0267045
5.71061 0.0266164
5.72221 0.0277894
5.72391 0.0275657
5.7256 0.02737
5.7273 0.0271987
5.72899 0.0270489
5.73069 0.0269178
5.73239 0.0268031
5.73408 0.0267027
5.73578 0.0266148
5.74738 0.027788
5.74907 0.0275645
5.75077 0.0273689
5.75247 0.0271978
5.75416 0.0270481
5.75586 0.0269171
5.75755 0.0268024
5.75925 0.0267021
5.76095 0.0266144
5.77255 0.0277876
5.77424 0.0275641
5.77594 0.0273686
5.77763 0.0271975
5.77933 0.0270478
5.78103 0.0270419
5.78272 0.0269116
5.78442 0.0267977
5.78611 0.026698
5.79771 0.0278607
5.79941 0.0276281
5.80111 0.0274246
5.8028 0.0272465
5.8045 0.0270907
5.80619 0.0269544
5.80789 0.0268351
5.80959 0.0267307
5.81128 0.0266394
5.82288 0.0278094
5.82458 0.0275833
5.82627 0.0273853
5.82797 0.0272122
5.82967 0.0270607
5.83136 0.0269281
5.83306 0.0268121
5.83475 0.0267106
5.83645 0.0266217
5.84805 0.027794
5.84975 0.0275698
5.85144 0.0273735
5.85314 0.0272019
5.85483 0.0270516
5.85653 0.0269202
5.85823 0.0268051
5.85992 0.0267045
5.86162 0.0266164
5.87322 0.0277894
5.87491 0.0275657
5.87661 0.02737
5.87831 0.0271987
5.88 0.0271739
5.8817 0.0270272
5.88339 0.0268988
5.88509 0.0267864
5.88679 0.0266881
5.89839 0.0278521
5.90008 0.0276206
5.90178 0.027418
5.90347 0.0272408
5.90517 0.0270857
5.90687 0.02695
5.90856 0.0268312
5.91026 0.0267273
5.91195 0.0266364
5.92355 0.0278068
5.92525 0.027581
5.92695 0.0273834
5.92864 0.0272104
5.93034 0.0270591
5.93203 0.0269267
5.93373 0.0268109
5.93543 0.0267095
5.93712 0.0266208
5.94872 0.0277932
5.95042 0.0275691
5.95211 0.027373
5.95381 0.0272013
5.95551 0.0270512
5.9572 0.0269198
5.9589 0.0268048
5.96059 0.0267042
5.96229 0.0266162
5.97389 0.0277891
5.97559 0.0275655
5.97728 0.0273698
5.97898 0.0271986
5.98067 0.0270488
5.98237 0.0269177
5.98407 0.026803
5.98576 0.0267026
5.98746 0.0266148
5.99906 0.0277879
6.00075 0.0275644
6.00245 0.0273689
6.00415 0.0271978
6.00584 0.027048
6.00754 0.026917
6.00923 0.0268024
6.01093 0.0267021
6.01263 0.0266143
6.02423 0.0277876
6.02592 0.0275641
6.02762 0.0273686
6.02931 0.0271975
6.03101 0.0271728
6.03271 0.0270262
6.0344 0.0268979
6.0361 0.0267857
6.03779 0.0266875
6.04939 0.0278516
6.05109 0.0276201
6.05279 0.0274176
6.05448 0.0272404
6.05618 0.0270853
6.05787 0.0269497
6.05957 0.026831
6.06127 0.0267271
6.06296 0.0266362
6.07456 0.0278067
6.07626 0.0275808
6.07795 0.0273832
6.07965 0.0272103
6.08135 0.027059
6.08304 0.0269267
6.08474 0.0268108
6.08643 0.0267095
6.08813 0.0266208
6.09973 0.0277932
6.10143 0.027569
6.10312 0.0273729
6.10482 0.0272013
6.10651 0.0270511
6.10821 0.0269197
6.10991 0.0268048
6.1116 0.0267042
6.1133 0.0266162
6.1249 0.0277891
6.12659 0.0275655
6.12829 0.0273698
6.12999 0.0271986
6.13168 0.0270488
6.13338 0.0269177
6.13507 0.026803
6.13677 0.0267026
6.13847 0.0266148
6.15007 0.0277879
6.15176 0.0275644
6.15346 0.0273689
6.15515 0.0271978
6.15685 0.027048
6.15855 0.026917
6.16024 0.0268024
6.16194 0.0267021
6.16363 0.0266143
6.17523 0.0277875
6.17693 0.0275641
6.17863 0.0273686
6.18032 0.0271975
6.18202 0.0271728
6.18371 0.0270262
6.18541 0.0268979
6.18711 0.0267857
6.1888 0.0266875
6.2004 0.0278516
6.2021 0.0276201
6.20379 0.0274176
6.20549 0.0272404
6.20719 0.0270853
6.20888 0.0269497
6.21058 0.026831
6.21227 0.0267271
6.21397 0.0266362
6.22557 0.0278067
6.22727 0.0275808
6.22896 0.0273832
6.23066 0.0272103
6.23235 0.027059
6.23405 0.0269267
6.23575 0.0268108
6.23744 0.0267095
6.23914 0.0266208
6.25074 0.0277932
6.25243 0.027569
6.25413 0.0273729
6.25583 0.0272013
6.25752 0.0270511
6.25922 0.0269197
6.26091 0.0268048
6.26261 0.0267042
6.26431 0.0266162
6.27591 0.0277891
6.2776 0.0275655
6.2793 0.0273698
6.28099 0.0271986
6.28269 0.0270488
6.28439 0.0269177
6.28608 0.026803
6.28778 0.0267026
6.28947 0.0266148
6.30107 0.0277879
6.30277 0.0275644
6.30447 0.0273689
6.30616 0.0271978
6.30786 0.027048
6.30955 0.026917
6.31125 0.0268024
6.31295 0.0267021
6.31464 0.0266143
6.32624 0.0277875
6.32794 0.0275641
6.32963 0.0273686
6.33133 0.0271975
6.33303 0.0271728
6.33472 0.0270262
6.33642 0.0268979
6.33811 0.0267857
6.33981 0.0266875
6.35141 0.0278516
6.35311 0.0276201
6.3548 0.0274176
6.3565 0.0272404
6.35819 0.0270853
6.35989 0.0269497
6.36159 0.026831
6.36328 0.0267271
6.36498 0.0266362
6.37658 0.0278067
6.37827 0.0275808
6.37997 0.0273832
6.38167 0.0272103
6.38336 0.027059
6.38506 0.0269267
6.38675 0.0268108
6.38845 0.0267095
6.39015 0.0266208
6.40175 0.0277932
6.40344 0.027569
6.40514 0.0273729
6.40683 0.0272013
6.40853 0.0270511
6.41023 0.0269197
6.41192 0.0268048
6.41362 0.0267042
6.41531 0.0266162
6.42691 0.0277891
6.42861 0.0275655
6.43031 0.0273698
6.432 0.0273236
6.4337 0.0271581
6.43539 0.0270134
6.43709 0.0268867
6.43879 0.0267759
6.44048 0.0266789
6.45208 0.027844
6.45378 0.0276135
6.45547 0.0274118
6.45717 0.0272353
6.45887 0.0270809
6.46056 0.0269458
6.46226 0.0268276
6.46395 0.0267241
6.46565 0.0266336
6.47725 0.0278044
6.47895 0.0275789
6.48064 0.0273815
6.48234 0.0272088
6.48403 0.0270577
6.48573 0.0269255
6.48743 0.0268098
6.48912 0.0267086
6.49082 0.02662
6.50242 0.0277925
6.50411 0.0275684
6.50581 0.0273724
6.50751 0.0272008
6.5092 0.0270507
6.5109 0.0269194
6.51259 0.0268045
6.51429 0.0267039
6.51599 0.0266159
6.52759 0.0277889
6.52928 0.0275653
6.53098 0.0273696
6.53267 0.0271984
6.53437 0.0270486
6.53607 0.0269176
6.53776 0.0268029
6.53946 0.0267025
6.54115 0.0266147
6.55275 0.0277879
6.55445 0.0275644
6.55615 0.0273688
6.55784 0.0271977
6.55954 0.027048
6.56123 0.026917
6.56293 0.0268024
6.56463 0.0267021
6.56632 0.0266143
6.57792 0.0277875
6.57962 0.0275641
6.58131 0.0273686
6.58301 0.0273225
6.58471 0.0271572
6.5864 0.0270125
6.5881 0.026886
6.58979 0.0267752
6.59149 0.0266783
6.60309 0.0278435
6.60479 0.0276131
6.60648 0.0274115
6.60818 0.027235
6.60987 0.0270806
6.61157 0.0269456
6.61327 0.0268274
6.61496 0.0267239
6.61666 0.0266335
6.62826 0.0278043
6.62995 0.0275787
6.63165 0.0273814
6.63335 0.0272087
6.63504 0.0270576
6.63674 0.0269254
6.63843 0.0268097
6.64013 0.0267085
6.64183 0.02662
6.65343 0.0277925
6.65512 0.0275684
6.65682 0.0273724
6.65851 0.0272008
6.66021 0.0270507
6.66191 0.0269194
6.6636 0.0268044
6.6653 0.0267039
6.66699 0.0266159
6.67859 0.0277889
6.68029 0.0275653
6.68199 0.0273696
6.68368 0.0271984
6.68538 0.0270486
6.68707 0.0269175
6.68877 0.0268029
6.69047 0.0267025
6.69216 0.0266147
6.70376 0.0277878
6.70546 0.0275644
6.70715 0.0273688
6.70885 0.0271977
6.71055 0.027048
6.71224 0.026917
6.71394 0.0268024
6.71563 0.0267021
6.71733 0.0266143
6.72893 0.0277875
6.73063 0.0275641
6.73232 0.0273686
6.73402 0.0273225
6.73571 0.0271572
6.73741 0.0270125
6.73911 0.026886
6.7408 0.0267752
6.7425 0.0266783
6.7541 0.0278435
6.75579 0.0276131
6.75749 0.0274115
6.75919 0.027235
6.76088 0.0270806
6.76258 0.0269456
6.76427 0.0268274
6.76597 0.0267239
6.76767 0.0266335
6.77927 0.0278043
6.78096 0.0275787
6.78266 0.0273814
6.78435 0.0272087
6.78605 0.0270576
6.78775 0.0269254
6.78944 0.0268097
6.79114 0.0267085
6.79283 0.02662
6.80443 0.0277925
6.80613 0.0275684
6.80783 0.0273724
6.80952 0.0272008
6.81122 0.0270507
6.81291 0.0269194
6.81461 0.0268044
6.81631 0.0267039
6.818 0.0267409
6.8296 0.0278983
6.8313 0.027661
6.83299 0.0274534
6.83469 0.0272717
6.83639 0.0271127
6.83808 0.0269736
6.83978 0.0268519
6.84147 0.0267454
6.84317 0.0266523
6.85477 0.0278207
6.85647 0.0275931
6.85816 0.027394
6.85986 0.0272197
6.86155 0.0270673
6.86325 0.0269339
6.86495 0.0268171
6.86664 0.026715
6.86834 0.0266256
6.87994 0.0276724
6.88163 0.0274634
6.88333 0.0272804
6.88503 0.0272454
6.88672 0.0270897
6.88842 0.0269535
6.89011 0.0268343
6.89181 0.02673
6.89351 0.0266388
6.90511 0.0278089
6.9068 0.0275828
6.9085 0.027385
6.91019 0.0272118
6.91189 0.0270604
6.91359 0.0269278
6.91528 0.0268118
6.91698 0.0267104
6.91867 0.0266216
6.93027 0.0277939
6.93197 0.0275696
6.93367 0.0273734
6.93536 0.0272017
6.93706 0.0270515
6.93875 0.0269201
6.94045 0.0268051
6.94215 0.0267044
6.94384 0.0266164
6.95544 0.0277893
6.95714 0.0275657
6.95883 0.02737
6.96053 0.0271987
6.96223 0.0270489
6.96392 0.0269178
6.96562 0.026803
6.96731 0.0267027
6.96901 0.0267398
6.98061 0.0278974
6.98231 0.0276602
6.984 0.0275777
6.9857 0.0273805
6.98739 0.0272079
6.98909 0.0270569
6.99079 0.0269248
6.99248 0.0268092
6.99418 0.026708
7.00578 0.0278695
7.00747 0.0276358
7.00917 0.0274314
7.01087 0.0272524
7.01256 0.0270959
7.01426 0.0269589
7.01595 0.026839
7.01765 0.0267342
7.01935 0.0266424
7.03095 0.0276871
7.03264 0.0274762
7.03434 0.0272917
7.03603 0.0271302
7.03773 0.0269889
7.03943 0.0268653
7.04112 0.0267572
7.04282 0.0266625
7.04451 0.0265797
7.05611 0.0277572
7.05781 0.0275376
7.05951 0.0273454
7.0612 0.0271772
7.0629 0.0270301
7.06459 0.0269013
7.06629 0.0267886
7.06799 0.0266901
7.06968 0.0266038
7.08128 0.0277783
7.08298 0.027556
7.08467 0.0273615
7.08637 0.0271913
7.08807 0.0270424
7.08976 0.0269121
7.09146 0.0267981
7.09315 0.0266983
7.09485 0.026611
7.10645 0.0277847
7.10815 0.0275616
7.10984 0.0273664
7.11154 0.0271956
7.11323 0.0270461
7.11493 0.0269154
7.11663 0.0268009
7.11832 0.0267008
7.12002 0.0267382
7.13162 0.0278959
7.13331 0.027659
7.13501 0.0275766
7.13671 0.0273795
7.1384 0.0272071
7.1401 0.0270562
7.14179 0.0269242
7.14349 0.0268086
7.14519 0.0267076
7.15679 0.0278691
7.15848 0.0276355
7.16018 0.027431
7.16187 0.0272522
7.16357 0.0270956
7.16527 0.0269587
7.16696 0.0268388
7.16866 0.026734
7.17035 0.0266422
7.18195 0.027687
7.18365 0.0274761
7.18535 0.0272916
7.18704 0.0271301
7.18874 0.0269889
7.19043 0.0268653
7.19213 0.0267571
7.19383 0.0266625
7.19552 0.0265797
7.20712 0.0277572
7.20882 0.0275375
7.21051 0.0273454
7.21221 0.0271772
7.21391 0.02703
7.2156 0.0269013
7.2173 0.0267886
7.21899 0.02669
7.22069 0.0266038
7.23229 0.0277783
7.23399 0.027556
7.23568 0.0273615
7.23738 0.0271913
7.23907 0.0270424
7.24077 0.0269121
7.24247 0.0267981
7.24416 0.0266983
7.24586 0.026611
7.25746 0.0277847
7.25915 0.0275616
7.26085 0.0273664
7.26255 0.0271956
7.26424 0.0270461
7.26594 0.0269154
7.26763 0.0268009
7.26933 0.0267008
7.27103 0.0267382
7.28263 0.0278959
7.28432 0.027659
7.28602 0.0275766
7.28771 0.0273795
7.28941 0.0272071
7.29111 0.0270562
7.2928 0.0269242
7.2945 0.0268086
7.29619 0.0267076
7.30779 0.0278691
7.30949 0.0276355
7.31119 0.027431
7.31288 0.0272522
7.31458 0.0270956
7.31627 0.0269587
7.31797 0.0268388
7.31967 0.026734
7.32136 0.0266422
7.33296 0.027687
7.33466 0.0274761
7.33635 0.0272916
7.33805 0.0271301
7.33975 0.0269889
7.34144 0.0268653
7.34314 0.0267571
7.34483 0.0266625
7.34653 0.0265797
7.35813 0.0277572
7.35983 0.0275375
7.36152 0.0273454
7.36322 0.0271772
7.36491 0.02703
7.36661 0.0269013
7.36831 0.0267886
7.37 0.026815
7.3717 0.0267132
7.3833 0.027874
7.38499 0.0276398
7.38669 0.0274348
7.38839 0.0272554
7.39008 0.0270985
7.39178 0.0269612
7.39347 0.026841
7.39517 0.0267359
7.39687 0.0266439
7.40847 0.0278134
7.41016 0.0275868
7.41186 0.0273884
7.41355 0.0272149
7.41525 0.027063
7.41695 0.0269301
7.41864 0.0268139
7.42034 0.0267121
7.42203 0.0266231
7.43363 0.0277952
7.43533 0.0275708
7.43703 0.0274995
7.43872 0.027312
7.44042 0.027148
7.44211 0.0270045
7.44381 0.026879
7.44551 0.0267691
7.4472 0.026673
7.4588 0.0278388
7.4605 0.027609
7.46219 0.0274079
7.46389 0.0272319
7.46559 0.0270779
7.46728 0.0269432
7.46898 0.0268253
7.47067 0.0267221
7.47237 0.0266318
7.48397 0.0276779
7.48567 0.0274681
7.48736 0.0272846
7.48906 0.027124
7.49075 0.0269835
7.49245 0.0268606
7.49415 0.026753
7.49584 0.0266589
7.49754 0.0265765
7.50914 0.0277545
7.51083 0.0275352
7.51253 0.0273433
7.51423 0.0271753
7.51592 0.0270284
7.51762 0.0268999
7.51931 0.0267874
7.52101 0.026814
7.52271 0.0267122
7.53431 0.0278732
7.536 0.027764
7.5377 0.0275435
7.53939 0.0273506
7.54109 0.0271818
7.54279 0.027034
7.54448 0.0269048
7.54618 0.0267917
7.54787 0.0266927
7.55947 0.0278561
7.56117 0.0276241
7.56287 0.0274211
7.56456 0.0272435
7.56626 0.027088
7.56795 0.026952
7.56965 0.026833
7.57135 0.0267289
7.57304 0.0266378
7.58464 0.0278081
7.58634 0.0275821
7.58803 0.0273843
7.58973 0.0272113
7.59143 0.0270599
7.59312 0.0269274
7.59482 0.0268114
7.59651 0.02671
7.59821 0.0266213
7.60981 0.0277936
7.61151 0.0275694
7.6132 0.0273732
7.6149 0.0272016
7.61659 0.0270514
7.61829 0.02692
7.61999 0.026805
7.62168 0.0267043
7.62338 0.0266163
7.63498 0.0276643
7.63667 0.0274562
7.63837 0.0272742
7.64007 0.0271149
7.64176 0.0269756
7.64346 0.0268536
7.64515 0.0267469
7.64685 0.0266535
7.64855 0.0265719
7.66015 0.0277504
7.66184 0.0275316
7.66354 0.0273401
7.66523 0.0271726
7.66693 0.027026
7.66863 0.0268978
7.67032 0.0267856
7.67202 0.0268124
7.67371 0.0267108
7.68531 0.027872
7.68701 0.027763
7.68871 0.0275426
7.6904 0.0273498
7.6921 0.027181
7.69379 0.0270334
7.69549 0.0269042
7.69719 0.0267912
7.69888 0.0266923
7.71048 0.0278558
7.71218 0.0276238
7.71387 0.0274208
7.71557 0.0272432
7.71727 0.0270878
7.71896 0.0269518
7.72066 0.0268329
7.72235 0.0267288
7.72405 0.0266377
7.73565 0.0278079
7.73735 0.027582
7.73904 0.0273842
7.74074 0.0272112
7.74243 0.0270598
7.74413 0.0269273
7.74583 0.0268114
7.74752 0.02671
7.74922 0.0266212
7.76082 0.0277936
7.76251 0.0275694
7.76421 0.0273732
7.76591 0.0272016
7.7676 0.0270514
7.7693 0.0269199
7.77099 0.0268049
7.77269 0.0267043
7.77439 0.0266163
7.78599 0.0276642
7.78768 0.0274562
7.78938 0.0272742
7.79107 0.0271149
7.79277 0.0269756
7.79447 0.0268536
7.79616 0.0267469
7.79786 0.0266535
7.79955 0.0265718
7.81115 0.0277504
7.81285 0.0275316
7.81455 0.0273401
7.81624 0.0271726
7.81794 0.027026
7.81963 0.0268978
7.82133 0.0267856
7.82303 0.0268124
7.82472 0.0267108
7.83632 0.027872
7.83802 0.027763
7.83971 0.0275426
7.84141 0.0273498
7.84311 0.027181
7.8448 0.0270334
7.8465 0.0269042
7.84819 0.0267912
7.84989 0.0266923
7.86149 0.0278558
7.86319 0.0276238
7.86488 0.0274208
7.86658 0.0272432
7.86827 0.0270878
7.86997 0.0269518
7.87167 0.0268329
7.87336 0.0267288
7.87506 0.0266377
7.88666 0.0278079
7.88835 0.027582
7.89005 0.0273842
7.89175 0.0272112
7.89344 0.0270598
7.89514 0.0269273
7.89683 0.0268114
7.89853 0.02671
7.90023 0.0266212
7.91183 0.0277936
7.91352 0.0275694
7.91522 0.0273732
7.91691 0.0272016
7.91861 0.0270514
7.92031 0.0269199
7.922 0.0269299
7.9237 0.0268137
7.92539 0.026712
7.93699 0.027748
7.93869 0.0275295
7.94039 0.0273383
7.94208 0.027171
7.94378 0.0270246
7.94547 0.0268966
7.94717 0.0267845
7.94887 0.0266864
7.95056 0.0266006
7.96216 0.0277755
7.96386 0.0275536
7.96555 0.0273594
7.96725 0.0271895
7.96895 0.0270408
7.97064 0.0269107
7.97234 0.0267969
7.97403 0.0266972
7.97573 0.0266101
7.98733 0.0277838
7.98903 0.0276859
7.99072 0.0274751
7.99242 0.0272907
7.99411 0.0271294
7.99581 0.0269882
7.99751 0.0268647
7.9992 0.0267566
8.0009 0.026662
8.0125 0.0278293
8.01419 0.0276006
8.01589 0.0274005
8.01759 0.0272255
8.01928 0.0270723
8.02098 0.0269382
8.02267 0.026821
8.02437 0.0267183
8.02607 0.0266286
8.03767 0.0278
8.03936 0.027575
8.04106 0.0273781
8.04275 0.0272058
8.04445 0.0270551
8.04615 0.0269232
8.04784 0.0268078
8.04954 0.0267068
8.05123 0.0266185
8.06283 0.0277912
8.06453 0.0275673
8.06623 0.0273714
8.06792 0.0271999
8.06962 0.02705
8.07131 0.0269187
8.07301 0.0269289
8.07471 0.0268128
8.0764 0.0267112
8.088 0.0278723
8.0897 0.0276382
8.09139 0.0274335
8.09309 0.0272543
8.09479 0.0270975
8.09648 0.0269603
8.09818 0.0268403
8.09987 0.0267352
8.10157 0.0266433
8.11317 0.0278129
8.11487 0.0275863
8.11656 0.027388
8.11826 0.0272145
8.11995 0.0270627
8.12165 0.0269299
8.12335 0.0268136
8.12504 0.0267119
8.12674 0.0266229
8.13834 0.0277951
8.14003 0.0275707
8.14173 0.0273743
8.14343 0.0272026
8.14512 0.0270522
8.14682 0.0269207
8.14851 0.0268056
8.15021 0.0267049
8.15191 0.0266168
8.16351 0.0277897
8.1652 0.027566
8.1669 0.0273702
8.16859 0.027199
8.17029 0.0270491
8.17199 0.0269179
8.17368 0.0268032
8.17538 0.0267028
8.17707 0.026615
8.18867 0.0277881
8.19037 0.0275646
8.19207 0.027369
8.19376 0.0271979
8.19546 0.0270481
8.19715 0.0269171
8.19885 0.0268025
8.20055 0.0267022
8.20224 0.0266144
8.21384 0.0277876
8.21554 0.0275641
8.21723 0.0273686
8.21893 0.0271976
8.22063 0.0270479
8.22232 0.0269169
8.22402 0.0269273
8.22571 0.0268114
8.22741 0.0267099
8.23901 0.0278712
8.24071 0.0276373
8.2424 0.0274326
8.2441 0.0272536
8.24579 0.0270969
8.24749 0.0269598
8.24919 0.0268398
8.25088 0.0267348
8.25258 0.026643
8.26418 0.0278126
8.26587 0.027586
8.26757 0.0273878
8.26927 0.0272143
8.27096 0.0270625
8.27266 0.0269297
8.27435 0.0268135
8.27605 0.0267118
8.27775 0.0266228
8.28935 0.027795
8.29104 0.0275706
8.29274 0.0273743
8.29443 0.0272025
8.29613 0.0270522
8.29783 0.0269207
8.29952 0.0268056
8.30122 0.0267049
8.30291 0.0266168
8.31451 0.0277897
8.31621 0.027566
8.31791 0.0273702
8.3196 0.0271989
8.3213 0.0270491
8.32299 0.0269179
8.32469 0.0268032
8.32639 0.0267028
8.32808 0.0266149
8.33968 0.0277881
8.34138 0.0275646
8.34307 0.027369
8.34477 0.0271979
8.34647 0.0270481
8.34816 0.0269171
8.34986 0.0268025
8.35155 0.0267022
8.35325 0.0266144
8.36485 0.0277876
8.36655 0.0275641
8.36824 0.0273686
8.36994 0.0271975
8.37163 0.0270479
8.37333 0.0269169
8.37503 0.0269273
8.37672 0.0268114
8.37842 0.0267099
8.39002 0.0278712
8.39171 0.0276373
8.39341 0.0274326
8.39511 0.0272536
8.3968 0.0270969
8.3985 0.0269598
8.40019 0.0268398
8.40189 0.0267348
8.40359 0.026643
8.41519 0.0278126
8.41688 0.027586
8.41858 0.0273878
8.42027 0.0272143
8.42197 0.0270625
8.42367 0.0269297
8.42536 0.0268135
8.42706 0.0267118
8.42875 0.0266228
8.44035 0.027795
8.44205 0.0275706
8.44375 0.0273743
8.44544 0.0272025
8.44714 0.0270522
8.44883 0.0269207
8.45053 0.0268056
8.45223 0.0267049
8.45392 0.0266168
8.46552 0.0277897
8.46722 0.027566
8.46891 0.0273702
8.47061 0.0271989
8.47231 0.0270491
8.474 0.0270429
8.4757 0.0269126
8.47739 0.0267985
8.47909 0.0266987
8.49069 0.0278613
8.49239 0.0276287
8.49408 0.0274251
8.49578 0.027247
8.49747 0.0270911
8.49917 0.0269547
8.50087 0.0268354
8.50256 0.0267309
8.50426 0.0266396
8.51586 0.0278096
8.51755 0.0275834
8.51925 0.0273855
8.52095 0.0272123
8.52264 0.0270608
8.52434 0.0269282
8.52603 0.0268121
8.52773 0.0267106
8.52943 0.0266218
8.54103 0.0277941
8.54272 0.0275698
8.54442 0.0273736
8.54611 0.0272019
8.54781 0.0270517
8.54951 0.0269202
8.5512 0.0268052
8.5529 0.0267045
8.55459 0.0266165
8.56619 0.0277894
8.56789 0.0275657
8.56959 0.02737
8.57128 0.0271988
8.57298 0.0270489
8.57467 0.0269178
8.57637 0.0268031
8.57807 0.0267027
8.57976 0.0266149
8.59136 0.027788
8.59306 0.0275645
8.59475 0.0273689
8.59645 0.0271978
8.59815 0.0270481
8.59984 0.0269171
8.60154 0.0268024
8.60323 0.0267021
8.60493 0.0266144
8.61653 0.0277876
8.61823 0.0275641
8.61992 0.0273686
8.62162 0.0271975
8.62331 0.0270478
8.62501 0.0270419
8.62671 0.0269116
8.6284 0.0267977
8.6301 0.026698
8.6417 0.0278607
8.64339 0.0276281
8.64509 0.0274246
8.64679 0.0272465
8.64848 0.0270907
8.65018 0.0269544
8.65187 0.0268351
8.65357 0.0267307
8.65527 0.0266394
8.66687 0.0278094
8.66856 0.0275833
8.67026 0.0273853
8.67195 0.0272122
8.67365 0.0270607
8.67535 0.0269281
8.67704 0.0268121
8.67874 0.0267106
8.68043 0.0266217
8.69203 0.027794
8.69373 0.0275698
8.69543 0.0273735
8.69712 0.0272019
8.69882 0.0270516
8.70051 0.0269202
8.70221 0.0268051
8.70391 0.0267045
8.7056 0.0266164
8.7172 0.0277894
8.7189 0.0275657
8.72059 0.02737
8.72229 0.0271987
8.72399 0.0270489
8.72568 0.0269178
8.72738 0.0268031
8.72907 0.0267027
8.73077 0.0266148
8.74237 0.027788
8.74407 0.0275645
8.74576 0.0273689
8.74746 0.0271978
8.74915 0.0270481
8.75085 0.0269171
8.75255 0.0268024
8.75424 0.0267021
8.75594 0.0266144
8.76754 0.0277876
8.76923 0.0275641
8.77093 0.0273686
8.77263 0.0271975
8.77432 0.0270478
8.77602 0.0270419
8.77771 0.0269116
8.77941 0.0267977
8.78111 0.026698
8.79271 0.0278607
8.7944 0.0276281
8.7961 0.0274246
8.79779 0.0272465
8.79949 0.0270907
8.80119 0.0269544
8.80288 0.0268351
8.80458 0.0267307
8.80627 0.0266394
8.81787 0.0278094
8.81957 0.0275833
8.82127 0.0273853
8.82296 0.0272122
8.82466 0.0270607
8.82635 0.0269281
8.82805 0.0268121
8.82975 0.0267106
8.83144 0.0266217
8.84304 0.027794
8.84474 0.0275698
8.84643 0.0273735
8.84813 0.0272019
8.84983 0.0270516
8.85152 0.0269202
8.85322 0.0268051
8.85491 0.0267045
8.85661 0.0266164
8.86821 0.0277894
8.86991 0.0275657
8.8716 0.02737
8.8733 0.0271987
8.87499 0.0270489
8.87669 0.0269178
8.87839 0.0268031
8.88008 0.0267027
8.88178 0.0266148
8.89338 0.027788
8.89507 0.0275645
8.89677 0.0273689
8.89847 0.0271978
8.90016 0.0270481
8.90186 0.0269171
8.90355 0.0268024
8.90525 0.0267021
8.90695 0.0266144
8.91855 0.0277876
8.92024 0.0275641
8.92194 0.0273686
8.92363 0.0271975
8.92533 0.0270478
8.92703 0.0270419
8.92872 0.0269116
8.93042 0.0267977
8.93211 0.026698
8.94371 0.0278607
8.94541 0.0276281
8.94711 0.0274246
8.9488 0.0272465
8.9505 0.0270907
8.95219 0.0269544
8.95389 0.0268351
8.95559 0.0267307
8.95728 0.0266394
8.96888 0.0278094
8.97058 0.0275833
8.97227 0.0273853
8.97397 0.0272122
8.97567 0.0270607
8.97736 0.0269281
8.97906 0.0268121
8.98075 0.0267106
8.98245 0.0266217
8.99405 0.027794
8.99575 0.0275698
8.99744 0.0273735
8.99914 0.0272019
9.00083 0.0270516
9.00253 0.0269202
9.00423 0.0268051
9.00592 0.0267045
9.00762 0.0266164
9.01922 0.0277894
9.02091 0.0275657
9.02261 0.02737
9.02431 0.0271987
9.026 0.0271739
9.0277 0.0270272
9.02939 0.0268988
9.03109 0.0267864
9.03279 0.0266881
9.04439 0.0278521
9.04608 0.0276206
9.04778 0.027418
9.04947 0.0272408
9.05117 0.0270857
9.05287 0.02695
9.05456 0.0268312
9.05626 0.0267273
9.05795 0.0266364
9.06955 0.0278068
9.07125 0.027581
9.07295 0.0273834
9.07464 0.0272104
9.07634 0.0270591
9.07803 0.0269267
9.07973 0.0268109
9.08143 0.0267095
9.08312 0.0266208
9.09472 0.0277932
9.09642 0.0275691
9.09811 0.027373
9.09981 0.0272013
9.10151 0.0270512
9.1032 0.0269198
9.1049 0.0268048
9.10659 0.0267042
9.10829 0.0266162
9.11989 0.0277891
9.12159 0.0275655
9.12328 0.0273698
9.12498 0.0271986
9.12667 0.0270488
9.12837 0.0269177
9.13007 0.026803
9.13176 0.0267026
9.13346 0.0266148
9.14506 0.0277879
9.14675 0.0275644
9.14845 0.0273689
9.15015 0.0271978
9.15184 0.027048
9.15354 0.026917
9.15523 0.0268024
9.15693 0.0267021
9.15863 0.0266143
9.17023 0.0277876
9.17192 0.0275641
9.17362 0.0273686
9.17531 0.0271975
9.17701 0.0271728
9.17871 0.0270262
9.1804 0.0268979
9.1821 0.0267857
9.18379 0.0266875
9.19539 0.0278516
9.19709 0.0276201
9.19879 0.0274176
9.20048 0.0272404
9.20218 0.0270853
9.20387 0.0269497
9.20557 0.026831
9.20727 0.0267271
9.20896 0.0266362
9.22056 0.0278067
9.22226 0.0275808
9.22395 0.0273832
9.22565 0.0272103
9.22735 0.027059
9.22904 0.0269267
9.23074 0.0268108
9.23243 0.0267095
9.23413 0.0266208
9.24573 0.0277932
9.24743 0.027569
9.24912 0.0273729
9.25082 0.0272013
9.25251 0.0270511
9.25421 0.0269197
9.25591 0.0268048
9.2576 0.0267042
9.2593 0.0266162
9.2709 0.0277891
9.27259 0.0275655
9.27429 0.0273698
9.27599 0.0271986
9.27768 0.0270488
9.27938 0.0269177
9.28107 0.026803
9.28277 0.0267026
9.28447 0.0266148
9.29607 0.0277879
9.29776 0.0275644
9.29946 0.0273689
9.30115 0.0271978
9.30285 0.027048
9.30455 0.026917
9.30624 0.0268024
9.30794 0.0267021
9.30963 0.0266143
9.32123 0.0277875
9.32293 0.0275641
9.32463 0.0273686
9.32632 0.0271975
9.32802 0.0271728
9.32971 0.0270262
9.33141 0.0268979
9.33311 0.0267857
9.3348 0.0266875
9.3464 0.0278516
9.3481 0.0276201
9.34979 0.0274176
9.35149 0.0272404
9.35319 0.0270853
9.35488 0.0269497
9.35658 0.026831
9.35827 0.0267271
9.35997 0.0266362
9.37157 0.0278067
9.37327 0.0275808
9.37496 0.0273832
9.37666 0.0272103
9.37835 0.027059
9.38005 0.0269267
9.38175 0.0268108
9.38344 0.0267095
9.38514 0.0266208
9.39674 0.0277932
9.39843 0.027569
9.40013 0.0273729
9.40183 0.0272013
9.40352 0.0270511
9.40522 0.0269197
9.40691 0.0268048
9.40861 0.0267042
9.41031 0.0266162
9.42191 0.0277891
9.4236 0.0275655
9.4253 0.0273698
9.42699 0.0271986
9.42869 0.0270488
9.43039 0.0269177
9.43208 0.026803
9.43378 0.0267026
9.43547 0.0266148
9.44707 0.0277879
9.44877 0.0275644
9.45047 0.0273689
9.45216 0.0271978
9.45386 0.027048
9.45555 0.026917
9.45725 0.0268024
9.45895 0.0267021
9.46064 0.0266143
9.47224 0.0277875
9.47394 0.0275641
9.47563 0.0273686
9.47733 0.0271975
9.47903 0.0271728
9.48072 0.0270262
9.48242 0.0268979
9.48411 0.0267857
9.48581 0.0266875
9.49741 0.0278516
9.49911 0.0276201
9.5008 0.0274176
9.5025 0.0272404
9.50419 0.0270853
9.50589 0.0269497
9.50759 0.026831
9.50928 0.0267271
9.51098 0.0266362
9.52258 0.0278067
9.52427 0.0275808
9.52597 0.0273832
9.52767 0.0272103
9.52936 0.027059
9.53106 0.0269267
9.53275 0.0268108
9.53445 0.0267095
9.53615 0.0266208
9.54775 0.0277932
9.54944 0.027569
9.55114 0.0273729
9.55283 0.0272013
9.55453 0.0270511
9.55623 0.0269197
9.55792 0.0268048
9.55962 0.0267042
9.56131 0.0266162
9.57291 0.0277891
9.57461 0.0275655
9.57631 0.0273698
9.578 0.0273236
9.5797 0.0271581
9.58139 0.0270134
9.58309 0.0268867
9.58479 0.0267759
9.58648 0.0266789
9.59808 0.027844
9.59978 0.0276135
9.60147 0.0274118
9.60317 0.0272353
9.60487 0.0270809
9.60656 0.0269458
9.60826 0.0268276
9.60995 0.0267241
9.61165 0.0266336
9.62325 0.0278044
9.62495 0.0275789
9.62664 0.0273815
9.62834 0.0272088
9.63003 0.0270577
9.63173 0.0269255
9.63343 0.0268098
9.63512 0.0267086
9.63682 0.02662
9.64842 0.0277925
9.65011 0.0275684
9.65181 0.0273724
9.65351 0.0272008
9.6552 0.0270507
9.6569 0.0269194
9.65859 0.0268045
9.66029 0.0267039
9.66199 0.0266159
9.67359 0.0277889
9.67528 0.0275653
9.67698 0.0273696
9.67867 0.0271984
9.68037 0.0270486
9.68207 0.0269176
9.68376 0.0268029
9.68546 0.0267025
9.68715 0.0266147
9.69875 0.0277879
9.70045 0.0275644
9.70215 0.0273688
9.70384 0.0271977
9.70554 0.027048
9.70723 0.026917
9.70893 0.0268024
9.71063 0.0267021
9.71232 0.0266143
9.72392 0.0277875
9.72562 0.0275641
9.72731 0.0273686
9.72901 0.0273225
9.73071 0.0271572
9.7324 0.0270125
9.7341 0.026886
9.73579 0.0267752
9.73749 0.0266783
9.74909 0.0278435
9.75079 0.0276131
9.75248 0.0274115
9.75418 0.027235
9.75587 0.0270806
9.75757 0.0269456
9.75927 0.0268274
9.76096 0.0267239
9.76266 0.0266335
9.77426 0.0278043
9.77595 0.0275787
9.77765 0.0273814
9.77935 0.0272087
9.78104 0.0270576
9.78274 0.0269254
9.78443 0.0268097
9.78613 0.0267085
9.78783 0.02662
9.79943 0.0277925
9.80112 0.0275684
9.80282 0.0273724
9.80451 0.0272008
9.80621 0.0270507
9.80791 0.0269194
9.8096 0.0268044
9.8113 0.0267039
9.81299 0.0266159
9.82459 0.0277889
9.82629 0.0275653
9.82799 0.0273696
9.82968 0.0271984
9.83138 0.0270486
9.83307 0.0269175
9.83477 0.0268029
9.83647 0.0267025
9.83816 0.0266147
9.84976 0.0277878
9.85146 0.0275644
9.85315 0.0273688
9.85485 0.0271977
9.85655 0.027048
9.85824 0.026917
9.85994 0.0268024
9.86163 0.0267021
9.86333 0.0266143
9.87493 0.0277875
9.87663 0.0275641
9.87832 0.0273686
9.88002 0.0273225
9.88171 0.0271572
9.88341 0.0270125
9.88511 0.026886
9.8868 0.0267752
9.8885 0.0266783
9.9001 0.0278435
9.90179 0.0276131
9.90349 0.0274115
9.90519 0.027235
9.90688 0.0270806
9.90858 0.0269456
9.91027 0.0268274
9.91197 0.0267239
9.91367 0.0266335
9.92527 0.0278043
9.92696 0.0275787
9.92866 0.0273814
9.93035 0.0272087
9.93205 0.0270576
9.93375 0.0269254
9.93544 0.0268097
9.93714 0.0267085
9.93883 0.02662
9.95043 0.0277925
9.95213 0.0275684
9.95383 0.0273724
9.95552 0.0272008
9.95722 0.0270507
9.95891 0.0269194
9.96061 0.0268044
9.96231 0.0267039
9.964 0.0267409
9.9756 0.0278983
9.9773 0.027661
9.97899 0.0274534
9.98069 0.0272717
9.98239 0.0271127
9.98408 0.0269736
9.98578 0.0268519
9.98747 0.0267454
9.98917 0.0266523
10.0008 0.0278207
10.0025 0.0275931
10.0042 0.027394
10.0059 0.0272197
10.0076 0.0270673
10.0092 0.0269339
10.0109 0.0268171
10.0126 0.026715
10.0143 0.0266256
10.0259 0.0276724
10.0276 0.0274634
10.0293 0.0272804
10.031 0.0272454
10.0327 0.0270897
10.0344 0.0269535
10.0361 0.0268343
10.0378 0.02673
10.0395 0.0266388
10.0511 0.0278089
10.0528 0.0275828
10.0545 0.027385
10.0562 0.0272118
10.0579 0.0270604
10.0831 0.0299278
10.1082 0.0324368
10.1334 0.0346322
10.1586 0.0364282
10.1837 0.0379997
10.2089 0.0393747
10.2341 0.0407029
10.2592 0.041865
10.2844 0.0428819
10.3096 0.0436467
10.3347 0.0443158
10.3599 0.0449013
10.3851 0.0455387
10.4102 0.0460963
10.4354 0.0465843
10.4606 0.0468863
10.4857 0.0471505
10.5109 0.0473817
10.5361 0.047709
10.5612 0.0479953
10.5864 0.0482459
10.6116 0.0483402
10.6368 0.0484227
10.6619 0.0484948
10.6871 0.048683
10.7123 0.0488476
10.7374 0.0489916
10.7626 0.0489927
10.7878 0.0489936
10.8129 0.0489944
10.8381 0.0491201
10.8633 0.0492301
10.8884 0.0493263
10.9136 0.0492855
10.9388 0.0492498
10.9639 0.0492186
10.9891 0.0493163
11.0143 0.0494018
11.0394 0.0494765
11.0646 0.049417
11.0898 0.0493648
11.1149 0.0493192
11.1401 0.0494043
11.1653 0.0494788
11.1904 0.0495439
11.2156 0.0494759
11.2408 0.0494165
11.266 0.0493644
11.2911 0.0494438
11.3163 0.0495134
11.3415 0.0495742
11.3666 0.0495024
11.3918 0.0494396
11.417 0.0493847
11.4421 0.0494616
11.4673 0.0495289
11.4925 0.0495878
11.5176 0.0495143
11.5428 0.04945
11.568 0.0493938
11.5931 0.0494695
11.6183 0.0495358
11.6435 0.0495939
11.6686 0.0495196
11.6938 0.0494547
11.719 0.0493978
11.7441 0.0494731
11.7693 0.049539
11.7945 0.0495966
11.8196 0.049522
11.8448 0.0494568
11.87 0.0493997
11.8952 0.0494747
11.9203 0.0495404
11.9455 0.0495978
11.9707 0.0495231
11.9958 0.0494577
12.021 0.0494005
12.0462 0.0494754
12.0713 0.049541
12.0965 0.0495984
12.1217 0.0495236
12.1468 0.0494581
12.172 0.0495259
12.1972 0.0495851
12.2223 0.049637
12.2475 0.0496824
12.2727 0.0495971
12.2978 0.0495224
12.323 0.0495821
12.3482 0.0496344
12.3733 0.0496801
12.3985 0.0495951
12.4237 0.0495207
12.4488 0.0494556
12.474 0.0495236
12.4992 0.0495832
12.5244 0.0496353
12.5495 0.0495559
12.5747 0.0494864
12.5999 0.0494256
12.625 0.0494974
12.6502 0.0495602
12.6754 0.0496152
12.7005 0.0495383
12.7257 0.049471
12.7509 0.0494121
12.776 0.0494856
12.8012 0.0495499
12.8264 0.0496062
12.8515 0.0495304
12.8767 0.0494641
12.9019 0.0494061
12.927 0.0494803
12.9522 0.0495453
12.9774 0.0496021
13.0025 0.0495269
13.0277 0.049461
13.0529 0.0494034
13.078 0.049478
13.1032 0.0495432
13.1284 0.0496003
13.1536 0.0495253
13.1787 0.0494596
13.2039 0.0494022
13.2291 0.0494769
13.2542 0.0495423
13.2794 0.0495995
13.3046 0.0495246
13.3297 0.049459
13.3549 0.0494016
13.3801 0.0494764
13.4052 0.0495419
13.4304 0.0495991
13.4556 0.0495242
13.4807 0.0494587
13.5059 0.0494014
13.5311 0.0494762
13.5562 0.0495417
13.5814 0.049599
13.6066 0.0495241
13.6317 0.0494586
13.6569 0.0494013
13.6821 0.0494761
13.7072 0.0495416
13.7324 0.0495989
13.7576 0.049524
13.7828 0.0494585
13.8079 0.0494012
13.8331 0.0494761
13.8583 0.0495415
13.8834 0.0495989
13.9086 0.049524
13.9338 0.0494585
13.9589 0.0494012
13.9841 0.049476
14.0093 0.0495415
14.0344 0.0495988
14.0596 0.049524
14.0848 0.0494585
14.1099 0.0494012
14.1351 0.049476
14.1603 0.0495415
14.1854 0.0495988
14.2106 0.049524
14.2358 0.0494585
14.2609 0.0494012
14.2861 0.049476
14.3113 0.0495415
14.3364 0.0495988
14.3616 0.049524
14.3868 0.0494585
14.412 0.0494012
14.4371 0.049476
14.4623 0.0495415
14.4875 0.0495988
14.5126 0.049524
14.5378 0.0494585
14.563 0.0494012
14.5881 0.049476
14.6133 0.0495415
14.6385 0.0495988
14.6636 0.049524
14.6888 0.0494585
14.714 0.0494012
14.7391 0.049476
14.7643 0.0495415
14.7895 0.0495988
14.8146 0.049524
14.8398 0.0494585
14.865 0.0494012
14.8901 0.049476
14.9153 0.0495415
14.9405 0.0495988
14.9656 0.049524
14.9908 0.0494585
15.016 0.0494012
15.0412 0.049476
15.0663 0.0495415
15.0915 0.0495988
15.1167 0.049524
15.1418 0.0494585
15.167 0.0494012
15.1922 0.049476
15.2173 0.0495415
15.2425 0.0495988
15.2677 0.049524
15.2928 0.0494585
15.318 0.0495262
15.3432 0.0495854
15.3683 0.0496372
15.3935 0.0496826
15.4187 0.0495972
15.4438 0.0495226
15.469 0.0495823
15.4942 0.0496345
15.5193 0.0496802
15.5445 0.0495951
15.5697 0.0495208
15.5948 0.0494557
15.62 0.0495237
15.6452 0.0495832
15.6704 0.0496353
15.6955 0.0495559
15.7207 0.0494864
15.7459 0.0494256
15.771 0.0494974
15.7962 0.0495602
15.8214 0.0496152
15.8465 0.0495383
15.8717 0.049471
15.8969 0.0494121
15.922 0.0494856
15.9472 0.0495499
15.9724 0.0496062
15.9975 0.0495304
16.0227 0.0494641
16.0479 0.0494061
16.073 0.0494803
16.0982 0.0495453
16.1234 0.0496021
16.1485 0.0495269
16.1737 0.049461
16.1989 0.0494034
16.224 0.049478
16.2492 0.0495432
16.2744 0.0496003
16.2996 0.0495253
16.3247 0.0494596
16.3499 0.0494022
16.3751 0.0494769
16.4002 0.0495423
16.4254 0.0495995
16.4506 0.0495246
16.4757 0.049459
16.5009 0.0494016
16.5261 0.0494764
16.5512 0.0495419
16.5764 0.0495991
16.6016 0.0495242
16.6267 0.0494587
16.6519 0.0494014
16.6771 0.0494762
16.7022 0.0495417
16.7274 0.049599
16.7526 0.0495241
16.7777 0.0494586
16.8029 0.0494013
16.8281 0.0494761
16.8532 0.0495416
16.8784 0.0495989
16.9036 0.049524
16.9288 0.0494585
16.9539 0.0494012
16.9791 0.0494761
17.0043 0.0495415
17.0294 0.0495989
17.0546 0.049524
17.0798 0.0494585
17.1049 0.0494012
17.1301 0.049476
17.1553 0.0495415
17.1804 0.0495988
17.2056 0.049524
17.2308 0.0494585
17.2559 0.0494012
17.2811 0.049476
17.3063 0.0495415
17.3314 0.0495988
17.3566 0.049524
17.3818 0.0494585
17.4069 0.0494012
17.4321 0.049476
17.4573 0.0495415
17.4824 0.0495988
17.5076 0.049524
17.5328 0.0494585
17.558 0.0494012
17.5831 0.049476
17.6083 0.0495415
17.6335 0.0495988
17.6586 0.049524
17.6838 0.0494585
17.709 0.0494012
17.7341 0.049476
17.7593 0.0495415
17.7845 0.0495988
17.8096 0.049524
17.8348 0.0494585
17.86 0.0494012
17.8851 0.049476
17.9103 0.0495415
17.9355 0.0495988
17.9606 0.049524
17.9858 0.0494585
18.011 0.0494012
18.0361 0.049476
18.0613 0.0495415
18.0865 0.0495988
18.1116 0.049524
18.1368 0.0494585
18.162 0.0494012
18.1872 0.049476
18.2123 0.0495415
18.2375 0.0495988
18.2627 0.049524
18.2878 0.0494585
18.313 0.0494012
18.3382 0.049476
18.3633 0.0495415
18.3885 0.0495988
18.4137 0.049524
18.4388 0.0494585
18.464 0.0495262
18.4892 0.0495854
18.5143 0.0496372
18.5395 0.0496826
18.5647 0.0495972
18.5898 0.0495226
18.615 0.0495823
18.6402 0.0496345
18.6653 0.0496802
18.6905 0.0495951
18.7157 0.0495208
18.7408 0.0494557
18.766 0.0495237
18.7912 0.0495832
18.8164 0.0496353
18.8415 0.0495559
18.8667 0.0494864
18.8919 0.0494256
18.917 0.0494974
18.9422 0.0495602
18.9674 0.0496152
18.9925 0.0495383
19.0177 0.049471
19.0429 0.0494121
19.068 0.0494856
19.0932 0.0495499
19.1184 0.0496062
19.1435 0.0495304
19.1687 0.0494641
19.1939 0.0494061
19.219 0.0494803
19.2442 0.0495453
19.2694 0.0496021
19.2945 0.0495269
19.3197 0.049461
19.3449 0.0494034
19.37 0.049478
19.3952 0.0495432
19.4204 0.0496003
19.4456 0.0495253
19.4707 0.0494596
19.4959 0.0494022
19.5211 0.0494769
19.5462 0.0495423
19.5714 0.0495995
19.5966 0.0495246
19.6217 0.049459
19.6469 0.0494016
19.6721 0.0494764
19.6972 0.0495419
19.7224 0.0495991
19.7476 0.0495242
19.7727 0.0494587
19.7979 0.0494014
19.8231 0.0494762
19.8482 0.0495417
19.8734 0.049599
19.8986 0.0495241
19.9237 0.0494586
19.9489 0.0494013
19.9741 0.0494761
19.9992 0.0495416
20.0244 0.0495989
20.0496 0.049524
20.0748 0.0494585
20.0999 0.0494012
20.1276 0.0497261
20.1767 0.0530103
20.2505 0.061634
20.3234 0.0721798
20.3964 0.0812823
20.4388 0.085372
20.4659 0.0832005
20.4964 0.0799254
20.527 0.0774348
20.5592 0.0755054
20.5931 0.0743172
20.6287 0.0735276
20.666 0.0734616
20.7067 0.0739039
20.7474 0.0747909
20.7898 0.0756921
20.8339 0.0768556
20.8797 0.0783736
20.9306 0.0805769
20.9798 0.0828798
21.0307 0.0848948
21.0816 0.086908
21.1324 0.0886695
21.1808 0.0898358
21.2308 0.0907313
21.2817 0.0918899
21.3326 0.0930287
21.3809 0.0936501
21.4309 0.0940688
21.4818 0.0948102
21.531 0.0953339
21.5768 0.0951672
21.6226 0.0946463
21.6684 0.0941905
21.7159 0.0939167
21.765 0.0941771
21.8151 0.09478
21.866 0.0954325
21.9168 0.0961284
21.966 0.0966124
22.0161 0.0969108
22.0669 0.097297
22.1178 0.0977598
22.1678 0.0980399
22.2179 0.0981599
22.2688 0.0983899
22.3196 0.0987162
22.3688 0.0987516
22.4163 0.0984077
22.4638 0.0978567
22.5113 0.0973746
22.5622 0.0974528
22.6113 0.0976462
22.6622 0.0979404
22.7131 0.0983229
22.764 0.0985325
22.8132 0.0987159
22.8641 0.0988765
22.9149 0.0990169
22.9658 0.0992648
23.0141 0.0992317
23.0642 0.0990777
23.1151 0.099318
23.1642 0.0992783
23.21 0.0987435
23.2558 0.0976505
23.3016 0.0968192
23.35 0.0963418
23.3983 0.0962991
23.4483 0.0965117
23.4992 0.0969477
23.5501 0.0974543
23.5993 0.0976475
23.6493 0.0978166
23.7002 0.0980895
23.7511 0.0984533
23.8002 0.0985216
23.8503 0.0985814
23.9012 0.0987588
23.9503 0.0987889
23.9978 0.0984403
24.0445 0.0977603
24.0911 0.0971652
24.1386 0.0966446
24.1886 0.096689
24.237 0.0967279
24.287 0.0967619
24.3379 0.0971667
24.3888 0.0976458
24.4371 0.0978151
24.4871 0.0978382
24.538 0.0982334
24.5889 0.0985792
24.6372 0.0986318
24.6873 0.0985529
24.7364 0.0984838
24.7856 0.0982983
24.8314 0.097761
24.8772 0.0969159
24.923 0.0960514
24.9705 0.095545
25.0197 0.0956018
25.0697 0.0959016
25.1206 0.0964139
25.1715 0.0969872
25.2215 0.0973638
25.2715 0.0975683
25.3224 0.0978723
25.3733 0.0982632
25.4233 0.0984803
25.4733 0.0985453
25.5242 0.0987271
25.5751 0.0990112
25.6234 0.0988848
25.6701 0.0983992
25.7167 0.0975993
25.7642 0.0971494
25.8142 0.0971307
25.8617 0.0969894
25.9109 0.0967407
25.9618 0.0970231
26.0135 0.0976452
26.0619 0.0978146
26.1119 0.0977128
26.1628 0.0979987
26.2137 0.0983738
26.262 0.0983271
26.312 0.0982862
26.3629 0.0985004
26.4138 0.0988129
26.4621 0.0988363
26.5105 0.0984817
26.5588 0.0981715
26.6071 0.0979001
26.6529 0.0972876
26.6996 0.0966266
26.7462 0.0961733
26.7937 0.0957766
26.8429 0.0956796
26.8921 0.0959696
26.9429 0.0963484
26.9938 0.0969299
27.0447 0.0974386
27.0939 0.0976338
27.1448 0.0978046
27.1956 0.098204
27.2465 0.0985535
27.2957 0.0986093
27.3466 0.0986581
27.3975 0.0989509
27.4475 0.099082
27.495 0.0986968
27.5425 0.0981097
27.5908 0.097721
27.6417 0.0977558
27.69 0.0979114
27.7401 0.0979224
27.7909 0.0981821
27.8418 0.0985344
27.8901 0.0985926
27.9402 0.0985185
27.9911 0.0988287
28.0419 0.0989751
28.0903 0.0989782
28.1395 0.0987309
28.1878 0.0983896
28.2361 0.0980909
28.2819 0.0974545
28.3286 0.0967727
28.3752 0.0963011
28.4227 0.0958885
28.4719 0.0957774
28.5211 0.0960552
28.5719 0.0964233
28.6228 0.0969954
28.6737 0.097496
28.7229 0.097684
28.7738 0.0978485
28.8246 0.0982424
28.8755 0.0985871
28.9247 0.0986387
28.9756 0.0986839
29.0265 0.0989734
29.0773 0.0992267
29.1248 0.0989484
29.1723 0.0983298
29.2207 0.0979136
29.2715 0.0979244
29.3199 0.0979339
29.3699 0.0978171
29.4208 0.09809
29.4717 0.0984537
29.52 0.098522
29.57 0.0984568
29.6209 0.0986497
29.6718 0.0989435
29.7201 0.0989505
29.7702 0.0988317
29.8185 0.0987277
29.8668 0.0983868
29.9126 0.0977134
29.9593 0.0969992
30.0059 0.0963743
30.0534 0.0959525
30.0916 0.0945835
30.1289 0.0920105
30.1619 0.0891342
30.1916 0.0857424
30.2188 0.0820246
30.2442 0.0782716
30.2694 0.0747376
30.2971 0.0718954
30.3301 0.0704085
30.3615 0.0696074
30.3946 0.0689065
30.4294 0.0686682
30.4658 0.0688347
30.504 0.0693553
30.5455 0.0705609
30.5879 0.0721158
30.632 0.0738513
30.6778 0.0757449
30.7253 0.0779018
30.7762 0.0804141
30.8271 0.0829873
30.8797 0.0853639
30.9339 0.0879434
30.9907 0.0907005
31.0442 0.0931129
31.0993 0.0949738
31.1553 0.0969771
31.2112 0.0987299
31.2646 0.0998887
31.3198 0.100778
31.3757 0.10193
31.4317 0.103064
31.4851 0.103806
31.5402 0.10433
31.5945 0.104914
31.6488 0.105175
31.6997 0.105028
31.7505 0.104524
31.8014 0.104084
31.8549 0.103948
31.9083 0.104205
31.9634 0.104679
32.0194 0.105344
32.0762 0.106176
32.1296 0.106529
32.1847 0.106588
32.2407 0.107015
32.2967 0.107513
32.3501 0.107699
32.4052 0.107736
32.4612 0.108144
32.5154 0.108251
32.5663 0.10772
32.6172 0.10688
32.6681 0.106145
32.7215 0.105752
32.7749 0.105783
32.8301 0.10606
32.886 0.106677
32.9428 0.107343
32.9963 0.107675
33.0514 0.107716
33.1073 0.108001
33.1633 0.108376
33.2167 0.108329
33.2719 0.108163
33.3278 0.108392
33.3821 0.108593
33.433 0.108019
33.4839 0.107142
33.5347 0.106374
33.5882 0.106077
33.6416 0.106068
33.6967 0.106309
33.7527 0.106771
33.8095 0.107424
33.8629 0.107621
33.918 0.107669
33.974 0.108085
34.03 0.108449
34.0834 0.108518
34.1385 0.108453
34.1945 0.108647
34.2488 0.108691
34.2996 0.108105
34.3505 0.107216
34.4014 0.106439
34.4548 0.106009
34.5082 0.106008
34.5634 0.106257
34.6193 0.106725
34.6761 0.107384
34.7296 0.107586
34.7847 0.107638
34.8407 0.107933
34.8966 0.108317
34.9501 0.108402
35.0052 0.108352
35.0611 0.108683
35.1154 0.108722
35.1663 0.108257
35.2172 0.10735
35.2681 0.106556
35.3215 0.106112
35.3749 0.106098
35.43 0.106336
35.486 0.106794
35.542 0.107319
35.5954 0.107529
35.6505 0.107588
35.7065 0.10789
35.7624 0.108279
35.8159 0.108244
35.871 0.108088
35.9269 0.108327
35.9812 0.108536
36.0329 0.108094
36.0847 0.107332
36.1364 0.106791
36.189 0.106317
36.2424 0.106152
36.2967 0.106258
36.3526 0.106601
36.4086 0.107151
36.4629 0.107382
36.518 0.107584
36.574 0.107886
36.6299 0.108275
36.6842 0.108491
36.7393 0.108555
36.7953 0.108735
36.8513 0.109018
36.9047 0.108891
36.959 0.10853
37.0124 0.108339
37.0658 0.108046
37.1175 0.10754
37.1693 0.106973
37.221 0.106351
37.2736 0.105932
37.3278 0.105941
37.3821 0.106198
37.4381 0.106673
37.4941 0.107339
37.5492 0.107797
37.6043 0.108072
37.6603 0.108313
37.7162 0.108649
37.7705 0.108693
37.8256 0.108606
37.8816 0.108781
37.9376 0.109058
37.9918 0.109051
38.0453 0.108794
38.0987 0.108445
38.1521 0.108139
38.2038 0.107622
38.2556 0.107044
38.3073 0.106539
38.3599 0.106096
38.4141 0.106084
38.4684 0.106324
38.5244 0.106783
38.5803 0.10731
38.6355 0.107647
38.6906 0.107816
38.7465 0.108089
38.8025 0.108453
38.8568 0.108521
38.9119 0.108456
38.9679 0.108649
39.0238 0.108943
39.0756 0.1087
39.1265 0.107862
39.1782 0.10713
39.2299 0.106488
39.2833 0.106177
39.3359 0.10603
39.3893 0.105901
39.4436 0.106039
39.4979 0.106159
39.5521 0.106389
39.6081 0.10684
39.6641 0.107485
39.7192 0.107925
39.7743 0.108184
39.8303 0.108411
39.8863 0.108735
39.9405 0.108768
39.9957 0.108672
40.0516 0.108838
40.1076 0.109108
40.161 0.109095
40.2136 0.108583
40.267 0.10826
40.3204 0.107977
40.362 0.10623
40.3968 0.102326
40.4273 0.0976607
40.4544 0.0925781
40.4796 0.0873808
40.5052 0.0827082
40.531 0.0787447
40.5573 0.0752766
40.5853 0.072617
40.6141 0.0705399
40.6438 0.0688474
40.6752 0.0678665
40.7108 0.0676332
40.7456 0.067804
40.782 0.0682035
40.8202 0.0689281
40.86 0.0700621
40.9016 0.0713043
40.9465 0.0731413
40.9915 0.0751236
41.0381 0.0771082
41.0865 0.0792196
41.1373 0.0816922
41.1891 0.0842307
41.2425 0.0867018
41.2976 0.0893641
41.3527 0.0918186
41.4053 0.0937163
41.4596 0.0952517
41.5147 0.0968453
41.5698 0.0983646
41.6224 0.099444
41.6767 0.100264
41.7318 0.101231
41.7869 0.102202
41.8395 0.102802
41.8938 0.103201
41.9489 0.103801
42.004 0.104451
42.0566 0.10477
42.1108 0.104923
42.166 0.105308
42.2211 0.105895
42.2737 0.106033
42.3279 0.106029
42.3831 0.1064
42.4382 0.10685
42.4907 0.106869
42.545 0.10676
42.6001 0.10704
42.6553 0.10741
42.7078 0.107359
42.7621 0.107189
42.8172 0.107415
42.8723 0.107738
42.9249 0.107521
42.9792 0.107331
43.0343 0.10754
43.0894 0.107722
43.142 0.107632
43.1963 0.107428
43.2514 0.107624
43.3065 0.107796
43.3591 0.107697
43.4134 0.107485
43.4685 0.107674
43.5236 0.10784
43.5762 0.107735
43.6305 0.107518
43.6856 0.107578
43.7407 0.107756
43.7933 0.107661
43.8475 0.107454
43.9027 0.107522
43.9578 0.107707
44.0104 0.107618
44.0646 0.107416
44.1198 0.107489
44.1749 0.107678
44.2275 0.107593
44.2817 0.107394
44.3368 0.10747
44.392 0.107661
44.4445 0.107578
44.4988 0.107381
44.5539 0.107459
44.6091 0.107776
44.6616 0.107679
44.7159 0.107469
44.771 0.107661
44.8261 0.107953
44.8787 0.107834
44.933 0.107605
44.9881 0.107779
45.0432 0.108057
45.0958 0.107925
45.1501 0.107684
45.2052 0.107849
45.2603 0.108117
45.3129 0.107853
45.3672 0.107621
45.4223 0.107794
45.4774 0.108069
45.53 0.107811
45.5843 0.107584
45.6394 0.107761
45.6945 0.107916
45.7471 0.107802
45.8013 0.107576
45.8565 0.107754
45.9116 0.10791
45.9642 0.107796
46.0184 0.107572
46.0735 0.10775
46.1287 0.107907
46.1812 0.107793
46.2355 0.107569
46.2906 0.107623
46.3458 0.107795
46.3983 0.107696
46.4526 0.107484
46.5077 0.107548
46.5628 0.10773
46.6154 0.107638
46.6697 0.107434
46.7248 0.107504
46.7799 0.107691
46.8325 0.107605
46.8868 0.107404
46.9419 0.107479
46.997 0.107794
47.0496 0.107695
47.1039 0.107483
47.159 0.107548
47.2141 0.107854
47.2667 0.107747
47.321 0.107529
47.3761 0.107713
47.4312 0.107999
47.4838 0.107874
47.538 0.10764
47.5932 0.10781
47.6483 0.108083
47.7009 0.107948
47.7551 0.107705
47.8103 0.107866
47.8654 0.108133
47.9179 0.107867
47.9722 0.107633
48.0273 0.107804
48.0825 0.107954
48.135 0.107834
48.1893 0.107605
48.2444 0.107779
48.2995 0.107932
48.3521 0.107815
48.4064 0.107589
48.4615 0.107765
48.5166 0.107919
48.5692 0.107804
48.6235 0.107579
48.6786 0.107632
48.7337 0.107803
48.7863 0.107702
48.8406 0.107489
48.8957 0.107553
48.9508 0.107734
49.0034 0.107642
49.0577 0.107437
49.1128 0.107507
49.1679 0.107694
49.2205 0.107607
49.2747 0.107406
49.3299 0.107481
49.385 0.10767
49.4376 0.107587
49.4918 0.107388
49.547 0.107465
49.6021 0.107782
49.6547 0.107684
49.7089 0.107473
49.764 0.107664
49.8192 0.107956
49.8717 0.107837
49.926 0.107732
49.9811 0.107891
50.0363 0.108154
50.0888 0.10801
50.1431 0.107759
50.1982 0.107914
50.2533 0.108175
50.3059 0.107903
50.3602 0.107665
50.4153 0.107832
50.4704 0.107978
50.523 0.107856
50.5773 0.107624
50.6214 0.106421
50.6587 0.103118
50.6918 0.0988534
50.7223 0.0943717
50.7503 0.0898252
50.7766 0.0852221
50.8054 0.0813193
50.8393 0.0789044
50.8724 0.0772914
50.9071 0.0760049
50.9436 0.0752543
50.9818 0.0750975
51.0216 0.0753353
51.064 0.0761684
51.1073 0.0772724
51.1522 0.0786133
51.1989 0.0800367
51.2472 0.0817821
51.2981 0.0839343
51.3498 0.0860675
51.4032 0.0884341
51.4583 0.0908798
51.5152 0.0933948
51.5728 0.0958455
51.6305 0.0982398
51.689 0.10046
51.7475 0.102402
51.8052 0.104102
51.8628 0.105339
51.9214 0.106547
51.9799 0.107729
52.0375 0.108637
52.0952 0.109433
52.1537 0.110129
52.2122 0.110863
52.269 0.11138
52.3267 0.111582
52.3852 0.112135
52.4437 0.112618
52.5005 0.11279
52.5582 0.112942
52.6167 0.113199
52.6752 0.113549
52.732 0.11373
52.7897 0.113639
52.8482 0.113934
52.9067 0.114192
52.9635 0.114168
53.0212 0.114147
53.0797 0.114254
53.1382 0.114472
53.1951 0.114538
53.2527 0.114346
53.3112 0.114553
53.3697 0.114734
53.4266 0.114642
53.4842 0.114562
53.5427 0.114616
53.6012 0.114789
53.6581 0.114816
53.7157 0.114589
53.7742 0.114765
53.8327 0.11492
53.8896 0.114805
53.9472 0.114704
54.0057 0.114741
54.0643 0.114898
54.1211 0.114911
54.1787 0.114672
54.2372 0.114838
54.2958 0.114983
54.3526 0.11486
54.4102 0.114753
54.4687 0.114784
54.5273 0.114936
54.5832 0.114819
54.6409 0.114466
54.6994 0.114533
54.7579 0.114717
54.8139 0.114502
54.8715 0.114314
54.9301 0.114525
54.9886 0.114709
55.0445 0.114621
55.1022 0.114418
55.1607 0.114491
55.2192 0.114679
55.2752 0.114595
55.3329 0.11427
55.3914 0.114361
55.4499 0.114566
55.5059 0.11437
55.5635 0.114199
55.622 0.114424
55.6805 0.114621
55.7365 0.114544
55.7942 0.114351
55.8527 0.114432
55.9112 0.114628
55.9672 0.114549
56.0248 0.114231
56.0833 0.114452
56.1419 0.114645
56.1978 0.11444
56.2555 0.11426
56.314 0.114352
56.3725 0.114558
56.4285 0.114488
56.4861 0.114302
56.5447 0.11439
56.6032 0.114716
56.6591 0.114626
56.7168 0.114423
56.7753 0.11462
56.8338 0.114793
56.8898 0.114569
56.9475 0.114373
57.006 0.114451
57.0645 0.114645
57.1204 0.114564
57.1781 0.114369
57.2366 0.114447
57.2951 0.114767
57.3511 0.114671
57.4088 0.114462
57.4673 0.114654
57.5258 0.114822
57.5818 0.114595
57.6394 0.114395
57.6979 0.114471
57.7564 0.114662
57.8124 0.114579
57.8701 0.114382
57.9286 0.114459
57.9871 0.114777
58.0431 0.11468
58.1007 0.11447
58.1592 0.114661
58.2178 0.114828
58.2737 0.1146
58.3314 0.1144
58.3899 0.114475
58.4484 0.114665
58.5044 0.114582
58.562 0.114385
58.6206 0.114461
58.6791 0.114779
58.735 0.114681
58.7927 0.114471
58.8512 0.114662
58.9097 0.11483
58.9657 0.114601
59.0234 0.114401
59.0819 0.114476
59.1404 0.114666
59.1963 0.114583
59.254 0.114385
59.3125 0.114462
59.371 0.114779
59.427 0.114682
59.4847 0.114472
59.5432 0.114663
59.6017 0.11483
59.6577 0.114601
59.7153 0.114401
59.7738 0.114476
59.8323 0.114666
59.8883 0.114583
59.946 0.11426
60.0045 0.114353
60.063 0.114684
60.119 0.114473
60.1766 0.114289
60.2351 0.114503
60.2937 0.11469
60.3496 0.114604
60.4073 0.114403
60.4658 0.114478
60.5243 0.114668
60.5803 0.114585
60.6379 0.114262
60.6965 0.114354
60.755 0.11456
60.8109 0.114365
60.8576 0.112819
60.8974 0.109467
60.9339 0.105158
60.967 0.100514
60.9967 0.0956994
61.0246 0.0908619
61.0543 0.0866292
61.0857 0.0833006
61.1188 0.080763
61.1535 0.0790426
61.1908 0.0780373
61.229 0.0776576
61.2672 0.0774504
61.307 0.0775191
61.3486 0.0779542
61.3918 0.0787099
61.4385 0.0799962
61.4859 0.0816217
61.5351 0.083419
61.586 0.0854916
61.6386 0.0876801
61.6937 0.0900951
61.7497 0.0925832
61.8073 0.0951353
61.8667 0.0977434
61.9278 0.1004
61.9871 0.10285
62.0482 0.104994
62.1101 0.107245
62.1728 0.109214
62.2322 0.110812
62.2932 0.111961
62.3551 0.113216
62.4171 0.114439
62.4764 0.115259
62.5375 0.115852
62.5994 0.11662
62.6613 0.117418
62.7206 0.11774
62.7817 0.117898
62.8436 0.118411
62.9055 0.118984
62.9649 0.119111
63.0259 0.119097
63.0878 0.11946
63.1497 0.119903
63.2091 0.12004
63.2701 0.120035
63.332 0.120405
63.3939 0.12073
63.4533 0.120764
63.5144 0.120668
63.5763 0.120835
63.6382 0.121105
63.6975 0.120967
63.7586 0.120721
63.8205 0.120881
63.8824 0.121146
63.9418 0.121003
64.0028 0.120752
64.0647 0.120908
64.1266 0.12117
64.186 0.121024
64.247 0.120896
64.3089 0.121034
64.3708 0.121279
64.4302 0.121245
64.4913 0.121089
64.5532 0.121203
64.6151 0.121427
64.6744 0.121374
64.7355 0.121202
64.7974 0.121302
64.8593 0.121514
64.9187 0.121325
64.9797 0.121034
65.0416 0.121155
65.1035 0.121386
65.1629 0.121212
65.2239 0.120936
65.2858 0.121069
65.3477 0.12131
65.4071 0.121272
65.4682 0.121113
65.5301 0.121349
65.592 0.121555
65.6513 0.121486
65.7124 0.1213
65.7743 0.121387
65.8362 0.121589
65.8955 0.12139
65.9566 0.121092
66.0185 0.121205
66.0804 0.121429
66.1398 0.121251
66.2008 0.120969
66.2627 0.121098
66.3246 0.121336
66.384 0.121169
66.4451 0.121023
66.507 0.121145
66.5689 0.121377
66.6282 0.12133
66.6893 0.121164
66.7512 0.121268
66.8131 0.121485
66.8724 0.121299
66.9335 0.121137
66.9954 0.121245
67.0573 0.121464
67.1167 0.121281
67.1777 0.120996
67.2396 0.121121
67.3015 0.121356
67.3609 0.121187
67.4219 0.120913
67.4839 0.121049
67.5458 0.121293
67.6051 0.121256
67.6662 0.121099
67.7281 0.121337
67.79 0.12142
67.8493 0.121367
67.9104 0.121196
67.9723 0.121297
68.0342 0.12151
68.0936 0.121321
68.1546 0.121031
68.2165 0.121152
68.2784 0.121383
68.3378 0.12121
68.3988 0.120934
68.4607 0.121067
68.5227 0.121309
68.582 0.12127
68.6431 0.121111
68.705 0.121222
68.7669 0.121445
68.8262 0.121389
68.8873 0.121215
68.9492 0.121314
69.0111 0.121524
69.0705 0.121334
69.1315 0.121167
69.1934 0.121271
69.2553 0.121487
69.3147 0.121301
69.3757 0.121014
69.4376 0.121137
69.4995 0.12137
69.5589 0.121199
69.62 0.120924
69.6819 0.121058
69.7438 0.121301
69.8031 0.121263
69.8642 0.121105
69.9261 0.121342
69.988 0.121425
70.0474 0.121371
70.1084 0.1212
70.1703 0.1213
70.2322 0.121513
70.2916 0.121323
70.3526 0.121033
70.4145 0.121154
70.4764 0.121385
70.5358 0.121212
70.5969 0.120935
70.6588 0.121068
70.7207 0.12131
70.78 0.121271
70.8411 0.121112
70.903 0.121223
70.9649 0.121445
71.0243 0.12139
71.0853 0.121216
71.1336 0.119564
71.1735 0.115493
71.2083 0.110307
71.2396 0.104643
71.2685 0.098938
71.2973 0.0936957
71.3304 0.0896087
71.3677 0.0870327
71.4042 0.0852786
71.4423 0.0838688
71.4822 0.0831352
71.5237 0.0827433
71.567 0.0827754
71.6153 0.0838034
71.6628 0.085203
71.712 0.0864276
71.7629 0.0879992
71.8154 0.0898743
71.8731 0.09239
71.9291 0.0949662
71.9867 0.0972205
72.0461 0.0996929
72.1088 0.102356
72.1691 0.104937
72.231 0.106945
72.2937 0.109077
72.3565 0.111067
72.4167 0.112434
72.4786 0.113504
72.5413 0.114816
72.6041 0.116089
72.6643 0.116828
72.7262 0.117475
72.7889 0.118165
72.85 0.118645
72.9068 0.118439
72.9636 0.117759
73.0204 0.117164
73.0798 0.116894
73.1383 0.116907
73.2002 0.117294
73.2655 0.118382
73.33 0.119584
73.3927 0.120386
73.4572 0.121213
73.5216 0.122061
73.5861 0.122929
73.6497 0.123438
73.715 0.124008
73.7794 0.124632
73.8396 0.124553
73.8981 0.123734
73.9566 0.122767
74.0151 0.122046
74.0771 0.12179
74.1364 0.121692
74.1975 0.12148
74.2602 0.12167
74.323 0.121961
74.384 0.122091
74.4468 0.122205
74.5095 0.122554
74.5714 0.122735
74.6325 0.122643
74.6952 0.122688
74.758 0.122852
74.8199 0.12287
74.8818 0.122886
74.9437 0.122901
75.0048 0.122788
75.065 0.12244
75.1243 0.12201
75.1845 0.121633
75.2456 0.121429
75.3067 0.121376
75.3677 0.121329
75.4305 0.121538
75.4932 0.12197
75.5551 0.122224
75.617 0.122321
75.6798 0.122531
75.7425 0.12284
75.8036 0.12286
75.8655 0.122752
75.9282 0.122908
75.9893 0.12292
76.0478 0.122305
76.1055 0.121392
76.1631 0.120593
76.2216 0.119894
76.2819 0.119657
76.3412 0.119575
76.4023 0.119628
76.465 0.120049
76.5269 0.120418
76.588 0.120616
76.6507 0.120914
76.7135 0.121425
76.7754 0.121747
76.8373 0.121903
76.9 0.122165
76.9628 0.122395
77.0239 0.12247
77.0858 0.122412
77.1477 0.122485
77.2096 0.122549
77.2689 0.122231
77.3283 0.121702
77.3876 0.121239
77.447 0.120834
77.5089 0.12073
77.5708 0.121014
77.6336 0.121387
77.6963 0.121839
77.7574 0.121984
77.8193 0.121986
77.882 0.122238
77.9448 0.122458
78.0058 0.122526
78.0677 0.12246
78.1305 0.122652
78.1915 0.122696
78.2492 0.122109
78.3069 0.121095
78.3645 0.120208
78.4231 0.119682
78.485 0.119597
78.5469 0.120022
78.6096 0.12052
78.6724 0.12108
78.7334 0.12132
78.7953 0.121405
78.8581 0.121729
78.9208 0.122013
78.9819 0.122136
79.0438 0.122119
79.1065 0.122354
79.1676 0.122435
79.2261 0.122006
79.2838 0.12113
79.3414 0.120364
79.3999 0.119693
79.4619 0.119607
79.5238 0.120031
79.5865 0.120527
79.6493 0.121086
79.7103 0.121325
79.7722 0.12141
79.835 0.121608
79.8977 0.121907
79.9588 0.122044
80.0207 0.122038
80.0834 0.122284
80.1462 0.122623
80.2039 0.12217
80.2615 0.121149
80.3192 0.12038
80.3777 0.119708
80.4396 0.119619
80.5015 0.120042
80.5643 0.120537
80.627 0.121095
80.6881 0.121333
80.75 0.121416
80.8127 0.121739
80.8755 0.122147
80.9365 0.122253
80.9984 0.122222
81.0612 0.122444
81.1239 0.122639
81.1816 0.122184
81.2393 0.121286
81.2969 0.120375
81.3554 0.119703
81.4021 0.117865
81.4411 0.113757
81.475 0.108662
81.5055 0.10308
81.5335 0.0974447
81.5615 0.0921391
81.5937 0.0879967
81.6285 0.0852471
81.6633 0.0832162
81.6997 0.0815642
81.7379 0.0804937
81.7777 0.080057
81.8193 0.0801748
81.8651 0.081028
81.91 0.0821495
81.9584 0.0835058
82.0101 0.0855676
82.0661 0.0882466
82.1288 0.0919658
82.1907 0.0959701
82.2543 0.0995988
82.3171 0.102899
82.3798 0.105537
82.4417 0.107845
82.5053 0.109989
82.5664 0.11174
82.6274 0.112898
82.6859 0.113536
82.7462 0.114094
82.8072 0.114957
82.8683 0.115837
82.9259 0.115983
82.9836 0.115735
83.0413 0.115643
83.1023 0.115938
83.1608 0.116195
83.221 0.116421
83.2821 0.116993
83.3431 0.117619
83.4017 0.117792
83.4619 0.117818
83.5229 0.118091
83.584 0.118454
83.6425 0.118522
83.7027 0.118457
83.7638 0.11865
83.8231 0.118819
83.8791 0.118341
83.9351 0.117549
83.991 0.116855
84.0487 0.116373
84.1089 0.116452
84.1691 0.116895
84.2302 0.117408
84.2912 0.117982
84.3514 0.118359
84.4116 0.11844
84.4727 0.118635
84.5337 0.11893
84.5939 0.119064
84.6542 0.119181
84.7152 0.119408
84.7746 0.119482
84.8331 0.119172
84.8891 0.118526
84.9459 0.11771
85.0027 0.117121
85.0629 0.116981
85.1197 0.116858
85.1782 0.116626
85.2384 0.116798
85.3003 0.117323
85.3588 0.117533
85.4191 0.117591
85.4801 0.118017
85.5412 0.118515
85.5997 0.118576
85.6599 0.118504
85.7209 0.118691
85.7803 0.118854
85.8363 0.118373
85.8922 0.117451
85.9482 0.116645
86.0059 0.116064
86.0652 0.116056
86.1254 0.116424
86.1865 0.116871
86.2475 0.117387
86.3069 0.117589
86.3671 0.117765
86.4282 0.11817
86.4892 0.118648
86.5494 0.118817
86.6096 0.11884
86.6707 0.118985
86.7318 0.119237
86.7894 0.119082
86.8462 0.118447
86.9031 0.117766
86.9599 0.117045
87.0209 0.11704
87.0777 0.117035
87.1363 0.11678
87.1965 0.116933
87.2575 0.117316
87.316 0.117527
87.3762 0.117586
87.4373 0.118013
87.4983 0.118386
87.5569 0.118338
87.6171 0.118296
87.6781 0.118634
87.7375 0.118804
87.7935 0.118329
87.8494 0.117413
87.9054 0.116611
87.9631 0.11616
88.0224 0.11614
88.0826 0.116497
88.1437 0.116935
88.2047 0.117443
88.2641 0.117763
88.3243 0.117917
88.3854 0.118303
88.4464 0.11864
88.5058 0.118685
88.566 0.118599
88.627 0.118899
88.6881 0.119287
88.7466 0.119251
88.8034 0.11872
88.8602 0.118005
88.9179 0.117379
88.9781 0.117332
89.0358 0.11729
89.0951 0.117254
89.1562 0.117597
89.2181 0.118273
89.2766 0.118364
89.3368 0.118318
89.3979 0.118528
89.4589 0.118837
89.5174 0.118858
89.5776 0.11875
89.6387 0.118907
89.6998 0.119168
89.7583 0.119147
89.8185 0.119004
89.877 0.118753
89.9363 0.118534
89.9923 0.118092
90.0483 0.117206
90.1043 0.11643
90.1619 0.115876
90.2213 0.115892
90.2815 0.11628
90.3425 0.116745
90.4036 0.117277
90.463 0.117492
90.5232 0.117681
90.5842 0.118096
90.6453 0.118584
90.7046 0.118636
90.7648 0.118556
90.8259 0.118737
90.887 0.11902
90.9446 0.118892
91.0014 0.118281
91.0583 0.117621
91.1151 0.117043
91.1753 0.116913
91.2329 0.116924
91.2923 0.116808
91.3534 0.117207
91.4144 0.117681
91.4729 0.117721
91.5331 0.117756
91.5942 0.118161
91.6434 0.117141
91.6858 0.113749
91.7239 0.109405
91.7587 0.104729
91.7892 0.0997632
91.8189 0.0946678
91.8503 0.0903343
91.8851 0.0872926
91.9224 0.085256
91.9597 0.083849
91.9987 0.0827429
92.0394 0.082275
92.0818 0.0822406
92.1259 0.0825855
92.1751 0.0838874
92.2226 0.0854014
92.2717 0.0867263
92.3226 0.0882605
92.3752 0.0901029
92.432 0.092465
92.4888 0.0949069
92.5473 0.0974186
92.6075 0.0999912
92.6695 0.102617
92.7322 0.10529
92.7958 0.107754
92.8603 0.11016
92.9247 0.11239
92.9875 0.114091
93.0511 0.11558
93.1155 0.117007
93.1791 0.118381
93.241 0.119209
93.3021 0.119683
93.364 0.119972
93.4276 0.120601
93.4903 0.121276
93.5514 0.121491
93.6133 0.121555
93.676 0.12186
93.7396 0.122253
93.8007 0.122471
93.8634 0.122537
93.9279 0.12297
93.9923 0.123599
94.0542 0.123899
94.1178 0.123912
94.1823 0.124298
94.2467 0.12476
94.3086 0.12479
94.3722 0.124817
94.4367 0.12509
94.5011 0.125453
94.563 0.125522
94.6249 0.125206
94.6868 0.124931
94.7496 0.124814
94.8081 0.124338
94.8675 0.12342
94.9268 0.122743
94.987 0.122275
95.0498 0.122241
95.1134 0.122711
95.1778 0.123247
95.2423 0.123841
95.305 0.124236
95.3686 0.124331
95.4331 0.12479
95.4975 0.125191
95.5603 0.125417
95.6239 0.125365
95.6883 0.125569
95.7528 0.125873
95.8138 0.125639
95.8732 0.124934
95.9334 0.124192
95.9936 0.123543
96.0564 0.12335
96.1157 0.123057
96.1768 0.12255
96.2395 0.122606
96.304 0.12303
96.3659 0.123276
96.4295 0.123492
96.4939 0.12393
96.5584 0.124439
96.6203 0.124634
96.6839 0.124555
96.7483 0.124861
96.8128 0.125253
96.8747 0.125221
96.9383 0.125194
97.001 0.125294
97.0638 0.125133
97.1231 0.124741
97.1825 0.123898
97.2419 0.123161
97.3029 0.122641
97.3657 0.122686
97.4293 0.1231
97.4937 0.123588
97.5582 0.124139
97.6209 0.124372
97.6845 0.12445
97.749 0.124769
97.8134 0.125173
97.877 0.125526
97.9406 0.125585
98.0051 0.125887
98.0695 0.126151
98.1323 0.126257
98.1925 0.125725
98.2527 0.124885
98.3129 0.124149
98.3773 0.12413
98.4375 0.124114
98.4995 0.123725
98.5631 0.123884
98.6275 0.124274
98.6894 0.124489
98.753 0.124553
98.8175 0.124859
98.8819 0.125252
98.9438 0.12522
99.0074 0.125193
99.0719 0.125419
99.1346 0.125491
99.1931 0.12493
99.2398 0.122314
99.2649 0.115899
99.2901 0.107662
99.3153 0.100454
99.3404 0.0941475
99.3656 0.0885041
99.3908 0.083566
99.4159 0.0792453
99.4411 0.0755896
99.4663 0.0723909
99.4914 0.0695921
99.5166 0.067018
99.5418 0.0647658
99.5669 0.0627951
99.5921 0.0611957
99.6173 0.0597962
99.6424 0.0585717
99.6676 0.0573752
99.6928 0.0563283
99.7179 0.0554123
99.7431 0.0547358
99.7683 0.0541438
99.7935 0.0536258
99.8186 0.0530476
99.8438 0.0525416
99.869 0.0520989
99.8941 0.0518366
99.9193 0.051607
99.9445 0.0514061
99.9696 0.0511054
99.9948 0.0508422
100.012 0.0497369
100.021 0.0467698
100.047 0.0441736
100.072 0.0447769
100.097 0.0454298
100.122 0.046001
100.147 0.0465009
100.173 0.0468133
100.198 0.0470866
100.223 0.0474508
100.248 0.0477695
100.273 0.0480483
100.299 0.0481672
100.324 0.0482713
100.349 0.0483624
100.374 0.0485671
100.399 0.0487462
100.424 0.0489029
100.45 0.0489151
100.475 0.0489257
100.5 0.048935
100.525 0.0490681
100.55 0.0491846
100.575 0.0492865
100.601 0.0492507
100.626 0.0492194
100.651 0.0491919
100.676 0.049293
100.701 0.0493813
100.726 0.0494587
100.752 0.0494013
100.777 0.0493512
100.802 0.0493073
100.827 0.0493939
100.852 0.0494696
100.877 0.0495359
100.903 0.0494689
100.928 0.0494103
100.953 0.049359
100.978 0.0494391
