0.010001 1 -0
0.110001 1 0.0101445
0.110001 2 0.0101445
0.210001 1 0.267884
0.210001 2 0.0160153
0.310001 1 0.395262
0.310001 2 0.0220605
0.410001 1 0.529262
0.410001 2 0.0277565
0.510001 1 0.614018
0.510001 2 0.0305671
0.610001 1 0.666437
0.610001 2 0.0308963
0.710001 1 0.692381
0.710001 2 0.0333219
0.810001 1 0.709901
0.810001 2 0.034835
0.910001 1 0.703925
0.910001 2 0.0362224
1.01 1 0.726409
1.01 2 0.0367388
1.11 1 0.744814
1.11 2 0.0371694
1.21 1 0.760158
1.21 2 0.0367757
1.31 1 0.766209
1.31 2 0.0375607
1.41 1 0.771507
1.41 2 0.0380984
1.51 1 0.763901
1.51 2 0.0385644
1.61 1 0.774218
1.61 2 0.0387506
1.71 1 0.783323
1.71 2 0.0389172
1.81 1 0.790455
1.81 2 0.0386265
1.91 1 0.793215
1.91 2 0.0389637
2.01 1 0.795735
2.01 2 0.0393536
2.11 1 0.789622
2.11 2 0.0395425
2.21 1 0.795959
2.21 2 0.0396376
2.31 1 0.801746
2.31 2 0.0392206
2.41 1 0.805644
2.41 2 0.0394618
2.51 1 0.807217
2.51 2 0.0397516
2.61 1 0.799103
2.61 2 0.0399538
2.71 1 0.804542
2.71 2 0.0400795
2.81 1 0.808985
2.81 2 0.0401371
2.91 1 0.813122
2.91 2 0.0397855
3.01 1 0.81477
3.01 2 0.0400151
3.11 1 0.815785
3.11 2 0.0401759
3.21 1 0.80991
3.21 2 0.0403782
3.31 1 0.813518
3.31 2 0.0404189
3.41 1 0.816914
3.41 2 0.0404574
3.51 1 0.820117
3.51 2 0.0402024
3.61 1 0.82086
3.61 2 0.0403811
3.71 1 0.821568
3.71 2 0.0405057
3.81 1 0.816859
3.81 2 0.0406239
3.91 1 0.819735
3.91 2 0.0406527
4.01 1 0.822467
4.01 2 0.0406803
4.11 1 0.824668
4.11 2 0.0404955
4.21 1 0.825212
4.21 2 0.0406025
4.31 1 0.825735
4.31 2 0.0407422
4.41 1 0.821914
4.41 2 0.0408021
4.51 1 0.824658
4.51 2 0.0408237
4.61 1 0.826926
4.61 2 0.0405849
4.71 1 0.828062
4.71 2 0.0406785
4.81 1 0.828478
4.81 2 0.0408019
4.91 1 0.823983
4.91 2 0.0408874
5.01 1 0.826083
5.01 2 0.0409374
5.11 1 0.828101
5.11 2 0.0409541
5.21 1 0.830042
5.21 2 0.0407398
5.31 1 0.830691
5.31 2 0.0408503
5.41 1 0.831019
5.41 2 0.0409565
5.51 1 0.82725
5.51 2 0.0410298
5.61 1 0.829067
5.61 2 0.0410435
5.71 1 0.830821
5.71 2 0.0410569
5.81 1 0.832514
5.81 2 0.0408903
5.91 1 0.832787
5.91 2 0.0409867
6.01 1 0.833052
6.01 2 0.0410534
6.11 1 0.829875
6.11 2 0.0411179
6.21 1 0.831474
6.21 2 0.0411291
6.31 1 0.833023
6.31 2 0.0411399
6.41 1 0.834272
6.41 2 0.0410122
6.51 1 0.834497
6.51 2 0.0410733
6.61 1 0.834716
6.61 2 0.0411566
6.71 1 0.83227
6.71 2 0.0411902
6.81 1 0.833693
6.81 2 0.0411994
6.91 1 0.835074
6.91 2 0.041034
7.01 1 0.835731
7.01 2 0.0410904
7.11 1 0.835919
7.11 2 0.0411676
7.21 1 0.832732
7.21 2 0.0412425
7.31 1 0.834051
7.31 2 0.0412505
7.41 1 0.835334
7.41 2 0.0412584
7.51 1 0.836584
7.51 2 0.0411263
7.61 1 0.83696
7.61 2 0.041177
7.71 1 0.83712
7.71 2 0.041247
7.81 1 0.834363
7.81 2 0.0412949
7.91 1 0.835562
7.91 2 0.0413017
8.01 1 0.83673
8.01 2 0.0413084
8.11 1 0.83787
8.11 2 0.0411853
8.21 1 0.83801
8.21 2 0.0412509
8.31 1 0.838148
8.31 2 0.0412959
8.41 1 0.835762
8.41 2 0.0413398
8.51 1 0.837047
8.51 2 0.0413457
8.61 1 0.838117
8.61 2 0.0413515
8.71 1 0.838796
8.71 2 0.0412544
8.81 1 0.838918
8.81 2 0.0412967
8.91 1 0.836119
8.91 2 0.0413558
9.01 1 0.837151
9.01 2 0.0413787
9.11 1 0.838161
9.11 2 0.0413838
9.21 1 0.839149
9.21 2 0.0412574
9.31 1 0.839603
9.31 2 0.0413144
9.41 1 0.83971
9.41 2 0.0413534
9.51 1 0.837245
9.51 2 0.0414082
9.61 1 0.838201
9.61 2 0.0414128
9.71 1 0.839137
9.71 2 0.0414173
9.81 1 0.840055
9.81 2 0.0413142
9.91 1 0.840313
9.91 2 0.0413513
10.01 1 0.840407
10.01 2 0.0414033
10.11 1 0.838237
10.11 2 0.0414387
10.21 1 0.839966
10.21 2 0.041412
10.31 1 0.828498
10.31 2 0.0411326
10.41 1 0.823106
10.41 2 0.040858
10.51 1 0.817726
10.51 2 0.0405881
10.61 1 0.812435
10.61 2 0.0403227
10.71 1 0.807232
10.71 2 0.039805
10.81 1 0.802114
10.81 2 0.0395525
10.91 1 0.79708
10.91 2 0.0393042
11.01 1 0.787144
11.01 2 0.0390598
11.11 1 0.782455
11.11 2 0.0388194
11.21 1 0.777734
11.21 2 0.0385827
11.31 1 0.773086
11.31 2 0.0383498
11.41 1 0.768511
11.41 2 0.037889
11.51 1 0.764006
11.51 2 0.0376726
11.61 1 0.75957
11.61 2 0.0374538
11.71 1 0.755201
11.71 2 0.0372383
11.81 1 0.746501
11.81 2 0.037026
11.91 1 0.742482
11.91 2 0.0368169
12.01 1 0.738368
12.01 2 0.0366109
12.11 1 0.734313
12.11 2 0.0362011
12.21 1 0.730317
12.21 2 0.0360107
12.31 1 0.726378
12.31 2 0.0358165
12.41 1 0.722496
12.41 2 0.0356249
12.51 1 0.71475
12.51 2 0.0354361
12.61 1 0.711175
12.61 2 0.03525
12.71 1 0.707507
12.71 2 0.0350665
12.81 1 0.703889
12.81 2 0.0348855
12.91 1 0.70032
12.91 2 0.034531
13.01 1 0.6968
13.01 2 0.0343573
13.11 1 0.693328
13.11 2 0.034186
13.21 1 0.686211
13.21 2 0.034017
13.31 1 0.683186
13.31 2 0.0338503
13.41 1 0.679895
13.41 2 0.0336858
13.51 1 0.676647
13.51 2 0.0335234
13.61 1 0.67344
13.61 2 0.0331971
13.71 1 0.670275
13.71 2 0.0330489
13.81 1 0.667151
13.81 2 0.0328947
13.91 1 0.664067
13.91 2 0.0327426
14.01 1 0.657863
14.01 2 0.0325924
14.11 1 0.655045
14.11 2 0.032444
14.21 1 0.652112
14.21 2 0.0322975
14.31 1 0.649216
14.31 2 0.0320017
14.41 1 0.646355
14.41 2 0.0318688
14.51 1 0.643529
14.51 2 0.0317294
14.61 1 0.640737
14.61 2 0.0315917
14.71 1 0.635083
14.71 2 0.0314557
14.81 1 0.632561
14.81 2 0.0313212
14.91 1 0.629901
14.91 2 0.0311884
15.01 1 0.627271
15.01 2 0.0310572
15.11 1 0.624673
15.11 2 0.0307907
15.21 1 0.622104
15.21 2 0.0306726
15.31 1 0.619565
15.31 2 0.0305473
15.41 1 0.614254
15.41 2 0.0304235
15.51 1 0.612122
15.51 2 0.0303011
15.61 1 0.609697
15.61 2 0.0301801
15.71 1 0.607299
15.71 2 0.0300605
15.81 1 0.604929
15.81 2 0.0298166
15.91 1 0.602584
15.91 2 0.0297096
16.01 1 0.600265
16.01 2 0.0295952
16.11 1 0.597972
16.11 2 0.0294821
16.21 1 0.593283
16.21 2 0.0293702
16.31 1 0.591241
16.31 2 0.0292596
16.41 1 0.589046
16.41 2 0.0291501
16.51 1 0.586874
16.51 2 0.0290418
16.61 1 0.584725
16.61 2 0.0288286
16.71 1 0.582599
16.71 2 0.0287238
16.81 1 0.580496
16.81 2 0.02862
16.91 1 0.576175
16.91 2 0.0285173
17.01 1 0.574316
17.01 2 0.0284157
17.11 1 0.572298
17.11 2 0.0283151
17.21 1 0.570301
17.21 2 0.0282156
17.31 1 0.568325
17.31 2 0.0280108
17.41 1 0.566368
17.41 2 0.0279231
17.51 1 0.564432
17.51 2 0.0278275
17.61 1 0.562515
17.61 2 0.027733
17.71 1 0.558602
17.71 2 0.0276393
17.81 1 0.556877
17.81 2 0.0275466
17.91 1 0.555035
17.91 2 0.0274549
18.01 1 0.553211
18.01 2 0.0272652
18.11 1 0.551404
18.11 2 0.0271849
18.21 1 0.549615
18.21 2 0.0270967
18.31 1 0.547844
18.31 2 0.0270093
18.41 1 0.544172
18.41 2 0.0269227
18.51 1 0.542631
18.51 2 0.026837
18.61 1 0.540926
18.61 2 0.0267521
18.71 1 0.539237
18.71 2 0.026668
18.81 1 0.537564
18.81 2 0.0264933
18.91 1 0.535907
18.91 2 0.0264204
19.01 1 0.534265
19.01 2 0.0263394
19.11 1 0.530718
19.11 2 0.0262592
19.21 1 0.52943
19.21 2 0.0261797
19.31 1 0.527848
19.31 2 0.0261009
19.41 1 0.52628
19.41 2 0.0260229
19.51 1 0.524726
19.51 2 0.0258601
19.61 1 0.523187
19.61 2 0.0257929
19.71 1 0.521661
19.71 2 0.0257176
19.81 1 0.520149
19.81 2 0.0256431
19.91 1 0.516986
19.91 2 0.0255691
20.01 1 0.515692
20.01 2 0.0254958
20.01 3 -0
20.11 1 0.514232
20.11 2 0.0254232
20.11 3 0.0101445
20.11 4 0.0101445
20.21 1 0.512786
20.21 2 0.0253512
20.21 3 0.267884
20.21 4 0.0160153
20.31 1 0.511351
20.31 2 0.0252091
20.31 3 0.462933
20.31 4 0.0220438
20.41 1 0.509917
20.41 2 0.0251383
20.41 3 0.868389
20.41 4 0.0333915
20.51 1 0.508497
20.51 2 0.0250683
20.51 3 1.42147
20.51 4 0.0582275
20.61 1 0.506472
20.61 2 0.0249684
20.61 3 1.95031
20.61 4 0.0868178
20.71 1 0.506472
20.71 2 0.0249684
20.71 3 2.35088
20.71 4 0.108869
20.81 1 0.501748
20.81 2 0.0247416
20.81 3 2.63103
20.81 4 0.12489
20.91 1 0.501748
20.91 2 0.0247355
20.91 3 2.86676
20.91 4 0.137167
21.01 1 0.497317
21.01 2 0.0247355
21.01 3 3.03516
21.01 4 0.147289
21.11 1 0.499107
21.11 2 0.0246278
21.11 3 3.12896
21.11 4 0.151618
21.21 1 0.499107
21.21 2 0.0246278
21.21 3 3.26418
21.21 4 0.158507
21.31 1 0.497077
21.31 2 0.0245256
21.31 3 3.31971
21.31 4 0.163454
21.41 1 0.497387
21.41 2 0.0247091
21.41 3 3.41334
21.41 4 0.166415
21.51 1 0.493784
21.51 2 0.0247091
21.51 3 3.49985
21.51 4 0.171052
21.61 1 0.492525
21.61 2 0.0244736
21.61 3 3.57239
21.61 4 0.174742
21.71 1 0.490723
21.71 2 0.0243838
21.71 3 3.63228
21.71 4 0.177836
21.81 1 0.489322
21.81 2 0.0243138
21.81 3 3.6855
21.81 4 0.180577
21.91 1 0.487837
21.91 2 0.0242397
21.91 3 3.73312
21.91 4 0.183023
22.01 1 0.485841
22.01 2 0.0241594
22.01 3 3.77597
22.01 4 0.18538
22.11 1 0.484182
22.11 2 0.0240783
22.11 3 3.81474
22.11 4 0.187356
22.21 1 0.482786
22.21 2 0.0240575
22.21 3 3.85364
22.21 4 0.189333
22.31 1 0.480809
22.31 2 0.0239554
22.31 3 3.88565
22.31 4 0.190958
22.41 1 0.480293
22.41 2 0.0238636
22.41 3 3.91835
22.41 4 0.192446
22.51 1 0.47829
22.51 2 0.0237637
22.51 3 3.94521
22.51 4 0.193812
22.61 1 0.476148
22.61 2 0.0236786
22.61 3 3.97
22.61 4 0.195227
22.71 1 0.474546
22.71 2 0.023657
22.71 3 3.99594
22.71 4 0.196535
22.81 1 0.474068
22.81 2 0.0235533
22.81 3 4.02002
22.81 4 0.197604
22.91 1 0.471627
22.91 2 0.0234526
22.91 3 4.03946
22.91 4 0.198737
23.01 1 0.469854
23.01 2 0.0234317
23.01 3 4.06049
23.01 4 0.199794
23.11 1 0.46939
23.11 2 0.0233203
23.11 3 4.08017
23.11 4 0.200651
23.21 1 0.466737
23.21 2 0.0232144
23.21 3 4.09609
23.21 4 0.20158
23.31 1 0.464925
23.31 2 0.0231882
23.31 3 4.11349
23.31 4 0.202452
23.41 1 0.464358
23.41 2 0.0230697
23.41 3 4.12987
23.41 4 0.203154
23.51 1 0.462218
23.51 2 0.0230697
23.51 3 4.14531
23.51 4 0.204044
23.61 1 0.461577
23.61 2 0.0229312
23.61 3 4.15989
23.61 4 0.204661
23.71 1 0.45905
23.71 2 0.0228394
23.71 3 4.17151
23.71 4 0.205354
23.81 1 0.45905
23.81 2 0.0228054
23.81 3 4.18675
23.81 4 0.206009
23.91 1 0.456202
23.91 2 0.022697
23.91 3 4.19708
23.91 4 0.206618
24.01 1 0.454247
24.01 2 0.0226636
24.01 3 4.20891
24.01 4 0.20722
24.11 1 0.453556
24.11 2 0.0225319
24.11 3 4.22016
24.11 4 0.207683
24.21 1 0.451217
24.21 2 0.0225319
24.21 3 4.23077
24.21 4 0.208314
24.31 1 0.450728
24.31 2 0.0223911
24.31 3 4.24099
24.31 4 0.20873
24.41 1 0.44795
24.41 2 0.0222834
24.41 3 4.25065
24.41 4 0.209217
24.51 1 0.448052
24.51 2 0.0222579
24.51 3 4.26006
24.51 4 0.209682
24.61 1 0.445308
24.61 2 0.022138
24.61 3 4.26723
24.61 4 0.210127
24.71 1 0.445308
24.71 2 0.0221213
24.71 3 4.27751
24.71 4 0.210545
24.81 1 0.442621
24.81 2 0.0220054
24.81 3 4.28402
24.81 4 0.210953
24.91 1 0.442621
24.91 2 0.0219875
24.91 3 4.29354
24.91 4 0.211345
25.01 1 0.439928
25.01 2 0.0218658
25.01 3 4.29946
25.01 4 0.211721
25.11 1 0.439928
25.11 2 0.0218534
25.11 3 4.30831
25.11 4 0.212081
25.21 1 0.437173
25.21 2 0.0217163
25.21 3 4.31372
25.21 4 0.212386
25.31 1 0.437173
25.31 2 0.0217163
25.31 3 4.32196
25.31 4 0.212762
25.41 1 0.434474
25.41 2 0.021582
25.41 3 4.32692
25.41 4 0.213009
25.51 1 0.434474
25.51 2 0.021582
25.51 3 4.33456
25.51 4 0.213392
25.61 1 0.431602
25.61 2 0.021439
25.61 3 4.33911
25.61 4 0.213652
25.71 1 0.429366
25.71 2 0.021439
25.71 3 4.34627
25.71 4 0.213978
25.81 1 0.428902
25.81 2 0.0213046
25.81 3 4.35052
25.81 4 0.214187
25.91 1 0.428902
25.91 2 0.0213046
25.91 3 4.35731
25.91 4 0.214524
26.01 1 0.425868
26.01 2 0.0211923
26.01 3 4.36118
26.01 4 0.214784
26.11 1 0.425868
26.11 2 0.0211537
26.11 3 4.36756
26.11 4 0.215034
26.21 1 0.423186
26.21 2 0.0210589
26.21 3 4.37114
26.21 4 0.215277
26.31 1 0.423186
26.31 2 0.0210202
26.31 3 4.37716
26.31 4 0.215511
26.41 1 0.420371
26.41 2 0.0209114
26.41 3 4.38048
26.41 4 0.215739
26.51 1 0.420371
26.51 2 0.0208801
26.51 3 4.38618
26.51 4 0.215959
26.61 1 0.417595
26.61 2 0.0207783
26.61 3 4.38987
26.61 4 0.216173
26.71 1 0.417693
26.71 2 0.0207468
26.71 3 4.39465
26.71 4 0.21638
26.81 1 0.415493
26.81 2 0.0207468
26.81 3 4.3987
26.81 4 0.216635
26.91 1 0.415018
26.91 2 0.0206137
26.91 3 4.40259
26.91 4 0.216776
27.01 1 0.412837
27.01 2 0.0206137
27.01 3 4.40641
27.01 4 0.217023
27.11 1 0.412268
27.11 2 0.0204768
27.11 3 4.41012
27.11 4 0.21715
27.21 1 0.410185
27.21 2 0.0204768
27.21 3 4.41373
27.21 4 0.217384
27.31 1 0.4096
27.31 2 0.0203441
27.31 3 4.41725
27.31 4 0.217499
27.41 1 0.4096
27.41 2 0.0203441
27.41 3 4.42175
27.41 4 0.217722
27.51 1 0.40666
27.51 2 0.0202383
27.51 3 4.42399
27.51 4 0.217886
27.61 1 0.40666
27.61 2 0.0201978
27.61 3 4.42828
27.61 4 0.218046
27.71 1 0.403933
27.71 2 0.0201074
27.71 3 4.4309
27.71 4 0.218202
27.81 1 0.404017
27.81 2 0.0200663
27.81 3 4.43448
27.81 4 0.218354
27.91 1 0.40197
27.91 2 0.0200663
27.91 3 4.43746
27.91 4 0.218552
28.01 1 0.401343
28.01 2 0.0199332
28.01 3 4.44037
28.01 4 0.218645
28.11 1 0.3994
28.11 2 0.0199332
28.11 3 4.44321
28.11 4 0.218835
28.21 1 0.398759
28.21 2 0.0198047
28.21 3 4.44594
28.21 4 0.218923
28.31 1 0.398759
28.31 2 0.0198047
28.31 3 4.44961
28.31 4 0.219105
28.41 1 0.39624
28.41 2 0.019706
28.41 3 4.45128
28.41 4 0.219235
28.51 1 0.39624
28.51 2 0.0196793
28.51 3 4.4548
28.51 4 0.219361
28.61 1 0.393596
28.61 2 0.0195809
28.61 3 4.45636
28.61 4 0.219485
28.71 1 0.393596
28.71 2 0.0195477
28.71 3 4.45974
28.71 4 0.219606
28.81 1 0.391833
28.81 2 0.01946
28.81 3 4.46213
28.81 4 0.219725
28.91 1 0.391155
28.91 2 0.0194263
28.91 3 4.46447
28.91 4 0.21984
29.01 1 0.389292
29.01 2 0.0194263
29.01 3 4.46675
29.01 4 0.219997
29.11 1 0.388547
29.11 2 0.0192965
29.11 3 4.46899
29.11 4 0.220064
29.21 1 0.386916
29.21 2 0.0192965
29.21 3 4.47117
29.21 4 0.220215
29.31 1 0.38616
29.31 2 0.0192154
29.31 3 4.47331
29.31 4 0.22032
29.41 1 0.38616
29.41 2 0.0191777
29.41 3 4.47626
29.41 4 0.220423
29.51 1 0.383831
29.51 2 0.0190873
29.51 3 4.47743
29.51 4 0.220524
29.61 1 0.383831
29.61 2 0.0190618
29.61 3 4.48027
29.61 4 0.220623
29.71 1 0.382028
29.71 2 0.0189722
29.71 3 4.48223
29.71 4 0.22072
29.81 1 0.381492
29.81 2 0.0189455
29.81 3 4.48414
29.81 4 0.220814
29.91 1 0.379748
29.91 2 0.0189455
29.91 3 4.48602
29.91 4 0.220947
30.01 1 0.379231
30.01 2 0.018833
30.01 3 4.48786
30.01 4 0.220996
30.11 1 0.37749
30.11 2 0.018833
30.11 3 4.48966
30.11 4 0.221124
30.21 1 0.376781
30.21 2 0.0187464
30.21 3 4.49143
30.21 4 0.221211
30.31 1 0.376216
30.31 2 0.0187111
30.31 3 4.49291
30.31 4 0.221297
30.41 1 0.375604
30.41 2 0.0186522
30.41 3 4.4571
30.41 4 0.219535
30.51 1 0.375046
30.51 2 0.0186243
30.51 3 4.42189
30.51 4 0.217801
30.61 1 0.374492
30.61 2 0.0185965
30.61 3 4.35308
30.61 4 0.216095
30.71 1 0.373905
30.71 2 0.0185671
30.71 3 4.35528
30.71 4 0.214441
30.81 1 0.372418
30.81 2 0.0185361
30.81 3 4.35707
30.81 4 0.214548
30.91 1 0.371853
30.91 2 0.0185037
30.91 3 4.35884
30.91 4 0.214654
31.01 1 0.371213
31.01 2 0.0184715
31.01 3 4.36093
31.01 4 0.214757
31.11 1 0.370626
31.11 2 0.0184395
31.11 3 4.3626
31.11 4 0.214859
31.21 1 0.371643
31.21 2 0.0184657
31.21 3 4.35995
31.21 4 0.21471
31.31 1 0.373047
31.31 2 0.0185087
31.31 3 4.35735
31.31 4 0.214582
31.41 1 0.374098
31.41 2 0.0185518
31.41 3 4.35444
31.41 4 0.214473
31.51 1 0.375131
31.51 2 0.0185937
31.51 3 4.35158
31.51 4 0.214366
31.61 1 0.376158
31.61 2 0.0186353
31.61 3 4.34877
31.61 4 0.214258
31.71 1 0.377178
31.71 2 0.0186777
31.71 3 4.346
31.71 4 0.214154
31.81 1 0.378191
31.81 2 0.0187273
31.81 3 4.34329
31.81 4 0.214053
31.91 1 0.379131
31.91 2 0.0187696
31.91 3 4.34096
31.91 4 0.213934
32.01 1 0.380096
32.01 2 0.0188131
32.01 3 4.33866
32.01 4 0.213821
32.11 1 0.381034
32.11 2 0.0188638
32.11 3 4.33641
32.11 4 0.213692
32.21 1 0.382007
32.21 2 0.0189142
32.21 3 4.33419
32.21 4 0.213582
32.31 1 0.383029
32.31 2 0.0189579
32.31 3 4.33198
32.31 4 0.213472
32.41 1 0.384218
32.41 2 0.0190189
32.41 3 4.32889
32.41 4 0.213316
32.51 1 0.385514
32.51 2 0.0190815
32.51 3 4.32608
32.51 4 0.213181
32.61 1 0.386729
32.61 2 0.0191447
32.61 3 4.32308
32.61 4 0.21303
32.71 1 0.387843
32.71 2 0.0192075
32.71 3 4.32074
32.71 4 0.212882
32.81 1 0.388952
32.81 2 0.0192699
32.81 3 4.31844
32.81 4 0.212736
32.91 1 0.390054
32.91 2 0.019332
32.91 3 4.31616
32.91 4 0.212603
33.01 1 0.39116
33.01 2 0.0193861
33.01 3 4.31393
33.01 4 0.212465
33.11 1 0.391919
33.11 2 0.0194465
33.11 3 4.31142
33.11 4 0.212325
33.21 1 0.393275
33.21 2 0.0195075
33.21 3 4.30862
33.21 4 0.212188
33.31 1 0.394513
33.31 2 0.0195601
33.31 3 4.30588
33.31 4 0.212083
33.41 1 0.395783
33.41 2 0.0196125
33.41 3 4.30292
33.41 4 0.211979
33.51 1 0.397096
33.51 2 0.0196656
33.51 3 4.29997
33.51 4 0.211877
33.61 1 0.398422
33.61 2 0.0197184
33.61 3 4.29733
33.61 4 0.211776
33.71 1 0.399629
33.71 2 0.019768
33.71 3 4.29476
33.71 4 0.211645
33.81 1 0.40085
33.81 2 0.0198285
33.81 3 4.29193
33.81 4 0.211506
33.91 1 0.401906
33.91 2 0.0198885
33.91 3 4.29001
33.91 4 0.211368
34.01 1 0.402957
34.01 2 0.019956
34.01 3 4.28812
34.01 4 0.211243
34.11 1 0.404002
34.11 2 0.0200148
34.11 3 4.28626
34.11 4 0.211109
34.21 1 0.405041
34.21 2 0.0200723
34.21 3 4.28443
34.21 4 0.21099
34.31 1 0.405925
34.31 2 0.0201305
34.31 3 4.28177
34.31 4 0.21087
34.41 1 0.407194
34.41 2 0.0201808
34.41 3 4.2794
34.41 4 0.21077
34.51 1 0.408465
34.51 2 0.0202308
34.51 3 4.27682
34.51 4 0.210683
34.61 1 0.409632
34.61 2 0.0202805
34.61 3 4.2743
34.61 4 0.210597
34.71 1 0.410879
34.71 2 0.02033
34.71 3 4.27179
34.71 4 0.210513
34.81 1 0.412012
34.81 2 0.0203757
34.81 3 4.26958
34.81 4 0.210391
34.91 1 0.41316
34.91 2 0.0204326
34.91 3 4.2674
34.91 4 0.21028
35.01 1 0.414151
35.01 2 0.0204969
35.01 3 4.26579
35.01 4 0.210161
35.11 1 0.415136
35.11 2 0.0205526
35.11 3 4.26417
35.11 4 0.210043
35.21 1 0.416117
35.21 2 0.0206079
35.21 3 4.2626
35.21 4 0.209936
35.31 1 0.417092
35.31 2 0.020662
35.31 3 4.26105
35.31 4 0.209834
35.41 1 0.417904
35.41 2 0.0207167
35.41 3 4.25874
35.41 4 0.209721
35.51 1 0.419099
35.51 2 0.0207639
35.51 3 4.25645
35.51 4 0.209646
35.61 1 0.420297
35.61 2 0.0208109
35.61 3 4.2542
35.61 4 0.209573
35.71 1 0.421479
35.71 2 0.0208576
35.71 3 4.2522
35.71 4 0.2095
35.81 1 0.422571
35.81 2 0.0209041
35.81 3 4.25003
35.81 4 0.209429
35.91 1 0.423637
35.91 2 0.0209462
35.91 3 4.24811
35.91 4 0.209319
36.01 1 0.424718
36.01 2 0.0209997
36.01 3 4.24622
36.01 4 0.209214
36.11 1 0.425649
36.11 2 0.0210605
36.11 3 4.24485
36.11 4 0.209118
36.21 1 0.426576
36.21 2 0.0211129
36.21 3 4.24349
36.21 4 0.209015
36.31 1 0.427498
36.31 2 0.0211651
36.31 3 4.24216
36.31 4 0.208914
36.41 1 0.428415
36.41 2 0.0212159
36.41 3 4.24081
36.41 4 0.208824
36.51 1 0.42916
36.51 2 0.0212675
36.51 3 4.23877
36.51 4 0.208736
36.61 1 0.430289
36.61 2 0.0213119
36.61 3 4.23676
36.61 4 0.208672
36.71 1 0.43142
36.71 2 0.0213561
36.71 3 4.23477
36.71 4 0.20861
36.81 1 0.432536
36.81 2 0.0214001
36.81 3 4.23281
36.81 4 0.208548
36.91 1 0.433567
36.91 2 0.0214438
36.91 3 4.23111
36.91 4 0.208484
37.01 1 0.434572
37.01 2 0.0214827
37.01 3 4.22942
37.01 4 0.20839
37.11 1 0.435591
37.11 2 0.0215332
37.11 3 4.22776
37.11 4 0.208294
37.21 1 0.436468
37.21 2 0.0215907
37.21 3 4.22658
37.21 4 0.208202
37.31 1 0.437341
37.31 2 0.0216402
37.31 3 4.22542
37.31 4 0.208118
37.41 1 0.43821
37.41 2 0.0216894
37.41 3 4.22427
37.41 4 0.208028
37.51 1 0.438734
37.51 2 0.0217374
37.51 3 4.22311
37.51 4 0.20795
37.61 1 0.439827
37.61 2 0.0217861
37.61 3 4.2211
37.61 4 0.207872
37.71 1 0.440903
37.71 2 0.021828
37.71 3 4.21931
37.71 4 0.207817
37.81 1 0.441974
37.81 2 0.0218696
37.81 3 4.21772
37.81 4 0.207763
37.91 1 0.442953
37.91 2 0.0219111
37.91 3 4.216
37.91 4 0.20771
38.01 1 0.443926
38.01 2 0.0219392
38.01 3 4.21449
38.01 4 0.207657
38.11 1 0.444875
38.11 2 0.0219882
38.11 3 4.21301
38.11 4 0.207571
38.21 1 0.445839
38.21 2 0.022043
38.21 3 4.21153
38.21 4 0.207485
38.31 1 0.446666
38.31 2 0.0220905
38.31 3 4.21052
38.31 4 0.207403
38.41 1 0.44749
38.41 2 0.0221373
38.41 3 4.20951
38.41 4 0.207322
38.51 1 0.448309
38.51 2 0.0221838
38.51 3 4.20852
38.51 4 0.207251
38.61 1 0.448785
38.61 2 0.0222291
38.61 3 4.20732
38.61 4 0.207181
38.71 1 0.44982
38.71 2 0.0222752
38.71 3 4.2057
38.71 4 0.207112
38.81 1 0.450841
38.81 2 0.0223147
38.81 3 4.2041
38.81 4 0.207065
38.91 1 0.451856
38.91 2 0.022354
38.91 3 4.20252
38.91 4 0.207018
39.01 1 0.452782
39.01 2 0.0223932
39.01 3 4.20116
39.01 4 0.206971
39.11 1 0.453703
39.11 2 0.0224189
39.11 3 4.1998
39.11 4 0.206923
39.21 1 0.454654
39.21 2 0.0224654
39.21 3 4.19844
39.21 4 0.206839
39.31 1 0.455513
39.31 2 0.0225173
39.31 3 4.19716
39.31 4 0.206762
39.41 1 0.456295
39.41 2 0.0225623
39.41 3 4.19627
39.41 4 0.206688
39.51 1 0.457073
39.51 2 0.0226066
39.51 3 4.1954
39.51 4 0.206622
39.61 1 0.457848
39.61 2 0.0226507
39.61 3 4.19453
39.61 4 0.206559
39.71 1 0.458361
39.71 2 0.0226997
39.71 3 4.19345
39.71 4 0.206496
39.81 1 0.459334
39.81 2 0.0227373
39.81 3 4.19199
39.81 4 0.206434
39.91 1 0.460231
39.91 2 0.0227746
39.91 3 4.19057
39.91 4 0.206393
40.01 1 0.461195
40.01 2 0.0228118
40.01 3 4.18914
40.01 4 0.206352
40.11 1 0.462124
40.11 2 0.0228488
40.11 3 4.1879
40.11 4 0.206312
40.21 1 0.462978
40.21 2 0.0228723
40.21 3 4.1867
40.21 4 0.206269
40.31 1 0.463847
40.31 2 0.0229229
40.31 3 4.18533
40.31 4 0.206193
40.41 1 0.464661
40.41 2 0.0229658
40.41 3 4.18433
40.41 4 0.206126
40.51 1 0.465401
40.51 2 0.0230085
40.51 3 4.18356
40.51 4 0.206057
40.61 1 0.466137
40.61 2 0.0230565
40.61 3 4.18279
40.61 4 0.205999
40.71 1 0.466871
40.71 2 0.0230973
40.71 3 4.18203
40.71 4 0.205943
40.81 1 0.467532
40.81 2 0.0231389
40.81 3 4.18095
40.81 4 0.205878
40.91 1 0.468657
40.91 2 0.0231781
40.91 3 4.16439
40.91 4 0.205908
41.01 1 0.469769
41.01 2 0.0232171
41.01 3 4.14804
41.01 4 0.205093
41.11 1 0.470778
41.11 2 0.0232524
41.11 3 4.13169
41.11 4 0.203482
41.21 1 0.471497
41.21 2 0.0233084
41.21 3 4.11438
41.21 4 0.20266
41.31 1 0.472227
41.31 2 0.0233499
41.31 3 4.11397
41.31 4 0.202604
41.41 1 0.472838
41.41 2 0.0233908
41.41 3 4.11318
41.41 4 0.202565
41.51 1 0.473649
41.51 2 0.02343
41.51 3 4.11239
41.51 4 0.202524
41.61 1 0.474427
41.61 2 0.0234691
41.61 3 4.11162
41.61 4 0.202485
41.71 1 0.475221
41.71 2 0.0235032
41.71 3 4.11085
41.71 4 0.202466
41.81 1 0.476011
41.81 2 0.0235372
41.81 3 4.11009
41.81 4 0.202446
41.91 1 0.476816
41.91 2 0.0235662
41.91 3 4.10934
41.91 4 0.202409
42.01 1 0.477618
42.01 2 0.0236045
42.01 3 4.10859
42.01 4 0.202372
42.11 1 0.478396
42.11 2 0.0236418
42.11 3 4.10785
42.11 4 0.202343
42.21 1 0.479171
42.21 2 0.0236797
42.21 3 4.10712
42.21 4 0.202306
42.31 1 0.479848
42.31 2 0.0237176
42.31 3 4.10673
42.31 4 0.20227
42.41 1 0.480522
42.41 2 0.0237561
42.41 3 4.10637
42.41 4 0.202227
42.51 1 0.481151
42.51 2 0.023795
42.51 3 4.10563
42.51 4 0.202191
42.61 1 0.481912
42.61 2 0.0238378
42.61 3 4.10492
42.61 4 0.202149
42.71 1 0.482689
42.71 2 0.0238713
42.71 3 4.10406
42.71 4 0.202122
42.81 1 0.483527
42.81 2 0.0239047
42.81 3 4.10319
42.81 4 0.202104
42.91 1 0.484362
42.91 2 0.0239329
42.91 3 4.10247
42.91 4 0.20207
43.01 1 0.485127
43.01 2 0.0239714
43.01 3 4.10164
43.01 4 0.202036
43.11 1 0.485954
43.11 2 0.0240123
43.11 3 4.10079
43.11 4 0.202
43.21 1 0.486622
43.21 2 0.0240495
43.21 3 4.10046
43.21 4 0.201959
43.31 1 0.487287
43.31 2 0.0240875
43.31 3 4.10014
43.31 4 0.201919
43.41 1 0.487893
43.41 2 0.0241297
43.41 3 4.09931
43.41 4 0.201884
43.51 1 0.488623
43.51 2 0.0241664
43.51 3 4.09865
43.51 4 0.201844
43.61 1 0.489433
43.61 2 0.0241985
43.61 3 4.09783
43.61 4 0.201821
43.71 1 0.490174
43.71 2 0.0242305
43.71 3 4.09716
43.71 4 0.201806
43.81 1 0.490977
43.81 2 0.0242626
43.81 3 4.09635
43.81 4 0.201772
43.91 1 0.491775
43.91 2 0.0242977
43.91 3 4.0957
43.91 4 0.201741
44.01 1 0.492507
44.01 2 0.0243336
44.01 3 4.09492
44.01 4 0.201702
44.11 1 0.493147
44.11 2 0.0243693
44.11 3 4.09464
44.11 4 0.201669
44.21 1 0.493785
44.21 2 0.0244058
44.21 3 4.09435
44.21 4 0.201632
44.31 1 0.494424
44.31 2 0.0244464
44.31 3 4.09355
44.31 4 0.201594
44.41 1 0.495125
44.41 2 0.0244817
44.41 3 4.09294
44.41 4 0.201562
44.51 1 0.495841
44.51 2 0.0245125
44.51 3 4.0922
44.51 4 0.201541
44.61 1 0.496554
44.61 2 0.0245432
44.61 3 4.0916
44.61 4 0.201528
44.71 1 0.497387
44.71 2 0.0245738
44.71 3 4.09082
44.71 4 0.201491
44.81 1 0.498093
44.81 2 0.0246075
44.81 3 4.09009
44.81 4 0.201462
44.91 1 0.498796
44.91 2 0.024642
44.91 3 4.08951
44.91 4 0.201431
45.01 1 0.499412
45.01 2 0.0246763
45.01 3 4.08923
45.01 4 0.201396
45.11 1 0.49986
45.11 2 0.0247165
45.11 3 4.08896
45.11 4 0.20136
45.21 1 0.500634
45.21 2 0.0247505
45.21 3 4.08809
45.21 4 0.20133
45.31 1 0.501307
45.31 2 0.0247844
45.31 3 4.08752
45.31 4 0.201295
45.41 1 0.501995
45.41 2 0.024814
45.41 3 4.08696
45.41 4 0.201283
45.51 1 0.502723
45.51 2 0.0248435
45.51 3 4.08639
45.51 4 0.201271
45.61 1 0.503484
45.61 2 0.0248727
45.61 3 4.08554
45.61 4 0.201235
45.71 1 0.504163
45.71 2 0.0249051
45.71 3 4.08499
45.71 4 0.201208
45.81 1 0.504839
45.81 2 0.0249382
45.81 3 4.08445
45.81 4 0.201174
45.91 1 0.505431
45.91 2 0.0249713
45.91 3 4.08423
45.91 4 0.201147
46.01 1 0.505855
46.01 2 0.02501
46.01 3 4.08385
46.01 4 0.201112
46.11 1 0.506602
46.11 2 0.0250427
46.11 3 4.08316
46.11 4 0.201079
46.21 1 0.507248
46.21 2 0.0250753
46.21 3 4.08263
46.21 4 0.201053
46.31 1 0.507911
46.31 2 0.0251038
46.31 3 4.08209
46.31 4 0.201043
46.41 1 0.508611
46.41 2 0.0251269
46.41 3 4.08142
46.41 4 0.20103
46.51 1 0.509345
46.51 2 0.02516
46.51 3 4.08075
46.51 4 0.200991
46.61 1 0.509999
46.61 2 0.0251912
46.61 3 4.08024
46.61 4 0.200966
46.71 1 0.51065
46.71 2 0.0252231
46.71 3 4.07974
46.71 4 0.200941
46.81 1 0.511218
46.81 2 0.0252549
46.81 3 4.07953
46.81 4 0.200914
46.91 1 0.511679
46.91 2 0.0252923
46.91 3 4.07916
46.91 4 0.200881
47.01 1 0.512341
47.01 2 0.0253238
47.01 3 4.07854
47.01 4 0.20085
47.11 1 0.512963
47.11 2 0.0253551
47.11 3 4.07805
47.11 4 0.200826
47.21 1 0.513601
47.21 2 0.0253825
47.21 3 4.07756
47.21 4 0.200816
47.31 1 0.514333
47.31 2 0.0254045
47.31 3 4.0769
47.31 4 0.2008
47.41 1 0.514984
47.41 2 0.0254365
47.41 3 4.0763
47.41 4 0.200768
47.51 1 0.515613
47.51 2 0.0254664
47.51 3 4.07582
47.51 4 0.200745
47.61 1 0.516241
47.61 2 0.0254972
47.61 3 4.07533
47.61 4 0.200721
47.71 1 0.516788
47.71 2 0.0255325
47.71 3 4.07515
47.71 4 0.200692
47.81 1 0.517227
47.81 2 0.0255639
47.81 3 4.07468
47.81 4 0.20066
47.91 1 0.517865
47.91 2 0.0255942
47.91 3 4.07421
47.91 4 0.200637
48.01 1 0.518464
48.01 2 0.0256245
48.01 3 4.07375
48.01 4 0.200615
48.11 1 0.519098
48.11 2 0.0256508
48.11 3 4.07328
48.11 4 0.200606
48.21 1 0.519785
48.21 2 0.0256718
48.21 3 4.07256
48.21 4 0.20059
48.31 1 0.520413
48.31 2 0.0257026
48.31 3 4.07211
48.31 4 0.200561
48.41 1 0.521039
48.41 2 0.0257314
48.41 3 4.07164
48.41 4 0.200539
48.51 1 0.521624
48.51 2 0.0257611
48.51 3 4.07121
48.51 4 0.200517
48.61 1 0.522151
48.61 2 0.0257952
48.61 3 4.07106
48.61 4 0.200487
48.71 1 0.522569
48.71 2 0.0258255
48.71 3 4.07062
48.71 4 0.20046
48.81 1 0.523185
48.81 2 0.0258547
48.81 3 4.07018
48.81 4 0.200438
48.91 1 0.523781
48.91 2 0.0258839
48.91 3 4.06973
48.91 4 0.200417
49.01 1 0.524374
49.01 2 0.0259093
49.01 3 4.06916
49.01 4 0.200409
49.11 1 0.525037
49.11 2 0.0259293
49.11 3 4.0686
49.11 4 0.200388
49.21 1 0.525643
49.21 2 0.025959
49.21 3 4.06817
49.21 4 0.200367
49.31 1 0.526247
49.31 2 0.0259868
49.31 3 4.06762
49.31 4 0.200346
49.41 1 0.526812
49.41 2 0.0260154
49.41 3 4.06734
49.41 4 0.200323
49.51 1 0.52732
49.51 2 0.0260483
49.51 3 4.06719
49.51 4 0.200295
49.61 1 0.527718
49.61 2 0.0260776
49.61 3 4.06678
49.61 4 0.200269
49.71 1 0.528313
49.71 2 0.0261058
49.71 3 4.06637
49.71 4 0.200249
49.81 1 0.528887
49.81 2 0.0261339
49.81 3 4.06583
49.81 4 0.200229
49.91 1 0.529513
49.91 2 0.0261584
49.91 3 4.06541
49.91 4 0.200222
50.01 1 0.5301
50.01 2 0.0261775
50.01 3 4.06489
50.01 4 0.200202
50.11 1 0.530703
50.11 2 0.0262062
50.11 3 4.06436
50.11 4 0.200182
50.21 1 0.531322
50.21 2 0.026233
50.21 3 4.06395
50.21 4 0.200163
50.31 1 0.531814
50.31 2 0.026264
50.31 3 4.06369
50.31 4 0.200138
50.41 1 0.532304
50.41 2 0.0262924
50.41 3 4.06356
50.41 4 0.200111
50.51 1 0.532719
50.51 2 0.0263207
50.51 3 4.06316
50.51 4 0.200092
50.61 1 0.533258
50.61 2 0.0263514
50.61 3 4.06277
50.61 4 0.200067
50.71 1 0.533812
50.71 2 0.0263751
50.71 3 4.06227
50.71 4 0.200054
50.81 1 0.534417
50.81 2 0.0263987
50.81 3 4.06176
50.81 4 0.200048
50.91 1 0.53502
50.91 2 0.0264169
50.91 3 4.06137
50.91 4 0.200029
51.01 1 0.535567
51.01 2 0.0264446
51.01 3 4.06088
51.01 4 0.200011
51.11 1 0.536165
51.11 2 0.0264739
51.11 3 4.06038
51.11 4 0.19999
51.21 1 0.53664
51.21 2 0.0265005
51.21 3 4.06027
51.21 4 0.199966
51.31 1 0.535981
51.31 2 0.0265157
51.31 3 4.06081
51.31 4 0.199982
51.41 1 0.535375
51.41 2 0.0264538
51.41 3 4.03952
51.41 4 0.199457
51.51 1 0.534772
51.51 2 0.0264258
51.51 3 4.02898
51.51 4 0.198935
51.61 1 0.534932
51.61 2 0.0264178
51.61 3 4.0185
51.61 4 0.198415
51.71 1 0.535163
51.71 2 0.0264459
51.71 3 4.01809
51.71 4 0.197861
51.81 1 0.535763
51.81 2 0.0264774
51.81 3 4.01773
51.81 4 0.197845
51.91 1 0.536308
51.91 2 0.0265003
51.91 3 4.01751
51.91 4 0.197839
52.01 1 0.536946
52.01 2 0.0265232
52.01 3 4.01714
52.01 4 0.19784
52.11 1 0.537547
52.11 2 0.026546
52.11 3 4.01668
52.11 4 0.197841
52.21 1 0.538077
52.21 2 0.0265632
52.21 3 4.01644
52.21 4 0.197825
52.31 1 0.538665
52.31 2 0.0265891
52.31 3 4.01609
52.31 4 0.197807
52.41 1 0.539125
52.41 2 0.0266199
52.41 3 4.01612
52.41 4 0.197791
52.51 1 0.539583
52.51 2 0.0266465
52.51 3 4.01615
52.51 4 0.197773
52.61 1 0.539803
52.61 2 0.0266771
52.61 3 4.01606
52.61 4 0.197757
52.71 1 0.540401
52.71 2 0.0267043
52.71 3 4.01572
52.71 4 0.197739
52.81 1 0.541029
52.81 2 0.0267274
52.81 3 4.01526
52.81 4 0.197741
52.91 1 0.541614
52.91 2 0.0267503
52.91 3 4.01492
52.91 4 0.197742
53.01 1 0.542246
53.01 2 0.0267676
53.01 3 4.01457
53.01 4 0.19773
53.11 1 0.542843
53.11 2 0.0267936
53.11 3 4.01414
53.11 4 0.197709
53.21 1 0.543306
53.21 2 0.0268245
53.21 3 4.01417
53.21 4 0.197692
53.31 1 0.543768
53.31 2 0.026856
53.31 3 4.01421
53.31 4 0.19767
53.41 1 0.544083
53.41 2 0.0268866
53.41 3 4.01388
53.41 4 0.197652
53.51 1 0.544655
53.51 2 0.026909
53.51 3 4.01353
53.51 4 0.197644
53.61 1 0.545274
53.61 2 0.0269314
53.61 3 4.01319
53.61 4 0.197646
53.71 1 0.54586
53.71 2 0.026944
53.71 3 4.01277
53.71 4 0.197641
53.81 1 0.546474
53.81 2 0.0269702
53.81 3 4.01233
53.81 4 0.197626
53.91 1 0.546957
53.91 2 0.0269994
53.91 3 4.01225
53.91 4 0.197604
54.01 1 0.547407
54.01 2 0.0270294
54.01 3 4.01229
54.01 4 0.197588
54.11 1 0.547629
54.11 2 0.0270562
54.11 3 4.01221
54.11 4 0.197571
54.21 1 0.548196
54.21 2 0.0270859
54.21 3 4.0119
54.21 4 0.19755
54.31 1 0.548792
54.31 2 0.0271077
54.31 3 4.01147
54.31 4 0.197552
54.41 1 0.549395
54.41 2 0.0271294
54.41 3 4.01114
54.41 4 0.197554
54.51 1 0.549947
54.51 2 0.0271453
54.51 3 4.01074
54.51 4 0.19754
54.61 1 0.550514
54.61 2 0.02717
54.61 3 4.01043
54.61 4 0.197524
54.71 1 0.550952
54.71 2 0.0271992
54.71 3 4.01047
54.71 4 0.197508
54.81 1 0.551389
54.81 2 0.0272292
54.81 3 4.01052
54.81 4 0.197489
54.91 1 0.551678
54.91 2 0.0272582
54.91 3 4.0102
54.91 4 0.197468
55.01 1 0.552221
55.01 2 0.0272795
55.01 3 4.0099
55.01 4 0.197464
55.11 1 0.552809
55.11 2 0.0273006
55.11 3 4.00948
55.11 4 0.197466
55.21 1 0.553365
55.21 2 0.0273121
55.21 3 4.00919
55.21 4 0.197463
55.31 1 0.553949
55.31 2 0.027337
55.31 3 4.00878
55.31 4 0.197448
55.41 1 0.554407
55.41 2 0.0273647
55.41 3 4.00871
55.41 4 0.197428
55.51 1 0.554833
55.51 2 0.0273932
55.51 3 4.00876
55.51 4 0.197412
55.61 1 0.555072
55.61 2 0.0274216
55.61 3 4.00868
55.61 4 0.197397
55.71 1 0.555593
55.71 2 0.0274469
55.71 3 4.00838
55.71 4 0.197379
55.81 1 0.556138
55.81 2 0.0274675
55.81 3 4.008
55.81 4 0.197381
55.91 1 0.556711
55.91 2 0.0274881
55.91 3 4.0076
55.91 4 0.197383
56.01 1 0.557235
56.01 2 0.0275028
56.01 3 4.00732
56.01 4 0.197368
56.11 1 0.557775
56.11 2 0.0275261
56.11 3 4.00703
56.11 4 0.197355
56.21 1 0.55819
56.21 2 0.027554
56.21 3 4.00707
56.21 4 0.197336
56.31 1 0.558604
56.31 2 0.0275825
56.31 3 4.00712
56.31 4 0.197321
56.41 1 0.558869
56.41 2 0.0276102
56.41 3 4.00684
56.41 4 0.197302
56.51 1 0.559385
56.51 2 0.0276303
56.51 3 4.00656
56.51 4 0.1973
56.61 1 0.559945
56.61 2 0.0276503
56.61 3 4.00617
56.61 4 0.1973
56.71 1 0.560503
56.71 2 0.0276608
56.71 3 4.00588
56.71 4 0.197298
56.81 1 0.56103
56.81 2 0.0276844
56.81 3 4.00551
56.81 4 0.197284
56.91 1 0.561464
56.91 2 0.0277108
56.91 3 4.00546
56.91 4 0.197265
57.01 1 0.561867
57.01 2 0.0277379
57.01 3 4.00551
57.01 4 0.197251
57.11 1 0.562085
57.11 2 0.0277649
57.11 3 4.00535
57.11 4 0.197234
57.21 1 0.562581
57.21 2 0.027789
57.21 3 4.00508
57.21 4 0.19722
57.31 1 0.5631
57.31 2 0.0278085
57.31 3 4.00481
57.31 4 0.197222
57.41 1 0.563645
57.41 2 0.0278281
57.41 3 4.00443
57.41 4 0.197225
57.51 1 0.564144
57.51 2 0.0278416
57.51 3 4.00415
57.51 4 0.197213
57.61 1 0.564658
57.61 2 0.0278637
57.61 3 4.00389
57.61 4 0.197199
57.71 1 0.565051
57.71 2 0.0278903
57.71 3 4.00395
57.71 4 0.19718
57.81 1 0.565444
57.81 2 0.0279175
57.81 3 4.004
57.81 4 0.197167
57.91 1 0.565724
57.91 2 0.0279438
57.91 3 4.00373
57.91 4 0.19715
58.01 1 0.566206
58.01 2 0.0279629
58.01 3 4.00347
58.01 4 0.197147
58.11 1 0.566712
58.11 2 0.0279819
58.11 3 4.00312
58.11 4 0.19715
58.21 1 0.567244
58.21 2 0.0279914
58.21 3 4.00276
58.21 4 0.197147
58.31 1 0.567746
58.31 2 0.0280166
58.31 3 4.0025
58.31 4 0.197133
58.41 1 0.568158
58.41 2 0.028039
58.41 3 4.00246
58.41 4 0.197117
58.51 1 0.568541
58.51 2 0.0280648
58.51 3 4.00252
58.51 4 0.197099
58.61 1 0.56874
58.61 2 0.0280906
58.61 3 4.00237
58.61 4 0.197086
58.71 1 0.569211
58.71 2 0.0281136
58.71 3 4.00212
58.71 4 0.197074
58.81 1 0.569706
58.81 2 0.0281321
58.81 3 4.00185
58.81 4 0.197077
58.91 1 0.570226
58.91 2 0.0281507
58.91 3 4.0015
58.91 4 0.19708
59.01 1 0.570745
59.01 2 0.0281631
59.01 3 4.00123
59.01 4 0.197067
59.11 1 0.571191
59.11 2 0.0281877
59.11 3 4.001
59.11 4 0.197054
59.21 1 0.571565
59.21 2 0.0282095
59.21 3 4.00107
59.21 4 0.197039
59.31 1 0.571938
59.31 2 0.0282355
59.31 3 4.00113
59.31 4 0.197024
59.41 1 0.572197
59.41 2 0.0282606
59.41 3 4.00078
59.41 4 0.197009
59.51 1 0.572657
59.51 2 0.0282788
59.51 3 4.00054
59.51 4 0.197006
59.61 1 0.573139
59.61 2 0.0282969
59.61 3 4.0003
59.61 4 0.197009
59.71 1 0.573647
59.71 2 0.0283054
59.71 3 3.99996
59.71 4 0.197006
59.81 1 0.574152
59.81 2 0.0283295
59.81 3 3.9997
59.81 4 0.196991
59.91 1 0.574518
59.91 2 0.0283508
59.91 3 3.99968
59.91 4 0.196978
60.01 1 0.574882
60.01 2 0.0283755
60.01 3 3.99975
60.01 4 0.196962
60.11 1 0.575062
60.11 2 0.0284001
60.11 3 3.99961
60.11 4 0.196949
60.21 1 0.575512
60.21 2 0.028422
60.21 3 3.99936
60.21 4 0.196938
60.31 1 0.57601
60.31 2 0.0284396
60.31 3 3.99911
60.31 4 0.196942
60.41 1 0.576523
60.41 2 0.0284572
60.41 3 3.99878
60.41 4 0.196945
60.51 1 0.576976
60.51 2 0.0284688
60.51 3 3.99846
60.51 4 0.196933
60.61 1 0.577401
60.61 2 0.0284922
60.61 3 3.99833
60.61 4 0.19692
60.71 1 0.577757
60.71 2 0.028513
60.71 3 3.9984
60.71 4 0.196906
60.81 1 0.577896
60.81 2 0.0285378
60.81 3 3.99845
60.81 4 0.196889
60.91 1 0.578352
60.91 2 0.0285618
60.91 3 3.99814
60.91 4 0.196877
61.01 1 0.57879
61.01 2 0.0285791
61.01 3 3.99791
61.01 4 0.196877
61.11 1 0.579276
61.11 2 0.0285963
61.11 3 3.99767
61.11 4 0.19688
61.21 1 0.579735
61.21 2 0.0286041
61.21 3 3.99736
61.21 4 0.196874
61.31 1 0.580219
61.31 2 0.028627
61.31 3 3.99704
61.31 4 0.196862
61.41 1 0.580566
61.41 2 0.0286507
61.41 3 3.99711
61.41 4 0.19685
61.51 1 0.580913
61.51 2 0.028675
61.51 3 3.99716
61.51 4 0.196834
61.61 1 0.581077
61.61 2 0.0286944
61.61 3 3.99704
61.61 4 0.19682
61.71 1 0.581603
61.71 2 0.0287154
61.71 3 3.99709
61.71 4 0.196814
61.81 1 0.581009
61.81 2 0.0286873
61.81 3 3.98921
61.81 4 0.19684
61.91 1 0.580442
61.91 2 0.0286592
61.91 3 3.98139
61.91 4 0.196453
62.01 1 0.579333
62.01 2 0.0286313
62.01 3 3.97359
62.01 4 0.195683
62.11 1 0.579832
62.11 2 0.0286301
62.11 3 3.96569
62.11 4 0.195307
62.21 1 0.580316
62.21 2 0.0286455
62.21 3 3.96545
62.21 4 0.195295
62.31 1 0.580799
62.31 2 0.0286535
62.31 3 3.96521
62.31 4 0.195292
62.41 1 0.581231
62.41 2 0.0286759
62.41 3 3.96507
62.41 4 0.195284
62.51 1 0.581571
62.51 2 0.0286991
62.51 3 3.96522
62.51 4 0.195274
62.61 1 0.58191
62.61 2 0.0287189
62.61 3 3.96534
62.61 4 0.195266
62.71 1 0.582103
62.71 2 0.0287427
62.71 3 3.96528
62.71 4 0.195255
62.81 1 0.58253
62.81 2 0.0287617
62.81 3 3.96506
62.81 4 0.195252
62.91 1 0.582956
62.91 2 0.0287781
62.91 3 3.96492
62.91 4 0.195259
63.01 1 0.583421
63.01 2 0.0287861
63.01 3 3.96476
63.01 4 0.195265
63.11 1 0.58386
63.11 2 0.0288056
63.11 3 3.96455
63.11 4 0.195255
63.21 1 0.584258
63.21 2 0.0288276
63.21 3 3.9645
63.21 4 0.195247
63.31 1 0.584589
63.31 2 0.0288502
63.31 3 3.96464
63.31 4 0.19524
63.41 1 0.58471
63.41 2 0.0288735
63.41 3 3.96469
63.41 4 0.195228
63.51 1 0.585136
63.51 2 0.028892
63.51 3 3.96456
63.51 4 0.195218
63.61 1 0.585586
63.61 2 0.0289081
63.61 3 3.96433
63.61 4 0.195225
63.71 1 0.586001
63.71 2 0.0289242
63.71 3 3.96419
63.71 4 0.195232
63.81 1 0.586471
63.81 2 0.0289349
63.81 3 3.96396
63.81 4 0.195228
63.91 1 0.586885
63.91 2 0.0289532
63.91 3 3.96381
63.91 4 0.195219
64.01 1 0.587209
64.01 2 0.0289754
64.01 3 3.96395
64.01 4 0.195211
64.11 1 0.587532
64.11 2 0.0289975
64.11 3 3.96409
64.11 4 0.195204
64.21 1 0.587709
64.21 2 0.0290172
64.21 3 3.96396
64.21 4 0.195194
64.31 1 0.588118
64.31 2 0.0290353
64.31 3 3.96383
64.31 4 0.195192
64.41 1 0.588565
64.41 2 0.0290509
64.41 3 3.96368
64.41 4 0.195198
64.51 1 0.588971
64.51 2 0.0290582
64.51 3 3.96347
64.51 4 0.195201
64.61 1 0.589392
64.61 2 0.0290769
64.61 3 3.96334
64.61 4 0.195193
64.71 1 0.589772
64.71 2 0.0290979
64.71 3 3.9633
64.71 4 0.195186
64.81 1 0.590088
64.81 2 0.0291196
64.81 3 3.96344
64.81 4 0.195177
64.91 1 0.590196
64.91 2 0.0291419
64.91 3 3.96349
64.91 4 0.195166
65.01 1 0.590604
65.01 2 0.0291596
65.01 3 3.96336
65.01 4 0.195159
65.11 1 0.591034
65.11 2 0.029175
65.11 3 3.96314
65.11 4 0.195166
65.21 1 0.591433
65.21 2 0.0291903
65.21 3 3.963
65.21 4 0.195172
65.31 1 0.591883
65.31 2 0.0292003
65.31 3 3.96278
65.31 4 0.195167
65.41 1 0.592279
65.41 2 0.0292178
65.41 3 3.96265
65.41 4 0.19516
65.51 1 0.592589
65.51 2 0.029239
65.51 3 3.96279
65.51 4 0.195153
65.61 1 0.592897
65.61 2 0.0292602
65.61 3 3.96293
65.61 4 0.195143
65.71 1 0.59306
65.71 2 0.0292791
65.71 3 3.9628
65.71 4 0.195137
65.81 1 0.593452
65.81 2 0.0292964
65.81 3 3.96268
65.81 4 0.195135
65.91 1 0.59388
65.91 2 0.0293114
65.91 3 3.96246
65.91 4 0.195141
66.01 1 0.594269
66.01 2 0.029318
66.01 3 3.96234
66.01 4 0.195143
66.11 1 0.594695
66.11 2 0.0293359
66.11 3 3.9622
66.11 4 0.195138
66.21 1 0.595036
66.21 2 0.029356
66.21 3 3.96218
66.21 4 0.195127
66.31 1 0.595338
66.31 2 0.0293768
66.31 3 3.96231
66.31 4 0.19512
66.41 1 0.595464
66.41 2 0.0293982
66.41 3 3.96235
66.41 4 0.19511
66.51 1 0.59584
66.51 2 0.0294152
66.51 3 3.96223
66.51 4 0.195105
66.61 1 0.596238
66.61 2 0.0294298
66.61 3 3.96202
66.61 4 0.195111
66.71 1 0.596657
66.71 2 0.0294445
66.71 3 3.96188
66.71 4 0.195118
66.81 1 0.597053
66.81 2 0.0294538
66.81 3 3.96169
66.81 4 0.195111
66.91 1 0.597432
66.91 2 0.0294705
66.91 3 3.96156
66.91 4 0.195106
67.01 1 0.597727
67.01 2 0.0294909
67.01 3 3.9617
67.01 4 0.195098
67.11 1 0.598023
67.11 2 0.0295112
67.11 3 3.96184
67.11 4 0.195089
67.21 1 0.598172
67.21 2 0.0295293
67.21 3 3.96172
67.21 4 0.195082
67.31 1 0.598547
67.31 2 0.0295459
67.31 3 3.9616
67.31 4 0.195081
67.41 1 0.598959
67.41 2 0.0295602
67.41 3 3.96139
67.41 4 0.195087
67.51 1 0.599368
67.51 2 0.0295662
67.51 3 3.96126
67.51 4 0.195091
67.61 1 0.59974
67.61 2 0.0295834
67.61 3 3.96107
67.61 4 0.195084
67.71 1 0.600067
67.71 2 0.0296027
67.71 3 3.96112
67.71 4 0.195074
67.81 1 0.600356
67.81 2 0.0296226
67.81 3 3.96126
67.81 4 0.195067
67.91 1 0.60047
67.91 2 0.0296432
67.91 3 3.96128
67.91 4 0.195059
68.01 1 0.600831
68.01 2 0.0296594
68.01 3 3.96116
68.01 4 0.195052
68.11 1 0.601213
68.11 2 0.0296735
68.11 3 3.96098
68.11 4 0.195059
68.21 1 0.601615
68.21 2 0.0296875
68.21 3 3.96078
68.21 4 0.195066
68.31 1 0.601995
68.31 2 0.0296961
68.31 3 3.96066
68.31 4 0.195059
68.41 1 0.602358
68.41 2 0.0297121
68.41 3 3.96054
68.41 4 0.195054
68.51 1 0.602641
68.51 2 0.0297317
68.51 3 3.96068
68.51 4 0.195044
68.61 1 0.602924
68.61 2 0.0297512
68.61 3 3.96081
68.61 4 0.195038
68.71 1 0.60309
68.71 2 0.0297707
68.71 3 3.96068
68.71 4 0.195032
68.81 1 0.603442
68.81 2 0.0297844
68.81 3 3.96057
68.81 4 0.195031
68.91 1 0.603816
68.91 2 0.0297982
68.91 3 3.96039
68.91 4 0.195038
69.01 1 0.60421
69.01 2 0.0298037
69.01 3 3.96019
69.01 4 0.19504
69.11 1 0.604567
69.11 2 0.0298222
69.11 3 3.96008
69.11 4 0.195033
69.21 1 0.60488
69.21 2 0.0298386
69.21 3 3.96012
69.21 4 0.195025
69.31 1 0.605157
69.31 2 0.0298578
69.31 3 3.96025
69.31 4 0.195016
69.41 1 0.60526
69.41 2 0.0298776
69.41 3 3.96022
69.41 4 0.195009
69.51 1 0.605606
69.51 2 0.0298932
69.51 3 3.96011
69.51 4 0.195005
69.61 1 0.605973
69.61 2 0.0299066
69.61 3 3.96
69.61 4 0.195011
69.71 1 0.60636
69.71 2 0.02992
69.71 3 3.95981
69.71 4 0.195016
69.81 1 0.606745
69.81 2 0.029928
69.81 3 3.95968
69.81 4 0.195011
69.91 1 0.607073
69.91 2 0.0299434
69.91 3 3.95959
69.91 4 0.195005
70.01 1 0.607345
70.01 2 0.0299622
70.01 3 3.95972
70.01 4 0.194996
70.11 1 0.607615
70.11 2 0.029981
70.11 3 3.95985
70.11 4 0.19499
70.21 1 0.607769
70.21 2 0.0299997
70.21 3 3.95966
70.21 4 0.194982
70.31 1 0.608107
70.31 2 0.0300129
70.31 3 3.95955
70.31 4 0.194984
70.41 1 0.608467
70.41 2 0.030026
70.41 3 3.95944
70.41 4 0.19499
70.51 1 0.608845
70.51 2 0.030031
70.51 3 3.95924
70.51 4 0.194992
70.61 1 0.609188
70.61 2 0.0300488
70.61 3 3.95914
70.61 4 0.194984
70.71 1 0.609489
70.71 2 0.0300646
70.71 3 3.95919
70.71 4 0.194978
70.81 1 0.609754
70.81 2 0.030083
70.81 3 3.95932
70.81 4 0.194969
70.91 1 0.609847
70.91 2 0.0301021
70.91 3 3.95929
70.91 4 0.194963
71.01 1 0.610179
71.01 2 0.030117
71.01 3 3.95918
71.01 4 0.194958
71.11 1 0.610552
71.11 2 0.0301299
71.11 3 3.95907
71.11 4 0.194965
71.21 1 0.610904
71.21 2 0.0301427
71.21 3 3.95889
71.21 4 0.194971
71.31 1 0.611275
71.31 2 0.0301502
71.31 3 3.95871
71.31 4 0.194965
71.41 1 0.611591
71.41 2 0.0301676
71.41 3 3.95868
71.41 4 0.194959
71.51 1 0.611851
71.51 2 0.030183
71.51 3 3.95881
71.51 4 0.194952
71.61 1 0.611912
71.61 2 0.0302011
71.61 3 3.95893
71.61 4 0.194943
71.71 1 0.612253
71.71 2 0.0302191
71.71 3 3.95876
71.71 4 0.194937
71.81 1 0.612578
71.81 2 0.0302317
71.81 3 3.95866
71.81 4 0.19494
71.91 1 0.612923
71.91 2 0.0302443
71.91 3 3.95854
71.91 4 0.194946
72.01 1 0.613288
72.01 2 0.0302488
72.01 3 3.95836
72.01 4 0.194945
72.11 1 0.613651
72.11 2 0.030266
72.11 3 3.95825
72.11 4 0.194939
72.21 1 0.613092
72.21 2 0.0302819
72.21 3 3.95862
72.21 4 0.194943
72.31 1 0.612568
72.31 2 0.0302559
72.31 3 3.95238
72.31 4 0.194636
72.41 1 0.612045
72.41 2 0.0302035
72.41 3 3.94618
72.41 4 0.194331
72.51 1 0.612036
72.51 2 0.0301869
72.51 3 3.94
72.51 4 0.194026
72.61 1 0.612265
72.61 2 0.0302053
72.61 3 3.9337
72.61 4 0.19371
72.71 1 0.612352
72.71 2 0.030223
72.71 3 3.93379
72.71 4 0.193707
72.81 1 0.612631
72.81 2 0.0302384
72.81 3 3.93375
72.81 4 0.1937
72.91 1 0.612943
72.91 2 0.0302501
72.91 3 3.93369
72.91 4 0.193709
73.01 1 0.613269
73.01 2 0.0302618
73.01 3 3.93364
73.01 4 0.193718
73.11 1 0.61358
73.11 2 0.0302655
73.11 3 3.93359
73.11 4 0.193722
73.21 1 0.613904
73.21 2 0.0302777
73.21 3 3.93352
73.21 4 0.193723
73.31 1 0.614193
73.31 2 0.0302919
73.31 3 3.93354
73.31 4 0.193721
73.41 1 0.614429
73.41 2 0.0303086
73.41 3 3.93371
73.41 4 0.193717
73.51 1 0.614664
73.51 2 0.0303228
73.51 3 3.93389
73.51 4 0.193715
73.61 1 0.614746
73.61 2 0.0303395
73.61 3 3.93391
73.61 4 0.193712
73.71 1 0.614998
73.71 2 0.0303542
73.71 3 3.93393
73.71 4 0.19371
73.81 1 0.615343
73.81 2 0.0303656
73.81 3 3.93386
73.81 4 0.193719
73.91 1 0.615629
73.91 2 0.0303774
73.91 3 3.93382
73.91 4 0.193727
74.01 1 0.615966
74.01 2 0.0303808
74.01 3 3.93375
74.01 4 0.193728
74.11 1 0.616283
74.11 2 0.0303927
74.11 3 3.93364
74.11 4 0.193729
74.21 1 0.616546
74.21 2 0.0304091
74.21 3 3.93374
74.21 4 0.193729
74.31 1 0.616776
74.31 2 0.030423
74.31 3 3.9339
74.31 4 0.193724
74.41 1 0.617006
74.41 2 0.0304393
74.41 3 3.93407
74.41 4 0.193723
74.51 1 0.617076
74.51 2 0.0304531
74.51 3 3.93408
74.51 4 0.193718
74.61 1 0.617333
74.61 2 0.0304675
74.61 3 3.93409
74.61 4 0.193719
74.71 1 0.617646
74.71 2 0.0304786
74.71 3 3.93397
74.71 4 0.193728
74.81 1 0.617943
74.81 2 0.0304898
74.81 3 3.93398
74.81 4 0.193736
74.91 1 0.618254
74.91 2 0.030493
74.91 3 3.93387
74.91 4 0.193737
75.01 1 0.618564
75.01 2 0.0305046
75.01 3 3.93382
75.01 4 0.193737
75.11 1 0.618822
75.11 2 0.0305207
75.11 3 3.93391
75.11 4 0.193735
75.21 1 0.619047
75.21 2 0.0305342
75.21 3 3.93408
75.21 4 0.193731
75.31 1 0.61908
75.31 2 0.0305502
75.31 3 3.93423
75.31 4 0.193729
75.41 1 0.619337
75.41 2 0.0305668
75.41 3 3.93426
75.41 4 0.193726
75.51 1 0.619587
75.51 2 0.0305778
75.51 3 3.93421
75.51 4 0.193727
75.61 1 0.619893
75.61 2 0.0305886
75.61 3 3.93416
75.61 4 0.193735
75.71 1 0.620184
75.71 2 0.0305995
75.71 3 3.9341
75.71 4 0.193743
75.81 1 0.620489
75.81 2 0.0306025
75.81 3 3.93405
75.81 4 0.193744
75.91 1 0.620824
75.91 2 0.0306163
75.91 3 3.93398
75.91 4 0.193745
76.01 1 0.621044
76.01 2 0.0306295
76.01 3 3.93408
76.01 4 0.193742
76.11 1 0.621264
76.11 2 0.0306453
76.11 3 3.93424
76.11 4 0.19374
76.21 1 0.621293
76.21 2 0.0306585
76.21 3 3.93433
76.21 4 0.193737
76.31 1 0.621544
76.31 2 0.0306748
76.31 3 3.93443
76.31 4 0.193734
76.41 1 0.621821
76.41 2 0.0306854
76.41 3 3.93436
76.41 4 0.193736
76.51 1 0.622088
76.51 2 0.0306961
76.51 3 3.93432
76.51 4 0.193744
76.61 1 0.622405
76.61 2 0.0307067
76.61 3 3.93426
76.61 4 0.193752
76.71 1 0.622671
76.71 2 0.0307095
76.71 3 3.93422
76.71 4 0.193753
76.81 1 0.623
76.81 2 0.0307229
76.81 3 3.9341
76.81 4 0.193752
76.91 1 0.623214
76.91 2 0.0307359
76.91 3 3.93426
76.91 4 0.193748
77.01 1 0.623429
77.01 2 0.0307513
77.01 3 3.93442
77.01 4 0.193747
77.11 1 0.623486
77.11 2 0.0307642
77.11 3 3.93449
77.11 4 0.193742
77.21 1 0.623676
77.21 2 0.0307802
77.21 3 3.93457
77.21 4 0.193739
77.31 1 0.62397
77.31 2 0.0307906
77.31 3 3.93446
77.31 4 0.193744
77.41 1 0.62425
77.41 2 0.030801
77.41 3 3.93447
77.41 4 0.193752
77.51 1 0.624542
77.51 2 0.0308036
77.51 3 3.93436
77.51 4 0.193759
77.61 1 0.62482
77.61 2 0.030814
77.61 3 3.93437
77.61 4 0.19376
77.71 1 0.625125
77.71 2 0.0308271
77.71 3 3.93426
77.71 4 0.193758
77.81 1 0.625334
77.81 2 0.0308398
77.81 3 3.93442
77.81 4 0.193755
77.91 1 0.625544
77.91 2 0.0308549
77.91 3 3.93457
77.91 4 0.193753
78.01 1 0.625597
78.01 2 0.0308675
78.01 3 3.93459
78.01 4 0.19375
78.11 1 0.625782
78.11 2 0.0308832
78.11 3 3.93468
78.11 4 0.193746
78.21 1 0.62607
78.21 2 0.0308933
78.21 3 3.93463
78.21 4 0.193751
78.31 1 0.626344
78.31 2 0.0309035
78.31 3 3.93458
78.31 4 0.193759
78.41 1 0.62663
78.41 2 0.0309059
78.41 3 3.93453
78.41 4 0.193764
78.51 1 0.626902
78.51 2 0.0309164
78.51 3 3.93446
78.51 4 0.193768
78.61 1 0.627201
78.61 2 0.0309289
78.61 3 3.93441
78.61 4 0.193764
78.71 1 0.627406
78.71 2 0.0309437
78.71 3 3.93457
78.71 4 0.193763
78.81 1 0.62761
78.81 2 0.0309561
78.81 3 3.93472
78.81 4 0.193759
78.91 1 0.62766
78.91 2 0.0309708
78.91 3 3.93474
78.91 4 0.193758
79.01 1 0.627871
79.01 2 0.0309838
79.01 3 3.93482
79.01 4 0.193752
79.11 1 0.628123
79.11 2 0.0309937
79.11 3 3.93478
79.11 4 0.193759
79.21 1 0.628421
79.21 2 0.0310036
79.21 3 3.93472
79.21 4 0.193767
79.31 1 0.628671
79.31 2 0.0310059
79.31 3 3.93468
79.31 4 0.19377
79.41 1 0.628968
79.41 2 0.0310162
79.41 3 3.93462
79.41 4 0.193774
79.51 1 0.62923
79.51 2 0.0310284
79.51 3 3.93458
79.51 4 0.193769
79.61 1 0.62943
79.61 2 0.0310429
79.61 3 3.93473
79.61 4 0.193769
79.71 1 0.62963
79.71 2 0.031055
79.71 3 3.93488
79.71 4 0.193764
79.81 1 0.629677
79.81 2 0.0310694
79.81 3 3.93489
79.81 4 0.193764
79.91 1 0.629883
79.91 2 0.0310822
79.91 3 3.93491
79.91 4 0.19376
80.01 1 0.630146
80.01 2 0.0310919
80.01 3 3.93491
80.01 4 0.193767
80.11 1 0.630421
80.11 2 0.0311016
80.11 3 3.93481
80.11 4 0.193774
80.21 1 0.630683
80.21 2 0.0311037
80.21 3 3.93481
80.21 4 0.193775
80.31 1 0.630957
80.31 2 0.0311137
80.31 3 3.93471
80.31 4 0.193779
80.41 1 0.631214
80.41 2 0.0311256
80.41 3 3.93472
80.41 4 0.193776
80.51 1 0.63141
80.51 2 0.0311398
80.51 3 3.93488
80.51 4 0.193774
80.61 1 0.631605
80.61 2 0.0311517
80.61 3 3.93503
80.61 4 0.193771
80.71 1 0.631648
80.71 2 0.0311659
80.71 3 3.93504
80.71 4 0.193769
80.81 1 0.63185
80.81 2 0.0311783
80.81 3 3.93506
80.81 4 0.193766
80.91 1 0.632107
80.91 2 0.0311878
80.91 3 3.93501
80.91 4 0.193773
81.01 1 0.632377
81.01 2 0.0311973
81.01 3 3.93496
81.01 4 0.193781
81.11 1 0.632634
81.11 2 0.0311993
81.11 3 3.93491
81.11 4 0.193781
81.21 1 0.632902
81.21 2 0.031209
81.21 3 3.93485
81.21 4 0.193785
81.31 1 0.633154
81.31 2 0.031223
81.31 3 3.93487
81.31 4 0.193783
81.41 1 0.633346
81.41 2 0.0312347
81.41 3 3.93502
81.41 4 0.19378
81.51 1 0.633537
81.51 2 0.0312486
81.51 3 3.93516
81.51 4 0.193778
81.61 1 0.633576
81.61 2 0.0312602
81.61 3 3.93518
81.61 4 0.193775
81.71 1 0.633773
81.71 2 0.0312724
81.71 3 3.9352
81.71 4 0.193773
81.81 1 0.634055
81.81 2 0.0312817
81.81 3 3.93514
81.81 4 0.193781
81.91 1 0.63429
81.91 2 0.031291
81.91 3 3.9351
81.91 4 0.193788
82.01 1 0.634571
82.01 2 0.0312927
82.01 3 3.93504
82.01 4 0.193789
82.11 1 0.634834
82.11 2 0.0313023
82.11 3 3.93494
82.11 4 0.193789
82.21 1 0.635052
82.21 2 0.031316
82.21 3 3.93502
82.21 4 0.193789
82.31 1 0.635239
82.31 2 0.0313274
82.31 3 3.93516
82.31 4 0.193785
82.41 1 0.635426
82.41 2 0.0313411
82.41 3 3.93531
82.41 4 0.193784
82.51 1 0.635462
82.51 2 0.0313524
82.51 3 3.93531
82.51 4 0.19378
82.61 1 0.635827
82.61 2 0.0313659
82.61 3 3.93015
82.61 4 0.193794
82.71 1 0.635318
82.71 2 0.0313421
82.71 3 3.92501
82.71 4 0.19354
82.81 1 0.634325
82.81 2 0.0313183
82.81 3 3.91987
82.81 4 0.193286
82.91 1 0.633909
82.91 2 0.0312946
82.91 3 3.91468
82.91 4 0.192783
83.01 1 0.634206
83.01 2 0.0312876
83.01 3 3.91466
83.01 4 0.192771
83.11 1 0.634474
83.11 2 0.0312974
83.11 3 3.91459
83.11 4 0.19278
83.21 1 0.634763
83.21 2 0.0312988
83.21 3 3.91456
83.21 4 0.192782
83.31 1 0.635035
83.31 2 0.031313
83.31 3 3.9145
83.31 4 0.192779
83.41 1 0.635233
83.41 2 0.0313271
83.41 3 3.91467
83.41 4 0.192777
83.51 1 0.635431
83.51 2 0.0313412
83.51 3 3.91485
83.51 4 0.192776
83.61 1 0.635466
83.61 2 0.0313531
83.61 3 3.91488
83.61 4 0.192773
83.71 1 0.635752
83.71 2 0.0313649
83.71 3 3.9148
83.71 4 0.192775
83.81 1 0.636009
83.81 2 0.0313745
83.81 3 3.91479
83.81 4 0.192784
83.91 1 0.636294
83.91 2 0.0313761
83.91 3 3.91471
83.91 4 0.192792
84.01 1 0.636563
84.01 2 0.0313879
84.01 3 3.91469
84.01 4 0.192789
84.11 1 0.636802
84.11 2 0.0314018
84.11 3 3.91474
84.11 4 0.192787
84.21 1 0.636996
84.21 2 0.0314157
84.21 3 3.91492
84.21 4 0.192784
84.31 1 0.637
84.31 2 0.0314274
84.31 3 3.91503
84.31 4 0.192782
84.41 1 0.63726
84.41 2 0.0314412
84.41 3 3.91501
84.41 4 0.192778
84.51 1 0.637542
84.51 2 0.0314507
84.51 3 3.91493
84.51 4 0.192787
84.61 1 0.637829
84.61 2 0.0314601
84.61 3 3.91491
84.61 4 0.192795
84.71 1 0.63808
84.71 2 0.0314616
84.71 3 3.91484
84.71 4 0.192798
84.81 1 0.638344
84.81 2 0.0314753
84.81 3 3.91482
84.81 4 0.192794
84.91 1 0.638535
84.91 2 0.031489
84.91 3 3.91499
84.91 4 0.192793
85.01 1 0.638726
85.01 2 0.0315026
85.01 3 3.91515
85.01 4 0.19279
85.11 1 0.638771
85.11 2 0.0315141
85.11 3 3.91519
85.11 4 0.192788
85.21 1 0.639033
85.21 2 0.0315255
85.21 3 3.91512
85.21 4 0.192791
85.31 1 0.639303
85.31 2 0.0315348
85.31 3 3.9151
85.31 4 0.192799
85.41 1 0.639558
85.41 2 0.0315362
85.41 3 3.91503
85.41 4 0.192806
85.51 1 0.639833
85.51 2 0.0315475
85.51 3 3.915
85.51 4 0.192804
85.61 1 0.640049
85.61 2 0.031561
85.61 3 3.91506
85.61 4 0.192802
85.71 1 0.640236
85.71 2 0.0315745
85.71 3 3.91523
85.71 4 0.192798
85.81 1 0.640236
85.81 2 0.0315879
85.81 3 3.91534
85.81 4 0.192797
85.91 1 0.640509
85.91 2 0.0315992
85.91 3 3.91531
85.91 4 0.192794
86.01 1 0.640761
86.01 2 0.0316083
86.01 3 3.91524
86.01 4 0.192803
86.11 1 0.641039
86.11 2 0.0316174
86.11 3 3.91517
86.11 4 0.192811
86.21 1 0.641282
86.21 2 0.0316207
86.21 3 3.91515
86.21 4 0.192812
86.31 1 0.641538
86.31 2 0.0316319
86.31 3 3.91513
86.31 4 0.192809
86.41 1 0.641722
86.41 2 0.0316452
86.41 3 3.91529
86.41 4 0.192808
86.51 1 0.641906
86.51 2 0.0316584
86.51 3 3.91546
86.51 4 0.192804
86.61 1 0.641947
86.61 2 0.0316716
86.61 3 3.91544
86.61 4 0.192803
86.71 1 0.6422
86.71 2 0.0316806
86.71 3 3.91543
86.71 4 0.192806
86.81 1 0.642462
86.81 2 0.0316895
86.81 3 3.91535
86.81 4 0.192813
86.91 1 0.642736
86.91 2 0.0316906
86.91 3 3.91533
86.91 4 0.192819
87.01 1 0.642975
87.01 2 0.0317017
87.01 3 3.91526
87.01 4 0.192818
87.11 1 0.643184
87.11 2 0.0317147
87.11 3 3.91537
87.11 4 0.192816
87.21 1 0.643365
87.21 2 0.0317278
87.21 3 3.91553
87.21 4 0.192813
87.31 1 0.643388
87.31 2 0.0317408
87.31 3 3.91562
87.31 4 0.19281
87.41 1 0.643626
87.41 2 0.0317517
87.41 3 3.91556
87.41 4 0.192809
87.51 1 0.643869
87.51 2 0.0317605
87.51 3 3.91554
87.51 4 0.192817
87.61 1 0.644139
87.61 2 0.0317693
87.61 3 3.91546
87.61 4 0.192825
87.71 1 0.644375
87.71 2 0.0317724
87.71 3 3.91544
87.71 4 0.192824
87.81 1 0.644623
87.81 2 0.0317832
87.81 3 3.91543
87.81 4 0.192823
87.91 1 0.644801
87.91 2 0.031796
87.91 3 3.91559
87.91 4 0.192822
88.01 1 0.644979
88.01 2 0.0318089
88.01 3 3.91575
88.01 4 0.192818
88.11 1 0.645014
88.11 2 0.0318217
88.11 3 3.91573
88.11 4 0.192817
88.21 1 0.645275
88.21 2 0.0318303
88.21 3 3.91571
88.21 4 0.19282
88.31 1 0.645514
88.31 2 0.031839
88.31 3 3.91564
88.31 4 0.192828
88.41 1 0.645779
88.41 2 0.0318399
88.41 3 3.91557
88.41 4 0.192832
88.51 1 0.646011
88.51 2 0.0318526
88.51 3 3.91555
88.51 4 0.192831
88.61 1 0.646214
88.61 2 0.0318632
88.61 3 3.91566
88.61 4 0.192828
88.71 1 0.646389
88.71 2 0.0318759
88.71 3 3.91582
88.71 4 0.192825
88.81 1 0.646407
88.81 2 0.0318885
88.81 3 3.91586
88.81 4 0.192823
88.91 1 0.646637
88.91 2 0.0318991
88.91 3 3.91583
88.91 4 0.192823
89.01 1 0.646873
89.01 2 0.0319076
89.01 3 3.91582
89.01 4 0.192831
89.11 1 0.647135
89.11 2 0.0319161
89.11 3 3.91574
89.11 4 0.192839
89.21 1 0.64739
89.21 2 0.0319189
89.21 3 3.91572
89.21 4 0.192838
89.31 1 0.647604
89.31 2 0.0319314
89.31 3 3.91571
89.31 4 0.192836
89.41 1 0.647776
89.41 2 0.0319419
89.41 3 3.91587
89.41 4 0.192835
89.51 1 0.647948
89.51 2 0.0319543
89.51 3 3.91603
89.51 4 0.192831
89.61 1 0.647979
89.61 2 0.0319667
89.61 3 3.91601
89.61 4 0.192829
89.71 1 0.648231
89.71 2 0.0319751
89.71 3 3.91594
89.71 4 0.192833
89.81 1 0.648463
89.81 2 0.0319835
89.81 3 3.91592
89.81 4 0.192841
89.91 1 0.648721
89.91 2 0.0319842
89.91 3 3.91585
89.91 4 0.192845
90.01 1 0.648973
90.01 2 0.0319965
90.01 3 3.91582
90.01 4 0.192843
90.11 1 0.649142
90.11 2 0.0320068
90.11 3 3.91593
90.11 4 0.192841
90.21 1 0.649311
90.21 2 0.0320191
90.21 3 3.91609
90.21 4 0.192838
90.31 1 0.649326
90.31 2 0.0320313
90.31 3 3.91612
90.31 4 0.192837
90.41 1 0.649549
90.41 2 0.0320416
90.41 3 3.91611
90.41 4 0.192836
90.51 1 0.649798
90.51 2 0.0320498
90.51 3 3.91608
90.51 4 0.192844
90.61 1 0.650032
90.61 2 0.032058
90.61 3 3.91602
90.61 4 0.192852
90.71 1 0.65028
90.71 2 0.0320606
90.71 3 3.91594
90.71 4 0.19285
90.81 1 0.650487
90.81 2 0.0320727
90.81 3 3.91599
90.81 4 0.192849
90.91 1 0.650653
90.91 2 0.0320829
90.91 3 3.91614
90.91 4 0.192846
91.01 1 0.65082
91.01 2 0.0320949
91.01 3 3.9163
91.01 4 0.192843
91.11 1 0.650866
91.11 2 0.032107
91.11 3 3.91627
91.11 4 0.192842
91.21 1 0.651091
91.21 2 0.0321151
91.21 3 3.91621
91.21 4 0.192847
91.31 1 0.651336
91.31 2 0.0321232
91.31 3 3.91618
91.31 4 0.192854
91.41 1 0.651567
91.41 2 0.0321237
91.41 3 3.91612
91.41 4 0.192856
91.51 1 0.651811
91.51 2 0.0321357
91.51 3 3.91605
91.51 4 0.192855
91.61 1 0.651975
91.61 2 0.0321476
91.61 3 3.91619
91.61 4 0.192854
91.71 1 0.652138
91.71 2 0.0321576
91.71 3 3.91634
91.71 4 0.192851
91.81 1 0.652149
91.81 2 0.0321695
91.81 3 3.91638
91.81 4 0.192848
91.91 1 0.652391
91.91 2 0.0321794
91.91 3 3.91636
91.91 4 0.19285
92.01 1 0.652607
92.01 2 0.0321874
92.01 3 3.9163
92.01 4 0.192857
92.11 1 0.652834
92.11 2 0.0321953
92.11 3 3.91628
92.11 4 0.192864
92.21 1 0.653075
92.21 2 0.0321977
92.21 3 3.91621
92.21 4 0.192863
92.31 1 0.653276
92.31 2 0.0322094
92.31 3 3.91625
92.31 4 0.19286
92.41 1 0.653437
92.41 2 0.0322193
92.41 3 3.9164
92.41 4 0.192859
92.51 1 0.653598
92.51 2 0.032231
92.51 3 3.91655
92.51 4 0.192855
92.61 1 0.653639
92.61 2 0.0322427
92.61 3 3.91648
92.61 4 0.192854
92.71 1 0.653858
92.71 2 0.0322506
92.71 3 3.91646
92.71 4 0.192859
92.81 1 0.654096
92.81 2 0.0322584
92.81 3 3.91639
92.81 4 0.192866
92.91 1 0.65432
92.91 2 0.0322587
92.91 3 3.91637
92.91 4 0.192868
93.01 1 0.654576
93.01 2 0.0322704
93.01 3 3.91644
93.01 4 0.192867
93.11 1 0.654107
93.11 2 0.0322829
93.11 3 3.91207
93.11 4 0.192648
93.21 1 0.653662
93.21 2 0.0322609
93.21 3 3.90768
93.21 4 0.192432
93.31 1 0.653217
93.31 2 0.0322169
93.31 3 3.9033
93.31 4 0.192216
93.41 1 0.653099
93.41 2 0.0322
93.41 3 3.89872
93.41 4 0.191996
93.51 1 0.653252
93.51 2 0.0322116
93.51 3 3.89889
93.51 4 0.191996
93.61 1 0.653236
93.61 2 0.0322207
93.61 3 3.89906
93.61 4 0.191996
93.71 1 0.653398
93.71 2 0.0322317
93.71 3 3.89912
93.71 4 0.191997
93.81 1 0.65356
93.81 2 0.0322383
93.81 3 3.89918
93.81 4 0.192
93.91 1 0.653721
93.91 2 0.0322449
93.91 3 3.89925
93.91 4 0.192008
94.01 1 0.653894
94.01 2 0.0322515
94.01 3 3.89926
94.01 4 0.192017
94.11 1 0.654092
94.11 2 0.0322506
94.11 3 3.89931
94.11 4 0.192025
94.21 1 0.654264
94.21 2 0.0322585
94.21 3 3.89932
94.21 4 0.192028
94.31 1 0.654461
94.31 2 0.0322663
94.31 3 3.89933
94.31 4 0.192031
94.41 1 0.654619
94.41 2 0.0322741
94.41 3 3.89945
94.41 4 0.192034
94.51 1 0.654752
94.51 2 0.0322825
94.51 3 3.89962
94.51 4 0.192036
94.61 1 0.654885
94.61 2 0.0322909
94.61 3 3.89978
94.61 4 0.192037
94.71 1 0.654885
94.71 2 0.0322996
94.71 3 3.89985
94.71 4 0.192038
94.81 1 0.655056
94.81 2 0.0323109
94.81 3 3.89991
94.81 4 0.192038
94.91 1 0.655226
94.91 2 0.0323179
94.91 3 3.89997
94.91 4 0.192044
95.01 1 0.655408
95.01 2 0.032325
95.01 3 3.89997
95.01 4 0.192052
95.11 1 0.655614
95.11 2 0.0323252
95.11 3 3.89998
95.11 4 0.192057
95.21 1 0.655808
95.21 2 0.0323334
95.21 3 3.89999
95.21 4 0.192058
95.31 1 0.656013
95.31 2 0.0323417
95.31 3 3.89999
95.31 4 0.192061
95.41 1 0.656155
95.41 2 0.0323518
95.41 3 3.90015
95.41 4 0.192063
95.51 1 0.656296
95.51 2 0.0323606
95.51 3 3.90032
95.51 4 0.192062
95.61 1 0.656318
95.61 2 0.0323712
95.61 3 3.90038
95.61 4 0.192064
95.71 1 0.656486
95.71 2 0.0323809
95.71 3 3.90044
95.71 4 0.192062
95.81 1 0.656654
95.81 2 0.0323878
95.81 3 3.90049
95.81 4 0.19207
95.91 1 0.656857
95.91 2 0.0323946
95.91 3 3.90045
95.91 4 0.192078
96.01 1 0.657047
96.01 2 0.0323948
96.01 3 3.9005
96.01 4 0.192083
96.11 1 0.657249
96.11 2 0.0324029
96.11 3 3.90046
96.11 4 0.192083
96.21 1 0.657438
96.21 2 0.032411
96.21 3 3.90052
96.21 4 0.192086
96.31 1 0.657577
96.31 2 0.0324209
96.31 3 3.90068
96.31 4 0.192087
96.41 1 0.657716
96.41 2 0.0324296
96.41 3 3.90085
96.41 4 0.192087
96.51 1 0.657719
96.51 2 0.03244
96.51 3 3.9009
96.51 4 0.192087
96.61 1 0.657884
96.61 2 0.0324492
96.61 3 3.90095
96.61 4 0.192087
96.71 1 0.658048
96.71 2 0.032456
96.71 3 3.90096
96.71 4 0.192095
96.81 1 0.658248
96.81 2 0.0324627
96.81 3 3.90096
96.81 4 0.192103
96.91 1 0.658435
96.91 2 0.0324628
96.91 3 3.90097
96.91 4 0.192106
97.01 1 0.658634
97.01 2 0.0324707
97.01 3 3.90097
97.01 4 0.192109
97.11 1 0.658819
97.11 2 0.03248
97.11 3 3.90103
97.11 4 0.192112
97.21 1 0.658956
97.21 2 0.0324885
97.21 3 3.90119
97.21 4 0.192112
97.31 1 0.659093
97.31 2 0.032497
97.31 3 3.90135
97.31 4 0.192112
97.41 1 0.659094
97.41 2 0.0325073
97.41 3 3.90141
97.41 4 0.192112
97.51 1 0.659256
97.51 2 0.0325163
97.51 3 3.90142
97.51 4 0.192113
97.61 1 0.659441
97.61 2 0.0325229
97.61 3 3.90146
97.61 4 0.192121
97.71 1 0.659613
97.71 2 0.0325296
97.71 3 3.90148
97.71 4 0.192128
97.81 1 0.659822
97.81 2 0.0325295
97.81 3 3.90147
97.81 4 0.192131
97.91 1 0.660017
97.91 2 0.0325374
97.91 3 3.90143
97.91 4 0.192134
98.01 1 0.660176
98.01 2 0.0325464
98.01 3 3.90153
98.01 4 0.192136
98.11 1 0.66031
98.11 2 0.0325548
98.11 3 3.90169
98.11 4 0.192134
98.21 1 0.660444
98.21 2 0.0325649
98.21 3 3.90185
98.21 4 0.192136
98.31 1 0.660444
98.31 2 0.0325733
98.31 3 3.9019
98.31 4 0.192135
98.41 1 0.660603
98.41 2 0.0325822
98.41 3 3.90191
98.41 4 0.192137
98.51 1 0.660785
98.51 2 0.0325887
98.51 3 3.90191
98.51 4 0.192144
98.61 1 0.660966
98.61 2 0.0325952
98.61 3 3.90196
98.61 4 0.192152
98.71 1 0.661159
98.71 2 0.0325951
98.71 3 3.90192
98.71 4 0.192155
98.81 1 0.661351
98.81 2 0.032604
98.81 3 3.90193
98.81 4 0.192158
98.91 1 0.661507
98.91 2 0.0326117
98.91 3 3.90203
98.91 4 0.192158
99.01 1 0.661639
99.01 2 0.0326199
99.01 3 3.90219
99.01 4 0.192158
99.11 1 0.661613
99.11 2 0.0326299
99.11 3 3.90234
99.11 4 0.192158
99.21 1 0.661769
99.21 2 0.0326404
99.21 3 3.90235
99.21 4 0.192158
99.31 1 0.661978
99.31 2 0.0326481
99.31 3 3.90226
99.31 4 0.192171
99.41 1 0.662215
99.41 2 0.0326552
99.41 3 3.89812
99.41 4 0.192171
99.51 1 0.662483
99.51 2 0.0326589
99.51 3 3.89812
99.51 4 0.192171
99.61 1 0.662686
99.61 2 0.0326692
99.61 3 3.89812
99.61 4 0.192171
99.71 1 0.662848
99.71 2 0.0326806
99.71 3 3.89812
99.71 4 0.192171
99.81 1 0.662923
99.81 2 0.0326947
99.81 3 3.89812
99.81 4 0.192171
99.91 1 0.663132
99.91 2 0.0327026
99.91 3 3.89812
99.91 4 0.192171
100.01 1 0.663364
100.01 2 0.032705
100.01 3 3.89812
100.01 4 0.192171
100.11 1 0.663633
100.11 2 0.032718
100.11 3 3.89812
100.11 4 0.192171
100.21 1 0.663813
100.21 2 0.0327283
100.21 3 3.89812
100.21 4 0.192171
100.31 1 0.663576
100.31 2 0.0327426
100.31 3 3.89812
100.31 4 0.192171
100.41 1 0.663317
100.41 2 0.0327426
100.41 3 3.89812
100.41 4 0.192171
100.51 1 0.663317
100.51 2 0.0327426
100.51 3 3.89812
100.51 4 0.192171
100.61 1 0.663317
100.61 2 0.0327426
100.61 3 3.89812
100.61 4 0.192171
100.71 1 0.663317
100.71 2 0.0327426
100.71 3 3.89812
100.71 4 0.192171
100.81 1 0.663317
100.81 2 0.0327426
100.81 3 3.89812
100.81 4 0.192171
100.91 1 0.663317
100.91 2 0.0327426
100.91 3 3.89812
100.91 4 0.192171
