0.214139 476
0.221198 952
0.228257 1428
0.235316 1904
0.242375 2380
0.249433 2856
0.256492 3332
0.263551 3808
0.27061 4284
0.277669 4760
0.418851 4284
0.418851 4760
0.42591 5236
0.432958 4284
0.432969 4760
0.440027 5236
0.447075 4284
0.447086 4760
0.454145 5236
0.461193 4284
0.461204 4760
0.468263 5236
0.475311 4284
0.475322 4760
0.482381 5236
0.489439 5712
0.496498 6188
0.503557 6664
0.510616 7140
0.517675 7616
0.524734 8092
0.531793 8568
0.538851 9044
0.623552 8092
0.623552 8568
0.63061 9044
0.637669 8092
0.637669 8568
0.644728 9044
0.651787 8092
0.651787 8568
0.658846 9044
0.665905 8092
0.665905 8568
0.672964 9044
0.680022 8092
0.680022 8568
0.687081 9044
0.69414 8092
0.69414 8568
0.701199 9044
0.708258 8092
0.708258 8568
0.715317 9044
0.722376 8092
0.722376 8568
0.729434 9044
0.736493 8092
0.736493 8568
0.743552 9044
0.828252 8092
0.828252 8568
0.835311 9044
0.84237 8092
0.84237 8568
0.849429 9044
0.856488 8092
0.856488 8568
0.863547 9044
0.870606 8092
0.870606 8568
0.877664 9044
0.884723 8092
0.884723 8568
0.891782 9044
0.898841 8092
0.898841 8568
0.9059 9044
0.912959 8092
0.912959 8568
0.920018 9044
0.927076 8092
0.927076 8568
0.934135 9044
0.941194 8092
0.941194 8568
0.948253 9044
1.03295 8092
1.03295 8568
1.04001 9044
1.04707 8092
1.04707 8568
1.05413 9044
1.06119 8092
1.06119 8568
1.06825 9044
1.07531 8092
1.07531 8568
1.08237 9044
1.08942 8092
1.08942 8568
1.09648 9044
1.10354 8092
1.10354 8568
1.1106 9044
1.11766 8092
1.11766 8568
1.12472 9044
1.13178 8092
1.13178 8568
1.13884 9044
1.14589 8092
1.14589 8568
1.15295 9044
1.23765 8092
1.23765 8568
1.24471 9044
1.25177 8092
1.25177 8568
1.25883 9044
1.26589 8092
1.26589 8568
1.27295 9044
1.28001 8092
1.28001 8568
1.28707 9044
1.29412 8092
1.29412 8568
1.30118 9044
1.30824 8092
1.30824 8568
1.3153 9044
1.32236 8092
1.32236 8568
1.32942 9044
1.33648 8092
1.33648 8568
1.34354 9044
1.3506 8092
1.3506 8568
1.35765 9044
1.44235 8092
1.44235 8568
1.44941 9044
1.45647 8092
1.45647 8568
1.46353 9044
1.47059 8092
1.47059 8568
1.47765 9044
1.48471 8092
1.48471 8568
1.49177 9044
1.49883 8092
1.49883 8568
1.50588 9044
1.51294 8092
1.51294 8568
1.52 9044
1.52706 8092
1.52706 8568
1.53412 9044
1.54118 8092
1.54118 8568
1.54824 9044
1.5553 8092
1.5553 8568
1.56236 9044
1.64706 8092
1.64706 8568
1.65411 9044
1.66117 8092
1.66117 8568
1.66823 9044
1.67529 8092
1.67529 8568
1.68235 9044
1.68941 8092
1.68941 8568
1.69647 9044
1.70353 8092
1.70353 8568
1.71059 9044
1.71764 8092
1.71764 8568
1.7247 9044
1.73176 8092
1.73176 8568
1.73882 9044
1.74588 8092
1.74588 8568
1.75294 9044
1.76 8092
1.76 8568
1.76706 9044
1.85176 8092
1.85176 8568
1.85882 9044
1.86587 8092
1.86587 8568
1.87293 9044
1.87999 8092
1.87999 8568
1.88705 9044
1.89411 8092
1.89411 8568
1.90117 9044
1.90823 8092
1.90823 8568
1.91529 9044
1.92234 8092
1.92234 8568
1.9294 9044
1.93646 8092
1.93646 8568
1.94352 9044
1.95058 8092
1.95058 8568
1.95764 9044
1.9647 8092
1.9647 8568
1.97176 9044
2.05646 8092
2.05646 8568
2.06352 9044
2.07057 8092
2.07057 8568
2.07763 9044
2.08469 8092
2.08469 8568
2.09175 9044
2.09881 8092
2.09881 8568
2.10587 9044
2.11293 8092
2.11293 8568
2.11999 9044
2.12705 8092
2.12705 8568
2.1341 9044
2.14116 8092
2.14116 8568
2.14822 9044
2.15528 8092
2.15528 8568
2.16234 9044
2.1694 8092
2.1694 8568
2.17646 9044
2.26116 8092
2.26116 8568
2.26822 9044
2.27528 8092
2.27528 8568
2.28233 9044
2.28939 8092
2.28939 8568
2.29645 9044
2.30351 8092
2.30351 8568
2.31057 9044
2.31763 8092
2.31763 8568
2.32469 9044
2.33175 8092
2.33175 8568
2.33881 9044
2.34586 8092
2.34586 8568
2.35292 9044
2.35998 8092
2.35998 8568
2.36704 9044
2.3741 8092
2.3741 8568
2.38116 9044
2.46586 8092
2.46586 8568
2.47292 9044
2.47998 8092
2.47998 8568
2.48704 9044
2.49409 8092
2.49409 8568
2.50115 9044
2.50821 8092
2.50821 8568
2.51527 9044
2.52233 8092
2.52233 8568
2.52939 9044
2.53645 8092
2.53645 8568
2.54351 9044
2.55057 8092
2.55057 8568
2.55762 9044
2.56468 8092
2.56468 8568
2.57174 9044
2.5788 8092
2.5788 8568
2.58586 9044
2.67056 8092
2.67056 8568
2.67762 9044
2.68468 8092
2.68468 8568
2.69174 9044
2.6988 8092
2.6988 8568
2.70585 9044
2.71291 8092
2.71291 8568
2.71997 9044
2.72703 8092
2.72703 8568
2.73409 9044
2.74115 8092
2.74115 8568
2.74821 9044
2.75527 8092
2.75527 8568
2.76232 9044
2.76938 8092
2.76938 8568
2.77644 9044
2.7835 8092
2.7835 8568
2.79056 9044
2.87526 8092
2.87526 8568
2.88232 9044
2.88938 8092
2.88938 8568
2.89644 9044
2.9035 8092
2.9035 8568
2.91055 9044
2.91761 8092
2.91761 8568
2.92467 9044
2.93173 8092
2.93173 8568
2.93879 9044
2.94585 8092
2.94585 8568
2.95291 9044
2.95997 8092
2.95997 8568
2.96703 9044
2.97408 8092
2.97408 8568
2.98114 9044
2.9882 8092
2.9882 8568
2.99526 9044
3.07996 8092
3.07996 8568
3.08702 9044
3.09408 8092
3.09408 8568
3.10114 9044
3.1082 8092
3.1082 8568
3.11526 9044
3.12231 8092
3.12231 8568
3.12937 9044
3.13643 8092
3.13643 8568
3.14349 9044
3.15055 8092
3.15055 8568
3.15761 9044
3.16467 8092
3.16467 8568
3.17173 9044
3.17879 8092
3.17879 8568
3.18584 9044
3.1929 8092
3.1929 8568
3.19996 9044
3.28466 8092
3.28466 8568
3.29172 9044
3.29878 8092
3.29878 8568
3.30584 9044
3.3129 8092
3.3129 8568
3.31996 9044
3.32702 8092
3.32702 8568
3.33407 9044
3.34113 8092
3.34113 8568
3.34819 9044
3.35525 8092
3.35525 8568
3.36231 9044
3.36937 8092
3.36937 8568
3.37643 9044
3.38349 8092
3.38349 8568
3.39054 9044
3.3976 8092
3.3976 8568
3.40466 9044
3.48936 8092
3.48936 8568
3.49642 9044
3.50348 8092
3.50348 8568
3.51054 9044
3.5176 8092
3.5176 8568
3.52466 9044
3.53172 8092
3.53172 8568
3.53877 9044
3.54583 8092
3.54583 8568
3.55289 9044
3.55995 8092
3.55995 8568
3.56701 9044
3.57407 8092
3.57407 8568
3.58113 9044
3.58819 8092
3.58819 8568
3.59525 9044
3.6023 8092
3.6023 8568
3.60936 9044
3.69406 8092
3.69406 8568
3.70112 9044
3.70818 8092
3.70818 8568
3.71524 9044
3.7223 8092
3.7223 8568
3.72936 9044
3.73642 8092
3.73642 8568
3.74348 9044
3.75053 8092
3.75053 8568
3.75759 9044
3.76465 8092
3.76465 8568
3.77171 9044
3.77877 8092
3.77877 8568
3.78583 9044
3.79289 8092
3.79289 8568
3.79995 9044
3.80701 8092
3.80701 8568
3.81406 9044
3.89876 8092
3.89876 8568
3.90582 9044
3.91288 8092
3.91288 8568
3.91994 9044
3.927 8092
3.927 8568
3.93406 9044
3.94112 8092
3.94112 8568
3.94818 9044
3.95524 8092
3.95524 8568
3.96229 9044
3.96935 8092
3.96935 8568
3.97641 9044
3.98347 8092
3.98347 8568
3.99053 9044
3.99759 8092
3.99759 8568
4.00465 9044
4.01171 8092
4.01171 8568
4.01876 9044
4.10347 8092
4.10347 8568
4.11052 9044
4.11758 8092
4.11758 8568
4.12464 9044
4.1317 8092
4.1317 8568
4.13876 9044
4.14582 8092
4.14582 8568
4.15288 9044
4.15994 8092
4.15994 8568
4.16699 9044
4.17405 8092
4.17405 8568
4.18111 9044
4.18817 8092
4.18817 8568
4.19523 9044
4.20229 8092
4.20229 8568
4.20935 9044
4.21641 8092
4.21641 8568
4.22347 9044
4.30817 8092
4.30817 8568
4.31522 9044
4.32228 8092
4.32228 8568
4.32934 9044
4.3364 8092
4.3364 8568
4.34346 9044
4.35052 8092
4.35052 8568
4.35758 9044
4.36464 8092
4.36464 8568
4.3717 9044
4.37875 8092
4.37875 8568
4.38581 9044
4.39287 8092
4.39287 8568
4.39993 9044
4.40699 8092
4.40699 8568
4.41405 9044
4.42111 8092
4.42111 8568
4.42817 9044
4.51287 8092
4.51287 8568
4.51993 9044
4.52698 8092
4.52698 8568
4.53404 9044
4.5411 8092
4.5411 8568
4.54816 9044
4.55522 8092
4.55522 8568
4.56228 9044
4.56934 8092
4.56934 8568
4.5764 9044
4.58346 8092
4.58346 8568
4.59051 9044
4.59757 8092
4.59757 8568
4.60463 9044
4.61169 8092
4.61169 8568
4.61875 9044
4.62581 8092
4.62581 8568
4.63287 9044
4.71757 8092
4.71757 8568
4.72463 9044
4.73169 8092
4.73169 8568
4.73874 9044
4.7458 8092
4.7458 8568
4.75286 9044
4.75992 8092
4.75992 8568
4.76698 9044
4.77404 8092
4.77404 8568
4.7811 9044
4.78816 8092
4.78816 8568
4.79521 9044
4.80227 8092
4.80227 8568
4.80933 9044
4.81639 8092
4.81639 8568
4.82345 9044
4.83051 8092
4.83051 8568
4.83757 9044
4.92227 8092
4.92227 8568
4.92933 9044
4.93639 8092
4.93639 8568
4.94344 9044
4.9505 8092
4.9505 8568
4.95756 9044
4.96462 8092
4.96462 8568
4.97168 9044
4.97874 8092
4.97874 8568
4.9858 9044
4.99286 8092
4.99286 8568
4.99992 9044
5.00697 8092
5.00697 8568
5.01403 9044
5.02109 8092
5.02109 8568
5.02815 9044
5.03521 8092
5.03521 8568
5.04227 9044
5.12697 8092
5.12697 8568
5.13403 9044
5.14109 8092
5.14109 8568
5.14815 9044
5.1552 8092
5.1552 8568
5.16226 9044
5.16932 8092
5.16932 8568
5.17638 9044
5.18344 8092
5.18344 8568
5.1905 9044
5.19756 8092
5.19756 8568
5.20462 9044
5.21168 8092
5.21168 8568
5.21873 9044
5.22579 8092
5.22579 8568
5.23285 9044
5.23991 8092
5.23991 8568
5.24697 9044
5.33167 8092
5.33167 8568
5.33873 9044
5.34579 8092
5.34579 8568
5.35285 9044
5.35991 8092
5.35991 8568
5.36696 9044
5.37402 8092
5.37402 8568
5.38108 9044
5.38814 8092
5.38814 8568
5.3952 9044
5.40226 8092
5.40226 8568
5.40932 9044
5.41638 8092
5.41638 8568
5.42344 9044
5.43049 8092
5.43049 8568
5.43755 9044
5.44461 8092
5.44461 8568
5.45167 9044
5.53637 8092
5.53637 8568
5.54343 9044
5.55049 8092
5.55049 8568
5.55755 9044
5.56461 8092
5.56461 8568
5.57167 9044
5.57872 8092
5.57872 8568
5.58578 9044
5.59284 8092
5.59284 8568
5.5999 9044
5.60696 8092
5.60696 8568
5.61402 9044
5.62108 8092
5.62108 8568
5.62814 9044
5.63519 8092
5.63519 8568
5.64225 9044
5.64931 8092
5.64931 8568
5.65637 9044
5.74107 8092
5.74107 8568
5.74813 9044
5.75519 8092
5.75519 8568
5.76225 9044
5.76931 8092
5.76931 8568
5.77637 9044
5.78342 8092
5.78342 8568
5.79048 9044
5.79754 8092
5.79754 8568
5.8046 9044
5.81166 8092
5.81166 8568
5.81872 9044
5.82578 8092
5.82578 8568
5.83284 9044
5.8399 8092
5.8399 8568
5.84695 9044
5.85401 8092
5.85401 8568
5.86107 9044
5.94577 8092
5.94577 8568
5.95283 9044
5.95989 8092
5.95989 8568
5.96695 9044
5.97401 8092
5.97401 8568
5.98107 9044
5.98813 8092
5.98813 8568
5.99518 9044
6.00224 8092
6.00224 8568
6.0093 9044
6.01636 8092
6.01636 8568
6.02342 9044
6.03048 8092
6.03048 8568
6.03754 9044
6.0446 8092
6.0446 8568
6.05166 9044
6.05871 8092
6.05871 8568
6.06577 9044
6.15047 8092
6.15047 8568
6.15753 9044
6.16459 8092
6.16459 8568
6.17165 9044
6.17871 8092
6.17871 8568
6.18577 9044
6.19283 8092
6.19283 8568
6.19989 9044
6.20694 8092
6.20694 8568
6.214 9044
6.22106 8092
6.22106 8568
6.22812 9044
6.23518 8092
6.23518 8568
6.24224 9044
6.2493 8092
6.2493 8568
6.25636 9044
6.26341 8092
6.26341 8568
6.27047 9044
6.35517 8092
6.35517 8568
6.36223 9044
6.36929 8092
6.36929 8568
6.37635 9044
6.38341 8092
6.38341 8568
6.39047 9044
6.39753 8092
6.39753 8568
6.40459 9044
6.41164 8092
6.41164 8568
6.4187 9044
6.42576 8092
6.42576 8568
6.43282 9044
6.43988 8092
6.43988 8568
6.44694 9044
6.454 8092
6.454 8568
6.46106 9044
6.46812 8092
6.46812 8568
6.47517 9044
6.55987 8092
6.55987 8568
6.56693 9044
6.57399 8092
6.57399 8568
6.58105 9044
6.58811 8092
6.58811 8568
6.59517 9044
6.60223 8092
6.60223 8568
6.60929 9044
6.61635 8092
6.61635 8568
6.6234 9044
6.63046 8092
6.63046 8568
6.63752 9044
6.64458 8092
6.64458 8568
6.65164 9044
6.6587 8092
6.6587 8568
6.66576 9044
6.67282 8092
6.67282 8568
6.67988 9044
6.76458 8092
6.76458 8568
6.77163 9044
6.77869 8092
6.77869 8568
6.78575 9044
6.79281 8092
6.79281 8568
6.79987 9044
6.80693 8092
6.80693 8568
6.81399 9044
6.82105 8092
6.82105 8568
6.82811 9044
6.83516 8092
6.83516 8568
6.84222 9044
6.84928 8092
6.84928 8568
6.85634 9044
6.8634 8092
6.8634 8568
6.87046 9044
6.87752 8092
6.87752 8568
6.88458 9044
6.96928 8092
6.96928 8568
6.97634 9044
6.98339 8092
6.98339 8568
6.99045 9044
6.99751 8092
6.99751 8568
7.00457 9044
7.01163 8092
7.01163 8568
7.01869 9044
7.02575 8092
7.02575 8568
7.03281 9044
7.03986 8092
7.03986 8568
7.04692 9044
7.05398 8092
7.05398 8568
7.06104 9044
7.0681 8092
7.0681 8568
7.07516 9044
7.08222 8092
7.08222 8568
7.08928 9044
7.17398 8092
7.17398 8568
7.18104 9044
7.18809 8092
7.18809 8568
7.19515 9044
7.20221 8092
7.20221 8568
7.20927 9044
7.21633 8092
7.21633 8568
7.22339 9044
7.23045 8092
7.23045 8568
7.23751 9044
7.24457 8092
7.24457 8568
7.25162 9044
7.25868 8092
7.25868 8568
7.26574 9044
7.2728 8092
7.2728 8568
7.27986 9044
7.28692 8092
7.28692 8568
7.29398 9044
7.37868 8092
7.37868 8568
7.38574 9044
7.3928 8092
7.3928 8568
7.39985 9044
7.40691 8092
7.40691 8568
7.41397 9044
7.42103 8092
7.42103 8568
7.42809 9044
7.43515 8092
7.43515 8568
7.44221 9044
7.44927 8092
7.44927 8568
7.45633 9044
7.46338 8092
7.46338 8568
7.47044 9044
7.4775 8092
7.4775 8568
7.48456 9044
7.49162 8092
7.49162 8568
7.49868 9044
7.58338 8092
7.58338 8568
7.59044 9044
7.5975 8092
7.5975 8568
7.60456 9044
7.61161 8092
7.61161 8568
7.61867 9044
7.62573 8092
7.62573 8568
7.63279 9044
7.63985 8092
7.63985 8568
7.64691 9044
7.65397 8092
7.65397 8568
7.66103 9044
7.66809 8092
7.66809 8568
7.67514 9044
7.6822 8092
7.6822 8568
7.68926 9044
7.69632 8092
7.69632 8568
7.70338 9044
7.78808 8092
7.78808 8568
7.79514 9044
7.8022 8092
7.8022 8568
7.80926 9044
7.81631 8092
7.81631 8568
7.82337 9044
7.83043 8092
7.83043 8568
7.83749 9044
7.84455 8092
7.84455 8568
7.85161 9044
7.85867 8092
7.85867 8568
7.86573 9044
7.87279 8092
7.87279 8568
7.87984 9044
7.8869 8092
7.8869 8568
7.89396 9044
7.90102 8092
7.90102 8568
7.90808 9044
7.99278 8092
7.99278 8568
7.99984 9044
8.0069 8092
8.0069 8568
8.01396 9044
8.02102 8092
8.02102 8568
8.02807 9044
8.03513 8092
8.03513 8568
8.04219 9044
8.04925 8092
8.04925 8568
8.05631 9044
8.06337 8092
8.06337 8568
8.07043 9044
8.07749 8092
8.07749 8568
8.08455 9044
8.0916 8092
8.0916 8568
8.09866 9044
8.10572 8092
8.10572 8568
8.11278 9044
8.19748 8092
8.19748 8568
8.20454 9044
8.2116 8092
8.2116 8568
8.21866 9044
8.22572 8092
8.22572 8568
8.23278 9044
8.23983 8092
8.23983 8568
8.24689 9044
8.25395 8092
8.25395 8568
8.26101 9044
8.26807 8092
8.26807 8568
8.27513 9044
8.28219 8092
8.28219 8568
8.28925 9044
8.29631 8092
8.29631 8568
8.30336 9044
8.31042 8092
8.31042 8568
8.31748 9044
8.40218 8092
8.40218 8568
8.40924 9044
8.4163 8092
8.4163 8568
8.42336 9044
8.43042 8092
8.43042 8568
8.43748 9044
8.44454 8092
8.44454 8568
8.45159 9044
8.45865 8092
8.45865 8568
8.46571 9044
8.47277 8092
8.47277 8568
8.47983 9044
8.48689 8092
8.48689 8568
8.49395 9044
8.50101 8092
8.50101 8568
8.50806 9044
8.51512 8092
8.51512 8568
8.52218 9044
8.60688 8092
8.60688 8568
8.61394 9044
8.621 8092
8.621 8568
8.62806 9044
8.63512 8092
8.63512 8568
8.64218 9044
8.64924 8092
8.64924 8568
8.65629 9044
8.66335 8092
8.66335 8568
8.67041 9044
8.67747 8092
8.67747 8568
8.68453 9044
8.69159 8092
8.69159 8568
8.69865 9044
8.70571 8092
8.70571 8568
8.71277 9044
8.71982 8092
8.71982 8568
8.72688 9044
8.81158 8092
8.81158 8568
8.81864 9044
8.8257 8092
8.8257 8568
8.83276 9044
8.83982 8092
8.83982 8568
8.84688 9044
8.85394 8092
8.85394 8568
8.861 9044
8.86805 8092
8.86805 8568
8.87511 9044
8.88217 8092
8.88217 8568
8.88923 9044
8.89629 8092
8.89629 8568
8.90335 9044
8.91041 8092
8.91041 8568
8.91747 9044
8.92453 8092
8.92453 8568
8.93158 9044
9.01628 8092
9.01628 8568
9.02334 9044
9.0304 8092
9.0304 8568
9.03746 9044
9.04452 8092
9.04452 8568
9.05158 9044
9.05864 8092
9.05864 8568
9.0657 9044
9.07276 8092
9.07276 8568
9.07981 9044
9.08687 8092
9.08687 8568
9.09393 9044
9.10099 8092
9.10099 8568
9.10805 9044
9.11511 8092
9.11511 8568
9.12217 9044
9.12923 8092
9.12923 8568
9.13628 9044
9.22099 8092
9.22099 8568
9.22804 9044
9.2351 8092
9.2351 8568
9.24216 9044
9.24922 8092
9.24922 8568
9.25628 9044
9.26334 8092
9.26334 8568
9.2704 9044
9.27746 8092
9.27746 8568
9.28451 9044
9.29157 8092
9.29157 8568
9.29863 9044
9.30569 8092
9.30569 8568
9.31275 9044
9.31981 8092
9.31981 8568
9.32687 9044
9.33393 8092
9.33393 8568
9.34099 9044
9.42569 8092
9.42569 8568
9.43274 9044
9.4398 8092
9.4398 8568
9.44686 9044
9.45392 8092
9.45392 8568
9.46098 9044
9.46804 8092
9.46804 8568
9.4751 9044
9.48216 8092
9.48216 8568
9.48922 9044
9.49627 8092
9.49627 8568
9.50333 9044
9.51039 8092
9.51039 8568
9.51745 9044
9.52451 8092
9.52451 8568
9.53157 9044
9.53863 8092
9.53863 8568
9.54569 9044
9.63039 8092
9.63039 8568
9.63745 9044
9.6445 8092
9.6445 8568
9.65156 9044
9.65862 8092
9.65862 8568
9.66568 9044
9.67274 8092
9.67274 8568
9.6798 9044
9.68686 8092
9.68686 8568
9.69392 9044
9.70098 8092
9.70098 8568
9.70803 9044
9.71509 8092
9.71509 8568
9.72215 9044
9.72921 8092
9.72921 8568
9.73627 9044
9.74333 8092
9.74333 8568
9.75039 9044
9.83509 8092
9.83509 8568
9.84215 9044
9.84921 8092
9.84921 8568
9.85626 9044
9.86332 8092
9.86332 8568
9.87038 9044
9.87744 8092
9.87744 8568
9.8845 9044
9.89156 8092
9.89156 8568
9.89862 9044
9.90568 8092
9.90568 8568
9.91273 9044
9.91979 8092
9.91979 8568
9.92685 9044
9.93391 8092
9.93391 8568
9.94097 9044
9.94803 8092
9.94803 8568
9.95509 9044
10.0398 8092
10.0398 8568
10.0468 9044
10.0539 8092
10.0539 8568
10.061 9044
10.068 8092
10.068 8568
10.0751 9044
10.0821 8092
10.0821 8568
10.0892 9044
10.0963 8092
10.0963 8568
10.1033 9044
10.1104 8092
10.1104 8568
10.1174 9044
10.1245 8092
10.1245 8568
10.1316 9044
10.1386 8092
10.1386 8568
10.1457 9044
10.1527 8092
10.1527 8568
10.1598 9044
10.2445 8092
10.2445 8568
10.2515 9044
10.2586 8092
10.2586 8568
10.2657 9044
10.2727 8092
10.2727 8568
10.2798 9044
10.2868 8092
10.2868 8568
10.2939 9044
10.301 8092
10.301 8568
10.308 9044
10.3151 8092
10.3151 8568
10.3221 9044
10.3292 8092
10.3292 8568
10.3363 9044
10.3433 8092
10.3433 8568
10.3504 9044
10.3574 8092
10.3574 8568
10.3645 9044
10.4492 8092
10.4633 7140
10.4774 6188
10.4915 5236
10.5057 4284
10.5198 3332
10.5339 2380
10.548 1428
10.548 1904
10.5621 952
10.5621 1428
10.5692 1904
10.7527 952
10.7527 1428
10.7598 1904
10.7739 952
10.7739 1428
10.781 1904
10.9645 952
10.9645 1428
10.9715 1904
10.9857 952
10.9857 1428
10.9927 1904
11.1762 952
11.1762 1428
11.1833 1904
11.1974 952
11.1974 1428
11.2045 1904
11.388 952
11.388 1428
11.3951 1904
11.4092 952
11.4092 1428
11.4162 1904
11.5998 952
11.5998 1428
11.6068 1904
11.6209 952
11.6209 1428
11.628 1904
11.8115 952
11.8115 1428
11.8186 1904
11.8327 952
11.8327 1428
11.8397 1904
12.0233 952
12.0233 1428
12.0303 1904
12.0444 952
12.0444 1428
12.0515 1904
12.235 952
12.235 1428
12.2421 1904
12.2562 952
12.2562 1428
12.2633 1904
12.4468 952
12.4468 1428
12.4539 1904
12.468 952
12.468 1428
12.475 1904
12.6586 952
12.6586 1428
12.6656 1904
12.6797 952
12.6797 1428
12.6868 1904
12.8703 952
12.8703 1428
12.8774 1904
12.8915 952
12.8915 1428
12.8985 1904
13.0821 952
13.0821 1428
13.0891 1904
13.1032 952
13.1032 1428
13.1103 1904
13.2938 952
13.2938 1428
13.3009 1904
13.315 952
13.315 1428
13.3221 1904
13.5056 952
13.5056 1428
13.5126 1904
13.5268 952
13.5268 1428
13.5338 1904
13.7173 952
13.7173 1428
13.7244 1904
13.7385 952
13.7385 1428
13.7456 1904
13.9291 952
13.9291 1428
13.9362 1904
13.9503 952
13.9503 1428
13.9573 1904
14.1409 952
14.1409 1428
14.1479 1904
14.162 952
14.162 1428
14.1691 1904
14.3526 952
14.3526 1428
14.3597 1904
14.3738 952
14.3738 1428
14.3809 1904
14.5644 952
14.5644 1428
14.5714 1904
14.5856 952
14.5856 1428
14.5926 1904
14.7761 952
14.7761 1428
14.7832 1904
14.7973 952
14.7973 1428
14.8044 1904
14.9879 952
14.9879 1428
14.995 1904
15.0091 952
15.0091 1428
15.0161 1904
15.1997 952
15.1997 1428
15.2067 1904
15.2208 952
15.2208 1428
15.2279 1904
15.4114 952
15.4114 1428
15.4185 1904
15.4326 952
15.4326 1428
15.4397 1904
15.6232 952
15.6232 1428
15.6302 1904
15.6444 952
15.6444 1428
15.6514 1904
15.8349 952
15.8349 1428
15.842 1904
15.8561 952
15.8561 1428
15.8632 1904
16.0467 952
16.0467 1428
16.0538 1904
16.0679 952
16.0679 1428
16.0749 1904
16.2585 952
16.2585 1428
16.2655 1904
16.2796 952
16.2796 1428
16.2867 1904
16.4702 952
16.4702 1428
16.4773 1904
16.4914 952
16.4914 1428
16.4985 1904
16.682 952
16.682 1428
16.689 1904
16.7032 952
16.7032 1428
16.7102 1904
16.8937 952
16.8937 1428
16.9008 1904
16.9149 952
16.9149 1428
16.922 1904
17.1055 952
17.1055 1428
17.1126 1904
17.1267 952
17.1267 1428
17.1337 1904
17.3173 952
17.3173 1428
17.3243 1904
17.3384 952
17.3384 1428
17.3455 1904
17.529 952
17.529 1428
17.5361 1904
17.5502 952
17.5502 1428
17.5573 1904
17.7408 952
17.7408 1428
17.7478 1904
17.762 952
17.762 1428
17.769 1904
17.9525 952
17.9525 1428
17.9596 1904
17.9737 952
17.9737 1428
17.9808 1904
18.1643 952
18.1643 1428
18.1714 1904
18.1855 952
18.1855 1428
18.1925 1904
18.3761 952
18.3761 1428
18.3831 1904
18.3972 952
18.3972 1428
18.4043 1904
18.5878 952
18.5878 1428
18.5949 1904
18.609 952
18.609 1428
18.6161 1904
18.7996 952
18.7996 1428
18.8066 1904
18.8208 952
18.8208 1428
18.8278 1904
19.0113 952
19.0113 1428
19.0184 1904
19.0325 952
19.0325 1428
19.0396 1904
19.2231 952
19.2231 1428
19.2302 1904
19.2443 952
19.2443 1428
19.2513 1904
19.4349 952
19.4349 1428
19.4419 1904
19.456 952
19.456 1428
19.4631 1904
19.6466 952
19.6466 1428
19.6537 1904
19.6678 952
19.6678 1428
19.6749 1904
19.8584 952
19.8584 1428
19.8654 1904
19.8796 952
19.8796 1428
19.8866 1904
20.0701 952
20.0701 1428
20.0772 1904
20.0913 952
20.0913 1428
20.0984 1904
20.2819 952
20.2819 1428
20.289 1904
20.3031 952
20.3031 1428
20.3101 1904
20.4937 952
20.4937 1428
20.5007 1904
20.5148 952
20.5148 1428
20.5219 1904
20.7054 952
20.7054 1428
20.7125 1904
20.7266 952
20.7266 1428
20.7337 1904
20.9172 952
20.9172 1428
20.9242 1904
20.9384 952
20.9384 1428
20.9454 1904
21.1289 952
21.1289 1428
21.136 1904
21.1501 952
21.1501 1428
21.1572 1904
21.3407 952
21.3407 1428
21.3478 1904
21.3619 952
21.3619 1428
21.3689 1904
21.5525 952
21.5525 1428
21.5595 1904
21.5736 952
21.5736 1428
21.5807 1904
21.7642 952
21.7642 1428
21.7713 1904
21.7854 952
21.7854 1428
21.7925 1904
21.976 952
21.976 1428
21.983 1904
21.9972 952
21.9972 1428
22.0042 1904
22.1877 952
22.1877 1428
22.1948 1904
22.2089 952
22.2089 1428
22.216 1904
22.3995 952
22.3995 1428
22.4066 1904
22.4207 952
22.4207 1428
22.4277 1904
22.6113 952
22.6113 1428
22.6183 1904
22.6324 952
22.6324 1428
22.6395 1904
22.823 952
22.823 1428
22.8301 1904
22.8442 952
22.8442 1428
22.8513 1904
23.0348 952
23.0348 1428
23.0418 1904
23.056 952
23.056 1428
23.063 1904
23.2465 952
23.2465 1428
23.2536 1904
23.2677 952
23.2677 1428
23.2748 1904
23.4583 952
23.4583 1428
23.4654 1904
23.4795 952
23.4795 1428
23.4865 1904
23.6701 952
23.6701 1428
23.6771 1904
23.6912 952
23.6912 1428
23.6983 1904
23.8818 952
23.8818 1428
23.8889 1904
23.903 952
23.903 1428
23.91 1904
24.0936 952
24.0936 1428
24.1006 1904
24.1147 952
24.1147 1428
24.1218 1904
24.3053 952
24.3053 1428
24.3124 1904
24.3265 952
24.3265 1428
24.3336 1904
24.5171 952
24.5171 1428
24.5242 1904
24.5383 952
24.5383 1428
24.5453 1904
24.7289 952
24.7289 1428
24.7359 1904
24.75 952
24.75 1428
24.7571 1904
24.9406 952
24.9406 1428
24.9477 1904
24.9618 952
24.9618 1428
24.9688 1904
25.1524 952
25.1524 1428
25.1594 1904
25.1735 952
25.1735 1428
25.1806 1904
25.3641 952
25.3641 1428
25.3712 1904
25.3853 952
25.3853 1428
25.3924 1904
25.5759 952
25.5759 1428
25.5829 1904
25.5971 952
25.5971 1428
25.6041 1904
25.7877 952
25.7877 1428
25.7947 1904
25.8088 952
25.8088 1428
25.8159 1904
25.9994 952
25.9994 1428
26.0065 1904
26.0206 952
26.0206 1428
26.0276 1904
26.2112 952
26.2112 1428
26.2182 1904
26.2323 952
26.2323 1428
26.2394 1904
26.4229 952
26.4229 1428
26.43 1904
26.4441 952
26.4441 1428
26.4512 1904
26.6347 952
26.6347 1428
26.6417 1904
26.6559 952
26.6559 1428
26.6629 1904
26.8464 952
26.8464 1428
26.8535 1904
26.8676 952
26.8676 1428
26.8747 1904
27.0582 952
27.0582 1428
27.0653 1904
27.0794 952
27.0794 1428
27.0864 1904
27.27 952
27.27 1428
27.277 1904
27.2911 952
27.2911 1428
27.2982 1904
27.4817 952
27.4817 1428
27.4888 1904
27.5029 952
27.5029 1428
27.51 1904
27.6935 952
27.6935 1428
27.7005 1904
27.7147 952
27.7147 1428
27.7217 1904
27.9052 952
27.9052 1428
27.9123 1904
27.9264 952
27.9264 1428
27.9335 1904
28.117 952
28.117 1428
28.1241 1904
28.1382 952
28.1382 1428
28.1452 1904
28.3288 952
28.3288 1428
28.3358 1904
28.3499 952
28.3499 1428
28.357 1904
28.5405 952
28.5405 1428
28.5476 1904
28.5617 952
28.5617 1428
28.5688 1904
28.7523 952
28.7523 1428
28.7593 1904
28.7735 952
28.7735 1428
28.7805 1904
28.964 952
28.964 1428
28.9711 1904
28.9852 952
28.9852 1428
28.9923 1904
29.1758 952
29.1758 1428
29.1829 1904
29.197 952
29.197 1428
29.204 1904
29.3876 952
29.3876 1428
29.3946 1904
29.4087 952
29.4087 1428
29.4158 1904
29.5993 952
29.5993 1428
29.6064 1904
29.6205 952
29.6205 1428
29.6276 1904
29.8111 952
29.8111 1428
29.8181 1904
29.8323 952
29.8323 1428
29.8393 1904
30.0228 952
30.0228 1428
30.0299 1904
30.044 952
30.044 1428
30.0511 1904
30.2346 952
30.2346 1428
30.2417 1904
30.2558 952
30.2558 1428
30.2628 1904
30.4464 952
30.4464 1428
30.4534 1904
30.4675 952
30.4675 1428
30.4746 1904
30.6581 952
30.6581 1428
30.6652 1904
30.6793 952
30.6793 1428
30.6864 1904
30.8699 952
30.8699 1428
30.8769 1904
30.8911 952
30.8911 1428
30.8981 1904
31.0816 952
31.0816 1428
31.0887 1904
31.1028 952
31.1028 1428
31.1099 1904
31.2934 952
31.2934 1428
31.3005 1904
31.3146 952
31.3146 1428
31.3216 1904
31.5052 952
31.5052 1428
31.5122 1904
31.5263 952
31.5263 1428
31.5334 1904
31.7169 952
31.7169 1428
31.724 1904
31.7381 952
31.7381 1428
31.7452 1904
31.9287 952
31.9287 1428
31.9357 1904
31.9499 952
31.9499 1428
31.9569 1904
32.1404 952
32.1404 1428
32.1475 1904
32.1616 952
32.1616 1428
32.1687 1904
32.3522 952
32.3522 1428
32.3593 1904
32.3734 952
32.3734 1428
32.3804 1904
32.564 952
32.564 1428
32.571 1904
32.5851 952
32.5851 1428
32.5922 1904
32.7757 952
32.7757 1428
32.7828 1904
32.7969 952
32.7969 1428
32.804 1904
32.9875 952
32.9875 1428
32.9945 1904
33.0087 952
33.0087 1428
33.0157 1904
33.1992 952
33.1992 1428
33.2063 1904
33.2204 952
33.2204 1428
33.2275 1904
33.411 952
33.411 1428
33.4181 1904
33.4322 952
33.4322 1428
33.4392 1904
33.6228 952
33.6228 1428
33.6298 1904
33.6439 952
33.6439 1428
33.651 1904
33.8345 952
33.8345 1428
33.8416 1904
33.8557 952
33.8557 1428
33.8628 1904
34.0463 952
34.0463 1428
34.0533 1904
34.0675 952
34.0675 1428
34.0745 1904
34.258 952
34.258 1428
34.2651 1904
34.2792 952
34.2792 1428
34.2863 1904
34.4698 952
34.4698 1428
34.4769 1904
34.491 952
34.491 1428
34.498 1904
34.6816 952
34.6816 1428
34.6886 1904
34.7027 952
34.7027 1428
34.7098 1904
34.8933 952
34.8933 1428
34.9004 1904
34.9145 952
34.9145 1428
34.9216 1904
35.1051 952
35.1051 1428
35.1121 1904
35.1263 952
35.1263 1428
35.1333 1904
35.3168 952
35.3168 1428
35.3239 1904
35.338 952
35.338 1428
35.3451 1904
35.5286 952
35.5286 1428
35.5357 1904
35.5498 952
35.5498 1428
35.5568 1904
35.7404 952
35.7404 1428
35.7474 1904
35.7615 952
35.7615 1428
35.7686 1904
35.9521 952
35.9521 1428
35.9592 1904
35.9733 952
35.9733 1428
35.9803 1904
36.1639 952
36.1639 1428
36.1709 1904
36.1851 952
36.1851 1428
36.1921 1904
36.3756 952
36.3756 1428
36.3827 1904
36.3968 952
36.3968 1428
36.4039 1904
36.5874 952
36.5874 1428
36.5945 1904
36.6086 952
36.6086 1428
36.6156 1904
36.7992 952
36.7992 1428
36.8062 1904
36.8203 952
36.8203 1428
36.8274 1904
37.0109 952
37.0109 1428
37.018 1904
37.0321 952
37.0321 1428
37.0391 1904
37.2227 952
37.2227 1428
37.2297 1904
37.2438 952
37.2438 1428
37.2509 1904
37.4344 952
37.4344 1428
37.4415 1904
37.4556 952
37.4556 1428
37.4627 1904
37.6462 952
37.6462 1428
37.6532 1904
37.6674 952
37.6674 1428
37.6744 1904
37.858 952
37.858 1428
37.865 1904
37.8791 952
37.8791 1428
37.8862 1904
38.0697 952
38.0697 1428
38.0768 1904
38.0909 952
38.0909 1428
38.0979 1904
38.2815 952
38.2815 1428
38.2885 1904
38.3026 952
38.3026 1428
38.3097 1904
38.4932 952
38.4932 1428
38.5003 1904
38.5144 952
38.5144 1428
38.5215 1904
38.705 952
38.705 1428
38.712 1904
38.7262 952
38.7262 1428
38.7332 1904
38.9167 952
38.9167 1428
38.9238 1904
38.9379 952
38.9379 1428
38.945 1904
39.1285 952
39.1285 1428
39.1356 1904
39.1497 952
39.1497 1428
39.1567 1904
39.3403 952
39.3403 1428
39.3473 1904
39.3614 952
39.3614 1428
39.3685 1904
39.552 952
39.552 1428
39.5591 1904
39.5732 952
39.5732 1428
39.5803 1904
39.7638 952
39.7638 1428
39.7708 1904
39.785 952
39.785 1428
39.792 1904
39.9755 952
39.9755 1428
39.9826 1904
39.9967 952
39.9967 1428
40.0038 1904
40.1873 952
40.1873 1428
40.1944 1904
40.2085 952
40.2085 1428
40.2155 1904
40.3991 952
40.3991 1428
40.4061 1904
40.4202 952
40.4202 1428
40.4273 1904
40.6108 952
40.6108 1428
40.6179 1904
40.632 952
40.632 1428
40.6391 1904
40.8226 952
40.8226 1428
40.8296 1904
40.8438 952
40.8438 1428
40.8508 1904
41.0343 952
41.0343 1428
41.0414 1904
41.0555 952
41.0555 1428
41.0626 1904
41.2461 952
41.2461 1428
41.2532 1904
41.2673 952
41.2673 1428
41.2743 1904
41.4579 952
41.4579 1428
41.4649 1904
41.479 952
41.479 1428
41.4861 1904
41.6696 952
41.6696 1428
41.6767 1904
41.6908 952
41.6908 1428
41.6979 1904
41.8814 952
41.8814 1428
41.8884 1904
41.9026 952
41.9026 1428
41.9096 1904
42.0931 952
42.0931 1428
42.1002 1904
42.1143 952
42.1143 1428
42.1214 1904
42.3049 952
42.3049 1428
42.312 1904
42.3261 952
42.3261 1428
42.3331 1904
42.5167 952
42.5167 1428
42.5237 1904
42.5378 952
42.5378 1428
42.5449 1904
42.7284 952
42.7284 1428
42.7355 1904
42.7496 952
42.7496 1428
42.7567 1904
42.9402 952
42.9402 1428
42.9472 1904
42.9614 952
42.9614 1428
42.9684 1904
43.1519 952
43.1519 1428
43.159 1904
43.1731 952
43.1731 1428
43.1802 1904
43.3637 952
43.3637 1428
43.3708 1904
43.3849 952
43.3849 1428
43.3919 1904
43.5755 952
43.5755 1428
43.5825 1904
43.5966 952
43.5966 1428
43.6037 1904
43.7872 952
43.7872 1428
43.7943 1904
43.8084 952
43.8084 1428
43.8155 1904
43.999 952
43.999 1428
44.006 1904
44.0202 952
44.0202 1428
44.0272 1904
44.2107 952
44.2107 1428
44.2178 1904
44.2319 952
44.2319 1428
44.239 1904
44.4225 952
44.4225 1428
44.4296 1904
44.4437 952
44.4437 1428
44.4507 1904
44.6343 952
44.6343 1428
44.6413 1904
44.6554 952
44.6554 1428
44.6625 1904
44.846 952
44.846 1428
44.8531 1904
44.8672 952
44.8672 1428
44.8743 1904
45.0578 952
45.0578 1428
45.0648 1904
45.079 952
45.079 1428
45.086 1904
45.2695 952
45.2695 1428
45.2766 1904
45.2907 952
45.2907 1428
45.2978 1904
45.4813 952
45.4813 1428
45.4884 1904
45.5025 952
45.5025 1428
45.5095 1904
45.6931 952
45.6931 1428
45.7001 1904
45.7142 952
45.7142 1428
45.7213 1904
45.9048 952
45.9048 1428
45.9119 1904
45.926 952
45.926 1428
45.9331 1904
46.1166 952
46.1166 1428
46.1236 1904
46.1378 952
46.1378 1428
46.1448 1904
46.3283 952
46.3283 1428
46.3354 1904
46.3495 952
46.3495 1428
46.3566 1904
46.5401 952
46.5401 1428
46.5472 1904
46.5613 952
46.5613 1428
46.5683 1904
46.7519 952
46.7519 1428
46.7589 1904
46.773 952
46.773 1428
46.7801 1904
46.9636 952
46.9636 1428
46.9707 1904
46.9848 952
46.9848 1428
46.9919 1904
47.1754 952
47.1754 1428
47.1824 1904
47.1966 952
47.1966 1428
47.2036 1904
47.3871 952
47.3871 1428
47.3942 1904
47.4083 952
47.4083 1428
47.4154 1904
47.5989 952
47.5989 1428
47.606 1904
47.6201 952
47.6201 1428
47.6271 1904
47.8107 952
47.8107 1428
47.8177 1904
47.8318 952
47.8318 1428
47.8389 1904
48.0224 952
48.0224 1428
48.0295 1904
48.0436 952
48.0436 1428
48.0506 1904
48.2342 952
48.2342 1428
48.2412 1904
48.2554 952
48.2554 1428
48.2624 1904
48.4459 952
48.4459 1428
48.453 1904
48.4671 952
48.4671 1428
48.4742 1904
48.6577 952
48.6577 1428
48.6648 1904
48.6789 952
48.6789 1428
48.6859 1904
48.8695 952
48.8695 1428
48.8765 1904
48.8906 952
48.8906 1428
48.8977 1904
49.0812 952
49.0812 1428
49.0883 1904
49.1024 952
49.1024 1428
49.1094 1904
49.293 952
49.293 1428
49.3 1904
49.3141 952
49.3141 1428
49.3212 1904
49.5047 952
49.5047 1428
49.5118 1904
49.5259 952
49.5259 1428
49.533 1904
49.7165 952
49.7165 1428
49.7236 1904
49.7377 952
49.7377 1428
49.7447 1904
49.9283 952
49.9283 1428
49.9353 1904
49.9494 952
49.9494 1428
49.9565 1904
50.14 952
50.14 1428
50.147 1904
50.1612 952
50.1612 1428
50.1682 1904
50.3515 952
50.3515 1428
50.3586 1904
50.3727 952
50.3727 1428
50.3798 1904
50.563 952
50.563 1428
50.5701 1904
50.5842 952
50.5842 1428
50.5913 1904
50.7746 952
50.7746 1428
50.7816 1904
50.7957 952
50.7957 1428
50.8028 1904
50.9861 952
50.9861 1428
50.9932 1904
51.0073 952
51.0073 1428
51.0143 1904
51.1976 952
51.1976 1428
51.2047 1904
51.2188 952
51.2188 1428
51.2259 1904
51.4091 952
51.4091 1428
51.4162 1904
51.4303 952
51.4303 1428
51.4374 1904
51.6207 952
51.6207 1428
51.6277 1904
51.6418 952
51.6418 1428
51.6489 1904
51.8322 952
51.8322 1428
51.8393 1904
51.8534 952
51.8534 1428
51.8604 1904
52.0437 952
52.0437 1428
52.0508 1904
52.0649 952
52.0649 1428
52.072 1904
52.2552 952
52.2552 1428
52.2623 1904
52.2764 952
52.2764 1428
52.2835 1904
52.4668 952
52.4668 1428
52.4738 1904
52.488 952
52.488 1428
52.495 1904
52.6783 952
52.6783 1428
52.6854 1904
52.6995 952
52.6995 1428
52.7065 1904
52.8898 952
52.8898 1428
52.8969 1904
52.911 952
52.911 1428
52.9181 1904
53.1014 952
53.1014 1428
53.1084 1904
53.1225 952
53.1225 1428
53.1296 1904
53.3129 952
53.3129 1428
53.3199 1904
53.3341 952
53.3341 1428
53.3411 1904
53.5244 952
53.5244 1428
53.5315 1904
53.5456 952
53.5456 1428
53.5526 1904
53.7359 952
53.7359 1428
53.743 1904
53.7571 952
53.7571 1428
53.7642 1904
53.9475 952
53.9475 1428
53.9545 1904
53.9686 952
53.9686 1428
53.9757 1904
54.159 952
54.159 1428
54.166 1904
54.1802 952
54.1802 1428
54.1872 1904
54.3705 952
54.3705 1428
54.3776 1904
54.3917 952
54.3917 1428
54.3987 1904
54.582 952
54.582 1428
54.5891 1904
54.6032 952
54.6032 1428
54.6103 1904
54.7936 952
54.7936 1428
54.8006 1904
54.8147 952
54.8147 1428
54.8218 1904
55.0051 952
55.0051 1428
55.0121 1904
55.0263 952
55.0263 1428
55.0333 1904
55.2166 952
55.2166 1428
55.2237 1904
55.2378 952
55.2378 1428
55.2448 1904
55.4281 952
55.4281 1428
55.4352 1904
55.4493 952
55.4493 1428
55.4564 1904
55.6397 952
55.6397 1428
55.6467 1904
55.6608 952
55.6608 1428
55.6679 1904
55.8512 952
55.8512 1428
55.8583 1904
55.8724 952
55.8724 1428
55.8794 1904
56.0627 952
56.0627 1428
56.0698 1904
56.0839 952
56.0839 1428
56.091 1904
56.2742 952
56.2742 1428
56.2813 1904
56.2954 952
56.2954 1428
56.3025 1904
56.4858 952
56.4858 1428
56.4928 1904
56.5069 952
56.5069 1428
56.514 1904
56.6973 952
56.6973 1428
56.7044 1904
56.7185 952
56.7185 1428
56.7255 1904
56.9088 952
56.9088 1428
56.9159 1904
56.93 952
56.93 1428
56.9371 1904
57.1203 952
57.1203 1428
57.1274 1904
57.1415 952
57.1415 1428
57.1486 1904
57.3319 952
57.3319 1428
57.3389 1904
57.3531 952
57.3531 1428
57.3601 1904
57.5434 952
57.5434 1428
57.5505 1904
57.5646 952
57.5646 1428
57.5716 1904
57.7549 952
57.7549 1428
57.762 1904
57.7761 952
57.7761 1428
57.7832 1904
57.9665 952
57.9665 1428
57.9735 1904
57.9876 952
57.9876 1428
57.9947 1904
58.178 952
58.178 1428
58.185 1904
58.1992 952
58.1992 1428
58.2062 1904
58.3895 952
58.3895 1428
58.3966 1904
58.4107 952
58.4107 1428
58.4177 1904
58.601 952
58.601 1428
58.6081 1904
58.6222 952
58.6222 1428
58.6293 1904
58.8126 952
58.8126 1428
58.8196 1904
58.8337 952
58.8337 1428
58.8408 1904
59.0241 952
59.0241 1428
59.0311 1904
59.0453 952
59.0453 1428
59.0523 1904
59.2356 952
59.2356 1428
59.2427 1904
59.2568 952
59.2568 1428
59.2638 1904
59.4471 952
59.4471 1428
59.4542 1904
59.4683 952
59.4683 1428
59.4754 1904
59.6587 952
59.6587 1428
59.6657 1904
59.6798 952
59.6798 1428
59.6869 1904
59.8702 952
59.8702 1428
59.8772 1904
59.8914 952
59.8914 1428
59.8984 1904
60.0817 952
60.0817 1428
60.0888 1904
60.1029 952
60.1029 1428
60.1099 1904
60.2932 952
60.2932 1428
60.3003 1904
60.3144 952
60.3144 1428
60.3215 1904
60.5048 952
60.5048 1428
60.5118 1904
60.5259 952
60.5259 1428
60.533 1904
60.7163 952
60.7163 1428
60.7234 1904
60.7375 952
60.7375 1428
60.7445 1904
60.9278 952
60.9278 1428
60.9349 1904
60.949 952
60.949 1428
60.9561 1904
61.1393 952
61.1393 1428
61.1464 1904
61.1605 952
61.1605 1428
61.1676 1904
61.3509 952
61.3509 1428
61.3579 1904
61.372 952
61.372 1428
61.3791 1904
61.5624 952
61.5624 1428
61.5695 1904
61.5836 952
61.5836 1428
61.5906 1904
61.7739 952
61.7739 1428
61.781 1904
61.7951 952
61.7951 1428
61.8022 1904
61.9854 952
61.9854 1428
61.9925 1904
62.0066 952
62.0066 1428
62.0137 1904
62.197 952
62.197 1428
62.204 1904
62.2182 952
62.2182 1428
62.2252 1904
62.4085 952
62.4085 1428
62.4156 1904
62.4297 952
62.4297 1428
62.4367 1904
62.62 952
62.62 1428
62.6271 1904
62.6412 952
62.6412 1428
62.6483 1904
62.8316 952
62.8316 1428
62.8386 1904
62.8527 952
62.8527 1428
62.8598 1904
63.0431 952
63.0431 1428
63.0501 1904
63.0643 952
63.0643 1428
63.0713 1904
63.2546 952
63.2546 1428
63.2617 1904
63.2758 952
63.2758 1428
63.2828 1904
63.4661 952
63.4661 1428
63.4732 1904
63.4873 952
63.4873 1428
63.4944 1904
63.6777 952
63.6777 1428
63.6847 1904
63.6988 952
63.6988 1428
63.7059 1904
63.8892 952
63.8892 1428
63.8962 1904
63.9104 952
63.9104 1428
63.9174 1904
64.1007 952
64.1007 1428
64.1078 1904
64.1219 952
64.1219 1428
64.1289 1904
64.3122 952
64.3122 1428
64.3193 1904
64.3334 952
64.3334 1428
64.3405 1904
64.5238 952
64.5238 1428
64.5308 1904
64.5449 952
64.5449 1428
64.552 1904
64.7353 952
64.7353 1428
64.7423 1904
64.7565 952
64.7565 1428
64.7635 1904
64.9468 952
64.9468 1428
64.9539 1904
64.968 952
64.968 1428
64.975 1904
65.1583 952
65.1583 1428
65.1654 1904
65.1795 952
65.1795 1428
65.1866 1904
65.3699 952
65.3699 1428
65.3769 1904
65.391 952
65.391 1428
65.3981 1904
65.5814 952
65.5814 1428
65.5884 1904
65.6026 952
65.6026 1428
65.6096 1904
65.7929 952
65.7929 1428
65.8 1904
65.8141 952
65.8141 1428
65.8212 1904
66.0044 952
66.0044 1428
66.0115 1904
66.0256 952
66.0256 1428
66.0327 1904
66.216 952
66.216 1428
66.223 1904
66.2371 952
66.2371 1428
66.2442 1904
66.4275 952
66.4275 1428
66.4346 1904
66.4487 952
66.4487 1428
66.4557 1904
66.639 952
66.639 1428
66.6461 1904
66.6602 952
66.6602 1428
66.6673 1904
66.8505 952
66.8505 1428
66.8576 1904
66.8717 952
66.8717 1428
66.8788 1904
67.0621 952
67.0621 1428
67.0691 1904
67.0833 952
67.0833 1428
67.0903 1904
67.2736 952
67.2736 1428
67.2807 1904
67.2948 952
67.2948 1428
67.3018 1904
67.4851 952
67.4851 1428
67.4922 1904
67.5063 952
67.5063 1428
67.5134 1904
67.6967 952
67.6967 1428
67.7037 1904
67.7178 952
67.7178 1428
67.7249 1904
67.9082 952
67.9082 1428
67.9152 1904
67.9294 952
67.9294 1428
67.9364 1904
68.1197 952
68.1197 1428
68.1268 1904
68.1409 952
68.1409 1428
68.1479 1904
68.3312 952
68.3312 1428
68.3383 1904
68.3524 952
68.3524 1428
68.3595 1904
68.5428 952
68.5428 1428
68.5498 1904
68.5639 952
68.5639 1428
68.571 1904
68.7543 952
68.7543 1428
68.7613 1904
68.7755 952
68.7755 1428
68.7825 1904
68.9658 952
68.9658 1428
68.9729 1904
68.987 952
68.987 1428
68.994 1904
69.1773 952
69.1773 1428
69.1844 1904
69.1985 952
69.1985 1428
69.2056 1904
69.3889 952
69.3889 1428
69.3959 1904
69.41 952
69.41 1428
69.4171 1904
69.6004 952
69.6004 1428
69.6074 1904
69.6216 952
69.6216 1428
69.6286 1904
69.8119 952
69.8119 1428
69.819 1904
69.8331 952
69.8331 1428
69.8401 1904
70.0234 952
70.0234 1428
70.0305 1904
70.0446 952
70.0446 1428
70.0517 1904
70.235 952
70.235 1428
70.242 1904
70.2561 952
70.2561 1428
70.2632 1904
70.4465 952
70.4465 1428
70.4535 1904
70.4677 952
70.4677 1428
70.4747 1904
70.658 952
70.658 1428
70.6651 1904
70.6792 952
70.6792 1428
70.6863 1904
70.8695 952
70.8695 1428
70.8766 1904
70.8907 952
70.8907 1428
70.8978 1904
71.0811 952
71.0811 1428
71.0881 1904
71.1022 952
71.1022 1428
71.1093 1904
71.2926 952
71.2926 1428
71.2997 1904
71.3138 952
71.3138 1428
71.3208 1904
71.5041 952
71.5041 1428
71.5112 1904
71.5253 952
71.5253 1428
71.5324 1904
71.7156 952
71.7156 1428
71.7227 1904
71.7368 952
71.7368 1428
71.7439 1904
71.9272 952
71.9272 1428
71.9342 1904
71.9483 952
71.9483 1428
71.9554 1904
72.1387 952
72.1387 1428
72.1458 1904
72.1599 952
72.1599 1428
72.1669 1904
72.3502 952
72.3502 1428
72.3573 1904
72.3714 952
72.3714 1428
72.3785 1904
72.5618 952
72.5618 1428
72.5688 1904
72.5829 952
72.5829 1428
72.59 1904
72.7733 952
72.7733 1428
72.7803 1904
72.7945 952
72.7945 1428
72.8015 1904
72.9848 952
72.9848 1428
72.9919 1904
73.006 952
73.006 1428
73.013 1904
73.1963 952
73.1963 1428
73.2034 1904
73.2175 952
73.2175 1428
73.2246 1904
73.4079 952
73.4079 1428
73.4149 1904
73.429 952
73.429 1428
73.4361 1904
73.6194 952
73.6194 1428
73.6264 1904
73.6406 952
73.6406 1428
73.6476 1904
73.8309 952
73.8309 1428
73.838 1904
73.8521 952
73.8521 1428
73.8591 1904
74.0424 952
74.0424 1428
74.0495 1904
74.0636 952
74.0636 1428
74.0707 1904
74.254 952
74.254 1428
74.261 1904
74.2751 952
74.2751 1428
74.2822 1904
74.4655 952
74.4655 1428
74.4725 1904
74.4867 952
74.4867 1428
74.4937 1904
74.677 952
74.677 1428
74.6841 1904
74.6982 952
74.6982 1428
74.7052 1904
74.8885 952
74.8885 1428
74.8956 1904
74.9097 952
74.9097 1428
74.9168 1904
75.1001 952
75.1001 1428
75.1071 1904
75.1212 952
75.1212 1428
75.1283 1904
75.3116 952
75.3116 1428
75.3186 1904
75.3328 952
75.3328 1428
75.3398 1904
75.5231 952
75.5231 1428
75.5302 1904
75.5443 952
75.5443 1428
75.5514 1904
75.7346 952
75.7346 1428
75.7417 1904
75.7558 952
75.7558 1428
75.7629 1904
75.9462 952
75.9462 1428
75.9532 1904
75.9673 952
75.9673 1428
75.9744 1904
76.1577 952
76.1577 1428
76.1648 1904
76.1789 952
76.1789 1428
76.1859 1904
76.3692 952
76.3692 1428
76.3763 1904
76.3904 952
76.3904 1428
76.3975 1904
76.5807 952
76.5807 1428
76.5878 1904
76.6019 952
76.6019 1428
76.609 1904
76.7923 952
76.7923 1428
76.7993 1904
76.8134 952
76.8134 1428
76.8205 1904
77.0038 952
77.0038 1428
77.0109 1904
77.025 952
77.025 1428
77.032 1904
77.2153 952
77.2153 1428
77.2224 1904
77.2365 952
77.2365 1428
77.2436 1904
77.4269 952
77.4269 1428
77.4339 1904
77.448 952
77.448 1428
77.4551 1904
77.6384 952
77.6384 1428
77.6454 1904
77.6596 952
77.6596 1428
77.6666 1904
77.8499 952
77.8499 1428
77.857 1904
77.8711 952
77.8711 1428
77.8781 1904
78.0614 952
78.0614 1428
78.0685 1904
78.0826 952
78.0826 1428
78.0897 1904
78.273 952
78.273 1428
78.28 1904
78.2941 952
78.2941 1428
78.3012 1904
78.4845 952
78.4845 1428
78.4915 1904
78.5057 952
78.5057 1428
78.5127 1904
78.696 952
78.696 1428
78.7031 1904
78.7172 952
78.7172 1428
78.7242 1904
78.9075 952
78.9075 1428
78.9146 1904
78.9287 952
78.9287 1428
78.9358 1904
79.1191 952
79.1191 1428
79.1261 1904
79.1402 952
79.1402 1428
79.1473 1904
79.3306 952
79.3306 1428
79.3376 1904
79.3518 952
79.3518 1428
79.3588 1904
79.5421 952
79.5421 1428
79.5492 1904
79.5633 952
79.5633 1428
79.5703 1904
79.7536 952
79.7536 1428
79.7607 1904
79.7748 952
79.7748 1428
79.7819 1904
79.9652 952
79.9652 1428
79.9722 1904
79.9863 952
79.9863 1428
79.9934 1904
80.1767 952
80.1767 1428
80.1837 1904
80.1979 952
80.1979 1428
80.2049 1904
80.3882 952
80.3882 1428
80.3953 1904
80.4094 952
80.4094 1428
80.4165 1904
80.5997 952
80.5997 1428
80.6068 1904
80.6209 952
80.6209 1428
80.628 1904
80.8113 952
80.8113 1428
80.8183 1904
80.8324 952
80.8324 1428
80.8395 1904
81.0228 952
81.0228 1428
81.0299 1904
81.044 952
81.044 1428
81.051 1904
81.2343 952
81.2343 1428
81.2414 1904
81.2555 952
81.2555 1428
81.2626 1904
81.4458 952
81.4458 1428
81.4529 1904
81.467 952
81.467 1428
81.4741 1904
81.6574 952
81.6574 1428
81.6644 1904
81.6785 952
81.6785 1428
81.6856 1904
81.8689 952
81.8689 1428
81.876 1904
81.8901 952
81.8901 1428
81.8971 1904
82.0804 952
82.0804 1428
82.0875 1904
82.1016 952
82.1016 1428
82.1087 1904
82.2919 952
82.2919 1428
82.299 1904
82.3131 952
82.3131 1428
82.3202 1904
82.5035 952
82.5035 1428
82.5105 1904
82.5247 952
82.5247 1428
82.5317 1904
82.715 952
82.715 1428
82.7221 1904
82.7362 952
82.7362 1428
82.7432 1904
82.9265 952
82.9265 1428
82.9336 1904
82.9477 952
82.9477 1428
82.9548 1904
83.1381 952
83.1381 1428
83.1451 1904
83.1592 952
83.1592 1428
83.1663 1904
83.3496 952
83.3496 1428
83.3566 1904
83.3708 952
83.3708 1428
83.3778 1904
83.5611 952
83.5611 1428
83.5682 1904
83.5823 952
83.5823 1428
83.5893 1904
83.7726 952
83.7726 1428
83.7797 1904
83.7938 952
83.7938 1428
83.8009 1904
83.9842 952
83.9842 1428
83.9912 1904
84.0053 952
84.0053 1428
84.0124 1904
84.1957 952
84.1957 1428
84.2027 1904
84.2169 952
84.2169 1428
84.2239 1904
84.4072 952
84.4072 1428
84.4143 1904
84.4284 952
84.4284 1428
84.4354 1904
84.6187 952
84.6187 1428
84.6258 1904
84.6399 952
84.6399 1428
84.647 1904
84.8303 952
84.8303 1428
84.8373 1904
84.8514 952
84.8514 1428
84.8585 1904
85.0418 952
85.0418 1428
85.0488 1904
85.063 952
85.063 1428
85.07 1904
85.2533 952
85.2533 1428
85.2604 1904
85.2745 952
85.2745 1428
85.2815 1904
85.4648 952
85.4648 1428
85.4719 1904
85.486 952
85.486 1428
85.4931 1904
85.6764 952
85.6764 1428
85.6834 1904
85.6975 952
85.6975 1428
85.7046 1904
85.8879 952
85.8879 1428
85.895 1904
85.9091 952
85.9091 1428
85.9161 1904
86.0994 952
86.0994 1428
86.1065 1904
86.1206 952
86.1206 1428
86.1277 1904
86.3109 952
86.3109 1428
86.318 1904
86.3321 952
86.3321 1428
86.3392 1904
86.5225 952
86.5225 1428
86.5295 1904
86.5436 952
86.5436 1428
86.5507 1904
86.734 952
86.734 1428
86.7411 1904
86.7552 952
86.7552 1428
86.7622 1904
86.9455 952
86.9455 1428
86.9526 1904
86.9667 952
86.9667 1428
86.9738 1904
87.157 952
87.157 1428
87.1641 1904
87.1782 952
87.1782 1428
87.1853 1904
87.3686 952
87.3686 1428
87.3756 1904
87.3898 952
87.3898 1428
87.3968 1904
87.5801 952
87.5801 1428
87.5872 1904
87.6013 952
87.6013 1428
87.6083 1904
87.7916 952
87.7916 1428
87.7987 1904
87.8128 952
87.8128 1428
87.8199 1904
88.0032 952
88.0032 1428
88.0102 1904
88.0243 952
88.0243 1428
88.0314 1904
88.2147 952
88.2147 1428
88.2217 1904
88.2359 952
88.2359 1428
88.2429 1904
88.4262 952
88.4262 1428
88.4333 1904
88.4474 952
88.4474 1428
88.4544 1904
88.6377 952
88.6377 1428
88.6448 1904
88.6589 952
88.6589 1428
88.666 1904
88.8493 952
88.8493 1428
88.8563 1904
88.8704 952
88.8704 1428
88.8775 1904
89.0608 952
89.0608 1428
89.0678 1904
89.082 952
89.082 1428
89.089 1904
89.2723 952
89.2723 1428
89.2794 1904
89.2935 952
89.2935 1428
89.3005 1904
89.4838 952
89.4838 1428
89.4909 1904
89.505 952
89.505 1428
89.5121 1904
89.6954 952
89.6954 1428
89.7024 1904
89.7165 952
89.7165 1428
89.7236 1904
89.9069 952
89.9069 1428
89.9139 1904
89.9281 952
89.9281 1428
89.9351 1904
90.1184 952
90.1184 1428
90.1255 1904
90.1396 952
90.1396 1428
90.1466 1904
90.3299 952
90.3299 1428
90.337 1904
90.3511 952
90.3511 1428
90.3582 1904
90.5415 952
90.5415 1428
90.5485 1904
90.5626 952
90.5626 1428
90.5697 1904
90.753 952
90.753 1428
90.7601 1904
90.7742 952
90.7742 1428
90.7812 1904
90.9645 952
90.9645 1428
90.9716 1904
90.9857 952
90.9857 1428
90.9928 1904
91.176 952
91.176 1428
91.1831 1904
91.1972 952
91.1972 1428
91.2043 1904
91.3876 952
91.3876 1428
91.3946 1904
91.4087 952
91.4087 1428
91.4158 1904
91.5991 952
91.5991 1428
91.6062 1904
91.6203 952
91.6203 1428
91.6273 1904
91.8106 952
91.8106 1428
91.8177 1904
91.8318 952
91.8318 1428
91.8389 1904
92.0221 952
92.0221 1428
92.0292 1904
92.0433 952
92.0433 1428
92.0504 1904
92.2337 952
92.2337 1428
92.2407 1904
92.2549 952
92.2549 1428
92.2619 1904
92.4452 952
92.4452 1428
92.4523 1904
92.4664 952
92.4664 1428
92.4734 1904
92.6567 952
92.6567 1428
92.6638 1904
92.6779 952
92.6779 1428
92.685 1904
92.8683 952
92.8683 1428
92.8753 1904
92.8894 952
92.8894 1428
92.8965 1904
93.0798 952
93.0798 1428
93.0868 1904
93.101 952
93.101 1428
93.108 1904
93.2913 952
93.2913 1428
93.2984 1904
93.3125 952
93.3125 1428
93.3195 1904
93.5028 952
93.5028 1428
93.5099 1904
93.524 952
93.524 1428
93.5311 1904
93.7144 952
93.7144 1428
93.7214 1904
93.7355 952
93.7355 1428
93.7426 1904
93.9259 952
93.9259 1428
93.9329 1904
93.9471 952
93.9471 1428
93.9541 1904
94.1374 952
94.1374 1428
94.1445 1904
94.1586 952
94.1586 1428
94.1656 1904
94.3489 952
94.3489 1428
94.356 1904
94.3701 952
94.3701 1428
94.3772 1904
94.5605 952
94.5605 1428
94.5675 1904
94.5816 952
94.5816 1428
94.5887 1904
94.772 952
94.772 1428
94.779 1904
94.7932 952
94.7932 1428
94.8002 1904
94.9835 952
94.9835 1428
94.9906 1904
95.0047 952
95.0047 1428
95.0117 1904
95.195 952
95.195 1428
95.2021 1904
95.2162 952
95.2162 1428
95.2233 1904
95.4066 952
95.4066 1428
95.4136 1904
95.4277 952
95.4277 1428
95.4348 1904
95.6181 952
95.6181 1428
95.6251 1904
95.6393 952
95.6393 1428
95.6463 1904
95.8296 952
95.8296 1428
95.8367 1904
95.8508 952
95.8508 1428
95.8579 1904
96.0411 952
96.0411 1428
96.0482 1904
96.0623 952
96.0623 1428
96.0694 1904
96.2527 952
96.2527 1428
96.2597 1904
96.2738 952
96.2738 1428
96.2809 1904
96.4642 952
96.4642 1428
96.4713 1904
96.4854 952
96.4854 1428
96.4924 1904
96.6757 952
96.6757 1428
96.6828 1904
96.6969 952
96.6969 1428
96.704 1904
96.8872 952
96.8872 1428
96.8943 1904
96.9084 952
96.9084 1428
96.9155 1904
97.0988 952
97.0988 1428
97.1058 1904
97.1199 952
97.1199 1428
97.127 1904
97.3103 952
97.3103 1428
97.3174 1904
97.3315 952
97.3315 1428
97.3385 1904
97.5218 952
97.5218 1428
97.5289 1904
97.543 952
97.543 1428
97.5501 1904
97.7334 952
97.7334 1428
97.7404 1904
97.7545 952
97.7545 1428
97.7616 1904
97.9449 952
97.9449 1428
97.9519 1904
97.9661 952
97.9661 1428
97.9731 1904
98.1564 952
98.1564 1428
98.1635 1904
98.1776 952
98.1776 1428
98.1846 1904
98.3679 952
98.3679 1428
98.375 1904
98.3891 952
98.3891 1428
98.3962 1904
98.5795 952
98.5795 1428
98.5865 1904
98.6006 952
98.6006 1428
98.6077 1904
98.791 952
98.791 1428
98.798 1904
98.8122 952
98.8122 1428
98.8192 1904
99.0025 952
99.0025 1428
99.0096 1904
99.0237 952
99.0237 1428
99.0307 1904
99.214 952
99.214 1428
99.2211 1904
99.2352 952
99.2352 1428
99.2423 1904
99.4256 952
99.4256 1428
99.4326 1904
99.4467 952
99.4467 1428
99.4538 1904
99.6371 952
99.6371 1428
99.6441 1904
99.6583 952
99.6583 1428
99.6653 1904
99.8486 952
99.8486 1428
99.8557 1904
99.8698 952
99.8698 1428
99.8768 1904
100.06 952
100.06 1428
100.067 1904
100.081 952
100.081 1428
100.088 1904
100.272 952
100.272 1428
100.279 1904
100.293 952
100.293 1428
100.3 1904
100.484 952
100.484 1428
100.491 1904
100.505 952
100.505 1428
100.512 1904
100.695 952
100.695 1428
100.702 1904
100.717 952
100.717 1428
100.724 1904
100.907 952
100.907 1428
100.914 1904
100.928 952
100.928 1428
100.935 1904
101.119 952
101.119 1428
101.126 1904
101.14 952
101.14 1428
101.147 1904
101.331 952
101.331 1428
101.338 1904
101.352 952
101.352 1428
101.359 1904
101.542 952
101.542 1428
101.55 1904
101.564 952
101.564 1428
101.571 1904
101.754 952
101.754 1428
101.761 1904
101.775 952
101.775 1428
101.782 1904
101.966 952
101.966 1428
101.973 1904
101.987 952
101.987 1428
101.994 1904
102.178 952
102.178 1428
102.185 1904
102.199 952
102.199 1428
102.206 1904
102.389 952
102.389 1428
102.397 1904
102.411 952
102.411 1428
102.418 1904
102.601 952
102.601 1428
102.608 1904
102.622 952
102.622 1428
102.629 1904
102.813 952
102.813 1428
102.82 1904
102.834 952
102.834 1428
102.841 1904
103.025 952
103.025 1428
103.032 1904
103.046 952
103.046 1428
103.053 1904
103.237 952
103.237 1428
103.244 1904
103.258 952
103.258 1428
103.265 1904
103.448 952
103.448 1428
103.455 1904
103.469 952
103.469 1428
103.477 1904
103.66 952
103.66 1428
103.667 1904
103.681 952
103.681 1428
103.688 1904
103.872 952
103.872 1428
103.879 1904
103.893 952
103.893 1428
103.9 1904
104.084 952
104.084 1428
104.091 1904
104.105 952
104.105 1428
104.112 1904
104.295 952
104.295 1428
104.302 1904
104.317 952
104.317 1428
104.324 1904
104.507 952
104.507 1428
104.514 1904
104.528 952
104.528 1428
104.535 1904
104.719 952
104.719 1428
104.726 1904
104.74 952
104.74 1428
104.747 1904
104.931 952
104.931 1428
104.938 1904
104.952 952
104.952 1428
104.959 1904
105.142 952
105.142 1428
105.149 1904
105.164 952
105.164 1428
105.171 1904
105.354 952
105.354 1428
105.361 1904
105.375 952
105.375 1428
105.382 1904
105.566 952
105.566 1428
105.573 1904
105.587 952
105.587 1428
105.594 1904
105.778 952
105.778 1428
105.785 1904
105.799 952
105.799 1428
105.806 1904
105.989 952
105.989 1428
105.996 1904
106.011 952
106.011 1428
106.018 1904
106.201 952
106.201 1428
106.208 1904
106.222 952
106.222 1428
106.229 1904
106.413 952
106.413 1428
106.42 1904
106.434 952
106.434 1428
106.441 1904
106.625 952
106.625 1428
106.632 1904
106.646 952
106.646 1428
106.653 1904
106.836 952
106.836 1428
106.844 1904
106.858 952
106.858 1428
106.865 1904
107.048 952
107.048 1428
107.055 1904
107.069 952
107.069 1428
107.076 1904
107.26 952
107.26 1428
107.267 1904
107.281 952
107.281 1428
107.288 1904
107.472 952
107.472 1428
107.479 1904
107.493 952
107.493 1428
107.5 1904
107.683 952
107.683 1428
107.691 1904
107.705 952
107.705 1428
107.712 1904
107.895 952
107.895 1428
107.902 1904
107.916 952
107.916 1428
107.923 1904
108.107 952
108.107 1428
108.114 1904
108.128 952
108.128 1428
108.135 1904
108.319 952
108.319 1428
108.326 1904
108.34 952
108.34 1428
108.347 1904
108.531 952
108.531 1428
108.538 1904
108.552 952
108.552 1428
108.559 1904
108.742 952
108.742 1428
108.749 1904
108.763 952
108.763 1428
108.771 1904
108.954 952
108.954 1428
108.961 1904
108.975 952
108.975 1428
108.982 1904
109.166 952
109.166 1428
109.173 1904
109.187 952
109.187 1428
109.194 1904
109.378 952
109.378 1428
109.385 1904
109.399 952
109.399 1428
109.406 1904
109.589 952
109.589 1428
109.596 1904
109.61 952
109.61 1428
109.618 1904
109.801 952
109.801 1428
109.808 1904
109.822 952
109.822 1428
109.829 1904
110.013 952
110.013 1428
110.02 1904
110.034 952
110.034 1428
110.041 1904
110.225 952
110.225 1428
110.232 1904
110.246 952
110.246 1428
110.253 1904
110.436 952
110.436 1428
110.443 1904
110.458 952
110.458 1428
110.465 1904
110.648 952
110.648 1428
110.655 1904
110.669 952
110.669 1428
110.676 1904
110.86 952
110.86 1428
110.867 1904
110.881 952
110.881 1428
110.888 1904
111.072 952
111.072 1428
111.079 1904
111.093 952
111.093 1428
111.1 1904
111.283 952
111.283 1428
111.29 1904
111.305 952
111.305 1428
111.312 1904
111.495 952
111.495 1428
111.502 1904
111.516 952
111.516 1428
111.523 1904
111.707 952
111.707 1428
111.714 1904
111.728 952
111.728 1428
111.735 1904
111.919 952
111.919 1428
111.926 1904
111.94 952
111.94 1428
111.947 1904
112.13 952
112.13 1428
112.137 1904
112.152 952
112.152 1428
112.159 1904
112.342 952
112.342 1428
112.349 1904
112.363 952
112.363 1428
112.37 1904
112.554 952
112.554 1428
112.561 1904
112.575 952
112.575 1428
112.582 1904
112.766 952
112.766 1428
112.773 1904
112.787 952
112.787 1428
112.794 1904
112.977 952
112.977 1428
112.985 1904
112.999 952
112.999 1428
113.006 1904
113.189 952
113.189 1428
113.196 1904
113.21 952
113.21 1428
113.217 1904
113.401 952
113.401 1428
113.408 1904
113.422 952
113.422 1428
113.429 1904
113.613 952
113.613 1428
113.62 1904
113.634 952
113.634 1428
113.641 1904
113.825 952
113.825 1428
113.832 1904
113.846 952
113.846 1428
113.853 1904
114.036 952
114.036 1428
114.043 1904
114.057 952
114.057 1428
114.065 1904
114.248 952
114.248 1428
114.255 1904
114.269 952
114.269 1428
114.276 1904
114.46 952
114.46 1428
114.467 1904
114.481 952
114.481 1428
114.488 1904
114.672 952
114.672 1428
114.679 1904
114.693 952
114.693 1428
114.7 1904
114.883 952
114.883 1428
114.89 1904
114.904 952
114.904 1428
114.912 1904
115.095 952
115.095 1428
115.102 1904
115.116 952
115.116 1428
115.123 1904
115.307 952
115.307 1428
115.314 1904
115.328 952
115.328 1428
115.335 1904
115.519 952
115.519 1428
115.526 1904
115.54 952
115.54 1428
115.547 1904
115.73 952
115.73 1428
115.737 1904
115.752 952
115.752 1428
115.759 1904
115.942 952
115.942 1428
115.949 1904
115.963 952
115.963 1428
115.97 1904
116.154 952
116.154 1428
116.161 1904
116.175 952
116.175 1428
116.182 1904
116.366 952
116.366 1428
116.373 1904
116.387 952
116.387 1428
116.394 1904
116.577 952
116.577 1428
116.584 1904
116.599 952
116.599 1428
116.606 1904
116.789 952
116.789 1428
116.796 1904
116.81 952
116.81 1428
116.817 1904
117.001 952
117.001 1428
117.008 1904
117.022 952
117.022 1428
117.029 1904
117.213 952
117.213 1428
117.22 1904
117.234 952
117.234 1428
117.241 1904
117.424 952
117.424 1428
117.431 1904
117.446 952
117.446 1428
117.453 1904
117.636 952
117.636 1428
117.643 1904
117.657 952
117.657 1428
117.664 1904
117.848 952
117.848 1428
117.855 1904
117.869 952
117.869 1428
117.876 1904
118.06 952
118.06 1428
118.067 1904
118.081 952
118.081 1428
118.088 1904
118.271 952
118.271 1428
118.279 1904
118.293 952
118.293 1428
118.3 1904
118.483 952
118.483 1428
118.49 1904
118.504 952
118.504 1428
118.511 1904
118.695 952
118.695 1428
118.702 1904
118.716 952
118.716 1428
118.723 1904
118.907 952
118.907 1428
118.914 1904
118.928 952
118.928 1428
118.935 1904
119.119 952
119.119 1428
119.126 1904
119.14 952
119.14 1428
119.147 1904
119.33 952
119.33 1428
119.337 1904
119.351 952
119.351 1428
119.359 1904
119.542 952
119.542 1428
119.549 1904
119.563 952
119.563 1428
119.57 1904
119.754 952
119.754 1428
119.761 1904
119.775 952
119.775 1428
119.782 1904
119.966 952
119.966 1428
119.973 1904
119.987 952
119.987 1428
119.994 1904
120.177 952
120.177 1428
120.184 1904
120.198 952
120.198 1428
120.206 1904
120.389 952
120.389 1428
120.396 1904
120.41 952
120.41 1428
120.417 1904
120.601 952
120.601 1428
120.608 1904
120.622 952
120.622 1428
120.629 1904
120.813 952
120.813 1428
120.82 1904
120.834 952
120.834 1428
120.841 1904
121.024 952
121.024 1428
121.031 1904
121.046 952
121.046 1428
121.053 1904
121.236 952
121.236 1428
121.243 1904
121.257 952
121.257 1428
121.264 1904
121.448 952
121.448 1428
121.455 1904
121.469 952
121.469 1428
121.476 1904
121.66 952
121.66 1428
121.667 1904
121.681 952
121.681 1428
121.688 1904
121.871 952
121.871 1428
121.878 1904
121.893 952
121.893 1428
121.9 1904
122.083 952
122.083 1428
122.09 1904
122.104 952
122.104 1428
122.111 1904
122.295 952
122.295 1428
122.302 1904
122.316 952
122.316 1428
122.323 1904
122.507 952
122.507 1428
122.514 1904
122.528 952
122.528 1428
122.535 1904
122.718 952
122.718 1428
122.725 1904
122.74 952
122.74 1428
122.747 1904
122.93 952
122.93 1428
122.937 1904
122.951 952
122.951 1428
122.958 1904
123.142 952
123.142 1428
123.149 1904
123.163 952
123.163 1428
123.17 1904
123.354 952
123.354 1428
123.361 1904
123.375 952
123.375 1428
123.382 1904
123.565 952
123.565 1428
123.573 1904
123.587 952
123.587 1428
123.594 1904
123.777 952
123.777 1428
123.784 1904
123.798 952
123.798 1428
123.805 1904
123.989 952
123.989 1428
123.996 1904
124.01 952
124.01 1428
124.017 1904
124.201 952
124.201 1428
124.208 1904
124.222 952
124.222 1428
124.229 1904
124.412 952
124.412 1428
124.42 1904
124.434 952
124.434 1428
124.441 1904
124.624 952
124.624 1428
124.631 1904
124.645 952
124.645 1428
124.652 1904
124.836 952
124.836 1428
124.843 1904
124.857 952
124.857 1428
124.864 1904
125.048 952
125.048 1428
125.055 1904
125.069 952
125.069 1428
125.076 1904
125.26 952
125.26 1428
125.267 1904
125.281 952
125.281 1428
125.288 1904
125.471 952
125.471 1428
125.478 1904
125.492 952
125.492 1428
125.5 1904
125.683 952
125.683 1428
125.69 1904
125.704 952
125.704 1428
125.711 1904
125.895 952
125.895 1428
125.902 1904
125.916 952
125.916 1428
125.923 1904
126.107 952
126.107 1428
126.114 1904
126.128 952
126.128 1428
126.135 1904
126.318 952
126.318 1428
126.325 1904
126.34 952
126.34 1428
126.347 1904
126.53 952
126.53 1428
126.537 1904
126.551 952
126.551 1428
126.558 1904
126.742 952
126.742 1428
126.749 1904
126.763 952
126.763 1428
126.77 1904
126.954 952
126.954 1428
126.961 1904
126.975 952
126.975 1428
126.982 1904
127.165 952
127.165 1428
127.172 1904
127.187 952
127.187 1428
127.194 1904
127.377 952
127.377 1428
127.384 1904
127.398 952
127.398 1428
127.405 1904
127.589 952
127.589 1428
127.596 1904
127.61 952
127.61 1428
127.617 1904
127.801 952
127.801 1428
127.808 1904
127.822 952
127.822 1428
127.829 1904
128.012 952
128.012 1428
128.019 1904
128.034 952
128.034 1428
128.041 1904
128.224 952
128.224 1428
128.231 1904
128.245 952
128.245 1428
128.252 1904
128.436 952
128.436 1428
128.443 1904
128.457 952
128.457 1428
128.464 1904
128.648 952
128.648 1428
128.655 1904
128.669 952
128.669 1428
128.676 1904
128.859 952
128.859 1428
128.867 1904
128.881 952
128.881 1428
128.888 1904
129.071 952
129.071 1428
129.078 1904
129.092 952
129.092 1428
129.099 1904
129.283 952
129.283 1428
129.29 1904
129.304 952
129.304 1428
129.311 1904
129.495 952
129.495 1428
129.502 1904
129.516 952
129.516 1428
129.523 1904
129.706 952
129.706 1428
129.714 1904
129.728 952
129.728 1428
129.735 1904
129.918 952
129.918 1428
129.925 1904
129.939 952
129.939 1428
129.946 1904
130.13 952
130.13 1428
130.137 1904
130.151 952
130.151 1428
130.158 1904
130.342 952
130.342 1428
130.349 1904
130.363 952
130.363 1428
130.37 1904
130.554 952
130.554 1428
130.561 1904
130.575 952
130.575 1428
130.582 1904
130.765 952
130.765 1428
130.772 1904
130.786 952
130.786 1428
130.794 1904
130.977 952
130.977 1428
130.984 1904
130.998 952
130.998 1428
131.005 1904
131.189 952
131.189 1428
131.196 1904
131.21 952
131.21 1428
131.217 1904
131.401 952
131.401 1428
131.408 1904
131.422 952
131.422 1428
131.429 1904
131.612 952
131.612 1428
131.619 1904
131.634 952
131.634 1428
131.641 1904
131.824 952
131.824 1428
131.831 1904
131.845 952
131.845 1428
131.852 1904
132.036 952
132.036 1428
132.043 1904
132.057 952
132.057 1428
132.064 1904
132.248 952
132.248 1428
132.255 1904
132.269 952
132.269 1428
132.276 1904
132.459 952
132.459 1428
132.466 1904
132.481 952
132.481 1428
132.488 1904
132.671 952
132.671 1428
132.678 1904
132.692 952
132.692 1428
132.699 1904
132.883 952
132.883 1428
132.89 1904
132.904 952
132.904 1428
132.911 1904
133.095 952
133.095 1428
133.102 1904
133.116 952
133.116 1428
133.123 1904
133.306 952
133.306 1428
133.313 1904
133.328 952
133.328 1428
133.335 1904
133.518 952
133.518 1428
133.525 1904
133.539 952
133.539 1428
133.546 1904
133.73 952
133.73 1428
133.737 1904
133.751 952
133.751 1428
133.758 1904
133.942 952
133.942 1428
133.949 1904
133.963 952
133.963 1428
133.97 1904
134.153 952
134.153 1428
134.161 1904
134.175 952
134.175 1428
134.182 1904
134.365 952
134.365 1428
134.372 1904
134.386 952
134.386 1428
134.393 1904
134.577 952
134.577 1428
134.584 1904
134.598 952
134.598 1428
134.605 1904
134.789 952
134.789 1428
134.796 1904
134.81 952
134.81 1428
134.817 1904
135 952
135 1428
135.008 1904
135.022 952
135.022 1428
135.029 1904
135.212 952
135.212 1428
135.219 1904
135.233 952
135.233 1428
135.24 1904
135.424 952
135.424 1428
135.431 1904
135.445 952
135.445 1428
135.452 1904
135.636 952
135.636 1428
135.643 1904
135.657 952
135.657 1428
135.664 1904
135.848 952
135.848 1428
135.855 1904
135.869 952
135.869 1428
135.876 1904
136.059 952
136.059 1428
136.066 1904
136.08 952
136.08 1428
136.088 1904
136.271 952
136.271 1428
136.278 1904
136.292 952
136.292 1428
136.299 1904
136.483 952
136.483 1428
136.49 1904
136.504 952
136.504 1428
136.511 1904
136.695 952
136.695 1428
136.702 1904
136.716 952
136.716 1428
136.723 1904
136.906 952
136.906 1428
136.913 1904
136.927 952
136.927 1428
136.935 1904
137.118 952
137.118 1428
137.125 1904
137.139 952
137.139 1428
137.146 1904
137.33 952
137.33 1428
137.337 1904
137.351 952
137.351 1428
137.358 1904
137.542 952
137.542 1428
137.549 1904
137.563 952
137.563 1428
137.57 1904
137.753 952
137.753 1428
137.76 1904
137.775 952
137.775 1428
137.782 1904
137.965 952
137.965 1428
137.972 1904
137.986 952
137.986 1428
137.993 1904
138.177 952
138.177 1428
138.184 1904
138.198 952
138.198 1428
138.205 1904
138.389 952
138.389 1428
138.396 1904
138.41 952
138.41 1428
138.417 1904
138.6 952
138.6 1428
138.607 1904
138.622 952
138.622 1428
138.629 1904
138.812 952
138.812 1428
138.819 1904
138.833 952
138.833 1428
138.84 1904
139.024 952
139.024 1428
139.031 1904
139.045 952
139.045 1428
139.052 1904
139.236 952
139.236 1428
139.243 1904
139.257 952
139.257 1428
139.264 1904
139.447 952
139.447 1428
139.454 1904
139.469 952
139.469 1428
139.476 1904
139.659 952
139.659 1428
139.666 1904
139.68 952
139.68 1428
139.687 1904
139.871 952
139.871 1428
139.878 1904
139.892 952
139.892 1428
139.899 1904
140.083 952
140.083 1428
140.09 1904
140.104 952
140.104 1428
140.111 1904
140.294 952
140.294 1428
140.302 1904
140.316 952
140.316 1428
140.323 1904
140.506 952
140.506 1428
140.513 1904
140.527 952
140.527 1428
140.534 1904
140.718 952
140.718 1428
140.725 1904
140.739 952
140.739 1428
140.746 1904
140.93 952
140.93 1428
140.937 1904
140.951 952
140.951 1428
140.958 1904
141.142 952
141.142 1428
141.149 1904
141.163 952
141.163 1428
141.17 1904
141.353 952
141.353 1428
141.36 1904
141.374 952
141.374 1428
141.382 1904
141.565 952
141.565 1428
141.572 1904
141.586 952
141.586 1428
141.593 1904
141.777 952
141.777 1428
141.784 1904
141.798 952
141.798 1428
141.805 1904
141.989 952
141.989 1428
141.996 1904
142.01 952
142.01 1428
142.017 1904
142.2 952
142.2 1428
142.207 1904
142.221 952
142.221 1428
142.229 1904
142.412 952
142.412 1428
142.419 1904
142.433 952
142.433 1428
142.44 1904
142.624 952
142.624 1428
142.631 1904
142.645 952
142.645 1428
142.652 1904
142.836 952
142.836 1428
142.843 1904
142.857 952
142.857 1428
142.864 1904
143.047 952
143.047 1428
143.054 1904
143.069 952
143.069 1428
143.076 1904
143.259 952
143.259 1428
143.266 1904
143.28 952
143.28 1428
143.287 1904
143.471 952
143.471 1428
143.478 1904
143.492 952
143.492 1428
143.499 1904
143.683 952
143.683 1428
143.69 1904
143.704 952
143.704 1428
143.711 1904
143.894 952
143.894 1428
143.901 1904
143.916 952
143.916 1428
143.923 1904
144.106 952
144.106 1428
144.113 1904
144.127 952
144.127 1428
144.134 1904
144.318 952
144.318 1428
144.325 1904
144.339 952
144.339 1428
144.346 1904
144.53 952
144.53 1428
144.537 1904
144.551 952
144.551 1428
144.558 1904
144.741 952
144.741 1428
144.748 1904
144.763 952
144.763 1428
144.77 1904
144.953 952
144.953 1428
144.96 1904
144.974 952
144.974 1428
144.981 1904
145.165 952
145.165 1428
145.172 1904
145.186 952
145.186 1428
145.193 1904
145.377 952
145.377 1428
145.384 1904
145.398 952
145.398 1428
145.405 1904
145.588 952
145.588 1428
145.596 1904
145.61 952
145.61 1428
145.617 1904
145.8 952
145.8 1428
145.807 1904
145.821 952
145.821 1428
145.828 1904
146.012 952
146.012 1428
146.019 1904
146.033 952
146.033 1428
146.04 1904
146.224 952
146.224 1428
146.231 1904
146.245 952
146.245 1428
146.252 1904
146.436 952
146.436 1428
146.443 1904
146.457 952
146.457 1428
146.464 1904
146.647 952
146.647 1428
146.654 1904
146.668 952
146.668 1428
146.675 1904
146.859 952
146.859 1428
146.866 1904
146.88 952
146.88 1428
146.887 1904
147.071 952
147.071 1428
147.078 1904
147.092 952
147.092 1428
147.099 1904
147.283 952
147.283 1428
147.29 1904
147.304 952
147.304 1428
147.311 1904
147.494 952
147.494 1428
147.501 1904
147.515 952
147.515 1428
147.523 1904
147.706 952
147.706 1428
147.713 1904
147.727 952
147.727 1428
147.734 1904
147.918 952
147.918 1428
147.925 1904
147.939 952
147.939 1428
147.946 1904
148.13 952
148.13 1428
148.137 1904
148.151 952
148.151 1428
148.158 1904
148.341 952
148.341 1428
148.348 1904
148.363 952
148.363 1428
148.37 1904
148.553 952
148.553 1428
148.56 1904
148.574 952
148.574 1428
148.581 1904
148.765 952
148.765 1428
148.772 1904
148.786 952
148.786 1428
148.793 1904
148.977 952
148.977 1428
148.984 1904
148.998 952
148.998 1428
149.005 1904
149.188 952
149.188 1428
149.195 1904
149.21 952
149.21 1428
149.217 1904
149.4 952
149.4 1428
149.407 1904
149.421 952
149.421 1428
149.428 1904
149.612 952
149.612 1428
149.619 1904
149.633 952
149.633 1428
149.64 1904
149.824 952
149.824 1428
149.831 1904
149.845 952
149.845 1428
149.852 1904
150.035 952
150.035 1428
150.042 1904
150.057 952
150.057 1428
150.064 1904
150.247 952
150.247 1428
150.254 1904
150.268 952
150.268 1428
150.275 1904
150.458 952
150.458 1428
150.466 1904
150.48 952
150.48 1428
150.487 1904
150.67 952
150.67 1428
150.677 1904
150.691 952
150.691 1428
150.698 1904
150.882 952
150.882 1428
150.889 1904
150.903 952
150.903 1428
150.91 1904
151.093 952
151.093 1428
151.1 1904
151.114 952
151.114 1428
151.121 1904
151.305 952
151.305 1428
151.312 1904
151.326 952
151.326 1428
151.333 1904
151.516 952
151.516 1428
151.523 1904
151.537 952
151.537 1428
151.544 1904
151.728 952
151.728 1428
151.735 1904
151.749 952
151.749 1428
151.756 1904
151.939 952
151.939 1428
151.946 1904
151.96 952
151.96 1428
151.967 1904
152.151 952
152.151 1428
152.158 1904
152.172 952
152.172 1428
152.179 1904
152.362 952
152.362 1428
152.369 1904
152.383 952
152.383 1428
152.39 1904
152.574 952
152.574 1428
152.581 1904
152.595 952
152.595 1428
152.602 1904
152.785 952
152.785 1428
152.792 1904
152.806 952
152.806 1428
152.813 1904
152.997 952
152.997 1428
153.004 1904
153.018 952
153.018 1428
153.025 1904
153.208 952
153.208 1428
153.215 1904
153.229 952
153.229 1428
153.237 1904
153.42 952
153.42 1428
153.427 1904
153.441 952
153.441 1428
153.448 1904
153.631 952
153.631 1428
153.638 1904
153.653 952
153.653 1428
153.66 1904
153.843 952
153.843 1428
153.85 1904
153.864 952
153.864 1428
153.871 1904
154.054 952
154.054 1428
154.061 1904
154.076 952
154.076 1428
154.083 1904
154.266 952
154.266 1428
154.273 1904
154.287 952
154.287 1428
154.294 1904
154.477 952
154.477 1428
154.485 1904
154.499 952
154.499 1428
154.506 1904
154.689 952
154.689 1428
154.696 1904
154.71 952
154.71 1428
154.717 1904
154.901 952
154.901 1428
154.908 1904
154.922 952
154.922 1428
154.929 1904
155.112 952
155.112 1428
155.119 1904
155.133 952
155.133 1428
155.14 1904
155.324 952
155.324 1428
155.331 1904
155.345 952
155.345 1428
155.352 1904
155.535 952
155.535 1428
155.542 1904
155.556 952
155.556 1428
155.563 1904
155.747 952
155.747 1428
155.754 1904
155.768 952
155.768 1428
155.775 1904
155.958 952
155.958 1428
155.965 1904
155.979 952
155.979 1428
155.986 1904
156.17 952
156.17 1428
156.177 1904
156.191 952
156.191 1428
156.198 1904
156.381 952
156.381 1428
156.388 1904
156.402 952
156.402 1428
156.409 1904
156.593 952
156.593 1428
156.6 1904
156.614 952
156.614 1428
156.621 1904
156.804 952
156.804 1428
156.811 1904
156.825 952
156.825 1428
156.832 1904
157.016 952
157.016 1428
157.023 1904
157.037 952
157.037 1428
157.044 1904
157.227 952
157.227 1428
157.234 1904
157.248 952
157.248 1428
157.256 1904
157.439 952
157.439 1428
157.446 1904
157.46 952
157.46 1428
157.467 1904
157.65 952
157.65 1428
157.657 1904
157.672 952
157.672 1428
157.679 1904
157.862 952
157.862 1428
157.869 1904
157.883 952
157.883 1428
157.89 1904
158.073 952
158.073 1428
158.08 1904
158.095 952
158.095 1428
158.102 1904
158.285 952
158.285 1428
158.292 1904
158.306 952
158.306 1428
158.313 1904
158.496 952
158.496 1428
158.504 1904
158.518 952
158.518 1428
158.525 1904
158.708 952
158.708 1428
158.715 1904
158.729 952
158.729 1428
158.736 1904
158.92 952
158.92 1428
158.927 1904
158.941 952
158.941 1428
158.948 1904
159.131 952
159.131 1428
159.138 1904
159.152 952
159.152 1428
159.159 1904
159.343 952
159.343 1428
159.35 1904
159.364 952
159.364 1428
159.371 1904
159.554 952
159.554 1428
159.561 1904
159.575 952
159.575 1428
159.582 1904
159.766 952
159.766 1428
159.773 1904
159.787 952
159.787 1428
159.794 1904
159.977 952
159.977 1428
159.984 1904
159.998 952
159.998 1428
160.005 1904
160.189 952
160.189 1428
160.196 1904
160.21 952
160.21 1428
160.217 1904
160.4 952
160.4 1428
160.407 1904
160.421 952
160.421 1428
160.428 1904
160.612 952
160.612 1428
160.619 1904
160.633 952
160.633 1428
160.64 1904
160.823 952
160.823 1428
160.83 1904
160.844 952
160.844 1428
160.851 1904
161.035 952
161.035 1428
161.042 1904
161.056 952
161.056 1428
161.063 1904
161.246 952
161.246 1428
161.253 1904
161.267 952
161.267 1428
161.275 1904
161.458 952
161.458 1428
161.465 1904
161.479 952
161.479 1428
161.486 1904
161.669 952
161.669 1428
161.676 1904
161.691 952
161.691 1428
161.698 1904
161.881 952
161.881 1428
161.888 1904
161.902 952
161.902 1428
161.909 1904
162.092 952
162.092 1428
162.099 1904
162.114 952
162.114 1428
162.121 1904
162.304 952
162.304 1428
162.311 1904
162.325 952
162.325 1428
162.332 1904
162.515 952
162.515 1428
162.523 1904
162.537 952
162.537 1428
162.544 1904
162.727 952
162.727 1428
162.734 1904
162.748 952
162.748 1428
162.755 1904
162.939 952
162.939 1428
162.946 1904
162.96 952
162.96 1428
162.967 1904
163.15 952
163.15 1428
163.157 1904
163.171 952
163.171 1428
163.178 1904
163.362 952
163.362 1428
163.369 1904
163.383 952
163.383 1428
163.39 1904
163.573 952
163.573 1428
163.58 1904
163.594 952
163.594 1428
163.601 1904
163.785 952
163.785 1428
163.792 1904
163.806 952
163.806 1428
163.813 1904
163.996 952
163.996 1428
164.003 1904
164.017 952
164.017 1428
164.024 1904
164.208 952
164.208 1428
164.215 1904
164.229 952
164.229 1428
164.236 1904
164.419 952
164.419 1428
164.426 1904
164.44 952
164.44 1428
164.447 1904
164.631 952
164.631 1428
164.638 1904
164.652 952
164.652 1428
164.659 1904
164.842 952
164.842 1428
164.849 1904
164.863 952
164.863 1428
164.87 1904
165.054 952
165.054 1428
165.061 1904
165.075 952
165.075 1428
165.082 1904
165.265 952
165.265 1428
165.272 1904
165.286 952
165.286 1428
165.294 1904
165.477 952
165.477 1428
165.484 1904
165.498 952
165.498 1428
165.505 1904
165.688 952
165.688 1428
165.695 1904
165.71 952
165.71 1428
165.717 1904
165.9 952
165.9 1428
165.907 1904
165.921 952
165.921 1428
165.928 1904
166.111 952
166.111 1428
166.118 1904
166.133 952
166.133 1428
166.14 1904
166.323 952
166.323 1428
166.33 1904
166.344 952
166.344 1428
166.351 1904
166.534 952
166.534 1428
166.542 1904
166.556 952
166.556 1428
166.563 1904
166.746 952
166.746 1428
166.753 1904
166.767 952
166.767 1428
166.774 1904
166.958 952
166.958 1428
166.965 1904
166.979 952
166.979 1428
166.986 1904
167.169 952
167.169 1428
167.176 1904
167.19 952
167.19 1428
167.197 1904
167.381 952
167.381 1428
167.388 1904
167.402 952
167.402 1428
167.409 1904
167.592 952
167.592 1428
167.599 1904
167.613 952
167.613 1428
167.62 1904
167.804 952
167.804 1428
167.811 1904
167.825 952
167.825 1428
167.832 1904
168.015 952
168.015 1428
168.022 1904
168.036 952
168.036 1428
168.043 1904
168.227 952
168.227 1428
168.234 1904
168.248 952
168.248 1428
168.255 1904
168.438 952
168.438 1428
168.445 1904
168.459 952
168.459 1428
168.466 1904
168.65 952
168.65 1428
168.657 1904
168.671 952
168.671 1428
168.678 1904
168.861 952
168.861 1428
168.868 1904
168.882 952
168.882 1428
168.889 1904
169.073 952
169.073 1428
169.08 1904
169.094 952
169.094 1428
169.101 1904
169.284 952
169.284 1428
169.291 1904
169.305 952
169.305 1428
169.313 1904
169.496 952
169.496 1428
169.503 1904
169.517 952
169.517 1428
169.524 1904
169.707 952
169.707 1428
169.714 1904
169.729 952
169.729 1428
169.736 1904
169.919 952
169.919 1428
169.926 1904
169.94 952
169.94 1428
169.947 1904
170.13 952
170.13 1428
170.137 1904
170.152 952
170.152 1428
170.159 1904
170.342 952
170.342 1428
170.349 1904
170.363 952
170.363 1428
170.37 1904
170.553 952
170.553 1428
170.561 1904
170.575 952
170.575 1428
170.582 1904
170.765 952
170.765 1428
170.772 1904
170.786 952
170.786 1428
170.793 1904
170.976 952
170.976 1428
170.984 1904
170.998 952
170.998 1428
171.005 1904
171.188 952
171.188 1428
171.195 1904
171.209 952
171.209 1428
171.216 1904
171.4 952
171.4 1428
171.407 1904
171.421 952
171.421 1428
171.428 1904
171.611 952
171.611 1428
171.618 1904
171.632 952
171.632 1428
171.639 1904
171.823 952
171.823 1428
171.83 1904
171.844 952
171.844 1428
171.851 1904
172.034 952
172.034 1428
172.041 1904
172.055 952
172.055 1428
172.062 1904
172.246 952
172.246 1428
172.253 1904
172.267 952
172.267 1428
172.274 1904
172.457 952
172.457 1428
172.464 1904
172.478 952
172.478 1428
172.485 1904
172.669 952
172.669 1428
172.676 1904
172.69 952
172.69 1428
172.697 1904
172.88 952
172.88 1428
172.887 1904
172.901 952
172.901 1428
172.908 1904
173.092 952
173.092 1428
173.099 1904
173.113 952
173.113 1428
173.12 1904
173.303 952
173.303 1428
173.31 1904
173.324 952
173.324 1428
173.332 1904
173.515 952
173.515 1428
173.522 1904
173.536 952
173.536 1428
173.543 1904
173.726 952
173.726 1428
173.733 1904
173.748 952
173.748 1428
173.755 1904
173.938 952
173.938 1428
173.945 1904
173.959 952
173.959 1428
173.966 1904
174.149 952
174.149 1428
174.156 1904
174.171 952
174.171 1428
174.178 1904
174.361 952
174.361 1428
174.368 1904
174.382 952
174.382 1428
174.389 1904
174.572 952
174.572 1428
174.579 1904
174.594 952
174.594 1428
174.601 1904
174.784 952
174.784 1428
174.791 1904
174.805 952
174.805 1428
174.812 1904
174.995 952
174.995 1428
175.003 1904
175.017 952
175.017 1428
175.024 1904
175.207 952
175.207 1428
175.214 1904
175.228 952
175.228 1428
175.235 1904
175.419 952
175.419 1428
175.426 1904
175.44 952
175.44 1428
175.447 1904
175.63 952
175.63 1428
175.637 1904
175.651 952
175.651 1428
175.658 1904
175.842 952
175.842 1428
175.849 1904
175.863 952
175.863 1428
175.87 1904
176.053 952
176.053 1428
176.06 1904
176.074 952
176.074 1428
176.081 1904
176.265 952
176.265 1428
176.272 1904
176.286 952
176.286 1428
176.293 1904
176.476 952
176.476 1428
176.483 1904
176.497 952
176.497 1428
176.504 1904
176.688 952
176.688 1428
176.695 1904
176.709 952
176.709 1428
176.716 1904
176.899 952
176.899 1428
176.906 1904
176.92 952
176.92 1428
176.927 1904
177.111 952
177.111 1428
177.118 1904
177.132 952
177.132 1428
177.139 1904
177.322 952
177.322 1428
177.329 1904
177.343 952
177.343 1428
177.351 1904
177.534 952
177.534 1428
177.541 1904
177.555 952
177.555 1428
177.562 1904
177.745 952
177.745 1428
177.752 1904
177.767 952
177.767 1428
177.774 1904
177.957 952
177.957 1428
177.964 1904
177.978 952
177.978 1428
177.985 1904
178.168 952
178.168 1428
178.175 1904
178.19 952
178.19 1428
178.197 1904
178.38 952
178.38 1428
178.387 1904
178.401 952
178.401 1428
178.408 1904
178.591 952
178.591 1428
178.598 1904
178.613 952
178.613 1428
178.62 1904
178.803 952
178.803 1428
178.81 1904
178.824 952
178.824 1428
178.831 1904
179.014 952
179.014 1428
179.022 1904
179.036 952
179.036 1428
179.043 1904
179.226 952
179.226 1428
179.233 1904
179.247 952
179.247 1428
179.254 1904
179.438 952
179.438 1428
179.445 1904
179.459 952
179.459 1428
179.466 1904
179.649 952
179.649 1428
179.656 1904
179.67 952
179.67 1428
179.677 1904
179.861 952
179.861 1428
179.868 1904
179.882 952
179.882 1428
179.889 1904
180.072 952
180.072 1428
180.079 1904
180.093 952
180.093 1428
180.1 1904
180.284 952
180.284 1428
180.291 1904
180.305 952
180.305 1428
180.312 1904
180.495 952
180.495 1428
180.502 1904
180.516 952
180.516 1428
180.523 1904
180.707 952
180.707 1428
180.714 1904
180.728 952
180.728 1428
180.735 1904
180.918 952
180.918 1428
180.925 1904
180.939 952
180.939 1428
180.946 1904
181.13 952
181.13 1428
181.137 1904
181.151 952
181.151 1428
181.158 1904
181.341 952
181.341 1428
181.348 1904
181.362 952
181.362 1428
181.37 1904
181.553 952
181.553 1428
181.56 1904
181.574 952
181.574 1428
181.581 1904
181.764 952
181.764 1428
181.771 1904
181.786 952
181.786 1428
181.793 1904
181.976 952
181.976 1428
181.983 1904
181.997 952
181.997 1428
182.004 1904
182.187 952
182.187 1428
182.194 1904
182.209 952
182.209 1428
182.216 1904
182.399 952
182.399 1428
182.406 1904
182.42 952
182.42 1428
182.427 1904
182.61 952
182.61 1428
182.617 1904
182.632 952
182.632 1428
182.639 1904
182.822 952
182.822 1428
182.829 1904
182.843 952
182.843 1428
182.85 1904
183.033 952
183.033 1428
183.041 1904
183.055 952
183.055 1428
183.062 1904
183.245 952
183.245 1428
183.252 1904
183.266 952
183.266 1428
183.273 1904
183.457 952
183.457 1428
183.464 1904
183.478 952
183.478 1428
183.485 1904
183.668 952
183.668 1428
183.675 1904
183.689 952
183.689 1428
183.696 1904
183.88 952
183.88 1428
183.887 1904
183.901 952
183.901 1428
183.908 1904
184.091 952
184.091 1428
184.098 1904
184.112 952
184.112 1428
184.119 1904
184.303 952
184.303 1428
184.31 1904
184.324 952
184.324 1428
184.331 1904
184.514 952
184.514 1428
184.521 1904
184.535 952
184.535 1428
184.542 1904
184.726 952
184.726 1428
184.733 1904
184.747 952
184.747 1428
184.754 1904
184.937 952
184.937 1428
184.944 1904
184.958 952
184.958 1428
184.965 1904
185.149 952
185.149 1428
185.156 1904
185.17 952
185.17 1428
185.177 1904
185.36 952
185.36 1428
185.367 1904
185.381 952
185.381 1428
185.389 1904
185.572 952
185.572 1428
185.579 1904
185.593 952
185.593 1428
185.6 1904
185.783 952
185.783 1428
185.79 1904
185.804 952
185.804 1428
185.812 1904
185.995 952
185.995 1428
186.002 1904
186.016 952
186.016 1428
186.023 1904
186.206 952
186.206 1428
186.213 1904
186.228 952
186.228 1428
186.235 1904
186.418 952
186.418 1428
186.425 1904
186.439 952
186.439 1428
186.446 1904
186.629 952
186.629 1428
186.636 1904
186.651 952
186.651 1428
186.658 1904
186.841 952
186.841 1428
186.848 1904
186.862 952
186.862 1428
186.869 1904
187.052 952
187.052 1428
187.06 1904
187.074 952
187.074 1428
187.081 1904
187.264 952
187.264 1428
187.271 1904
187.285 952
187.285 1428
187.292 1904
187.476 952
187.476 1428
187.483 1904
187.497 952
187.497 1428
187.504 1904
187.687 952
187.687 1428
187.694 1904
187.708 952
187.708 1428
187.715 1904
187.899 952
187.899 1428
187.906 1904
187.92 952
187.92 1428
187.927 1904
188.11 952
188.11 1428
188.117 1904
188.131 952
188.131 1428
188.138 1904
188.322 952
188.322 1428
188.329 1904
188.343 952
188.343 1428
188.35 1904
188.533 952
188.533 1428
188.54 1904
188.554 952
188.554 1428
188.561 1904
188.745 952
188.745 1428
188.752 1904
188.766 952
188.766 1428
188.773 1904
188.956 952
188.956 1428
188.963 1904
188.977 952
188.977 1428
188.984 1904
189.168 952
189.168 1428
189.175 1904
189.189 952
189.189 1428
189.196 1904
189.379 952
189.379 1428
189.386 1904
189.4 952
189.4 1428
189.407 1904
189.591 952
189.591 1428
189.598 1904
189.612 952
189.612 1428
189.619 1904
189.802 952
189.802 1428
189.809 1904
189.823 952
189.823 1428
189.831 1904
190.014 952
190.014 1428
190.021 1904
190.035 952
190.035 1428
190.042 1904
190.225 952
190.225 1428
190.232 1904
190.247 952
190.247 1428
190.254 1904
190.437 952
190.437 1428
190.444 1904
190.458 952
190.458 1428
190.465 1904
190.648 952
190.648 1428
190.655 1904
190.67 952
190.67 1428
190.677 1904
190.86 952
190.86 1428
190.867 1904
190.881 952
190.881 1428
190.888 1904
191.071 952
191.071 1428
191.079 1904
191.093 952
191.093 1428
191.1 1904
191.283 952
191.283 1428
191.29 1904
191.304 952
191.304 1428
191.311 1904
191.495 952
191.495 1428
191.502 1904
191.516 952
191.516 1428
191.523 1904
191.706 952
191.706 1428
191.713 1904
191.727 952
191.727 1428
191.734 1904
191.918 952
191.918 1428
191.925 1904
191.939 952
191.939 1428
191.946 1904
192.129 952
192.129 1428
192.136 1904
192.15 952
192.15 1428
192.157 1904
192.341 952
192.341 1428
192.348 1904
192.362 952
192.362 1428
192.369 1904
192.552 952
192.552 1428
192.559 1904
192.573 952
192.573 1428
192.58 1904
192.764 952
192.764 1428
192.771 1904
192.785 952
192.785 1428
192.792 1904
192.975 952
192.975 1428
192.982 1904
192.996 952
192.996 1428
193.003 1904
193.187 952
193.187 1428
193.194 1904
193.208 952
193.208 1428
193.215 1904
193.398 952
193.398 1428
193.405 1904
193.419 952
193.419 1428
193.426 1904
193.61 952
193.61 1428
193.617 1904
193.631 952
193.631 1428
193.638 1904
193.821 952
193.821 1428
193.828 1904
193.842 952
193.842 1428
193.85 1904
194.033 952
194.033 1428
194.04 1904
194.054 952
194.054 1428
194.061 1904
194.244 952
194.244 1428
194.251 1904
194.266 952
194.266 1428
194.273 1904
194.456 952
194.456 1428
194.463 1904
194.477 952
194.477 1428
194.484 1904
194.667 952
194.667 1428
194.674 1904
194.689 952
194.689 1428
194.696 1904
194.879 952
194.879 1428
194.886 1904
194.9 952
194.9 1428
194.907 1904
195.09 952
195.09 1428
195.098 1904
195.112 952
195.112 1428
195.119 1904
195.302 952
195.302 1428
195.309 1904
195.323 952
195.323 1428
195.33 1904
195.514 952
195.514 1428
195.521 1904
195.535 952
195.535 1428
195.542 1904
195.725 952
195.725 1428
195.732 1904
195.746 952
195.746 1428
195.753 1904
195.937 952
195.937 1428
195.944 1904
195.958 952
195.958 1428
195.965 1904
196.148 952
196.148 1428
196.155 1904
196.169 952
196.169 1428
196.176 1904
196.36 952
196.36 1428
196.367 1904
196.381 952
196.381 1428
196.388 1904
196.571 952
196.571 1428
196.578 1904
196.592 952
196.592 1428
196.599 1904
196.783 952
196.783 1428
196.79 1904
196.804 952
196.804 1428
196.811 1904
196.994 952
196.994 1428
197.001 1904
197.015 952
197.015 1428
197.022 1904
197.206 952
197.206 1428
197.213 1904
197.227 952
197.227 1428
197.234 1904
197.417 952
197.417 1428
197.424 1904
197.438 952
197.438 1428
197.445 1904
197.629 952
197.629 1428
197.636 1904
197.65 952
197.65 1428
197.657 1904
197.84 952
197.84 1428
197.847 1904
197.861 952
197.861 1428
197.869 1904
198.052 952
198.052 1428
198.059 1904
198.073 952
198.073 1428
198.08 1904
198.263 952
198.263 1428
198.27 1904
198.285 952
198.285 1428
198.292 1904
198.475 952
198.475 1428
198.482 1904
198.496 952
198.496 1428
198.503 1904
198.686 952
198.686 1428
198.693 1904
198.708 952
198.708 1428
198.715 1904
198.898 952
198.898 1428
198.905 1904
198.919 952
198.919 1428
198.926 1904
199.109 952
199.109 1428
199.117 1904
199.131 952
199.131 1428
199.138 1904
199.321 952
199.321 1428
199.328 1904
199.342 952
199.342 1428
199.349 1904
199.533 952
199.533 1428
199.54 1904
199.554 952
199.554 1428
199.561 1904
199.744 952
199.744 1428
199.751 1904
199.765 952
199.765 1428
199.772 1904
199.956 952
199.956 1428
199.963 1904
199.977 952
199.977 1428
199.984 1904
200.167 952
200.167 1428
200.174 1904
200.188 952
200.188 1428
200.195 1904
200.379 952
200.379 1428
200.386 1904
200.4 952
200.4 1428
200.407 1904
200.591 952
200.591 1428
200.598 1904
200.612 952
200.612 1428
200.619 1904
200.802 952
200.802 1428
200.809 1904
200.824 952
200.824 1428
200.831 1904
