0.0 0
0.034232 4760
0.034232 4760
0.0594108 5236
0.0611068 6188
0.0628028 7140
0.0644988 8092
0.0661948 9044
10.0344 1428
10.0361 1904
10.0361 1428
10.0378 1904
10.0378 1428
10.0395 1904
10.0395 1428
10.0511 1904
10.0511 1428
10.0528 1904
10.0528 1428
10.0545 1904
10.0545 1428
10.0562 1904
10.0562 1428
10.0579 1904
10.0579 1428
10.0831 1904
10.0831 1428
10.1082 1904
10.1082 1428
10.1334 1904
10.1334 1428
10.1586 1904
10.1586 1428
10.1837 1904
10.1837 1428
10.2089 1904
10.2089 1428
10.2341 1904
10.2341 1428
10.2592 1904
10.2592 1428
10.2844 1904
10.2844 1428
10.3096 1904
10.3096 1428
10.3347 1904
10.3347 1428
10.3599 1904
10.3599 1428
10.3851 1904
10.3851 1428
10.4102 1904
10.4102 1428
10.4354 1904
10.4354 1428
10.4606 1904
10.4606 1428
10.4857 1904
10.4857 1428
10.5109 1904
10.5109 1428
10.5361 1904
10.5361 1428
10.5612 1904
10.5612 1428
10.5864 1904
10.5864 1428
10.6116 1904
10.6116 1428
10.6368 1904
10.6368 1428
10.6619 1904
10.6619 1428
10.6871 1904
10.6871 1428
10.7123 1904
10.7123 1428
10.7374 1904
10.7374 1428
10.7626 1904
10.7626 1428
10.7878 1904
10.7878 1428
10.8129 1904
10.8129 1428
10.8381 1904
10.8381 1428
10.8633 1904
10.8633 1428
10.8884 1904
10.8884 1428
10.9136 1904
10.9136 1428
10.9388 1904
10.9388 1428
10.9639 1904
10.9639 1428
10.9891 1904
10.9891 1428
11.0143 1904
11.0143 1428
11.0394 1904
11.0394 1428
11.0646 1904
11.0646 1428
11.0898 1904
11.0898 1428
11.1149 1904
11.1149 1428
11.1401 1904
11.1401 1428
11.1653 1904
11.1653 1428
11.1904 1904
11.1904 1428
11.2156 1904
11.2156 1428
11.2408 1904
11.2408 1428
11.266 1904
11.266 1428
11.2911 1904
11.2911 1428
11.3163 1904
11.3163 1428
11.3415 1904
11.3415 1428
11.3666 1904
11.3666 1428
11.3918 1904
11.3918 1428
11.417 1904
11.417 1428
11.4421 1904
11.4421 1428
11.4673 1904
11.4673 1428
11.4925 1904
11.4925 1428
11.5176 1904
11.5176 1428
11.5428 1904
11.5428 1428
11.568 1904
11.568 1428
11.5931 1904
11.5931 1428
11.6183 1904
11.6183 1428
11.6435 1904
11.6435 1428
11.6686 1904
11.6686 1428
11.6938 1904
11.6938 1428
11.719 1904
11.719 1428
11.7441 1904
11.7441 1428
11.7693 1904
11.7693 1428
11.7945 1904
11.7945 1428
11.8196 1904
11.8196 1428
11.8448 1904
11.8448 1428
11.87 1904
11.87 1428
11.8952 1904
11.8952 1428
11.9203 1904
11.9203 1428
11.9455 1904
11.9455 1428
11.9707 1904
11.9707 1428
11.9958 1904
11.9958 1428
12.021 1904
12.021 1428
12.0462 1904
12.0462 1428
12.0713 1904
12.0713 1428
12.0965 1904
12.0965 1428
12.1217 1904
12.1217 1428
12.1468 1904
12.1468 1428
12.172 1904
12.172 1428
12.1972 1904
12.1972 1428
12.2223 1904
12.2223 1428
12.2475 1904
12.2475 1428
12.2727 1904
12.2727 1428
12.2978 1904
12.2978 1428
12.323 1904
12.323 1428
12.3482 1904
12.3482 1428
12.3733 1904
12.3733 1428
12.3985 1904
12.3985 1428
12.4237 1904
12.4237 1428
12.4488 1904
12.4488 1428
12.474 1904
12.474 1428
12.4992 1904
12.4992 1428
12.5244 1904
12.5244 1428
12.5495 1904
12.5495 1428
12.5747 1904
12.5747 1428
12.5999 1904
12.5999 1428
12.625 1904
12.625 1428
12.6502 1904
12.6502 1428
12.6754 1904
12.6754 1428
12.7005 1904
12.7005 1428
12.7257 1904
12.7257 1428
12.7509 1904
12.7509 1428
12.776 1904
12.776 1428
12.8012 1904
12.8012 1428
12.8264 1904
12.8264 1428
12.8515 1904
12.8515 1428
12.8767 1904
12.8767 1428
12.9019 1904
12.9019 1428
12.927 1904
12.927 1428
12.9522 1904
12.9522 1428
12.9774 1904
12.9774 1428
13.0025 1904
13.0025 1428
13.0277 1904
13.0277 1428
13.0529 1904
13.0529 1428
13.078 1904
13.078 1428
13.1032 1904
13.1032 1428
13.1284 1904
13.1284 1428
13.1536 1904
13.1536 1428
13.1787 1904
13.1787 1428
13.2039 1904
13.2039 1428
13.2291 1904
13.2291 1428
13.2542 1904
13.2542 1428
13.2794 1904
13.2794 1428
13.3046 1904
13.3046 1428
13.3297 1904
13.3297 1428
13.3549 1904
13.3549 1428
13.3801 1904
13.3801 1428
13.4052 1904
13.4052 1428
13.4304 1904
13.4304 1428
13.4556 1904
13.4556 1428
13.4807 1904
13.4807 1428
13.5059 1904
13.5059 1428
13.5311 1904
13.5311 1428
13.5562 1904
13.5562 1428
13.5814 1904
13.5814 1428
13.6066 1904
13.6066 1428
13.6317 1904
13.6317 1428
13.6569 1904
13.6569 1428
13.6821 1904
13.6821 1428
13.7072 1904
13.7072 1428
13.7324 1904
13.7324 1428
13.7576 1904
13.7576 1428
13.7828 1904
13.7828 1428
13.8079 1904
13.8079 1428
13.8331 1904
13.8331 1428
13.8583 1904
13.8583 1428
13.8834 1904
13.8834 1428
13.9086 1904
13.9086 1428
13.9338 1904
13.9338 1428
13.9589 1904
13.9589 1428
13.9841 1904
13.9841 1428
14.0093 1904
14.0093 1428
14.0344 1904
14.0344 1428
14.0596 1904
14.0596 1428
14.0848 1904
14.0848 1428
14.1099 1904
14.1099 1428
14.1351 1904
14.1351 1428
14.1603 1904
14.1603 1428
14.1854 1904
14.1854 1428
14.2106 1904
14.2106 1428
14.2358 1904
14.2358 1428
14.2609 1904
14.2609 1428
14.2861 1904
14.2861 1428
14.3113 1904
14.3113 1428
14.3364 1904
14.3364 1428
14.3616 1904
14.3616 1428
14.3868 1904
14.3868 1428
14.412 1904
14.412 1428
14.4371 1904
14.4371 1428
14.4623 1904
14.4623 1428
14.4875 1904
14.4875 1428
14.5126 1904
14.5126 1428
14.5378 1904
14.5378 1428
14.563 1904
14.563 1428
14.5881 1904
14.5881 1428
14.6133 1904
14.6133 1428
14.6385 1904
14.6385 1428
14.6636 1904
14.6636 1428
14.6888 1904
14.6888 1428
14.714 1904
14.714 1428
14.7391 1904
14.7391 1428
14.7643 1904
14.7643 1428
14.7895 1904
14.7895 1428
14.8146 1904
14.8146 1428
14.8398 1904
14.8398 1428
14.865 1904
14.865 1428
14.8901 1904
14.8901 1428
14.9153 1904
14.9153 1428
14.9405 1904
14.9405 1428
14.9656 1904
14.9656 1428
14.9908 1904
14.9908 1428
15.016 1904
15.016 1428
15.0412 1904
15.0412 1428
15.0663 1904
15.0663 1428
15.0915 1904
15.0915 1428
15.1167 1904
15.1167 1428
15.1418 1904
15.1418 1428
15.167 1904
15.167 1428
15.1922 1904
15.1922 1428
15.2173 1904
15.2173 1428
15.2425 1904
15.2425 1428
15.2677 1904
15.2677 1428
15.2928 1904
15.2928 1428
15.318 1904
15.318 1428
15.3432 1904
15.3432 1428
15.3683 1904
15.3683 1428
15.3935 1904
15.3935 1428
15.4187 1904
15.4187 1428
15.4438 1904
15.4438 1428
15.469 1904
15.469 1428
15.4942 1904
15.4942 1428
15.5193 1904
15.5193 1428
15.5445 1904
15.5445 1428
15.5697 1904
15.5697 1428
15.5948 1904
15.5948 1428
15.62 1904
15.62 1428
15.6452 1904
15.6452 1428
15.6704 1904
15.6704 1428
15.6955 1904
15.6955 1428
15.7207 1904
15.7207 1428
15.7459 1904
15.7459 1428
15.771 1904
15.771 1428
15.7962 1904
15.7962 1428
15.8214 1904
15.8214 1428
15.8465 1904
15.8465 1428
15.8717 1904
15.8717 1428
15.8969 1904
15.8969 1428
15.922 1904
15.922 1428
15.9472 1904
15.9472 1428
15.9724 1904
15.9724 1428
15.9975 1904
15.9975 1428
16.0227 1904
16.0227 1428
16.0479 1904
16.0479 1428
16.073 1904
16.073 1428
16.0982 1904
16.0982 1428
16.1234 1904
16.1234 1428
16.1485 1904
16.1485 1428
16.1737 1904
16.1737 1428
16.1989 1904
16.1989 1428
16.224 1904
16.224 1428
16.2492 1904
16.2492 1428
16.2744 1904
16.2744 1428
16.2996 1904
16.2996 1428
16.3247 1904
16.3247 1428
16.3499 1904
16.3499 1428
16.3751 1904
16.3751 1428
16.4002 1904
16.4002 1428
16.4254 1904
16.4254 1428
16.4506 1904
16.4506 1428
16.4757 1904
16.4757 1428
16.5009 1904
16.5009 1428
16.5261 1904
16.5261 1428
16.5512 1904
16.5512 1428
16.5764 1904
16.5764 1428
16.6016 1904
16.6016 1428
16.6267 1904
16.6267 1428
16.6519 1904
16.6519 1428
16.6771 1904
16.6771 1428
16.7022 1904
16.7022 1428
16.7274 1904
16.7274 1428
16.7526 1904
16.7526 1428
16.7777 1904
16.7777 1428
16.8029 1904
16.8029 1428
16.8281 1904
16.8281 1428
16.8532 1904
16.8532 1428
16.8784 1904
16.8784 1428
16.9036 1904
16.9036 1428
16.9288 1904
16.9288 1428
16.9539 1904
16.9539 1428
16.9791 1904
16.9791 1428
17.0043 1904
17.0043 1428
17.0294 1904
17.0294 1428
17.0546 1904
17.0546 1428
17.0798 1904
17.0798 1428
17.1049 1904
17.1049 1428
17.1301 1904
17.1301 1428
17.1553 1904
17.1553 1428
17.1804 1904
17.1804 1428
17.2056 1904
17.2056 1428
17.2308 1904
17.2308 1428
17.2559 1904
17.2559 1428
17.2811 1904
17.2811 1428
17.3063 1904
17.3063 1428
17.3314 1904
17.3314 1428
17.3566 1904
17.3566 1428
17.3818 1904
17.3818 1428
17.4069 1904
17.4069 1428
17.4321 1904
17.4321 1428
17.4573 1904
17.4573 1428
17.4824 1904
17.4824 1428
17.5076 1904
17.5076 1428
17.5328 1904
17.5328 1428
17.558 1904
17.558 1428
17.5831 1904
17.5831 1428
17.6083 1904
17.6083 1428
17.6335 1904
17.6335 1428
17.6586 1904
17.6586 1428
17.6838 1904
17.6838 1428
17.709 1904
17.709 1428
17.7341 1904
17.7341 1428
17.7593 1904
17.7593 1428
17.7845 1904
17.7845 1428
17.8096 1904
17.8096 1428
17.8348 1904
17.8348 1428
17.86 1904
17.86 1428
17.8851 1904
17.8851 1428
17.9103 1904
17.9103 1428
17.9355 1904
17.9355 1428
17.9606 1904
17.9606 1428
17.9858 1904
17.9858 1428
18.011 1904
18.011 1428
18.0361 1904
18.0361 1428
18.0613 1904
18.0613 1428
18.0865 1904
18.0865 1428
18.1116 1904
18.1116 1428
18.1368 1904
18.1368 1428
18.162 1904
18.162 1428
18.1872 1904
18.1872 1428
18.2123 1904
18.2123 1428
18.2375 1904
18.2375 1428
18.2627 1904
18.2627 1428
18.2878 1904
18.2878 1428
18.313 1904
18.313 1428
18.3382 1904
18.3382 1428
18.3633 1904
18.3633 1428
18.3885 1904
18.3885 1428
18.4137 1904
18.4137 1428
18.4388 1904
18.4388 1428
18.464 1904
18.464 1428
18.4892 1904
18.4892 1428
18.5143 1904
18.5143 1428
18.5395 1904
18.5395 1428
18.5647 1904
18.5647 1428
18.5898 1904
18.5898 1428
18.615 1904
18.615 1428
18.6402 1904
18.6402 1428
18.6653 1904
18.6653 1428
18.6905 1904
18.6905 1428
18.7157 1904
18.7157 1428
18.7408 1904
18.7408 1428
18.766 1904
18.766 1428
18.7912 1904
18.7912 1428
18.8164 1904
18.8164 1428
18.8415 1904
18.8415 1428
18.8667 1904
18.8667 1428
18.8919 1904
18.8919 1428
18.917 1904
18.917 1428
18.9422 1904
18.9422 1428
18.9674 1904
18.9674 1428
18.9925 1904
18.9925 1428
19.0177 1904
19.0177 1428
19.0429 1904
19.0429 1428
19.068 1904
19.068 1428
19.0932 1904
19.0932 1428
19.1184 1904
19.1184 1428
19.1435 1904
19.1435 1428
19.1687 1904
19.1687 1428
19.1939 1904
19.1939 1428
19.219 1904
19.219 1428
19.2442 1904
19.2442 1428
19.2694 1904
19.2694 1428
19.2945 1904
19.2945 1428
19.3197 1904
19.3197 1428
19.3449 1904
19.3449 1428
19.37 1904
19.37 1428
19.3952 1904
19.3952 1428
19.4204 1904
19.4204 1428
19.4456 1904
19.4456 1428
19.4707 1904
19.4707 1428
19.4959 1904
19.4959 1428
19.5211 1904
19.5211 1428
19.5462 1904
19.5462 1428
19.5714 1904
19.5714 1428
19.5966 1904
19.5966 1428
19.6217 1904
19.6217 1428
19.6469 1904
19.6469 1428
19.6721 1904
19.6721 1428
19.6972 1904
19.6972 1428
19.7224 1904
19.7224 1428
19.7476 1904
19.7476 1428
19.7727 1904
19.7727 1428
19.7979 1904
19.7979 1428
19.8231 1904
19.8231 1428
19.8482 1904
19.8482 1428
19.8734 1904
19.8734 1428
19.8986 1904
19.8986 1428
19.9237 1904
19.9237 1428
19.9489 1904
19.9489 1428
19.9741 1904
19.9741 1428
19.9992 1904
19.9992 1428
20.0244 1904
20.0244 1428
20.0496 1904
20.0496 1428
20.0748 1904
20.0748 1428
20.0999 1904
20.0999 1428
20.1251 1904
20.1251 1428
20.1503 1904
20.1503 1428
20.1754 1904
20.1754 1428
20.2006 1904
20.2006 1428
20.2258 1904
20.2258 1428
20.2509 1904
20.2509 1428
20.2761 1904
20.2761 1428
20.3013 1904
20.3013 1428
20.3264 1904
20.3264 1428
20.3516 1904
20.3516 1428
20.3768 1904
20.3768 1428
20.4019 1904
20.4019 1428
20.4271 1904
20.4271 1428
20.4523 1904
20.4523 1428
20.4774 1904
20.4774 1428
20.5026 1904
20.5026 1428
20.5278 1904
20.5278 1428
20.5529 1904
20.5529 1428
20.5781 1904
20.5781 1428
20.6033 1904
20.6033 1428
20.6284 1904
20.6284 1428
20.6536 1904
20.6536 1428
20.6788 1904
20.6788 1428
20.704 1904
20.704 1428
20.7291 1904
20.7291 1428
20.7543 1904
20.7543 1428
20.7795 1904
20.7795 1428
20.8046 1904
20.8046 1428
20.8298 1904
20.8298 1428
20.855 1904
20.855 1428
20.8801 1904
20.8801 1428
20.9053 1904
20.9053 1428
20.9305 1904
20.9305 1428
20.9556 1904
20.9556 1428
20.9808 1904
20.9808 1428
21.006 1904
21.006 1428
21.0311 1904
21.0311 1428
21.0563 1904
21.0563 1428
21.0815 1904
21.0815 1428
21.1066 1904
21.1066 1428
21.1318 1904
21.1318 1428
21.157 1904
21.157 1428
21.1821 1904
21.1821 1428
21.2073 1904
21.2073 1428
21.2325 1904
21.2325 1428
21.2576 1904
21.2576 1428
21.2828 1904
21.2828 1428
21.308 1904
21.308 1428
21.3332 1904
21.3332 1428
21.3583 1904
21.3583 1428
21.3835 1904
21.3835 1428
21.4087 1904
21.4087 1428
21.4338 1904
21.4338 1428
21.459 1904
21.459 1428
21.4842 1904
21.4842 1428
21.5093 1904
21.5093 1428
21.5345 1904
21.5345 1428
21.5597 1904
21.5597 1428
21.5848 1904
21.5848 1428
21.61 1904
21.61 1428
21.6352 1904
21.6352 1428
21.6603 1904
21.6603 1428
21.6855 1904
21.6855 1428
21.7107 1904
21.7107 1428
21.7358 1904
21.7358 1428
21.761 1904
21.761 1428
21.7862 1904
21.7862 1428
21.8113 1904
21.8113 1428
21.8365 1904
21.8365 1428
21.8617 1904
21.8617 1428
21.8868 1904
21.8868 1428
21.912 1904
21.912 1428
21.9372 1904
21.9372 1428
21.9624 1904
21.9624 1428
21.9875 1904
21.9875 1428
22.0127 1904
22.0127 1428
22.0379 1904
22.0379 1428
22.063 1904
22.063 1428
22.0882 1904
22.0882 1428
22.1134 1904
22.1134 1428
22.1385 1904
22.1385 1428
22.1637 1904
22.1637 1428
22.1889 1904
22.1889 1428
22.214 1904
22.214 1428
22.2392 1904
22.2392 1428
22.2644 1904
22.2644 1428
22.2895 1904
22.2895 1428
22.3147 1904
22.3147 1428
22.3399 1904
22.3399 1428
22.365 1904
22.365 1428
22.3902 1904
22.3902 1428
22.4154 1904
22.4154 1428
22.4405 1904
22.4405 1428
22.4657 1904
22.4657 1428
22.4909 1904
22.4909 1428
22.516 1904
22.516 1428
22.5412 1904
22.5412 1428
22.5664 1904
22.5664 1428
22.5916 1904
22.5916 1428
22.6167 1904
22.6167 1428
22.6419 1904
22.6419 1428
22.6671 1904
22.6671 1428
22.6922 1904
22.6922 1428
22.7174 1904
22.7174 1428
22.7426 1904
22.7426 1428
22.7677 1904
22.7677 1428
22.7929 1904
22.7929 1428
22.8181 1904
22.8181 1428
22.8432 1904
22.8432 1428
22.8684 1904
22.8684 1428
22.8936 1904
22.8936 1428
22.9187 1904
22.9187 1428
22.9439 1904
22.9439 1428
22.9691 1904
22.9691 1428
22.9942 1904
22.9942 1428
23.0194 1904
23.0194 1428
23.0446 1904
23.0446 1428
23.0697 1904
23.0697 1428
23.0949 1904
23.0949 1428
23.1201 1904
23.1201 1428
23.1452 1904
23.1452 1428
23.1704 1904
23.1704 1428
23.1956 1904
23.1956 1428
23.2208 1904
23.2208 1428
23.2459 1904
23.2459 1428
23.2711 1904
23.2711 1428
23.2963 1904
23.2963 1428
23.3214 1904
23.3214 1428
23.3466 1904
23.3466 1428
23.3718 1904
23.3718 1428
23.3969 1904
23.3969 1428
23.4221 1904
23.4221 1428
23.4473 1904
23.4473 1428
23.4724 1904
23.4724 1428
23.4976 1904
23.4976 1428
23.5228 1904
23.5228 1428
23.5479 1904
23.5479 1428
23.5731 1904
23.5731 1428
23.5983 1904
23.5983 1428
23.6234 1904
23.6234 1428
23.6486 1904
23.6486 1428
23.6738 1904
23.6738 1428
23.6989 1904
23.6989 1428
23.7241 1904
23.7241 1428
23.7493 1904
23.7493 1428
23.7744 1904
23.7744 1428
23.7996 1904
23.7996 1428
23.8248 1904
23.8248 1428
23.85 1904
23.85 1428
23.8751 1904
23.8751 1428
23.9003 1904
23.9003 1428
23.9255 1904
23.9255 1428
23.9506 1904
23.9506 1428
23.9758 1904
23.9758 1428
24.001 1904
24.001 1428
24.0261 1904
24.0261 1428
24.0513 1904
24.0513 1428
24.0765 1904
24.0765 1428
24.1016 1904
24.1016 1428
24.1268 1904
24.1268 1428
24.152 1904
24.152 1428
24.1771 1904
24.1771 1428
24.2023 1904
24.2023 1428
24.2275 1904
24.2275 1428
24.2526 1904
24.2526 1428
24.2778 1904
24.2778 1428
24.303 1904
24.303 1428
24.3281 1904
24.3281 1428
24.3533 1904
24.3533 1428
24.3785 1904
24.3785 1428
24.4036 1904
24.4036 1428
24.4288 1904
24.4288 1428
24.454 1904
24.454 1428
24.4792 1904
24.4792 1428
24.5043 1904
24.5043 1428
24.5295 1904
24.5295 1428
24.5547 1904
24.5547 1428
24.5798 1904
24.5798 1428
24.605 1904
24.605 1428
24.6302 1904
24.6302 1428
24.6553 1904
24.6553 1428
24.6805 1904
24.6805 1428
24.7057 1904
24.7057 1428
24.7308 1904
24.7308 1428
24.756 1904
24.756 1428
24.7812 1904
24.7812 1428
24.8063 1904
24.8063 1428
24.8315 1904
24.8315 1428
24.8567 1904
24.8567 1428
24.8818 1904
24.8818 1428
24.907 1904
24.907 1428
24.9322 1904
24.9322 1428
24.9573 1904
24.9573 1428
24.9825 1904
24.9825 1428
25.0077 1904
25.0077 1428
25.0328 1904
25.0328 1428
25.058 1904
25.058 1428
25.0832 1904
25.0832 1428
25.1084 1904
25.1084 1428
25.1335 1904
25.1335 1428
25.1587 1904
25.1587 1428
25.1839 1904
25.1839 1428
25.209 1904
25.209 1428
25.2342 1904
25.2342 1428
25.2594 1904
25.2594 1428
25.2845 1904
25.2845 1428
25.3097 1904
25.3097 1428
25.3349 1904
25.3349 1428
25.36 1904
25.36 1428
25.3852 1904
25.3852 1428
25.4104 1904
25.4104 1428
25.4355 1904
25.4355 1428
25.4607 1904
25.4607 1428
25.4859 1904
25.4859 1428
25.511 1904
25.511 1428
25.5362 1904
25.5362 1428
25.5614 1904
25.5614 1428
25.5865 1904
25.5865 1428
25.6117 1904
25.6117 1428
25.6369 1904
25.6369 1428
25.662 1904
25.662 1428
25.6872 1904
25.6872 1428
25.7124 1904
25.7124 1428
25.7376 1904
25.7376 1428
25.7627 1904
25.7627 1428
25.7879 1904
25.7879 1428
25.8131 1904
25.8131 1428
25.8382 1904
25.8382 1428
25.8634 1904
25.8634 1428
25.8886 1904
25.8886 1428
25.9137 1904
25.9137 1428
25.9389 1904
25.9389 1428
25.9641 1904
25.9641 1428
25.9892 1904
25.9892 1428
26.0144 1904
26.0144 1428
26.0396 1904
26.0396 1428
26.0647 1904
26.0647 1428
26.0899 1904
26.0899 1428
26.1151 1904
26.1151 1428
26.1402 1904
26.1402 1428
26.1654 1904
26.1654 1428
26.1906 1904
26.1906 1428
26.2157 1904
26.2157 1428
26.2409 1904
26.2409 1428
26.2661 1904
26.2661 1428
26.2912 1904
26.2912 1428
26.3164 1904
26.3164 1428
26.3416 1904
26.3416 1428
26.3668 1904
26.3668 1428
26.3919 1904
26.3919 1428
26.4171 1904
26.4171 1428
26.4423 1904
26.4423 1428
26.4674 1904
26.4674 1428
26.4926 1904
26.4926 1428
26.5178 1904
26.5178 1428
26.5429 1904
26.5429 1428
26.5681 1904
26.5681 1428
26.5933 1904
26.5933 1428
26.6184 1904
26.6184 1428
26.6436 1904
26.6436 1428
26.6688 1904
26.6688 1428
26.6939 1904
26.6939 1428
26.7191 1904
26.7191 1428
26.7443 1904
26.7443 1428
26.7694 1904
26.7694 1428
26.7946 1904
26.7946 1428
26.8198 1904
26.8198 1428
26.8449 1904
26.8449 1428
26.8701 1904
26.8701 1428
26.8953 1904
26.8953 1428
26.9204 1904
26.9204 1428
26.9456 1904
26.9456 1428
26.9708 1904
26.9708 1428
26.996 1904
26.996 1428
27.0211 1904
27.0211 1428
27.0463 1904
27.0463 1428
27.0715 1904
27.0715 1428
27.0966 1904
27.0966 1428
27.1218 1904
27.1218 1428
27.147 1904
27.147 1428
27.1721 1904
27.1721 1428
27.1973 1904
27.1973 1428
27.2225 1904
27.2225 1428
27.2476 1904
27.2476 1428
27.2728 1904
27.2728 1428
27.298 1904
27.298 1428
27.3231 1904
27.3231 1428
27.3483 1904
27.3483 1428
27.3735 1904
27.3735 1428
27.3986 1904
27.3986 1428
27.4238 1904
27.4238 1428
27.449 1904
27.449 1428
27.4741 1904
27.4741 1428
27.4993 1904
27.4993 1428
27.5245 1904
27.5245 1428
27.5496 1904
27.5496 1428
27.5748 1904
27.5748 1428
27.6 1904
27.6 1428
27.6252 1904
27.6252 1428
27.6503 1904
27.6503 1428
27.6755 1904
27.6755 1428
27.7007 1904
27.7007 1428
27.7258 1904
27.7258 1428
27.751 1904
27.751 1428
27.7762 1904
27.7762 1428
27.8013 1904
27.8013 1428
27.8265 1904
27.8265 1428
27.8517 1904
27.8517 1428
27.8768 1904
27.8768 1428
27.902 1904
27.902 1428
27.9272 1904
27.9272 1428
27.9523 1904
27.9523 1428
27.9775 1904
27.9775 1428
28.0027 1904
28.0027 1428
28.0278 1904
28.0278 1428
28.053 1904
28.053 1428
28.0782 1904
28.0782 1428
28.1033 1904
28.1033 1428
28.1285 1904
28.1285 1428
28.1537 1904
28.1537 1428
28.1788 1904
28.1788 1428
28.204 1904
28.204 1428
28.2292 1904
28.2292 1428
28.2544 1904
28.2544 1428
28.2795 1904
28.2795 1428
28.3047 1904
28.3047 1428
28.3299 1904
28.3299 1428
28.355 1904
28.355 1428
28.3802 1904
28.3802 1428
28.4054 1904
28.4054 1428
28.4305 1904
28.4305 1428
28.4557 1904
28.4557 1428
28.4809 1904
28.4809 1428
28.506 1904
28.506 1428
28.5312 1904
28.5312 1428
28.5564 1904
28.5564 1428
28.5815 1904
28.5815 1428
28.6067 1904
28.6067 1428
28.6319 1904
28.6319 1428
28.657 1904
28.657 1428
28.6822 1904
28.6822 1428
28.7074 1904
28.7074 1428
28.7325 1904
28.7325 1428
28.7577 1904
28.7577 1428
28.7829 1904
28.7829 1428
28.808 1904
28.808 1428
28.8332 1904
28.8332 1428
28.8584 1904
28.8584 1428
28.8836 1904
28.8836 1428
28.9087 1904
28.9087 1428
28.9339 1904
28.9339 1428
28.9591 1904
28.9591 1428
28.9842 1904
28.9842 1428
29.0094 1904
29.0094 1428
29.0346 1904
29.0346 1428
29.0597 1904
29.0597 1428
29.0849 1904
29.0849 1428
29.1101 1904
29.1101 1428
29.1352 1904
29.1352 1428
29.1604 1904
29.1604 1428
29.1856 1904
29.1856 1428
29.2107 1904
29.2107 1428
29.2359 1904
29.2359 1428
29.2611 1904
29.2611 1428
29.2862 1904
29.2862 1428
29.3114 1904
29.3114 1428
29.3366 1904
29.3366 1428
29.3617 1904
29.3617 1428
29.3869 1904
29.3869 1428
29.4121 1904
29.4121 1428
29.4372 1904
29.4372 1428
29.4624 1904
29.4624 1428
29.4876 1904
29.4876 1428
29.5128 1904
29.5128 1428
29.5379 1904
29.5379 1428
29.5631 1904
29.5631 1428
29.5883 1904
29.5883 1428
29.6134 1904
29.6134 1428
29.6386 1904
29.6386 1428
29.6638 1904
29.6638 1428
29.6889 1904
29.6889 1428
29.7141 1904
29.7141 1428
29.7393 1904
29.7393 1428
29.7644 1904
29.7644 1428
29.7896 1904
29.7896 1428
29.8148 1904
29.8148 1428
29.8399 1904
29.8399 1428
29.8651 1904
29.8651 1428
29.8903 1904
29.8903 1428
29.9154 1904
29.9154 1428
29.9406 1904
29.9406 1428
29.9658 1904
29.9658 1428
29.9909 1904
29.9909 1428
30.0161 1904
30.0161 1428
30.0413 1904
30.0413 1428
30.0664 1904
30.0664 1428
30.0916 1904
30.0916 1428
30.1168 1904
30.1168 1428
30.142 1904
30.142 1428
30.1671 1904
30.1671 1428
30.1923 1904
30.1923 1428
30.2175 1904
30.2175 1428
30.2426 1904
30.2426 1428
30.2678 1904
30.2678 1428
30.293 1904
30.293 1428
30.3181 1904
30.3181 1428
30.3433 1904
30.3433 1428
30.3685 1904
30.3685 1428
30.3936 1904
30.3936 1428
30.4188 1904
30.4188 1428
30.444 1904
30.444 1428
30.4691 1904
30.4691 1428
30.4943 1904
30.4943 1428
30.5195 1904
30.5195 1428
30.5446 1904
30.5446 1428
30.5698 1904
30.5698 1428
30.595 1904
30.595 1428
30.6201 1904
30.6201 1428
30.6453 1904
30.6453 1428
30.6705 1904
30.6705 1428
30.6956 1904
30.6956 1428
30.7208 1904
30.7208 1428
30.746 1904
30.746 1428
30.7712 1904
30.7712 1428
30.7963 1904
30.7963 1428
30.8215 1904
30.8215 1428
30.8467 1904
30.8467 1428
30.8718 1904
30.8718 1428
30.897 1904
30.897 1428
30.9222 1904
30.9222 1428
30.9473 1904
30.9473 1428
30.9725 1904
30.9725 1428
30.9977 1904
30.9977 1428
31.0228 1904
31.0228 1428
31.048 1904
31.048 1428
31.0732 1904
31.0732 1428
31.0983 1904
31.0983 1428
31.1235 1904
31.1235 1428
31.1487 1904
31.1487 1428
31.1738 1904
31.1738 1428
31.199 1904
31.199 1428
31.2242 1904
31.2242 1428
31.2493 1904
31.2493 1428
31.2745 1904
31.2745 1428
31.2997 1904
31.2997 1428
31.3248 1904
31.3248 1428
31.35 1904
31.35 1428
31.3752 1904
31.3752 1428
31.4004 1904
31.4004 1428
31.4255 1904
31.4255 1428
31.4507 1904
31.4507 1428
31.4759 1904
31.4759 1428
31.501 1904
31.501 1428
31.5262 1904
31.5262 1428
31.5514 1904
31.5514 1428
31.5765 1904
31.5765 1428
31.6017 1904
31.6017 1428
31.6269 1904
31.6269 1428
31.652 1904
31.652 1428
31.6772 1904
31.6772 1428
31.7024 1904
31.7024 1428
31.7275 1904
31.7275 1428
31.7527 1904
31.7527 1428
31.7779 1904
31.7779 1428
31.803 1904
31.803 1428
31.8282 1904
31.8282 1428
31.8534 1904
31.8534 1428
31.8785 1904
31.8785 1428
31.9037 1904
31.9037 1428
31.9289 1904
31.9289 1428
31.954 1904
31.954 1428
31.9792 1904
31.9792 1428
32.0044 1904
32.0044 1428
32.0296 1904
32.0296 1428
32.0547 1904
32.0547 1428
32.0799 1904
32.0799 1428
32.1051 1904
32.1051 1428
32.1302 1904
32.1302 1428
32.1554 1904
32.1554 1428
32.1806 1904
32.1806 1428
32.2057 1904
32.2057 1428
32.2309 1904
32.2309 1428
32.2561 1904
32.2561 1428
32.2812 1904
32.2812 1428
32.3064 1904
32.3064 1428
32.3316 1904
32.3316 1428
32.3567 1904
32.3567 1428
32.3819 1904
32.3819 1428
32.4071 1904
32.4071 1428
32.4322 1904
32.4322 1428
32.4574 1904
32.4574 1428
32.4826 1904
32.4826 1428
32.5077 1904
32.5077 1428
32.5329 1904
32.5329 1428
32.5581 1904
32.5581 1428
32.5832 1904
32.5832 1428
32.6084 1904
32.6084 1428
32.6336 1904
32.6336 1428
32.6588 1904
32.6588 1428
32.6839 1904
32.6839 1428
32.7091 1904
32.7091 1428
32.7343 1904
32.7343 1428
32.7594 1904
32.7594 1428
32.7846 1904
32.7846 1428
32.8098 1904
32.8098 1428
32.8349 1904
32.8349 1428
32.8601 1904
32.8601 1428
32.8853 1904
32.8853 1428
32.9104 1904
32.9104 1428
32.9356 1904
32.9356 1428
32.9608 1904
32.9608 1428
32.9859 1904
32.9859 1428
33.0111 1904
33.0111 1428
33.0363 1904
33.0363 1428
33.0614 1904
33.0614 1428
33.0866 1904
33.0866 1428
33.1118 1904
33.1118 1428
33.1369 1904
33.1369 1428
33.1621 1904
33.1621 1428
33.1873 1904
33.1873 1428
33.2124 1904
33.2124 1428
33.2376 1904
33.2376 1428
33.2628 1904
33.2628 1428
33.288 1904
33.288 1428
33.3131 1904
33.3131 1428
33.3383 1904
33.3383 1428
33.3635 1904
33.3635 1428
33.3886 1904
33.3886 1428
33.4138 1904
33.4138 1428
33.439 1904
33.439 1428
33.4641 1904
33.4641 1428
33.4893 1904
33.4893 1428
33.5145 1904
33.5145 1428
33.5396 1904
33.5396 1428
33.5648 1904
33.5648 1428
33.59 1904
33.59 1428
33.6151 1904
33.6151 1428
33.6403 1904
33.6403 1428
33.6655 1904
33.6655 1428
33.6906 1904
33.6906 1428
33.7158 1904
33.7158 1428
33.741 1904
33.741 1428
33.7661 1904
33.7661 1428
33.7913 1904
33.7913 1428
33.8165 1904
33.8165 1428
33.8416 1904
33.8416 1428
33.8668 1904
33.8668 1428
33.892 1904
33.892 1428
33.9172 1904
33.9172 1428
33.9423 1904
33.9423 1428
33.9675 1904
33.9675 1428
33.9927 1904
33.9927 1428
34.0178 1904
34.0178 1428
34.043 1904
34.043 1428
34.0682 1904
34.0682 1428
34.0933 1904
34.0933 1428
34.1185 1904
34.1185 1428
34.1437 1904
34.1437 1428
34.1688 1904
34.1688 1428
34.194 1904
34.194 1428
34.2192 1904
34.2192 1428
34.2443 1904
34.2443 1428
34.2695 1904
34.2695 1428
34.2947 1904
34.2947 1428
34.3198 1904
34.3198 1428
34.345 1904
34.345 1428
34.3702 1904
34.3702 1428
34.3953 1904
34.3953 1428
34.4205 1904
34.4205 1428
34.4457 1904
34.4457 1428
34.4708 1904
34.4708 1428
34.496 1904
34.496 1428
34.5212 1904
34.5212 1428
34.5464 1904
34.5464 1428
34.5715 1904
34.5715 1428
34.5967 1904
34.5967 1428
34.6219 1904
34.6219 1428
34.647 1904
34.647 1428
34.6722 1904
34.6722 1428
34.6974 1904
34.6974 1428
34.7225 1904
34.7225 1428
34.7477 1904
34.7477 1428
34.7729 1904
34.7729 1428
34.798 1904
34.798 1428
34.8232 1904
34.8232 1428
34.8484 1904
34.8484 1428
34.8735 1904
34.8735 1428
34.8987 1904
34.8987 1428
34.9239 1904
34.9239 1428
34.949 1904
34.949 1428
34.9742 1904
34.9742 1428
34.9994 1904
34.9994 1428
35.0245 1904
35.0245 1428
35.0497 1904
35.0497 1428
35.0749 1904
35.0749 1428
35.1 1904
35.1 1428
35.1252 1904
35.1252 1428
35.1504 1904
35.1504 1428
35.1756 1904
35.1756 1428
35.2007 1904
35.2007 1428
35.2259 1904
35.2259 1428
35.2511 1904
35.2511 1428
35.2762 1904
35.2762 1428
35.3014 1904
35.3014 1428
35.3266 1904
35.3266 1428
35.3517 1904
35.3517 1428
35.3769 1904
35.3769 1428
35.4021 1904
35.4021 1428
35.4272 1904
35.4272 1428
35.4524 1904
35.4524 1428
35.4776 1904
35.4776 1428
35.5027 1904
35.5027 1428
35.5279 1904
35.5279 1428
35.5531 1904
35.5531 1428
35.5782 1904
35.5782 1428
35.6034 1904
35.6034 1428
35.6286 1904
35.6286 1428
35.6537 1904
35.6537 1428
35.6789 1904
35.6789 1428
35.7041 1904
35.7041 1428
35.7292 1904
35.7292 1428
35.7544 1904
35.7544 1428
35.7796 1904
35.7796 1428
35.8048 1904
35.8048 1428
35.8299 1904
35.8299 1428
35.8551 1904
35.8551 1428
35.8803 1904
35.8803 1428
35.9054 1904
35.9054 1428
35.9306 1904
35.9306 1428
35.9558 1904
35.9558 1428
35.9809 1904
35.9809 1428
36.0061 1904
36.0061 1428
36.0313 1904
36.0313 1428
36.0564 1904
36.0564 1428
36.0816 1904
36.0816 1428
36.1068 1904
36.1068 1428
36.1319 1904
36.1319 1428
36.1571 1904
36.1571 1428
36.1823 1904
36.1823 1428
36.2074 1904
36.2074 1428
36.2326 1904
36.2326 1428
36.2578 1904
36.2578 1428
36.2829 1904
36.2829 1428
36.3081 1904
36.3081 1428
36.3333 1904
36.3333 1428
36.3584 1904
36.3584 1428
36.3836 1904
36.3836 1428
36.4088 1904
36.4088 1428
36.434 1904
36.434 1428
36.4591 1904
36.4591 1428
36.4843 1904
36.4843 1428
36.5095 1904
36.5095 1428
36.5346 1904
36.5346 1428
36.5598 1904
36.5598 1428
36.585 1904
36.585 1428
36.6101 1904
36.6101 1428
36.6353 1904
36.6353 1428
36.6605 1904
36.6605 1428
36.6856 1904
36.6856 1428
36.7108 1904
36.7108 1428
36.736 1904
36.736 1428
36.7611 1904
36.7611 1428
36.7863 1904
36.7863 1428
36.8115 1904
36.8115 1428
36.8366 1904
36.8366 1428
36.8618 1904
36.8618 1428
36.887 1904
36.887 1428
36.9121 1904
36.9121 1428
36.9373 1904
36.9373 1428
36.9625 1904
36.9625 1428
36.9876 1904
36.9876 1428
37.0128 1904
37.0128 1428
37.038 1904
37.038 1428
37.0632 1904
37.0632 1428
37.0883 1904
37.0883 1428
37.1135 1904
37.1135 1428
37.1387 1904
37.1387 1428
37.1638 1904
37.1638 1428
37.189 1904
37.189 1428
37.2142 1904
37.2142 1428
37.2393 1904
37.2393 1428
37.2645 1904
37.2645 1428
37.2897 1904
37.2897 1428
37.3148 1904
37.3148 1428
37.34 1904
37.34 1428
37.3652 1904
37.3652 1428
37.3903 1904
37.3903 1428
37.4155 1904
37.4155 1428
37.4407 1904
37.4407 1428
37.4658 1904
37.4658 1428
37.491 1904
37.491 1428
37.5162 1904
37.5162 1428
37.5413 1904
37.5413 1428
37.5665 1904
37.5665 1428
37.5917 1904
37.5917 1428
37.6168 1904
37.6168 1428
37.642 1904
37.642 1428
37.6672 1904
37.6672 1428
37.6924 1904
37.6924 1428
37.7175 1904
37.7175 1428
37.7427 1904
37.7427 1428
37.7679 1904
37.7679 1428
37.793 1904
37.793 1428
37.8182 1904
37.8182 1428
37.8434 1904
37.8434 1428
37.8685 1904
37.8685 1428
37.8937 1904
37.8937 1428
37.9189 1904
37.9189 1428
37.944 1904
37.944 1428
37.9692 1904
37.9692 1428
37.9944 1904
37.9944 1428
38.0195 1904
38.0195 1428
38.0447 1904
38.0447 1428
38.0699 1904
38.0699 1428
38.095 1904
38.095 1428
38.1202 1904
38.1202 1428
38.1454 1904
38.1454 1428
38.1705 1904
38.1705 1428
38.1957 1904
38.1957 1428
38.2209 1904
38.2209 1428
38.246 1904
38.246 1428
38.2712 1904
38.2712 1428
38.2964 1904
38.2964 1428
38.3216 1904
38.3216 1428
38.3467 1904
38.3467 1428
38.3719 1904
38.3719 1428
38.3971 1904
38.3971 1428
38.4222 1904
38.4222 1428
38.4474 1904
38.4474 1428
38.4726 1904
38.4726 1428
38.4977 1904
38.4977 1428
38.5229 1904
38.5229 1428
38.5481 1904
38.5481 1428
38.5732 1904
38.5732 1428
38.5984 1904
38.5984 1428
38.6236 1904
38.6236 1428
38.6487 1904
38.6487 1428
38.6739 1904
38.6739 1428
38.6991 1904
38.6991 1428
38.7242 1904
38.7242 1428
38.7494 1904
38.7494 1428
38.7746 1904
38.7746 1428
38.7997 1904
38.7997 1428
38.8249 1904
38.8249 1428
38.8501 1904
38.8501 1428
38.8752 1904
38.8752 1428
38.9004 1904
38.9004 1428
38.9256 1904
38.9256 1428
38.9508 1904
38.9508 1428
38.9759 1904
38.9759 1428
39.0011 1904
39.0011 1428
39.0263 1904
39.0263 1428
39.0514 1904
39.0514 1428
39.0766 1904
39.0766 1428
39.1018 1904
39.1018 1428
39.1269 1904
39.1269 1428
39.1521 1904
39.1521 1428
39.1773 1904
39.1773 1428
39.2024 1904
39.2024 1428
39.2276 1904
39.2276 1428
39.2528 1904
39.2528 1428
39.2779 1904
39.2779 1428
39.3031 1904
39.3031 1428
39.3283 1904
39.3283 1428
39.3534 1904
39.3534 1428
39.3786 1904
39.3786 1428
39.4038 1904
39.4038 1428
39.4289 1904
39.4289 1428
39.4541 1904
39.4541 1428
39.4793 1904
39.4793 1428
39.5044 1904
39.5044 1428
39.5296 1904
39.5296 1428
39.5548 1904
39.5548 1428
39.58 1904
39.58 1428
39.6051 1904
39.6051 1428
39.6303 1904
39.6303 1428
39.6555 1904
39.6555 1428
39.6806 1904
39.6806 1428
39.7058 1904
39.7058 1428
39.731 1904
39.731 1428
39.7561 1904
39.7561 1428
39.7813 1904
39.7813 1428
39.8065 1904
39.8065 1428
39.8316 1904
39.8316 1428
39.8568 1904
39.8568 1428
39.882 1904
39.882 1428
39.9071 1904
39.9071 1428
39.9323 1904
39.9323 1428
39.9575 1904
39.9575 1428
39.9826 1904
39.9826 1428
40.0078 1904
40.0078 1428
40.033 1904
40.033 1428
40.0581 1904
40.0581 1428
40.0833 1904
40.0833 1428
40.1085 1904
40.1085 1428
40.1336 1904
40.1336 1428
40.1588 1904
40.1588 1428
40.184 1904
40.184 1428
40.2092 1904
40.2092 1428
40.2343 1904
40.2343 1428
40.2595 1904
40.2595 1428
40.2847 1904
40.2847 1428
40.3098 1904
40.3098 1428
40.335 1904
40.335 1428
40.3602 1904
40.3602 1428
40.3853 1904
40.3853 1428
40.4105 1904
40.4105 1428
40.4357 1904
40.4357 1428
40.4608 1904
40.4608 1428
40.486 1904
40.486 1428
40.5112 1904
40.5112 1428
40.5363 1904
40.5363 1428
40.5615 1904
40.5615 1428
40.5867 1904
40.5867 1428
40.6118 1904
40.6118 1428
40.637 1904
40.637 1428
40.6622 1904
40.6622 1428
40.6873 1904
40.6873 1428
40.7125 1904
40.7125 1428
40.7377 1904
40.7377 1428
40.7628 1904
40.7628 1428
40.788 1904
40.788 1428
40.8132 1904
40.8132 1428
40.8383 1904
40.8383 1428
40.8635 1904
40.8635 1428
40.8887 1904
40.8887 1428
40.9139 1904
40.9139 1428
40.939 1904
40.939 1428
40.9642 1904
40.9642 1428
40.9894 1904
40.9894 1428
41.0145 1904
41.0145 1428
41.0397 1904
41.0397 1428
41.0649 1904
41.0649 1428
41.09 1904
41.09 1428
41.1152 1904
41.1152 1428
41.1404 1904
41.1404 1428
41.1655 1904
41.1655 1428
41.1907 1904
41.1907 1428
41.2159 1904
41.2159 1428
41.241 1904
41.241 1428
41.2662 1904
41.2662 1428
41.2914 1904
41.2914 1428
41.3165 1904
41.3165 1428
41.3417 1904
41.3417 1428
41.3669 1904
41.3669 1428
41.392 1904
41.392 1428
41.4172 1904
41.4172 1428
41.4424 1904
41.4424 1428
41.4675 1904
41.4675 1428
41.4927 1904
41.4927 1428
41.5179 1904
41.5179 1428
41.5431 1904
41.5431 1428
41.5682 1904
41.5682 1428
41.5934 1904
41.5934 1428
41.6186 1904
41.6186 1428
41.6437 1904
41.6437 1428
41.6689 1904
41.6689 1428
41.6941 1904
41.6941 1428
41.7192 1904
41.7192 1428
41.7444 1904
41.7444 1428
41.7696 1904
41.7696 1428
41.7947 1904
41.7947 1428
41.8199 1904
41.8199 1428
41.8451 1904
41.8451 1428
41.8702 1904
41.8702 1428
41.8954 1904
41.8954 1428
41.9206 1904
41.9206 1428
41.9457 1904
41.9457 1428
41.9709 1904
41.9709 1428
41.9961 1904
41.9961 1428
42.0212 1904
42.0212 1428
42.0464 1904
42.0464 1428
42.0716 1904
42.0716 1428
42.0967 1904
42.0967 1428
42.1219 1904
42.1219 1428
42.1471 1904
42.1471 1428
42.1723 1904
42.1723 1428
42.1974 1904
42.1974 1428
42.2226 1904
42.2226 1428
42.2478 1904
42.2478 1428
42.2729 1904
42.2729 1428
42.2981 1904
42.2981 1428
42.3233 1904
42.3233 1428
42.3484 1904
42.3484 1428
42.3736 1904
42.3736 1428
42.3988 1904
42.3988 1428
42.4239 1904
42.4239 1428
42.4491 1904
42.4491 1428
42.4743 1904
42.4743 1428
42.4994 1904
42.4994 1428
42.5246 1904
42.5246 1428
42.5498 1904
42.5498 1428
42.5749 1904
42.5749 1428
42.6001 1904
42.6001 1428
42.6253 1904
42.6253 1428
42.6504 1904
42.6504 1428
42.6756 1904
42.6756 1428
42.7008 1904
42.7008 1428
42.7259 1904
42.7259 1428
42.7511 1904
42.7511 1428
42.7763 1904
42.7763 1428
42.8015 1904
42.8015 1428
42.8266 1904
42.8266 1428
42.8518 1904
42.8518 1428
42.877 1904
42.877 1428
42.9021 1904
42.9021 1428
42.9273 1904
42.9273 1428
42.9525 1904
42.9525 1428
42.9776 1904
42.9776 1428
43.0028 1904
43.0028 1428
43.028 1904
43.028 1428
43.0531 1904
43.0531 1428
43.0783 1904
43.0783 1428
43.1035 1904
43.1035 1428
43.1286 1904
43.1286 1428
43.1538 1904
43.1538 1428
43.179 1904
43.179 1428
43.2041 1904
43.2041 1428
43.2293 1904
43.2293 1428
43.2545 1904
43.2545 1428
43.2796 1904
43.2796 1428
43.3048 1904
43.3048 1428
43.33 1904
43.33 1428
43.3551 1904
43.3551 1428
43.3803 1904
43.3803 1428
43.4055 1904
43.4055 1428
43.4307 1904
43.4307 1428
43.4558 1904
43.4558 1428
43.481 1904
43.481 1428
43.5062 1904
43.5062 1428
43.5313 1904
43.5313 1428
43.5565 1904
43.5565 1428
43.5817 1904
43.5817 1428
43.6068 1904
43.6068 1428
43.632 1904
43.632 1428
43.6572 1904
43.6572 1428
43.6823 1904
43.6823 1428
43.7075 1904
43.7075 1428
43.7327 1904
43.7327 1428
43.7578 1904
43.7578 1428
43.783 1904
43.783 1428
43.8082 1904
43.8082 1428
43.8333 1904
43.8333 1428
43.8585 1904
43.8585 1428
43.8837 1904
43.8837 1428
43.9088 1904
43.9088 1428
43.934 1904
43.934 1428
43.9592 1904
43.9592 1428
43.9843 1904
43.9843 1428
44.0095 1904
44.0095 1428
44.0347 1904
44.0347 1428
44.0599 1904
44.0599 1428
44.085 1904
44.085 1428
44.1102 1904
44.1102 1428
44.1354 1904
44.1354 1428
44.1605 1904
44.1605 1428
44.1857 1904
44.1857 1428
44.2109 1904
44.2109 1428
44.236 1904
44.236 1428
44.2612 1904
44.2612 1428
44.2864 1904
44.2864 1428
44.3115 1904
44.3115 1428
44.3367 1904
44.3367 1428
44.3619 1904
44.3619 1428
44.387 1904
44.387 1428
44.4122 1904
44.4122 1428
44.4374 1904
44.4374 1428
44.4625 1904
44.4625 1428
44.4877 1904
44.4877 1428
44.5129 1904
44.5129 1428
44.538 1904
44.538 1428
44.5632 1904
44.5632 1428
44.5884 1904
44.5884 1428
44.6135 1904
44.6135 1428
44.6387 1904
44.6387 1428
44.6639 1904
44.6639 1428
44.6891 1904
44.6891 1428
44.7142 1904
44.7142 1428
44.7394 1904
44.7394 1428
44.7646 1904
44.7646 1428
44.7897 1904
44.7897 1428
44.8149 1904
44.8149 1428
44.8401 1904
44.8401 1428
44.8652 1904
44.8652 1428
44.8904 1904
44.8904 1428
44.9156 1904
44.9156 1428
44.9407 1904
44.9407 1428
44.9659 1904
44.9659 1428
44.9911 1904
44.9911 1428
45.0162 1904
45.0162 1428
45.0414 1904
45.0414 1428
45.0666 1904
45.0666 1428
45.0917 1904
45.0917 1428
45.1169 1904
45.1169 1428
45.1421 1904
45.1421 1428
45.1672 1904
45.1672 1428
45.1924 1904
45.1924 1428
45.2176 1904
45.2176 1428
45.2427 1904
45.2427 1428
45.2679 1904
45.2679 1428
45.2931 1904
45.2931 1428
45.3183 1904
45.3183 1428
45.3434 1904
45.3434 1428
45.3686 1904
45.3686 1428
45.3938 1904
45.3938 1428
45.4189 1904
45.4189 1428
45.4441 1904
45.4441 1428
45.4693 1904
45.4693 1428
45.4944 1904
45.4944 1428
45.5196 1904
45.5196 1428
45.5448 1904
45.5448 1428
45.5699 1904
45.5699 1428
45.5951 1904
45.5951 1428
45.6203 1904
45.6203 1428
45.6454 1904
45.6454 1428
45.6706 1904
45.6706 1428
45.6958 1904
45.6958 1428
45.7209 1904
45.7209 1428
45.7461 1904
45.7461 1428
45.7713 1904
45.7713 1428
45.7964 1904
45.7964 1428
45.8216 1904
45.8216 1428
45.8468 1904
45.8468 1428
45.8719 1904
45.8719 1428
45.8971 1904
45.8971 1428
45.9223 1904
45.9223 1428
45.9475 1904
45.9475 1428
45.9726 1904
45.9726 1428
45.9978 1904
45.9978 1428
46.023 1904
46.023 1428
46.0481 1904
46.0481 1428
46.0733 1904
46.0733 1428
46.0985 1904
46.0985 1428
46.1236 1904
46.1236 1428
46.1488 1904
46.1488 1428
46.174 1904
46.174 1428
46.1991 1904
46.1991 1428
46.2243 1904
46.2243 1428
46.2495 1904
46.2495 1428
46.2746 1904
46.2746 1428
46.2998 1904
46.2998 1428
46.325 1904
46.325 1428
46.3501 1904
46.3501 1428
46.3753 1904
46.3753 1428
46.4005 1904
46.4005 1428
46.4256 1904
46.4256 1428
46.4508 1904
46.4508 1428
46.476 1904
46.476 1428
46.5011 1904
46.5011 1428
46.5263 1904
46.5263 1428
46.5515 1904
46.5515 1428
46.5767 1904
46.5767 1428
46.6018 1904
46.6018 1428
46.627 1904
46.627 1428
46.6522 1904
46.6522 1428
46.6773 1904
46.6773 1428
46.7025 1904
46.7025 1428
46.7277 1904
46.7277 1428
46.7528 1904
46.7528 1428
46.778 1904
46.778 1428
46.8032 1904
46.8032 1428
46.8283 1904
46.8283 1428
46.8535 1904
46.8535 1428
46.8787 1904
46.8787 1428
46.9038 1904
46.9038 1428
46.929 1904
46.929 1428
46.9542 1904
46.9542 1428
46.9793 1904
46.9793 1428
47.0045 1904
47.0045 1428
47.0297 1904
47.0297 1428
47.0548 1904
47.0548 1428
47.08 1904
47.08 1428
47.1052 1904
47.1052 1428
47.1303 1904
47.1303 1428
47.1555 1904
47.1555 1428
47.1807 1904
47.1807 1428
47.2059 1904
47.2059 1428
47.231 1904
47.231 1428
47.2562 1904
47.2562 1428
47.2814 1904
47.2814 1428
47.3065 1904
47.3065 1428
47.3317 1904
47.3317 1428
47.3569 1904
47.3569 1428
47.382 1904
47.382 1428
47.4072 1904
47.4072 1428
47.4324 1904
47.4324 1428
47.4575 1904
47.4575 1428
47.4827 1904
47.4827 1428
47.5079 1904
47.5079 1428
47.533 1904
47.533 1428
47.5582 1904
47.5582 1428
47.5834 1904
47.5834 1428
47.6085 1904
47.6085 1428
47.6337 1904
47.6337 1428
47.6589 1904
47.6589 1428
47.684 1904
47.684 1428
47.7092 1904
47.7092 1428
47.7344 1904
47.7344 1428
47.7595 1904
47.7595 1428
47.7847 1904
47.7847 1428
47.8099 1904
47.8099 1428
47.8351 1904
47.8351 1428
47.8602 1904
47.8602 1428
47.8854 1904
47.8854 1428
47.9106 1904
47.9106 1428
47.9357 1904
47.9357 1428
47.9609 1904
47.9609 1428
47.9861 1904
47.9861 1428
48.0112 1904
48.0112 1428
48.0364 1904
48.0364 1428
48.0616 1904
48.0616 1428
48.0867 1904
48.0867 1428
48.1119 1904
48.1119 1428
48.1371 1904
48.1371 1428
48.1622 1904
48.1622 1428
48.1874 1904
48.1874 1428
48.2126 1904
48.2126 1428
48.2377 1904
48.2377 1428
48.2629 1904
48.2629 1428
48.2881 1904
48.2881 1428
48.3132 1904
48.3132 1428
48.3384 1904
48.3384 1428
48.3636 1904
48.3636 1428
48.3887 1904
48.3887 1428
48.4139 1904
48.4139 1428
48.4391 1904
48.4391 1428
48.4643 1904
48.4643 1428
48.4894 1904
48.4894 1428
48.5146 1904
48.5146 1428
48.5398 1904
48.5398 1428
48.5649 1904
48.5649 1428
48.5901 1904
48.5901 1428
48.6153 1904
48.6153 1428
48.6404 1904
48.6404 1428
48.6656 1904
48.6656 1428
48.6908 1904
48.6908 1428
48.7159 1904
48.7159 1428
48.7411 1904
48.7411 1428
48.7663 1904
48.7663 1428
48.7914 1904
48.7914 1428
48.8166 1904
48.8166 1428
48.8418 1904
48.8418 1428
48.8669 1904
48.8669 1428
48.8921 1904
48.8921 1428
48.9173 1904
48.9173 1428
48.9424 1904
48.9424 1428
48.9676 1904
48.9676 1428
48.9928 1904
48.9928 1428
49.0179 1904
49.0179 1428
49.0431 1904
49.0431 1428
49.0683 1904
49.0683 1428
49.0935 1904
49.0935 1428
49.1186 1904
49.1186 1428
49.1438 1904
49.1438 1428
49.169 1904
49.169 1428
49.1941 1904
49.1941 1428
49.2193 1904
49.2193 1428
49.2445 1904
49.2445 1428
49.2696 1904
49.2696 1428
49.2948 1904
49.2948 1428
49.32 1904
49.32 1428
49.3451 1904
49.3451 1428
49.3703 1904
49.3703 1428
49.3955 1904
49.3955 1428
49.4206 1904
49.4206 1428
49.4458 1904
49.4458 1428
49.471 1904
49.471 1428
49.4961 1904
49.4961 1428
49.5213 1904
49.5213 1428
49.5465 1904
49.5465 1428
49.5716 1904
49.5716 1428
49.5968 1904
49.5968 1428
49.622 1904
49.622 1428
49.6471 1904
49.6471 1428
49.6723 1904
49.6723 1428
49.6975 1904
49.6975 1428
49.7227 1904
49.7227 1428
49.7478 1904
49.7478 1428
49.773 1904
49.773 1428
49.7982 1904
49.7982 1428
49.8233 1904
49.8233 1428
49.8485 1904
49.8485 1428
49.8737 1904
49.8737 1428
49.8988 1904
49.8988 1428
49.924 1904
49.924 1428
49.9492 1904
49.9492 1428
49.9743 1904
49.9743 1428
49.9995 1904
49.9995 1428
50.0247 1904
50.0247 1428
50.0498 1904
50.0498 1428
50.075 1904
50.075 1428
50.1002 1904
50.1002 1428
50.1253 1904
50.1253 1428
50.1505 1904
50.1505 1428
50.1757 1904
50.1757 1428
50.2008 1904
50.2008 1428
50.226 1904
50.226 1428
50.2512 1904
50.2512 1428
50.2763 1904
50.2763 1428
50.3015 1904
50.3015 1428
50.3267 1904
50.3267 1428
50.3519 1904
50.3519 1428
50.377 1904
50.377 1428
50.4022 1904
50.4022 1428
50.4274 1904
50.4274 1428
50.4525 1904
50.4525 1428
50.4777 1904
50.4777 1428
50.5029 1904
50.5029 1428
50.528 1904
50.528 1428
50.5532 1904
50.5532 1428
50.5784 1904
50.5784 1428
50.6035 1904
50.6035 1428
50.6287 1904
50.6287 1428
50.6539 1904
50.6539 1428
50.679 1904
50.679 1428
50.7042 1904
50.7042 1428
50.7294 1904
50.7294 1428
50.7545 1904
50.7545 1428
50.7797 1904
50.7797 1428
50.8049 1904
50.8049 1428
50.83 1904
50.83 1428
50.8552 1904
50.8552 1428
50.8804 1904
50.8804 1428
50.9055 1904
50.9055 1428
50.9307 1904
50.9307 1428
50.9559 1904
50.9559 1428
50.9811 1904
50.9811 1428
51.0062 1904
51.0062 1428
51.0314 1904
51.0314 1428
51.0566 1904
51.0566 1428
51.0817 1904
51.0817 1428
51.1069 1904
51.1069 1428
51.1321 1904
51.1321 1428
51.1572 1904
51.1572 1428
51.1824 1904
51.1824 1428
51.2076 1904
51.2076 1428
51.2327 1904
51.2327 1428
51.2579 1904
51.2579 1428
51.2831 1904
51.2831 1428
51.3082 1904
51.3082 1428
51.3334 1904
51.3334 1428
51.3586 1904
51.3586 1428
51.3837 1904
51.3837 1428
51.4089 1904
51.4089 1428
51.4341 1904
51.4341 1428
51.4592 1904
51.4592 1428
51.4844 1904
51.4844 1428
51.5096 1904
51.5096 1428
51.5347 1904
51.5347 1428
51.5599 1904
51.5599 1428
51.5851 1904
51.5851 1428
51.6103 1904
51.6103 1428
51.6354 1904
51.6354 1428
51.6606 1904
51.6606 1428
51.6858 1904
51.6858 1428
51.7109 1904
51.7109 1428
51.7361 1904
51.7361 1428
51.7613 1904
51.7613 1428
51.7864 1904
51.7864 1428
51.8116 1904
51.8116 1428
51.8368 1904
51.8368 1428
51.8619 1904
51.8619 1428
51.8871 1904
51.8871 1428
51.9123 1904
51.9123 1428
51.9374 1904
51.9374 1428
51.9626 1904
51.9626 1428
51.9878 1904
51.9878 1428
52.0129 1904
52.0129 1428
52.0381 1904
52.0381 1428
52.0633 1904
52.0633 1428
52.0884 1904
52.0884 1428
52.1136 1904
52.1136 1428
52.1388 1904
52.1388 1428
52.1639 1904
52.1639 1428
52.1891 1904
52.1891 1428
52.2143 1904
52.2143 1428
52.2395 1904
52.2395 1428
52.2646 1904
52.2646 1428
52.2898 1904
52.2898 1428
52.315 1904
52.315 1428
52.3401 1904
52.3401 1428
52.3653 1904
52.3653 1428
52.3905 1904
52.3905 1428
52.4156 1904
52.4156 1428
52.4408 1904
52.4408 1428
52.466 1904
52.466 1428
52.4911 1904
52.4911 1428
52.5163 1904
52.5163 1428
52.5415 1904
52.5415 1428
52.5666 1904
52.5666 1428
52.5918 1904
52.5918 1428
52.617 1904
52.617 1428
52.6421 1904
52.6421 1428
52.6673 1904
52.6673 1428
52.6925 1904
52.6925 1428
52.7176 1904
52.7176 1428
52.7428 1904
52.7428 1428
52.768 1904
52.768 1428
52.7931 1904
52.7931 1428
52.8183 1904
52.8183 1428
52.8435 1904
52.8435 1428
52.8687 1904
52.8687 1428
52.8938 1904
52.8938 1428
52.919 1904
52.919 1428
52.9442 1904
52.9442 1428
52.9693 1904
52.9693 1428
52.9945 1904
52.9945 1428
53.0197 1904
53.0197 1428
53.0448 1904
53.0448 1428
53.07 1904
53.07 1428
53.0952 1904
53.0952 1428
53.1203 1904
53.1203 1428
53.1455 1904
53.1455 1428
53.1707 1904
53.1707 1428
53.1958 1904
53.1958 1428
53.221 1904
53.221 1428
53.2462 1904
53.2462 1428
53.2713 1904
53.2713 1428
53.2965 1904
53.2965 1428
53.3217 1904
53.3217 1428
53.3468 1904
53.3468 1428
53.372 1904
53.372 1428
53.3972 1904
53.3972 1428
53.4223 1904
53.4223 1428
53.4475 1904
53.4475 1428
53.4727 1904
53.4727 1428
53.4979 1904
53.4979 1428
53.523 1904
53.523 1428
53.5482 1904
53.5482 1428
53.5734 1904
53.5734 1428
53.5985 1904
53.5985 1428
53.6237 1904
53.6237 1428
53.6489 1904
53.6489 1428
53.674 1904
53.674 1428
53.6992 1904
53.6992 1428
53.7244 1904
53.7244 1428
53.7495 1904
53.7495 1428
53.7747 1904
53.7747 1428
53.7999 1904
53.7999 1428
53.825 1904
53.825 1428
53.8502 1904
53.8502 1428
53.8754 1904
53.8754 1428
53.9005 1904
53.9005 1428
53.9257 1904
53.9257 1428
53.9509 1904
53.9509 1428
53.976 1904
53.976 1428
54.0012 1904
54.0012 1428
54.0264 1904
54.0264 1428
54.0515 1904
54.0515 1428
54.0767 1904
54.0767 1428
54.1019 1904
54.1019 1428
54.1271 1904
54.1271 1428
54.1522 1904
54.1522 1428
54.1774 1904
54.1774 1428
54.2026 1904
54.2026 1428
54.2277 1904
54.2277 1428
54.2529 1904
54.2529 1428
54.2781 1904
54.2781 1428
54.3032 1904
54.3032 1428
54.3284 1904
54.3284 1428
54.3536 1904
54.3536 1428
54.3787 1904
54.3787 1428
54.4039 1904
54.4039 1428
54.4291 1904
54.4291 1428
54.4542 1904
54.4542 1428
54.4794 1904
54.4794 1428
54.5046 1904
54.5046 1428
54.5297 1904
54.5297 1428
54.5549 1904
54.5549 1428
54.5801 1904
54.5801 1428
54.6052 1904
54.6052 1428
54.6304 1904
54.6304 1428
54.6556 1904
54.6556 1428
54.6807 1904
54.6807 1428
54.7059 1904
54.7059 1428
54.7311 1904
54.7311 1428
54.7563 1904
54.7563 1428
54.7814 1904
54.7814 1428
54.8066 1904
54.8066 1428
54.8318 1904
54.8318 1428
54.8569 1904
54.8569 1428
54.8821 1904
54.8821 1428
54.9073 1904
54.9073 1428
54.9324 1904
54.9324 1428
54.9576 1904
54.9576 1428
54.9828 1904
54.9828 1428
55.0079 1904
55.0079 1428
55.0331 1904
55.0331 1428
55.0583 1904
55.0583 1428
55.0834 1904
55.0834 1428
55.1086 1904
55.1086 1428
55.1338 1904
55.1338 1428
55.1589 1904
55.1589 1428
55.1841 1904
55.1841 1428
55.2093 1904
55.2093 1428
55.2344 1904
55.2344 1428
55.2596 1904
55.2596 1428
55.2848 1904
55.2848 1428
55.3099 1904
55.3099 1428
55.3351 1904
55.3351 1428
55.3603 1904
55.3603 1428
55.3855 1904
55.3855 1428
55.4106 1904
55.4106 1428
55.4358 1904
55.4358 1428
55.461 1904
55.461 1428
55.4861 1904
55.4861 1428
55.5113 1904
55.5113 1428
55.5365 1904
55.5365 1428
55.5616 1904
55.5616 1428
55.5868 1904
55.5868 1428
55.612 1904
55.612 1428
55.6371 1904
55.6371 1428
55.6623 1904
55.6623 1428
55.6875 1904
55.6875 1428
55.7126 1904
55.7126 1428
55.7378 1904
55.7378 1428
55.763 1904
55.763 1428
55.7881 1904
55.7881 1428
55.8133 1904
55.8133 1428
55.8385 1904
55.8385 1428
55.8636 1904
55.8636 1428
55.8888 1904
55.8888 1428
55.914 1904
55.914 1428
55.9391 1904
55.9391 1428
55.9643 1904
55.9643 1428
55.9895 1904
55.9895 1428
56.0147 1904
56.0147 1428
56.0398 1904
56.0398 1428
56.065 1904
56.065 1428
56.0902 1904
56.0902 1428
56.1153 1904
56.1153 1428
56.1405 1904
56.1405 1428
56.1657 1904
56.1657 1428
56.1908 1904
56.1908 1428
56.216 1904
56.216 1428
56.2412 1904
56.2412 1428
56.2663 1904
56.2663 1428
56.2915 1904
56.2915 1428
56.3167 1904
56.3167 1428
56.3418 1904
56.3418 1428
56.367 1904
56.367 1428
56.3922 1904
56.3922 1428
56.4173 1904
56.4173 1428
56.4425 1904
56.4425 1428
56.4677 1904
56.4677 1428
56.4928 1904
56.4928 1428
56.518 1904
56.518 1428
56.5432 1904
56.5432 1428
56.5683 1904
56.5683 1428
56.5935 1904
56.5935 1428
56.6187 1904
56.6187 1428
56.6439 1904
56.6439 1428
56.669 1904
56.669 1428
56.6942 1904
56.6942 1428
56.7194 1904
56.7194 1428
56.7445 1904
56.7445 1428
56.7697 1904
56.7697 1428
56.7949 1904
56.7949 1428
56.82 1904
56.82 1428
56.8452 1904
56.8452 1428
56.8704 1904
56.8704 1428
56.8955 1904
56.8955 1428
56.9207 1904
56.9207 1428
56.9459 1904
56.9459 1428
56.971 1904
56.971 1428
56.9962 1904
56.9962 1428
57.0214 1904
57.0214 1428
57.0465 1904
57.0465 1428
57.0717 1904
57.0717 1428
57.0969 1904
57.0969 1428
57.122 1904
57.122 1428
57.1472 1904
57.1472 1428
57.1724 1904
57.1724 1428
57.1975 1904
57.1975 1428
57.2227 1904
57.2227 1428
57.2479 1904
57.2479 1428
57.2731 1904
57.2731 1428
57.2982 1904
57.2982 1428
57.3234 1904
57.3234 1428
57.3486 1904
57.3486 1428
57.3737 1904
57.3737 1428
57.3989 1904
57.3989 1428
57.4241 1904
57.4241 1428
57.4492 1904
57.4492 1428
57.4744 1904
57.4744 1428
57.4996 1904
57.4996 1428
57.5247 1904
57.5247 1428
57.5499 1904
57.5499 1428
57.5751 1904
57.5751 1428
57.6002 1904
57.6002 1428
57.6254 1904
57.6254 1428
57.6506 1904
57.6506 1428
57.6757 1904
57.6757 1428
57.7009 1904
57.7009 1428
57.7261 1904
57.7261 1428
57.7512 1904
57.7512 1428
57.7764 1904
57.7764 1428
57.8016 1904
57.8016 1428
57.8267 1904
57.8267 1428
57.8519 1904
57.8519 1428
57.8771 1904
57.8771 1428
57.9023 1904
57.9023 1428
57.9274 1904
57.9274 1428
57.9526 1904
57.9526 1428
57.9778 1904
57.9778 1428
58.0029 1904
58.0029 1428
58.0281 1904
58.0281 1428
58.0533 1904
58.0533 1428
58.0784 1904
58.0784 1428
58.1036 1904
58.1036 1428
58.1288 1904
58.1288 1428
58.1539 1904
58.1539 1428
58.1791 1904
58.1791 1428
58.2043 1904
58.2043 1428
58.2294 1904
58.2294 1428
58.2546 1904
58.2546 1428
58.2798 1904
58.2798 1428
58.3049 1904
58.3049 1428
58.3301 1904
58.3301 1428
58.3553 1904
58.3553 1428
58.3804 1904
58.3804 1428
58.4056 1904
58.4056 1428
58.4308 1904
58.4308 1428
58.4559 1904
58.4559 1428
58.4811 1904
58.4811 1428
58.5063 1904
58.5063 1428
58.5315 1904
58.5315 1428
58.5566 1904
58.5566 1428
58.5818 1904
58.5818 1428
58.607 1904
58.607 1428
58.6321 1904
58.6321 1428
58.6573 1904
58.6573 1428
58.6825 1904
58.6825 1428
58.7076 1904
58.7076 1428
58.7328 1904
58.7328 1428
58.758 1904
58.758 1428
58.7831 1904
58.7831 1428
58.8083 1904
58.8083 1428
58.8335 1904
58.8335 1428
58.8586 1904
58.8586 1428
58.8838 1904
58.8838 1428
58.909 1904
58.909 1428
58.9341 1904
58.9341 1428
58.9593 1904
58.9593 1428
58.9845 1904
58.9845 1428
59.0096 1904
59.0096 1428
59.0348 1904
59.0348 1428
59.06 1904
59.06 1428
59.0851 1904
59.0851 1428
59.1103 1904
59.1103 1428
59.1355 1904
59.1355 1428
59.1607 1904
59.1607 1428
59.1858 1904
59.1858 1428
59.211 1904
59.211 1428
59.2362 1904
59.2362 1428
59.2613 1904
59.2613 1428
59.2865 1904
59.2865 1428
59.3117 1904
59.3117 1428
59.3368 1904
59.3368 1428
59.362 1904
59.362 1428
59.3872 1904
59.3872 1428
59.4123 1904
59.4123 1428
59.4375 1904
59.4375 1428
59.4627 1904
59.4627 1428
59.4878 1904
59.4878 1428
59.513 1904
59.513 1428
59.5382 1904
59.5382 1428
59.5633 1904
59.5633 1428
59.5885 1904
59.5885 1428
59.6137 1904
59.6137 1428
59.6388 1904
59.6388 1428
59.664 1904
59.664 1428
59.6892 1904
59.6892 1428
59.7143 1904
59.7143 1428
59.7395 1904
59.7395 1428
59.7647 1904
59.7647 1428
59.7899 1904
59.7899 1428
59.815 1904
59.815 1428
59.8402 1904
59.8402 1428
59.8654 1904
59.8654 1428
59.8905 1904
59.8905 1428
59.9157 1904
59.9157 1428
59.9409 1904
59.9409 1428
59.966 1904
59.966 1428
59.9912 1904
59.9912 1428
60.0164 1904
60.0164 1428
60.0415 1904
60.0415 1428
60.0667 1904
60.0667 1428
60.0919 1904
60.0919 1428
60.117 1904
60.117 1428
60.1422 1904
60.1422 1428
60.1674 1904
60.1674 1428
60.1925 1904
60.1925 1428
60.2177 1904
60.2177 1428
60.2429 1904
60.2429 1428
60.268 1904
60.268 1428
60.2932 1904
60.2932 1428
60.3184 1904
60.3184 1428
60.3435 1904
60.3435 1428
60.3687 1904
60.3687 1428
60.3939 1904
60.3939 1428
60.4191 1904
60.4191 1428
60.4442 1904
60.4442 1428
60.4694 1904
60.4694 1428
60.4946 1904
60.4946 1428
60.5197 1904
60.5197 1428
60.5449 1904
60.5449 1428
60.5701 1904
60.5701 1428
60.5952 1904
60.5952 1428
60.6204 1904
60.6204 1428
60.6456 1904
60.6456 1428
60.6707 1904
60.6707 1428
60.6959 1904
60.6959 1428
60.7211 1904
60.7211 1428
60.7462 1904
60.7462 1428
60.7714 1904
60.7714 1428
60.7966 1904
60.7966 1428
60.8217 1904
60.8217 1428
60.8469 1904
60.8469 1428
60.8721 1904
60.8721 1428
60.8972 1904
60.8972 1428
60.9224 1904
60.9224 1428
60.9476 1904
60.9476 1428
60.9727 1904
60.9727 1428
60.9979 1904
60.9979 1428
61.0231 1904
61.0231 1428
61.0483 1904
61.0483 1428
61.0734 1904
61.0734 1428
61.0986 1904
61.0986 1428
61.1238 1904
61.1238 1428
61.1489 1904
61.1489 1428
61.1741 1904
61.1741 1428
61.1993 1904
61.1993 1428
61.2244 1904
61.2244 1428
61.2496 1904
61.2496 1428
61.2748 1904
61.2748 1428
61.2999 1904
61.2999 1428
61.3251 1904
61.3251 1428
61.3503 1904
61.3503 1428
61.3754 1904
61.3754 1428
61.4006 1904
61.4006 1428
61.4258 1904
61.4258 1428
61.4509 1904
61.4509 1428
61.4761 1904
61.4761 1428
61.5013 1904
61.5013 1428
61.5264 1904
61.5264 1428
61.5516 1904
61.5516 1428
61.5768 1904
61.5768 1428
61.6019 1904
61.6019 1428
61.6271 1904
61.6271 1428
61.6523 1904
61.6523 1428
61.6775 1904
61.6775 1428
61.7026 1904
61.7026 1428
61.7278 1904
61.7278 1428
61.753 1904
61.753 1428
61.7781 1904
61.7781 1428
61.8033 1904
61.8033 1428
61.8285 1904
61.8285 1428
61.8536 1904
61.8536 1428
61.8788 1904
61.8788 1428
61.904 1904
61.904 1428
61.9291 1904
61.9291 1428
61.9543 1904
61.9543 1428
61.9795 1904
61.9795 1428
62.0046 1904
62.0046 1428
62.0298 1904
62.0298 1428
62.055 1904
62.055 1428
62.0801 1904
62.0801 1428
62.1053 1904
62.1053 1428
62.1305 1904
62.1305 1428
62.1556 1904
62.1556 1428
62.1808 1904
62.1808 1428
62.206 1904
62.206 1428
62.2311 1904
62.2311 1428
62.2563 1904
62.2563 1428
62.2815 1904
62.2815 1428
62.3067 1904
62.3067 1428
62.3318 1904
62.3318 1428
62.357 1904
62.357 1428
62.3822 1904
62.3822 1428
62.4073 1904
62.4073 1428
62.4325 1904
62.4325 1428
62.4577 1904
62.4577 1428
62.4828 1904
62.4828 1428
62.508 1904
62.508 1428
62.5332 1904
62.5332 1428
62.5583 1904
62.5583 1428
62.5835 1904
62.5835 1428
62.6087 1904
62.6087 1428
62.6338 1904
62.6338 1428
62.659 1904
62.659 1428
62.6842 1904
62.6842 1428
62.7093 1904
62.7093 1428
62.7345 1904
62.7345 1428
62.7597 1904
62.7597 1428
62.7848 1904
62.7848 1428
62.81 1904
62.81 1428
62.8352 1904
62.8352 1428
62.8603 1904
62.8603 1428
62.8855 1904
62.8855 1428
62.9107 1904
62.9107 1428
62.9359 1904
62.9359 1428
62.961 1904
62.961 1428
62.9862 1904
62.9862 1428
63.0114 1904
63.0114 1428
63.0365 1904
63.0365 1428
63.0617 1904
63.0617 1428
63.0869 1904
63.0869 1428
63.112 1904
63.112 1428
63.1372 1904
63.1372 1428
63.1624 1904
63.1624 1428
63.1875 1904
63.1875 1428
63.2127 1904
63.2127 1428
63.2379 1904
63.2379 1428
63.263 1904
63.263 1428
63.2882 1904
63.2882 1428
63.3134 1904
63.3134 1428
63.3385 1904
63.3385 1428
63.3637 1904
63.3637 1428
63.3889 1904
63.3889 1428
63.414 1904
63.414 1428
63.4392 1904
63.4392 1428
63.4644 1904
63.4644 1428
63.4895 1904
63.4895 1428
63.5147 1904
63.5147 1428
63.5399 1904
63.5399 1428
63.5651 1904
63.5651 1428
63.5902 1904
63.5902 1428
63.6154 1904
63.6154 1428
63.6406 1904
63.6406 1428
63.6657 1904
63.6657 1428
63.6909 1904
63.6909 1428
63.7161 1904
63.7161 1428
63.7412 1904
63.7412 1428
63.7664 1904
63.7664 1428
63.7916 1904
63.7916 1428
63.8167 1904
63.8167 1428
63.8419 1904
63.8419 1428
63.8671 1904
63.8671 1428
63.8922 1904
63.8922 1428
63.9174 1904
63.9174 1428
63.9426 1904
63.9426 1428
63.9677 1904
63.9677 1428
63.9929 1904
63.9929 1428
64.0181 1904
64.0181 1428
64.0432 1904
64.0432 1428
64.0684 1904
64.0684 1428
64.0936 1904
64.0936 1428
64.1187 1904
64.1187 1428
64.1439 1904
64.1439 1428
64.1691 1904
64.1691 1428
64.1943 1904
64.1943 1428
64.2194 1904
64.2194 1428
64.2446 1904
64.2446 1428
64.2698 1904
64.2698 1428
64.2949 1904
64.2949 1428
64.3201 1904
64.3201 1428
64.3453 1904
64.3453 1428
64.3704 1904
64.3704 1428
64.3956 1904
64.3956 1428
64.4208 1904
64.4208 1428
64.4459 1904
64.4459 1428
64.4711 1904
64.4711 1428
64.4963 1904
64.4963 1428
64.5214 1904
64.5214 1428
64.5466 1904
64.5466 1428
64.5718 1904
64.5718 1428
64.5969 1904
64.5969 1428
64.6221 1904
64.6221 1428
64.6473 1904
64.6473 1428
64.6724 1904
64.6724 1428
64.6976 1904
64.6976 1428
64.7228 1904
64.7228 1428
64.7479 1904
64.7479 1428
64.7731 1904
64.7731 1428
64.7983 1904
64.7983 1428
64.8235 1904
64.8235 1428
64.8486 1904
64.8486 1428
64.8738 1904
64.8738 1428
64.899 1904
64.899 1428
64.9241 1904
64.9241 1428
64.9493 1904
64.9493 1428
64.9745 1904
64.9745 1428
64.9996 1904
64.9996 1428
65.0248 1904
65.0248 1428
65.05 1904
65.05 1428
65.0751 1904
65.0751 1428
65.1003 1904
65.1003 1428
65.1255 1904
65.1255 1428
65.1506 1904
65.1506 1428
65.1758 1904
65.1758 1428
65.201 1904
65.201 1428
65.2261 1904
65.2261 1428
65.2513 1904
65.2513 1428
65.2765 1904
65.2765 1428
65.3016 1904
65.3016 1428
65.3268 1904
65.3268 1428
65.352 1904
65.352 1428
65.3771 1904
65.3771 1428
65.4023 1904
65.4023 1428
65.4275 1904
65.4275 1428
65.4527 1904
65.4527 1428
65.4778 1904
65.4778 1428
65.503 1904
65.503 1428
65.5282 1904
65.5282 1428
65.5533 1904
65.5533 1428
65.5785 1904
65.5785 1428
65.6037 1904
65.6037 1428
65.6288 1904
65.6288 1428
65.654 1904
65.654 1428
65.6792 1904
65.6792 1428
65.7043 1904
65.7043 1428
65.7295 1904
65.7295 1428
65.7547 1904
65.7547 1428
65.7798 1904
65.7798 1428
65.805 1904
65.805 1428
65.8302 1904
65.8302 1428
65.8553 1904
65.8553 1428
65.8805 1904
65.8805 1428
65.9057 1904
65.9057 1428
65.9308 1904
65.9308 1428
65.956 1904
65.956 1428
65.9812 1904
65.9812 1428
66.0063 1904
66.0063 1428
66.0315 1904
66.0315 1428
66.0567 1904
66.0567 1428
66.0819 1904
66.0819 1428
66.107 1904
66.107 1428
66.1322 1904
66.1322 1428
66.1574 1904
66.1574 1428
66.1825 1904
66.1825 1428
66.2077 1904
66.2077 1428
66.2329 1904
66.2329 1428
66.258 1904
66.258 1428
66.2832 1904
66.2832 1428
66.3084 1904
66.3084 1428
66.3335 1904
66.3335 1428
66.3587 1904
66.3587 1428
66.3839 1904
66.3839 1428
66.409 1904
66.409 1428
66.4342 1904
66.4342 1428
66.4594 1904
66.4594 1428
66.4845 1904
66.4845 1428
66.5097 1904
66.5097 1428
66.5349 1904
66.5349 1428
66.56 1904
66.56 1428
66.5852 1904
66.5852 1428
66.6104 1904
66.6104 1428
66.6355 1904
66.6355 1428
66.6607 1904
66.6607 1428
66.6859 1904
66.6859 1428
66.7111 1904
66.7111 1428
66.7362 1904
66.7362 1428
66.7614 1904
66.7614 1428
66.7866 1904
66.7866 1428
66.8117 1904
66.8117 1428
66.8369 1904
66.8369 1428
66.8621 1904
66.8621 1428
66.8872 1904
66.8872 1428
66.9124 1904
66.9124 1428
66.9376 1904
66.9376 1428
66.9627 1904
66.9627 1428
66.9879 1904
66.9879 1428
67.0131 1904
67.0131 1428
67.0382 1904
67.0382 1428
67.0634 1904
67.0634 1428
67.0886 1904
67.0886 1428
67.1137 1904
67.1137 1428
67.1389 1904
67.1389 1428
67.1641 1904
67.1641 1428
67.1892 1904
67.1892 1428
67.2144 1904
67.2144 1428
67.2396 1904
67.2396 1428
67.2647 1904
67.2647 1428
67.2899 1904
67.2899 1428
67.3151 1904
67.3151 1428
67.3403 1904
67.3403 1428
67.3654 1904
67.3654 1428
67.3906 1904
67.3906 1428
67.4158 1904
67.4158 1428
67.4409 1904
67.4409 1428
67.4661 1904
67.4661 1428
67.4913 1904
67.4913 1428
67.5164 1904
67.5164 1428
67.5416 1904
67.5416 1428
67.5668 1904
67.5668 1428
67.5919 1904
67.5919 1428
67.6171 1904
67.6171 1428
67.6423 1904
67.6423 1428
67.6674 1904
67.6674 1428
67.6926 1904
67.6926 1428
67.7178 1904
67.7178 1428
67.7429 1904
67.7429 1428
67.7681 1904
67.7681 1428
67.7933 1904
67.7933 1428
67.8184 1904
67.8184 1428
67.8436 1904
67.8436 1428
67.8688 1904
67.8688 1428
67.8939 1904
67.8939 1428
67.9191 1904
67.9191 1428
67.9443 1904
67.9443 1428
67.9695 1904
67.9695 1428
67.9946 1904
67.9946 1428
68.0198 1904
68.0198 1428
68.045 1904
68.045 1428
68.0701 1904
68.0701 1428
68.0953 1904
68.0953 1428
68.1205 1904
68.1205 1428
68.1456 1904
68.1456 1428
68.1708 1904
68.1708 1428
68.196 1904
68.196 1428
68.2211 1904
68.2211 1428
68.2463 1904
68.2463 1428
68.2715 1904
68.2715 1428
68.2966 1904
68.2966 1428
68.3218 1904
68.3218 1428
68.347 1904
68.347 1428
68.3721 1904
68.3721 1428
68.3973 1904
68.3973 1428
68.4225 1904
68.4225 1428
68.4476 1904
68.4476 1428
68.4728 1904
68.4728 1428
68.498 1904
68.498 1428
68.5231 1904
68.5231 1428
68.5483 1904
68.5483 1428
68.5735 1904
68.5735 1428
68.5987 1904
68.5987 1428
68.6238 1904
68.6238 1428
68.649 1904
68.649 1428
68.6742 1904
68.6742 1428
68.6993 1904
68.6993 1428
68.7245 1904
68.7245 1428
68.7497 1904
68.7497 1428
68.7748 1904
68.7748 1428
68.8 1904
68.8 1428
68.8252 1904
68.8252 1428
68.8503 1904
68.8503 1428
68.8755 1904
68.8755 1428
68.9007 1904
68.9007 1428
68.9258 1904
68.9258 1428
68.951 1904
68.951 1428
68.9762 1904
68.9762 1428
69.0013 1904
69.0013 1428
69.0265 1904
69.0265 1428
69.0517 1904
69.0517 1428
69.0768 1904
69.0768 1428
69.102 1904
69.102 1428
69.1272 1904
69.1272 1428
69.1523 1904
69.1523 1428
69.1775 1904
69.1775 1428
69.2027 1904
69.2027 1428
69.2279 1904
69.2279 1428
69.253 1904
69.253 1428
69.2782 1904
69.2782 1428
69.3034 1904
69.3034 1428
69.3285 1904
69.3285 1428
69.3537 1904
69.3537 1428
69.3789 1904
69.3789 1428
69.404 1904
69.404 1428
69.4292 1904
69.4292 1428
69.4544 1904
69.4544 1428
69.4795 1904
69.4795 1428
69.5047 1904
69.5047 1428
69.5299 1904
69.5299 1428
69.555 1904
69.555 1428
69.5802 1904
69.5802 1428
69.6054 1904
69.6054 1428
69.6305 1904
69.6305 1428
69.6557 1904
69.6557 1428
69.6809 1904
69.6809 1428
69.706 1904
69.706 1428
69.7312 1904
69.7312 1428
69.7564 1904
69.7564 1428
69.7815 1904
69.7815 1428
69.8067 1904
69.8067 1428
69.8319 1904
69.8319 1428
69.8571 1904
69.8571 1428
69.8822 1904
69.8822 1428
69.9074 1904
69.9074 1428
69.9326 1904
69.9326 1428
69.9577 1904
69.9577 1428
69.9829 1904
69.9829 1428
70.0081 1904
70.0081 1428
70.0332 1904
70.0332 1428
70.0584 1904
70.0584 1428
70.0836 1904
70.0836 1428
70.1087 1904
70.1087 1428
70.1339 1904
70.1339 1428
70.1591 1904
70.1591 1428
70.1842 1904
70.1842 1428
70.2094 1904
70.2094 1428
70.2346 1904
70.2346 1428
70.2597 1904
70.2597 1428
70.2849 1904
70.2849 1428
70.3101 1904
70.3101 1428
70.3352 1904
70.3352 1428
70.3604 1904
70.3604 1428
70.3856 1904
70.3856 1428
70.4107 1904
70.4107 1428
70.4359 1904
70.4359 1428
70.4611 1904
70.4611 1428
70.4863 1904
70.4863 1428
70.5114 1904
70.5114 1428
70.5366 1904
70.5366 1428
70.5618 1904
70.5618 1428
70.5869 1904
70.5869 1428
70.6121 1904
70.6121 1428
70.6373 1904
70.6373 1428
70.6624 1904
70.6624 1428
70.6876 1904
70.6876 1428
70.7128 1904
70.7128 1428
70.7379 1904
70.7379 1428
70.7631 1904
70.7631 1428
70.7883 1904
70.7883 1428
70.8134 1904
70.8134 1428
70.8386 1904
70.8386 1428
70.8638 1904
70.8638 1428
70.8889 1904
70.8889 1428
70.9141 1904
70.9141 1428
70.9393 1904
70.9393 1428
70.9644 1904
70.9644 1428
70.9896 1904
70.9896 1428
71.0148 1904
71.0148 1428
71.0399 1904
71.0399 1428
71.0651 1904
71.0651 1428
71.0903 1904
71.0903 1428
71.1155 1904
71.1155 1428
71.1406 1904
71.1406 1428
71.1658 1904
71.1658 1428
71.191 1904
71.191 1428
71.2161 1904
71.2161 1428
71.2413 1904
71.2413 1428
71.2665 1904
71.2665 1428
71.2916 1904
71.2916 1428
71.3168 1904
71.3168 1428
71.342 1904
71.342 1428
71.3671 1904
71.3671 1428
71.3923 1904
71.3923 1428
71.4175 1904
71.4175 1428
71.4426 1904
71.4426 1428
71.4678 1904
71.4678 1428
71.493 1904
71.493 1428
71.5181 1904
71.5181 1428
71.5433 1904
71.5433 1428
71.5685 1904
71.5685 1428
71.5936 1904
71.5936 1428
71.6188 1904
71.6188 1428
71.644 1904
71.644 1428
71.6691 1904
71.6691 1428
71.6943 1904
71.6943 1428
71.7195 1904
71.7195 1428
71.7447 1904
71.7447 1428
71.7698 1904
71.7698 1428
71.795 1904
71.795 1428
71.8202 1904
71.8202 1428
71.8453 1904
71.8453 1428
71.8705 1904
71.8705 1428
71.8957 1904
71.8957 1428
71.9208 1904
71.9208 1428
71.946 1904
71.946 1428
71.9712 1904
71.9712 1428
71.9963 1904
71.9963 1428
72.0215 1904
72.0215 1428
72.0467 1904
72.0467 1428
72.0718 1904
72.0718 1428
72.097 1904
72.097 1428
72.1222 1904
72.1222 1428
72.1473 1904
72.1473 1428
72.1725 1904
72.1725 1428
72.1977 1904
72.1977 1428
72.2228 1904
72.2228 1428
72.248 1904
72.248 1428
72.2732 1904
72.2732 1428
72.2983 1904
72.2983 1428
72.3235 1904
72.3235 1428
72.3487 1904
72.3487 1428
72.3739 1904
72.3739 1428
72.399 1904
72.399 1428
72.4242 1904
72.4242 1428
72.4494 1904
72.4494 1428
72.4745 1904
72.4745 1428
72.4997 1904
72.4997 1428
72.5249 1904
72.5249 1428
72.55 1904
72.55 1428
72.5752 1904
72.5752 1428
72.6004 1904
72.6004 1428
72.6255 1904
72.6255 1428
72.6507 1904
72.6507 1428
72.6759 1904
72.6759 1428
72.701 1904
72.701 1428
72.7262 1904
72.7262 1428
72.7514 1904
72.7514 1428
72.7765 1904
72.7765 1428
72.8017 1904
72.8017 1428
72.8269 1904
72.8269 1428
72.852 1904
72.852 1428
72.8772 1904
72.8772 1428
72.9024 1904
72.9024 1428
72.9275 1904
72.9275 1428
72.9527 1904
72.9527 1428
72.9779 1904
72.9779 1428
73.0031 1904
73.0031 1428
73.0282 1904
73.0282 1428
73.0534 1904
73.0534 1428
73.0786 1904
73.0786 1428
73.1037 1904
73.1037 1428
73.1289 1904
73.1289 1428
73.1541 1904
73.1541 1428
73.1792 1904
73.1792 1428
73.2044 1904
73.2044 1428
73.2296 1904
73.2296 1428
73.2547 1904
73.2547 1428
73.2799 1904
73.2799 1428
73.3051 1904
73.3051 1428
73.3302 1904
73.3302 1428
73.3554 1904
73.3554 1428
73.3806 1904
73.3806 1428
73.4057 1904
73.4057 1428
73.4309 1904
73.4309 1428
73.4561 1904
73.4561 1428
73.4812 1904
73.4812 1428
73.5064 1904
73.5064 1428
73.5316 1904
73.5316 1428
73.5567 1904
73.5567 1428
73.5819 1904
73.5819 1428
73.6071 1904
73.6071 1428
73.6323 1904
73.6323 1428
73.6574 1904
73.6574 1428
73.6826 1904
73.6826 1428
73.7078 1904
73.7078 1428
73.7329 1904
73.7329 1428
73.7581 1904
73.7581 1428
73.7833 1904
73.7833 1428
73.8084 1904
73.8084 1428
73.8336 1904
73.8336 1428
73.8588 1904
73.8588 1428
73.8839 1904
73.8839 1428
73.9091 1904
73.9091 1428
73.9343 1904
73.9343 1428
73.9594 1904
73.9594 1428
73.9846 1904
73.9846 1428
74.0098 1904
74.0098 1428
74.0349 1904
74.0349 1428
74.0601 1904
74.0601 1428
74.0853 1904
74.0853 1428
74.1104 1904
74.1104 1428
74.1356 1904
74.1356 1428
74.1608 1904
74.1608 1428
74.1859 1904
74.1859 1428
74.2111 1904
74.2111 1428
74.2363 1904
74.2363 1428
74.2614 1904
74.2614 1428
74.2866 1904
74.2866 1428
74.3118 1904
74.3118 1428
74.337 1904
74.337 1428
74.3621 1904
74.3621 1428
74.3873 1904
74.3873 1428
74.4125 1904
74.4125 1428
74.4376 1904
74.4376 1428
74.4628 1904
74.4628 1428
74.488 1904
74.488 1428
74.5131 1904
74.5131 1428
74.5383 1904
74.5383 1428
74.5635 1904
74.5635 1428
74.5886 1904
74.5886 1428
74.6138 1904
74.6138 1428
74.639 1904
74.639 1428
74.6641 1904
74.6641 1428
74.6893 1904
74.6893 1428
74.7145 1904
74.7145 1428
74.7396 1904
74.7396 1428
74.7648 1904
74.7648 1428
74.79 1904
74.79 1428
74.8151 1904
74.8151 1428
74.8403 1904
74.8403 1428
74.8655 1904
74.8655 1428
74.8906 1904
74.8906 1428
74.9158 1904
74.9158 1428
74.941 1904
74.941 1428
74.9662 1904
74.9662 1428
74.9913 1904
74.9913 1428
75.0165 1904
75.0165 1428
75.0417 1904
75.0417 1428
75.0668 1904
75.0668 1428
75.092 1904
75.092 1428
75.1172 1904
75.1172 1428
75.1423 1904
75.1423 1428
75.1675 1904
75.1675 1428
75.1927 1904
75.1927 1428
75.2178 1904
75.2178 1428
75.243 1904
75.243 1428
75.2682 1904
75.2682 1428
75.2933 1904
75.2933 1428
75.3185 1904
75.3185 1428
75.3437 1904
75.3437 1428
75.3688 1904
75.3688 1428
75.394 1904
75.394 1428
75.4192 1904
75.4192 1428
75.4443 1904
75.4443 1428
75.4695 1904
75.4695 1428
75.4947 1904
75.4947 1428
75.5198 1904
75.5198 1428
75.545 1904
75.545 1428
75.5702 1904
75.5702 1428
75.5954 1904
75.5954 1428
75.6205 1904
75.6205 1428
75.6457 1904
75.6457 1428
75.6709 1904
75.6709 1428
75.696 1904
75.696 1428
75.7212 1904
75.7212 1428
75.7464 1904
75.7464 1428
75.7715 1904
75.7715 1428
75.7967 1904
75.7967 1428
75.8219 1904
75.8219 1428
75.847 1904
75.847 1428
75.8722 1904
75.8722 1428
75.8974 1904
75.8974 1428
75.9225 1904
75.9225 1428
75.9477 1904
75.9477 1428
75.9729 1904
75.9729 1428
75.998 1904
75.998 1428
76.0232 1904
76.0232 1428
76.0484 1904
76.0484 1428
76.0735 1904
76.0735 1428
76.0987 1904
76.0987 1428
76.1239 1904
76.1239 1428
76.149 1904
76.149 1428
76.1742 1904
76.1742 1428
76.1994 1904
76.1994 1428
76.2246 1904
76.2246 1428
76.2497 1904
76.2497 1428
76.2749 1904
76.2749 1428
76.3001 1904
76.3001 1428
76.3252 1904
76.3252 1428
76.3504 1904
76.3504 1428
76.3756 1904
76.3756 1428
76.4007 1904
76.4007 1428
76.4259 1904
76.4259 1428
76.4511 1904
76.4511 1428
76.4762 1904
76.4762 1428
76.5014 1904
76.5014 1428
76.5266 1904
76.5266 1428
76.5517 1904
76.5517 1428
76.5769 1904
76.5769 1428
76.6021 1904
76.6021 1428
76.6272 1904
76.6272 1428
76.6524 1904
76.6524 1428
76.6776 1904
76.6776 1428
76.7027 1904
76.7027 1428
76.7279 1904
76.7279 1428
76.7531 1904
76.7531 1428
76.7782 1904
76.7782 1428
76.8034 1904
76.8034 1428
76.8286 1904
76.8286 1428
76.8538 1904
76.8538 1428
76.8789 1904
76.8789 1428
76.9041 1904
76.9041 1428
76.9293 1904
76.9293 1428
76.9544 1904
76.9544 1428
76.9796 1904
76.9796 1428
77.0048 1904
77.0048 1428
77.0299 1904
77.0299 1428
77.0551 1904
77.0551 1428
77.0803 1904
77.0803 1428
77.1054 1904
77.1054 1428
77.1306 1904
77.1306 1428
77.1558 1904
77.1558 1428
77.1809 1904
77.1809 1428
77.2061 1904
77.2061 1428
77.2313 1904
77.2313 1428
77.2564 1904
77.2564 1428
77.2816 1904
77.2816 1428
77.3068 1904
77.3068 1428
77.3319 1904
77.3319 1428
77.3571 1904
77.3571 1428
77.3823 1904
77.3823 1428
77.4074 1904
77.4074 1428
77.4326 1904
77.4326 1428
77.4578 1904
77.4578 1428
77.483 1904
77.483 1428
77.5081 1904
77.5081 1428
77.5333 1904
77.5333 1428
77.5585 1904
77.5585 1428
77.5836 1904
77.5836 1428
77.6088 1904
77.6088 1428
77.634 1904
77.634 1428
77.6591 1904
77.6591 1428
77.6843 1904
77.6843 1428
77.7095 1904
77.7095 1428
77.7346 1904
77.7346 1428
77.7598 1904
77.7598 1428
77.785 1904
77.785 1428
77.8101 1904
77.8101 1428
77.8353 1904
77.8353 1428
77.8605 1904
77.8605 1428
77.8856 1904
77.8856 1428
77.9108 1904
77.9108 1428
77.936 1904
77.936 1428
77.9611 1904
77.9611 1428
77.9863 1904
77.9863 1428
78.0115 1904
78.0115 1428
78.0366 1904
78.0366 1428
78.0618 1904
78.0618 1428
78.087 1904
78.087 1428
78.1122 1904
78.1122 1428
78.1373 1904
78.1373 1428
78.1625 1904
78.1625 1428
78.1877 1904
78.1877 1428
78.2128 1904
78.2128 1428
78.238 1904
78.238 1428
78.2632 1904
78.2632 1428
78.2883 1904
78.2883 1428
78.3135 1904
78.3135 1428
78.3387 1904
78.3387 1428
78.3638 1904
78.3638 1428
78.389 1904
78.389 1428
78.4142 1904
78.4142 1428
78.4393 1904
78.4393 1428
78.4645 1904
78.4645 1428
78.4897 1904
78.4897 1428
78.5148 1904
78.5148 1428
78.54 1904
78.54 1428
78.5652 1904
78.5652 1428
78.5903 1904
78.5903 1428
78.6155 1904
78.6155 1428
78.6407 1904
78.6407 1428
78.6658 1904
78.6658 1428
78.691 1904
78.691 1428
78.7162 1904
78.7162 1428
78.7414 1904
78.7414 1428
78.7665 1904
78.7665 1428
78.7917 1904
78.7917 1428
78.8169 1904
78.8169 1428
78.842 1904
78.842 1428
78.8672 1904
78.8672 1428
78.8924 1904
78.8924 1428
78.9175 1904
78.9175 1428
78.9427 1904
78.9427 1428
78.9679 1904
78.9679 1428
78.993 1904
78.993 1428
79.0182 1904
79.0182 1428
79.0434 1904
79.0434 1428
79.0685 1904
79.0685 1428
79.0937 1904
79.0937 1428
79.1189 1904
79.1189 1428
79.144 1904
79.144 1428
79.1692 1904
79.1692 1428
79.1944 1904
79.1944 1428
79.2195 1904
79.2195 1428
79.2447 1904
79.2447 1428
79.2699 1904
79.2699 1428
79.295 1904
79.295 1428
79.3202 1904
79.3202 1428
79.3454 1904
79.3454 1428
79.3706 1904
79.3706 1428
79.3957 1904
79.3957 1428
79.4209 1904
79.4209 1428
79.4461 1904
79.4461 1428
79.4712 1904
79.4712 1428
79.4964 1904
79.4964 1428
79.5216 1904
79.5216 1428
79.5467 1904
79.5467 1428
79.5719 1904
79.5719 1428
79.5971 1904
79.5971 1428
79.6222 1904
79.6222 1428
79.6474 1904
79.6474 1428
79.6726 1904
79.6726 1428
79.6977 1904
79.6977 1428
79.7229 1904
79.7229 1428
79.7481 1904
79.7481 1428
79.7732 1904
79.7732 1428
79.7984 1904
79.7984 1428
79.8236 1904
79.8236 1428
79.8487 1904
79.8487 1428
79.8739 1904
79.8739 1428
79.8991 1904
79.8991 1428
79.9242 1904
79.9242 1428
79.9494 1904
79.9494 1428
79.9746 1904
79.9746 1428
79.9998 1904
79.9998 1428
80.0249 1904
80.0249 1428
80.0501 1904
80.0501 1428
80.0753 1904
80.0753 1428
80.1004 1904
80.1004 1428
80.1256 1904
80.1256 1428
80.1508 1904
80.1508 1428
80.1759 1904
80.1759 1428
80.2011 1904
80.2011 1428
80.2263 1904
80.2263 1428
80.2514 1904
80.2514 1428
80.2766 1904
80.2766 1428
80.3018 1904
80.3018 1428
80.3269 1904
80.3269 1428
80.3521 1904
80.3521 1428
80.3773 1904
80.3773 1428
80.4024 1904
80.4024 1428
80.4276 1904
80.4276 1428
80.4528 1904
80.4528 1428
80.4779 1904
80.4779 1428
80.5031 1904
80.5031 1428
80.5283 1904
80.5283 1428
80.5534 1904
80.5534 1428
80.5786 1904
80.5786 1428
80.6038 1904
80.6038 1428
80.629 1904
80.629 1428
80.6541 1904
80.6541 1428
80.6793 1904
80.6793 1428
80.7045 1904
80.7045 1428
80.7296 1904
80.7296 1428
80.7548 1904
80.7548 1428
80.78 1904
80.78 1428
80.8051 1904
80.8051 1428
80.8303 1904
80.8303 1428
80.8555 1904
80.8555 1428
80.8806 1904
80.8806 1428
80.9058 1904
80.9058 1428
80.931 1904
80.931 1428
80.9561 1904
80.9561 1428
80.9813 1904
80.9813 1428
81.0065 1904
81.0065 1428
81.0316 1904
81.0316 1428
81.0568 1904
81.0568 1428
81.082 1904
81.082 1428
81.1071 1904
81.1071 1428
81.1323 1904
81.1323 1428
81.1575 1904
81.1575 1428
81.1826 1904
81.1826 1428
81.2078 1904
81.2078 1428
81.233 1904
81.233 1428
81.2582 1904
81.2582 1428
81.2833 1904
81.2833 1428
81.3085 1904
81.3085 1428
81.3337 1904
81.3337 1428
81.3588 1904
81.3588 1428
81.384 1904
81.384 1428
81.4092 1904
81.4092 1428
81.4343 1904
81.4343 1428
81.4595 1904
81.4595 1428
81.4847 1904
81.4847 1428
81.5098 1904
81.5098 1428
81.535 1904
81.535 1428
81.5602 1904
81.5602 1428
81.5853 1904
81.5853 1428
81.6105 1904
81.6105 1428
81.6357 1904
81.6357 1428
81.6608 1904
81.6608 1428
81.686 1904
81.686 1428
81.7112 1904
81.7112 1428
81.7363 1904
81.7363 1428
81.7615 1904
81.7615 1428
81.7867 1904
81.7867 1428
81.8118 1904
81.8118 1428
81.837 1904
81.837 1428
81.8622 1904
81.8622 1428
81.8874 1904
81.8874 1428
81.9125 1904
81.9125 1428
81.9377 1904
81.9377 1428
81.9629 1904
81.9629 1428
81.988 1904
81.988 1428
82.0132 1904
82.0132 1428
82.0384 1904
82.0384 1428
82.0635 1904
82.0635 1428
82.0887 1904
82.0887 1428
82.1139 1904
82.1139 1428
82.139 1904
82.139 1428
82.1642 1904
82.1642 1428
82.1894 1904
82.1894 1428
82.2145 1904
82.2145 1428
82.2397 1904
82.2397 1428
82.2649 1904
82.2649 1428
82.29 1904
82.29 1428
82.3152 1904
82.3152 1428
82.3404 1904
82.3404 1428
82.3655 1904
82.3655 1428
82.3907 1904
82.3907 1428
82.4159 1904
82.4159 1428
82.441 1904
82.441 1428
82.4662 1904
82.4662 1428
82.4914 1904
82.4914 1428
82.5166 1904
82.5166 1428
82.5417 1904
82.5417 1428
82.5669 1904
82.5669 1428
82.5921 1904
82.5921 1428
82.6172 1904
82.6172 1428
82.6424 1904
82.6424 1428
82.6676 1904
82.6676 1428
82.6927 1904
82.6927 1428
82.7179 1904
82.7179 1428
82.7431 1904
82.7431 1428
82.7682 1904
82.7682 1428
82.7934 1904
82.7934 1428
82.8186 1904
82.8186 1428
82.8437 1904
82.8437 1428
82.8689 1904
82.8689 1428
82.8941 1904
82.8941 1428
82.9192 1904
82.9192 1428
82.9444 1904
82.9444 1428
82.9696 1904
82.9696 1428
82.9947 1904
82.9947 1428
83.0199 1904
83.0199 1428
83.0451 1904
83.0451 1428
83.0702 1904
83.0702 1428
83.0954 1904
83.0954 1428
83.1206 1904
83.1206 1428
83.1458 1904
83.1458 1428
83.1709 1904
83.1709 1428
83.1961 1904
83.1961 1428
83.2213 1904
83.2213 1428
83.2464 1904
83.2464 1428
83.2716 1904
83.2716 1428
83.2968 1904
83.2968 1428
83.3219 1904
83.3219 1428
83.3471 1904
83.3471 1428
83.3723 1904
83.3723 1428
83.3974 1904
83.3974 1428
83.4226 1904
83.4226 1428
83.4478 1904
83.4478 1428
83.4729 1904
83.4729 1428
83.4981 1904
83.4981 1428
83.5233 1904
83.5233 1428
83.5484 1904
83.5484 1428
83.5736 1904
83.5736 1428
83.5988 1904
83.5988 1428
83.6239 1904
83.6239 1428
83.6491 1904
83.6491 1428
83.6743 1904
83.6743 1428
83.6994 1904
83.6994 1428
83.7246 1904
83.7246 1428
83.7498 1904
83.7498 1428
83.775 1904
83.775 1428
83.8001 1904
83.8001 1428
83.8253 1904
83.8253 1428
83.8505 1904
83.8505 1428
83.8756 1904
83.8756 1428
83.9008 1904
83.9008 1428
83.926 1904
83.926 1428
83.9511 1904
83.9511 1428
83.9763 1904
83.9763 1428
84.0015 1904
84.0015 1428
84.0266 1904
84.0266 1428
84.0518 1904
84.0518 1428
84.077 1904
84.077 1428
84.1021 1904
84.1021 1428
84.1273 1904
84.1273 1428
84.1525 1904
84.1525 1428
84.1776 1904
84.1776 1428
84.2028 1904
84.2028 1428
84.228 1904
84.228 1428
84.2531 1904
84.2531 1428
84.2783 1904
84.2783 1428
84.3035 1904
84.3035 1428
84.3286 1904
84.3286 1428
84.3538 1904
84.3538 1428
84.379 1904
84.379 1428
84.4042 1904
84.4042 1428
84.4293 1904
84.4293 1428
84.4545 1904
84.4545 1428
84.4797 1904
84.4797 1428
84.5048 1904
84.5048 1428
84.53 1904
84.53 1428
84.5552 1904
84.5552 1428
84.5803 1904
84.5803 1428
84.6055 1904
84.6055 1428
84.6307 1904
84.6307 1428
84.6558 1904
84.6558 1428
84.681 1904
84.681 1428
84.7062 1904
84.7062 1428
84.7313 1904
84.7313 1428
84.7565 1904
84.7565 1428
84.7817 1904
84.7817 1428
84.8068 1904
84.8068 1428
84.832 1904
84.832 1428
84.8572 1904
84.8572 1428
84.8823 1904
84.8823 1428
84.9075 1904
84.9075 1428
84.9327 1904
84.9327 1428
84.9578 1904
84.9578 1428
84.983 1904
84.983 1428
85.0082 1904
85.0082 1428
85.0334 1904
85.0334 1428
85.0585 1904
85.0585 1428
85.0837 1904
85.0837 1428
85.1089 1904
85.1089 1428
85.134 1904
85.134 1428
85.1592 1904
85.1592 1428
85.1844 1904
85.1844 1428
85.2095 1904
85.2095 1428
85.2347 1904
85.2347 1428
85.2599 1904
85.2599 1428
85.285 1904
85.285 1428
85.3102 1904
85.3102 1428
85.3354 1904
85.3354 1428
85.3605 1904
85.3605 1428
85.3857 1904
85.3857 1428
85.4109 1904
85.4109 1428
85.436 1904
85.436 1428
85.4612 1904
85.4612 1428
85.4864 1904
85.4864 1428
85.5115 1904
85.5115 1428
85.5367 1904
85.5367 1428
85.5619 1904
85.5619 1428
85.587 1904
85.587 1428
85.6122 1904
85.6122 1428
85.6374 1904
85.6374 1428
85.6626 1904
85.6626 1428
85.6877 1904
85.6877 1428
85.7129 1904
85.7129 1428
85.7381 1904
85.7381 1428
85.7632 1904
85.7632 1428
85.7884 1904
85.7884 1428
85.8136 1904
85.8136 1428
85.8387 1904
85.8387 1428
85.8639 1904
85.8639 1428
85.8891 1904
85.8891 1428
85.9142 1904
85.9142 1428
85.9394 1904
85.9394 1428
85.9646 1904
85.9646 1428
85.9897 1904
85.9897 1428
86.0149 1904
86.0149 1428
86.0401 1904
86.0401 1428
86.0652 1904
86.0652 1428
86.0904 1904
86.0904 1428
86.1156 1904
86.1156 1428
86.1407 1904
86.1407 1428
86.1659 1904
86.1659 1428
86.1911 1904
86.1911 1428
86.2162 1904
86.2162 1428
86.2414 1904
86.2414 1428
86.2666 1904
86.2666 1428
86.2918 1904
86.2918 1428
86.3169 1904
86.3169 1428
86.3421 1904
86.3421 1428
86.3673 1904
86.3673 1428
86.3924 1904
86.3924 1428
86.4176 1904
86.4176 1428
86.4428 1904
86.4428 1428
86.4679 1904
86.4679 1428
86.4931 1904
86.4931 1428
86.5183 1904
86.5183 1428
86.5434 1904
86.5434 1428
86.5686 1904
86.5686 1428
86.5938 1904
86.5938 1428
86.6189 1904
86.6189 1428
86.6441 1904
86.6441 1428
86.6693 1904
86.6693 1428
86.6944 1904
86.6944 1428
86.7196 1904
86.7196 1428
86.7448 1904
86.7448 1428
86.7699 1904
86.7699 1428
86.7951 1904
86.7951 1428
86.8203 1904
86.8203 1428
86.8454 1904
86.8454 1428
86.8706 1904
86.8706 1428
86.8958 1904
86.8958 1428
86.921 1904
86.921 1428
86.9461 1904
86.9461 1428
86.9713 1904
86.9713 1428
86.9965 1904
86.9965 1428
87.0216 1904
87.0216 1428
87.0468 1904
87.0468 1428
87.072 1904
87.072 1428
87.0971 1904
87.0971 1428
87.1223 1904
87.1223 1428
87.1475 1904
87.1475 1428
87.1726 1904
87.1726 1428
87.1978 1904
87.1978 1428
87.223 1904
87.223 1428
87.2481 1904
87.2481 1428
87.2733 1904
87.2733 1428
87.2985 1904
87.2985 1428
87.3236 1904
87.3236 1428
87.3488 1904
87.3488 1428
87.374 1904
87.374 1428
87.3991 1904
87.3991 1428
87.4243 1904
87.4243 1428
87.4495 1904
87.4495 1428
87.4746 1904
87.4746 1428
87.4998 1904
87.4998 1428
87.525 1904
87.525 1428
87.5502 1904
87.5502 1428
87.5753 1904
87.5753 1428
87.6005 1904
87.6005 1428
87.6257 1904
87.6257 1428
87.6508 1904
87.6508 1428
87.676 1904
87.676 1428
87.7012 1904
87.7012 1428
87.7263 1904
87.7263 1428
87.7515 1904
87.7515 1428
87.7767 1904
87.7767 1428
87.8018 1904
87.8018 1428
87.827 1904
87.827 1428
87.8522 1904
87.8522 1428
87.8773 1904
87.8773 1428
87.9025 1904
87.9025 1428
87.9277 1904
87.9277 1428
87.9528 1904
87.9528 1428
87.978 1904
87.978 1428
88.0032 1904
88.0032 1428
88.0283 1904
88.0283 1428
88.0535 1904
88.0535 1428
88.0787 1904
88.0787 1428
88.1038 1904
88.1038 1428
88.129 1904
88.129 1428
88.1542 1904
88.1542 1428
88.1794 1904
88.1794 1428
88.2045 1904
88.2045 1428
88.2297 1904
88.2297 1428
88.2549 1904
88.2549 1428
88.28 1904
88.28 1428
88.3052 1904
88.3052 1428
88.3304 1904
88.3304 1428
88.3555 1904
88.3555 1428
88.3807 1904
88.3807 1428
88.4059 1904
88.4059 1428
88.431 1904
88.431 1428
88.4562 1904
88.4562 1428
88.4814 1904
88.4814 1428
88.5065 1904
88.5065 1428
88.5317 1904
88.5317 1428
88.5569 1904
88.5569 1428
88.582 1904
88.582 1428
88.6072 1904
88.6072 1428
88.6324 1904
88.6324 1428
88.6575 1904
88.6575 1428
88.6827 1904
88.6827 1428
88.7079 1904
88.7079 1428
88.733 1904
88.733 1428
88.7582 1904
88.7582 1428
88.7834 1904
88.7834 1428
88.8086 1904
88.8086 1428
88.8337 1904
88.8337 1428
88.8589 1904
88.8589 1428
88.8841 1904
88.8841 1428
88.9092 1904
88.9092 1428
88.9344 1904
88.9344 1428
88.9596 1904
88.9596 1428
88.9847 1904
88.9847 1428
89.0099 1904
89.0099 1428
89.0351 1904
89.0351 1428
89.0602 1904
89.0602 1428
89.0854 1904
89.0854 1428
89.1106 1904
89.1106 1428
89.1357 1904
89.1357 1428
89.1609 1904
89.1609 1428
89.1861 1904
89.1861 1428
89.2112 1904
89.2112 1428
89.2364 1904
89.2364 1428
89.2616 1904
89.2616 1428
89.2867 1904
89.2867 1428
89.3119 1904
89.3119 1428
89.3371 1904
89.3371 1428
89.3622 1904
89.3622 1428
89.3874 1904
89.3874 1428
89.4126 1904
89.4126 1428
89.4378 1904
89.4378 1428
89.4629 1904
89.4629 1428
89.4881 1904
89.4881 1428
89.5133 1904
89.5133 1428
89.5384 1904
89.5384 1428
89.5636 1904
89.5636 1428
89.5888 1904
89.5888 1428
89.6139 1904
89.6139 1428
89.6391 1904
89.6391 1428
89.6643 1904
89.6643 1428
89.6894 1904
89.6894 1428
89.7146 1904
89.7146 1428
89.7398 1904
89.7398 1428
89.7649 1904
89.7649 1428
89.7901 1904
89.7901 1428
89.8153 1904
89.8153 1428
89.8404 1904
89.8404 1428
89.8656 1904
89.8656 1428
89.8908 1904
89.8908 1428
89.9159 1904
89.9159 1428
89.9411 1904
89.9411 1428
89.9663 1904
89.9663 1428
89.9914 1904
89.9914 1428
90.0166 1904
90.0166 1428
90.0418 1904
90.0418 1428
90.067 1904
90.067 1428
90.0921 1904
90.0921 1428
90.1173 1904
90.1173 1428
90.1425 1904
90.1425 1428
90.1676 1904
90.1676 1428
90.1928 1904
90.1928 1428
90.218 1904
90.218 1428
90.2431 1904
90.2431 1428
90.2683 1904
90.2683 1428
90.2935 1904
90.2935 1428
90.3186 1904
90.3186 1428
90.3438 1904
90.3438 1428
90.369 1904
90.369 1428
90.3941 1904
90.3941 1428
90.4193 1904
90.4193 1428
90.4445 1904
90.4445 1428
90.4696 1904
90.4696 1428
90.4948 1904
90.4948 1428
90.52 1904
90.52 1428
90.5451 1904
90.5451 1428
90.5703 1904
90.5703 1428
90.5955 1904
90.5955 1428
90.6206 1904
90.6206 1428
90.6458 1904
90.6458 1428
90.671 1904
90.671 1428
90.6962 1904
90.6962 1428
90.7213 1904
90.7213 1428
90.7465 1904
90.7465 1428
90.7717 1904
90.7717 1428
90.7968 1904
90.7968 1428
90.822 1904
90.822 1428
90.8472 1904
90.8472 1428
90.8723 1904
90.8723 1428
90.8975 1904
90.8975 1428
90.9227 1904
90.9227 1428
90.9478 1904
90.9478 1428
90.973 1904
90.973 1428
90.9982 1904
90.9982 1428
91.0233 1904
91.0233 1428
91.0485 1904
91.0485 1428
91.0737 1904
91.0737 1428
91.0988 1904
91.0988 1428
91.124 1904
91.124 1428
91.1492 1904
91.1492 1428
91.1743 1904
91.1743 1428
91.1995 1904
91.1995 1428
91.2247 1904
91.2247 1428
91.2498 1904
91.2498 1428
91.275 1904
91.275 1428
91.3002 1904
91.3002 1428
91.3254 1904
91.3254 1428
91.3505 1904
91.3505 1428
91.3757 1904
91.3757 1428
91.4009 1904
91.4009 1428
91.426 1904
91.426 1428
91.4512 1904
91.4512 1428
91.4764 1904
91.4764 1428
91.5015 1904
91.5015 1428
91.5267 1904
91.5267 1428
91.5519 1904
91.5519 1428
91.577 1904
91.577 1428
91.6022 1904
91.6022 1428
91.6274 1904
91.6274 1428
91.6525 1904
91.6525 1428
91.6777 1904
91.6777 1428
91.7029 1904
91.7029 1428
91.728 1904
91.728 1428
91.7532 1904
91.7532 1428
91.7784 1904
91.7784 1428
91.8035 1904
91.8035 1428
91.8287 1904
91.8287 1428
91.8539 1904
91.8539 1428
91.879 1904
91.879 1428
91.9042 1904
91.9042 1428
91.9294 1904
91.9294 1428
91.9546 1904
91.9546 1428
91.9797 1904
91.9797 1428
92.0049 1904
92.0049 1428
92.0301 1904
92.0301 1428
92.0552 1904
92.0552 1428
92.0804 1904
92.0804 1428
92.1056 1904
92.1056 1428
92.1307 1904
92.1307 1428
92.1559 1904
92.1559 1428
92.1811 1904
92.1811 1428
92.2062 1904
92.2062 1428
92.2314 1904
92.2314 1428
92.2566 1904
92.2566 1428
92.2817 1904
92.2817 1428
92.3069 1904
92.3069 1428
92.3321 1904
92.3321 1428
92.3572 1904
92.3572 1428
92.3824 1904
92.3824 1428
92.4076 1904
92.4076 1428
92.4327 1904
92.4327 1428
92.4579 1904
92.4579 1428
92.4831 1904
92.4831 1428
92.5082 1904
92.5082 1428
92.5334 1904
92.5334 1428
92.5586 1904
92.5586 1428
92.5838 1904
92.5838 1428
92.6089 1904
92.6089 1428
92.6341 1904
92.6341 1428
92.6593 1904
92.6593 1428
92.6844 1904
92.6844 1428
92.7096 1904
92.7096 1428
92.7348 1904
92.7348 1428
92.7599 1904
92.7599 1428
92.7851 1904
92.7851 1428
92.8103 1904
92.8103 1428
92.8354 1904
92.8354 1428
92.8606 1904
92.8606 1428
92.8858 1904
92.8858 1428
92.9109 1904
92.9109 1428
92.9361 1904
92.9361 1428
92.9613 1904
92.9613 1428
92.9864 1904
92.9864 1428
93.0116 1904
93.0116 1428
93.0368 1904
93.0368 1428
93.0619 1904
93.0619 1428
93.0871 1904
93.0871 1428
93.1123 1904
93.1123 1428
93.1374 1904
93.1374 1428
93.1626 1904
93.1626 1428
93.1878 1904
93.1878 1428
93.213 1904
93.213 1428
93.2381 1904
93.2381 1428
93.2633 1904
93.2633 1428
93.2885 1904
93.2885 1428
93.3136 1904
93.3136 1428
93.3388 1904
93.3388 1428
93.364 1904
93.364 1428
93.3891 1904
93.3891 1428
93.4143 1904
93.4143 1428
93.4395 1904
93.4395 1428
93.4646 1904
93.4646 1428
93.4898 1904
93.4898 1428
93.515 1904
93.515 1428
93.5401 1904
93.5401 1428
93.5653 1904
93.5653 1428
93.5905 1904
93.5905 1428
93.6156 1904
93.6156 1428
93.6408 1904
93.6408 1428
93.666 1904
93.666 1428
93.6911 1904
93.6911 1428
93.7163 1904
93.7163 1428
93.7415 1904
93.7415 1428
93.7666 1904
93.7666 1428
93.7918 1904
93.7918 1428
93.817 1904
93.817 1428
93.8422 1904
93.8422 1428
93.8673 1904
93.8673 1428
93.8925 1904
93.8925 1428
93.9177 1904
93.9177 1428
93.9428 1904
93.9428 1428
93.968 1904
93.968 1428
93.9932 1904
93.9932 1428
94.0183 1904
94.0183 1428
94.0435 1904
94.0435 1428
94.0687 1904
94.0687 1428
94.0938 1904
94.0938 1428
94.119 1904
94.119 1428
94.1442 1904
94.1442 1428
94.1693 1904
94.1693 1428
94.1945 1904
94.1945 1428
94.2197 1904
94.2197 1428
94.2448 1904
94.2448 1428
94.27 1904
94.27 1428
94.2952 1904
94.2952 1428
94.3203 1904
94.3203 1428
94.3455 1904
94.3455 1428
94.3707 1904
94.3707 1428
94.3958 1904
94.3958 1428
94.421 1904
94.421 1428
94.4462 1904
94.4462 1428
94.4714 1904
94.4714 1428
94.4965 1904
94.4965 1428
94.5217 1904
94.5217 1428
94.5469 1904
94.5469 1428
94.572 1904
94.572 1428
94.5972 1904
94.5972 1428
94.6224 1904
94.6224 1428
94.6475 1904
94.6475 1428
94.6727 1904
94.6727 1428
94.6979 1904
94.6979 1428
94.723 1904
94.723 1428
94.7482 1904
94.7482 1428
94.7734 1904
94.7734 1428
94.7985 1904
94.7985 1428
94.8237 1904
94.8237 1428
94.8489 1904
94.8489 1428
94.874 1904
94.874 1428
94.8992 1904
94.8992 1428
94.9244 1904
94.9244 1428
94.9495 1904
94.9495 1428
94.9747 1904
94.9747 1428
94.9999 1904
94.9999 1428
95.025 1904
95.025 1428
95.0502 1904
95.0502 1428
95.0754 1904
95.0754 1428
95.1006 1904
95.1006 1428
95.1257 1904
95.1257 1428
95.1509 1904
95.1509 1428
95.1761 1904
95.1761 1428
95.2012 1904
95.2012 1428
95.2264 1904
95.2264 1428
95.2516 1904
95.2516 1428
95.2767 1904
95.2767 1428
95.3019 1904
95.3019 1428
95.3271 1904
95.3271 1428
95.3522 1904
95.3522 1428
95.3774 1904
95.3774 1428
95.4026 1904
95.4026 1428
95.4277 1904
95.4277 1428
95.4529 1904
95.4529 1428
95.4781 1904
95.4781 1428
95.5032 1904
95.5032 1428
95.5284 1904
95.5284 1428
95.5536 1904
95.5536 1428
95.5787 1904
95.5787 1428
95.6039 1904
95.6039 1428
95.6291 1904
95.6291 1428
95.6542 1904
95.6542 1428
95.6794 1904
95.6794 1428
95.7046 1904
95.7046 1428
95.7298 1904
95.7298 1428
95.7549 1904
95.7549 1428
95.7801 1904
95.7801 1428
95.8053 1904
95.8053 1428
95.8304 1904
95.8304 1428
95.8556 1904
95.8556 1428
95.8808 1904
95.8808 1428
95.9059 1904
95.9059 1428
95.9311 1904
95.9311 1428
95.9563 1904
95.9563 1428
95.9814 1904
95.9814 1428
96.0066 1904
96.0066 1428
96.0318 1904
96.0318 1428
96.0569 1904
96.0569 1428
96.0821 1904
96.0821 1428
96.1073 1904
96.1073 1428
96.1324 1904
96.1324 1428
96.1576 1904
96.1576 1428
96.1828 1904
96.1828 1428
96.2079 1904
96.2079 1428
96.2331 1904
96.2331 1428
96.2583 1904
96.2583 1428
96.2834 1904
96.2834 1428
96.3086 1904
96.3086 1428
96.3338 1904
96.3338 1428
96.359 1904
96.359 1428
96.3841 1904
96.3841 1428
96.4093 1904
96.4093 1428
96.4345 1904
96.4345 1428
96.4596 1904
96.4596 1428
96.4848 1904
96.4848 1428
96.51 1904
96.51 1428
96.5351 1904
96.5351 1428
96.5603 1904
96.5603 1428
96.5855 1904
96.5855 1428
96.6106 1904
96.6106 1428
96.6358 1904
96.6358 1428
96.661 1904
96.661 1428
96.6861 1904
96.6861 1428
96.7113 1904
96.7113 1428
96.7365 1904
96.7365 1428
96.7616 1904
96.7616 1428
96.7868 1904
96.7868 1428
96.812 1904
96.812 1428
96.8371 1904
96.8371 1428
96.8623 1904
96.8623 1428
96.8875 1904
96.8875 1428
96.9126 1904
96.9126 1428
96.9378 1904
96.9378 1428
96.963 1904
96.963 1428
96.9882 1904
96.9882 1428
97.0133 1904
97.0133 1428
97.0385 1904
97.0385 1428
97.0637 1904
97.0637 1428
97.0888 1904
97.0888 1428
97.114 1904
97.114 1428
97.1392 1904
97.1392 1428
97.1643 1904
97.1643 1428
97.1895 1904
97.1895 1428
97.2147 1904
97.2147 1428
97.2398 1904
97.2398 1428
97.265 1904
97.265 1428
97.2902 1904
97.2902 1428
97.3153 1904
97.3153 1428
97.3405 1904
97.3405 1428
97.3657 1904
97.3657 1428
97.3908 1904
97.3908 1428
97.416 1904
97.416 1428
97.4412 1904
97.4412 1428
97.4663 1904
97.4663 1428
97.4915 1904
97.4915 1428
97.5167 1904
97.5167 1428
97.5418 1904
97.5418 1428
97.567 1904
97.567 1428
97.5922 1904
97.5922 1428
97.6174 1904
97.6174 1428
97.6425 1904
97.6425 1428
97.6677 1904
97.6677 1428
97.6929 1904
97.6929 1428
97.718 1904
97.718 1428
97.7432 1904
97.7432 1428
97.7684 1904
97.7684 1428
97.7935 1904
97.7935 1428
97.8187 1904
97.8187 1428
97.8439 1904
97.8439 1428
97.869 1904
97.869 1428
97.8942 1904
97.8942 1428
97.9194 1904
97.9194 1428
97.9445 1904
97.9445 1428
97.9697 1904
97.9697 1428
97.9949 1904
97.9949 1428
98.02 1904
98.02 1428
98.0452 1904
98.0452 1428
98.0704 1904
98.0704 1428
98.0955 1904
98.0955 1428
98.1207 1904
98.1207 1428
98.1459 1904
98.1459 1428
98.171 1904
98.171 1428
98.1962 1904
98.1962 1428
98.2214 1904
98.2214 1428
98.2466 1904
98.2466 1428
98.2717 1904
98.2717 1428
98.2969 1904
98.2969 1428
98.3221 1904
98.3221 1428
98.3472 1904
98.3472 1428
98.3724 1904
98.3724 1428
98.3976 1904
98.3976 1428
98.4227 1904
98.4227 1428
98.4479 1904
98.4479 1428
98.4731 1904
98.4731 1428
98.4982 1904
98.4982 1428
98.5234 1904
98.5234 1428
98.5486 1904
98.5486 1428
98.5737 1904
98.5737 1428
98.5989 1904
98.5989 1428
98.6241 1904
98.6241 1428
98.6492 1904
98.6492 1428
98.6744 1904
98.6744 1428
98.6996 1904
98.6996 1428
98.7247 1904
98.7247 1428
98.7499 1904
98.7499 1428
98.7751 1904
98.7751 1428
98.8002 1904
98.8002 1428
98.8254 1904
98.8254 1428
98.8506 1904
98.8506 1428
98.8758 1904
98.8758 1428
98.9009 1904
98.9009 1428
98.9261 1904
98.9261 1428
98.9513 1904
98.9513 1428
98.9764 1904
98.9764 1428
99.0016 1904
99.0016 1428
99.0268 1904
99.0268 1428
99.0519 1904
99.0519 1428
99.0771 1904
99.0771 1428
99.1023 1904
99.1023 1428
99.1274 1904
99.1274 1428
99.1526 1904
99.1526 1428
99.1778 1904
99.1778 1428
99.2029 1904
99.2029 1428
99.2281 1904
99.2281 1428
99.2533 1904
99.2533 1428
99.2784 1904
99.2784 1428
99.3036 1904
99.3036 1428
99.3288 1904
99.3288 1428
99.3539 1904
99.3539 1428
99.3791 1904
99.3791 1428
99.4043 1904
99.4043 1428
99.4294 1904
99.4294 1428
99.4546 1904
99.4546 1428
99.4798 1904
99.4798 1428
99.505 1904
99.505 1428
99.5301 1904
99.5301 1428
99.5553 1904
99.5553 1428
99.5805 1904
99.5805 1428
99.6056 1904
99.6056 1428
99.6308 1904
99.6308 1428
99.656 1904
99.656 1428
99.6811 1904
99.6811 1428
99.7063 1904
99.7063 1428
99.7315 1904
99.7315 1428
99.7566 1904
99.7566 1428
99.7818 1904
99.7818 1428
99.807 1904
99.807 1428
99.8321 1904
99.8321 1428
99.8573 1904
99.8573 1428
99.8825 1904
99.8825 1428
99.9076 1904
99.9076 1428
99.9328 1904
99.9328 1428
99.958 1904
99.958 1428
99.9831 1904
99.9831 1428
100.008 1904
100.008 1428
100.034 1904
100.034 1428
100.06 1904
100.06 1428
100.086 1904
100.086 1428
100.111 1904
100.111 1428
100.136 1904
100.136 1428
100.161 1904
100.161 1428
100.186 1904
100.186 1428
100.211 1904
100.211 1428
100.237 1904
100.237 1428
100.262 1904
100.262 1428
100.287 1904
100.287 1428
100.312 1904
100.312 1428
100.337 1904
100.337 1428
100.362 1904
100.362 1428
100.388 1904
100.388 1428
100.413 1904
100.413 1428
100.438 1904
100.438 1428
100.463 1904
100.463 1428
100.488 1904
100.488 1428
100.513 1904
100.513 1428
100.539 1904
100.539 1428
100.564 1904
100.564 1428
100.589 1904
100.589 1428
100.614 1904
100.614 1428
100.639 1904
100.639 1428
100.664 1904
100.664 1428
100.69 1904
100.69 1428
100.715 1904
100.715 1428
100.74 1904
100.74 1428
100.765 1904
100.765 1428
100.79 1904
100.79 1428
100.815 1904
100.815 1428
100.841 1904
100.841 1428
100.866 1904
100.866 1428
100.891 1904
100.891 1428
100.916 1904
100.916 1428
100.941 1904
100.941 1428
100.966 1904
100.966 1428
100.992 1904
100.992 1428
